180.30	0.000
180.67	0.000
181.03	80.853
181.40	140.294
181.77	14.728
182.14	-135.840
182.51	8.383
182.88	129.357
183.25	-182.817
183.62	-74.291
183.99	-177.026
184.36	96.136
184.73	274.359
185.10	163.374
185.46	68.055
185.83	90.269
186.20	-27.438
186.57	118.477
186.94	233.886
187.31	-121.541
187.68	127.184
188.05	85.599
188.42	64.333
188.78	49.950
189.15	50.134
189.52	56.403
189.89	37.752
190.26	23.437
190.63	19.862
191.00	23.340
191.37	26.044
191.73	32.836
192.10	31.053
192.47	34.655
192.84	41.359
193.21	34.299
193.58	20.742
193.94	19.052
194.31	10.969
194.68	7.568
195.05	-11.589
195.42	-24.284
195.79	-34.636
196.15	-16.142
196.52	-22.664
196.89	-25.147
197.26	-29.622
197.63	-15.858
198.00	-8.536
198.36	2.769
198.73	4.998
199.10	9.905
199.47	23.138
199.84	25.196
200.20	25.039
200.57	34.798
200.94	37.992
201.31	35.130
201.68	24.905
202.04	22.034
202.41	15.507
202.78	18.419
203.15	17.617
203.51	5.658
203.88	-1.530
204.25	-0.525
204.62	-3.936
204.98	-24.294
205.35	-23.065
205.72	-21.477
206.09	-14.550
206.46	8.992
206.82	8.872
207.19	5.430
207.56	-10.590
207.92	6.974
208.29	-26.851
208.66	-26.108
209.03	-16.590
209.39	-39.048
209.76	-30.716
210.13	-24.766
210.50	-39.037
210.86	-39.073
211.23	-25.066
211.60	-2.802
211.96	-8.664
212.33	8.077
212.70	9.585
213.07	9.835
213.43	19.527
213.80	15.009
214.17	3.914
214.53	-0.995
214.90	-2.973
215.27	0.101
215.63	0.709
216.00	7.279
216.37	-0.225
216.74	5.156
217.10	2.012
217.47	-2.952
217.84	0.195
218.20	13.331
218.57	15.076
218.94	12.796
219.30	3.509
219.67	0.761
220.04	-4.033
220.40	-7.313
220.77	-14.332
221.13	-9.956
221.50	-9.307
221.87	-8.265
222.23	-11.869
222.60	-12.787
222.97	-9.989
223.33	0.040
223.70	-0.278
224.07	-1.095
224.43	1.032
224.80	3.339
225.16	5.959
225.53	8.021
225.90	9.088
226.26	8.008
226.63	8.301
226.99	9.073
227.36	7.892
227.73	7.012
228.09	6.303
228.46	7.147
228.82	6.978
229.19	5.699
229.56	4.444
229.92	3.028
230.29	2.454
230.65	2.270
231.02	1.092
231.38	1.248
231.75	2.156
232.12	2.889
232.48	2.926
232.85	3.322
233.21	3.173
233.58	2.533
233.94	2.312
234.31	3.439
234.68	2.629
235.04	4.594
235.41	4.647
235.77	4.583
236.14	5.085
236.50	4.859
236.87	4.637
237.23	5.306
237.60	5.370
237.96	5.573
238.33	6.067
238.69	6.732
239.06	5.266
239.42	4.703
239.79	4.597
240.15	4.866
240.52	4.643
240.88	4.825
241.25	4.745
241.61	4.849
241.98	4.579
242.34	4.255
242.71	3.875
243.07	3.858
243.44	4.228
243.80	4.427
244.17	4.555
244.53	4.776
244.90	4.503
245.26	4.506
245.63	4.443
245.99	4.620
246.36	4.760
246.72	4.788
247.09	4.962
247.45	4.874
247.81	4.576
248.18	4.412
248.54	4.104
248.91	4.292
249.27	3.894
249.64	3.879
250.00	3.760
250.36	3.313
250.73	3.332
251.09	3.354
251.46	3.149
251.82	3.544
252.19	3.831
252.55	3.769
252.91	3.524
253.28	4.432
253.64	4.643
254.01	4.797
254.37	4.727
254.73	4.730
255.10	4.743
255.46	4.968
255.83	4.495
256.19	4.302
256.55	4.461
256.92	4.635
257.28	4.287
257.65	4.311
258.01	4.414
258.37	4.637
258.74	4.573
259.10	4.514
259.46	4.305
259.83	4.493
260.19	4.606
260.55	4.602
260.92	4.541
261.28	4.615
261.64	4.498
262.01	4.248
262.37	3.932
262.73	3.910
263.10	3.947
263.46	3.822
263.82	3.606
264.19	3.316
264.55	3.411
264.91	3.313
265.28	3.666
265.64	3.787
266.00	3.593
266.37	3.716
266.73	3.717
267.09	3.673
267.46	3.609
267.82	3.802
268.18	3.483
268.54	3.271
268.91	3.392
269.27	3.178
269.63	3.058
270.00	3.299
270.36	3.351
270.72	3.658
271.08	3.820
271.45	4.117
271.81	4.062
272.17	4.629
272.53	4.811
272.90	4.618
273.26	4.441
273.62	4.482
273.98	4.509
274.35	4.618
274.71	4.478
275.07	4.198
275.43	4.184
275.80	4.251
276.16	3.947
276.52	3.846
276.88	4.018
277.25	4.202
277.61	4.357
277.97	4.501
278.33	4.328
278.69	4.131
279.06	4.049
279.42	4.108
279.78	3.902
280.14	3.986
280.50	4.105
280.87	4.072
281.23	3.994
281.59	3.776
281.95	3.606
282.31	3.767
282.68	3.938
283.04	4.195
283.40	4.108
283.76	4.223
284.12	4.257
284.48	4.136
284.85	4.076
285.21	3.983
285.57	4.061
285.93	3.943
286.29	3.767
286.65	3.994
287.02	3.919
287.38	3.995
287.74	3.996
288.10	3.932
288.46	4.037
288.82	4.300
289.18	4.505
289.54	4.527
289.91	4.713
290.27	4.911
290.63	4.647
290.99	4.672
291.35	4.671
291.71	4.644
292.07	4.478
292.43	4.498
292.79	4.461
293.16	4.337
293.52	4.255
293.88	4.292
294.24	4.338
294.60	4.316
294.96	4.269
295.32	4.315
295.68	4.328
296.04	4.538
296.40	4.463
296.76	4.364
297.12	4.340
297.49	4.550
297.85	4.650
298.21	4.526
298.57	4.534
298.93	4.571
299.29	4.404
299.65	4.321
300.01	4.232
300.37	4.326
300.73	4.389
301.09	4.454
301.45	4.400
301.81	4.300
302.17	4.401
302.53	4.189
302.89	4.133
303.25	4.201
303.61	4.227
303.97	4.225
304.33	4.251
304.69	4.242
305.05	4.374
305.41	4.271
305.77	4.298
306.13	4.223
306.49	4.486
306.85	4.639
307.21	4.688
307.57	4.694
307.93	4.780
308.29	4.730
308.65	4.688
309.01	4.725
309.37	4.737
309.73	4.681
310.09	4.654
310.45	4.658
310.81	4.565
311.17	4.564
311.53	4.662
311.89	4.585
312.25	4.610
312.61	4.668
312.96	4.478
313.32	4.651
313.68	4.581
314.04	4.508
314.40	4.408
314.76	4.545
315.12	4.513
315.48	4.464
315.84	4.458
316.20	4.452
316.56	4.480
316.92	4.788
317.27	4.581
317.63	4.635
317.99	4.806
318.35	5.000
318.71	4.780
319.07	4.738
319.43	4.815
319.79	4.706
320.15	4.773
320.50	4.805
320.86	4.621
321.22	4.728
321.58	4.887
321.94	4.893
322.30	4.761
322.66	4.890
323.01	4.930
323.37	4.863
323.73	4.986
324.09	4.878
324.45	4.762
324.81	4.788
325.17	4.682
325.52	4.608
325.88	4.537
326.24	4.604
326.60	4.605
326.96	4.685
327.31	4.720
327.67	4.816
328.03	4.928
328.39	5.014
328.75	4.963
329.11	5.017
329.46	4.967
329.82	5.013
330.18	4.940
330.54	4.939
330.90	4.826
331.25	4.806
331.61	4.808
331.97	4.709
332.33	4.622
332.68	4.661
333.04	4.737
333.40	4.787
333.76	4.898
334.11	4.888
334.47	4.859
334.83	4.940
335.19	5.036
335.54	4.966
335.90	4.993
336.26	5.047
336.62	5.038
336.97	5.004
337.33	5.009
337.69	4.923
338.05	4.955
338.40	4.981
338.76	4.884
339.12	4.794
339.48	4.799
339.83	4.921
340.19	4.956
340.55	5.007
340.90	4.958
341.26	5.056
341.62	5.008
341.97	5.021
342.33	4.972
342.69	5.055
343.04	5.134
343.40	5.176
343.76	5.101
344.12	5.082
344.47	4.960
344.83	5.089
345.19	5.007
345.54	5.096
345.90	5.100
346.26	5.147
346.61	5.172
346.97	5.125
347.32	5.098
347.68	5.120
348.04	5.135
348.39	5.255
348.75	5.190
349.11	5.268
349.46	5.231
349.82	5.214
350.18	5.238
350.53	5.262
350.89	5.265
351.24	5.295
351.60	5.252
351.96	5.180
352.31	5.132
352.67	5.220
353.02	5.150
353.38	5.153
353.74	5.155
354.09	5.137
354.45	5.107
354.80	5.104
355.16	5.129
355.52	5.204
355.87	5.212
356.23	5.271
356.58	5.239
356.94	5.303
357.29	5.353
357.65	5.402
358.00	5.402
358.36	5.430
358.72	5.431
359.07	5.360
359.43	5.292
359.78	5.305
360.14	5.326
360.49	5.375
360.85	5.317
361.20	5.336
361.56	5.364
361.91	5.470
362.27	5.440
362.62	5.507
362.98	5.531
363.33	5.591
363.69	5.629
364.04	5.597
364.40	5.559
364.75	5.602
365.11	5.553
365.46	5.573
365.82	5.553
366.17	5.567
366.53	5.559
366.88	5.563
367.24	5.573
367.59	5.635
367.95	5.695
368.30	5.750
368.66	5.760
369.01	5.796
369.37	5.791
369.72	5.796
370.08	5.783
370.43	5.756
370.78	5.780
371.14	5.798
371.49	5.767
371.85	5.777
372.20	5.770
372.56	5.823
372.91	5.800
373.26	5.799
373.62	5.775
373.97	5.825
374.33	5.851
374.68	5.841
375.03	5.817
375.39	5.809
375.74	5.758
376.10	5.713
376.45	5.614
376.80	5.627
377.16	5.605
377.51	5.603
377.87	5.571
378.22	5.569
378.57	5.568
378.93	5.565
379.28	5.614
379.63	5.636
379.99	5.619
380.34	5.698
380.70	5.708
381.05	5.750
381.40	5.807
381.76	5.868
382.11	5.833
382.46	5.903
382.82	5.927
383.17	5.880
383.52	5.873
383.88	5.926
384.23	5.883
384.58	5.923
384.94	5.902
385.29	5.843
385.64	5.813
385.99	5.888
386.35	5.873
386.70	5.863
387.05	5.883
387.41	5.900
387.76	5.887
388.11	5.913
388.47	5.898
388.82	5.885
389.17	5.922
389.52	5.911
389.88	5.863
390.23	5.849
390.58	5.838
390.93	5.853
391.29	5.851
391.64	5.846
391.99	5.831
392.34	5.846
392.70	5.853
393.05	5.852
393.40	5.872
393.75	5.919
394.11	5.938
394.46	5.952
394.81	5.950
395.16	5.933
395.52	5.943
395.87	5.959
396.22	5.946
396.57	5.988
396.92	5.995
397.28	6.016
397.63	5.986
397.98	5.959
398.33	5.993
398.68	6.005
399.04	6.037
399.39	6.067
399.74	6.078
400.09	6.081
400.44	6.060
400.80	6.050
401.15	6.010
401.50	6.017
401.85	6.022
402.20	6.006
402.55	6.007
402.90	5.991
403.26	5.944
403.61	5.951
403.96	5.940
404.31	5.954
404.66	5.975
405.01	6.011
405.36	6.033
405.72	6.054
406.07	6.062
406.42	6.066
406.77	6.107
407.12	6.123
407.47	6.133
407.82	6.157
408.17	6.167
408.53	6.179
408.88	6.173
409.23	6.161
409.58	6.151
409.93	6.145
410.28	6.159
410.63	6.119
410.98	6.123
411.33	6.129
411.68	6.100
412.03	6.076
412.38	6.059
412.73	6.058
413.09	6.041
413.44	6.051
413.79	6.047
414.14	6.024
414.49	6.015
414.84	5.998
415.19	5.972
415.54	5.963
415.89	5.948
416.24	5.919
416.59	5.902
416.94	5.910
417.29	5.883
417.64	5.860
417.99	5.853
418.34	5.851
418.69	5.869
419.04	5.872
419.39	5.868
419.74	5.869
420.09	5.874
420.44	5.881
420.79	5.880
421.14	5.898
421.49	5.917
421.84	5.932
422.19	5.932
422.54	5.931
422.89	5.951
423.24	5.981
423.59	6.000
423.94	6.024
424.29	6.040
424.64	6.062
424.99	6.072
425.34	6.091
425.68	6.117
426.03	6.157
426.38	6.179
426.73	6.181
427.08	6.199
427.43	6.202
427.78	6.182
428.13	6.189
428.48	6.183
428.83	6.188
429.18	6.181
429.53	6.151
429.87	6.154
430.22	6.149
430.57	6.164
430.92	6.145
431.27	6.155
431.62	6.172
431.97	6.176
432.32	6.206
432.67	6.213
433.01	6.236
433.36	6.241
433.71	6.255
434.06	6.267
434.41	6.267
434.76	6.278
435.11	6.291
435.45	6.296
435.80	6.297
436.15	6.267
436.50	6.262
436.85	6.274
437.20	6.295
437.54	6.282
437.89	6.287
438.24	6.291
438.59	6.300
438.94	6.294
439.29	6.297
439.63	6.301
439.98	6.309
440.33	6.320
440.68	6.310
441.03	6.310
441.37	6.335
441.72	6.348
442.07	6.360
442.42	6.346
442.76	6.346
443.11	6.361
443.46	6.375
443.81	6.397
444.16	6.413
444.50	6.417
444.85	6.448
445.20	6.447
445.55	6.458
445.89	6.464
446.24	6.497
446.59	6.532
446.94	6.552
447.28	6.580
447.63	6.607
447.98	6.619
448.32	6.672
448.67	6.663
449.02	6.686
449.37	6.712
449.71	6.738
450.06	6.760
450.41	6.767
450.75	6.783
451.10	6.795
451.45	6.799
451.79	6.848
452.14	6.845
452.49	6.886
452.84	6.898
453.18	6.896
453.53	6.891
453.88	6.891
454.22	6.905
454.57	6.910
454.92	6.930
455.26	6.924
455.61	6.906
455.95	6.878
456.30	6.850
456.65	6.852
456.99	6.856
457.34	6.879
457.69	6.890
458.03	6.891
458.38	6.897
458.73	6.882
459.07	6.900
459.42	6.914
459.76	6.944
460.11	6.983
460.46	7.005
460.80	7.029
461.15	7.035
461.49	7.051
461.84	7.070
462.19	7.091
462.53	7.132
462.88	7.152
463.22	7.146
463.57	7.164
463.91	7.160
464.26	7.185
464.61	7.188
464.95	7.197
465.30	7.200
465.64	7.227
465.99	7.241
466.33	7.245
466.68	7.246
467.02	7.262
467.37	7.263
467.71	7.284
468.06	7.291
468.41	7.307
468.75	7.324
469.10	7.330
469.44	7.330
469.79	7.318
470.13	7.336
470.48	7.352
470.82	7.387
471.17	7.426
471.51	7.427
471.86	7.434
472.20	7.444
472.55	7.464
472.89	7.493
473.23	7.502
473.58	7.539
473.92	7.529
474.27	7.541
474.61	7.539
474.96	7.523
475.30	7.553
475.65	7.553
475.99	7.555
476.34	7.552
476.68	7.547
477.02	7.552
477.37	7.526
477.71	7.535
478.06	7.536
478.40	7.549
478.75	7.576
479.09	7.607
479.43	7.733
479.78	7.906
480.12	8.098
480.47	8.278
480.81	8.464
481.15	8.661
481.50	8.844
481.84	9.061
482.19	9.295
482.53	9.521
482.87	9.713
483.22	9.770
483.56	9.730
483.90	9.610
484.25	9.459
484.59	9.279
484.94	9.072
485.28	8.853
485.62	8.597
485.97	8.329
486.31	8.070
486.65	7.857
487.00	7.712
487.34	7.632
487.68	7.614
488.03	7.628
488.37	7.648
488.71	7.691
489.06	7.733
489.40	7.775
489.74	7.810
490.09	7.860
490.43	7.899
490.77	7.954
491.11	8.000
491.46	8.037
491.80	8.058
492.14	8.095
492.49	8.105
492.83	8.131
493.17	8.152
493.51	8.173
493.86	8.214
494.20	8.234
494.54	8.256
494.88	8.265
495.23	8.270
495.57	8.273
495.91	8.286
496.25	8.313
496.60	8.328
496.94	8.350
497.28	8.386
497.62	8.389
497.97	8.434
498.31	8.469
498.65	8.516
498.99	8.554
499.33	8.605
499.68	8.628
500.02	8.662
500.36	8.717
500.70	8.763
501.04	8.788
501.39	8.845
501.73	8.864
502.07	8.901
502.41	8.913
502.75	8.928
503.09	8.951
503.44	8.974
503.78	9.017
504.12	9.013
504.46	9.041
504.80	9.073
505.14	9.085
505.49	9.122
505.83	9.139
506.17	9.176
506.51	9.211
506.85	9.242
507.19	9.273
507.53	9.301
507.87	9.346
508.22	9.376
508.56	9.415
508.90	9.454
509.24	9.482
509.58	9.518
509.92	9.569
510.26	9.621
510.60	9.668
510.94	9.720
511.28	9.765
511.63	9.825
511.97	9.869
512.31	9.922
512.65	9.978
512.99	10.033
513.33	10.078
513.67	10.116
514.01	10.139
514.35	10.181
514.69	10.223
515.03	10.241
515.37	10.256
515.71	10.291
516.05	10.314
516.39	10.361
516.73	10.392
517.07	10.444
517.41	10.486
517.75	10.538
518.09	10.586
518.43	10.635
518.77	10.696
519.11	10.772
519.45	10.830
519.79	10.897
520.13	10.944
520.47	11.013
520.81	11.069
521.15	11.112
521.49	11.167
521.83	11.211
522.17	11.242
522.51	11.282
522.85	11.307
523.19	11.350
523.53	11.412
523.87	11.485
524.21	11.588
524.55	11.726
524.89	11.878
525.23	12.050
525.57	12.204
525.91	12.367
526.25	12.518
526.58	12.671
526.92	12.818
527.26	12.913
527.60	12.928
527.94	12.852
528.28	12.696
528.62	12.501
528.96	12.293
529.30	12.201
529.64	12.099
529.97	11.997
530.31	11.887
530.65	11.783
530.99	11.712
531.33	11.729
531.67	11.820
532.01	11.992
532.35	12.189
532.68	12.365
533.02	12.396
533.36	12.416
533.70	12.434
534.04	12.468
534.38	12.488
534.71	12.507
535.05	12.532
535.39	12.564
535.73	12.574
536.07	12.607
536.41	12.637
536.74	12.681
537.08	12.746
537.42	12.801
537.76	12.822
538.10	12.866
538.43	12.922
538.77	12.953
539.11	12.994
539.45	13.039
539.79	13.076
540.12	13.101
540.46	13.123
540.80	13.122
541.14	13.136
541.47	13.163
541.81	13.179
542.15	13.183
542.49	13.209
542.82	13.213
543.16	13.219
543.50	13.221
543.84	13.236
544.17	13.271
544.51	13.306
544.85	13.324
545.18	13.348
545.52	13.366
545.86	13.399
546.20	13.439
546.53	13.497
546.87	13.549
547.21	13.593
547.54	13.648
547.88	13.673
548.22	13.713
548.55	13.767
548.89	13.827
549.23	13.866
549.56	13.906
549.90	13.933
550.24	13.949
550.57	13.967
550.91	13.989
551.25	14.010
551.58	14.031
551.92	14.075
552.26	14.118
552.59	14.123
552.93	14.141
553.27	14.187
553.60	14.210
553.94	14.247
554.27	14.276
554.61	14.310
554.95	14.341
555.28	14.385
555.62	14.420
555.95	14.421
556.29	14.430
556.63	14.462
556.96	14.464
557.30	14.472
557.63	14.451
557.97	14.450
558.31	14.448
558.64	14.461
558.98	14.469
559.31	14.458
559.65	14.482
559.98	14.501
560.32	14.528
560.65	14.524
560.99	14.530
561.33	14.551
561.66	14.551
562.00	14.555
562.33	14.555
562.67	14.534
563.00	14.530
563.34	14.505
563.67	14.510
564.01	14.493
564.34	14.489
564.68	14.492
565.01	14.487
565.35	14.500
565.68	14.506
566.02	14.512
566.35	14.524
566.69	14.535
567.02	14.533
567.36	14.501
567.69	14.482
568.03	14.487
568.36	14.483
568.69	14.476
569.03	14.437
569.36	14.418
569.70	14.399
570.03	14.387
570.37	14.341
570.70	14.356
571.04	14.374
571.37	14.374
571.70	14.379
572.04	14.369
572.37	14.380
572.71	14.404
573.04	14.420
573.37	14.425
573.71	14.454
574.04	14.492
574.38	14.497
574.71	14.518
575.04	14.538
575.38	14.551
575.71	14.569
576.05	14.592
576.38	14.605
576.71	14.646
577.05	14.685
577.38	14.681
577.71	14.696
578.05	14.713
578.38	14.731
578.71	14.754
579.05	14.773
579.38	14.815
579.71	14.814
580.05	14.835
580.38	14.823
580.71	14.810
581.05	14.820
581.38	14.825
581.71	14.847
582.05	14.840
582.38	14.845
582.71	14.851
583.04	14.835
583.38	14.832
583.71	14.826
584.04	14.806
584.38	14.838
584.71	14.838
585.04	14.855
585.37	14.824
585.71	14.833
586.04	14.823
586.37	14.807
586.70	14.784
587.04	14.800
587.37	14.794
587.70	14.819
588.03	14.800
588.37	14.787
588.70	14.796
589.03	14.800
589.36	14.812
589.69	14.812
590.03	14.814
590.36	14.860
590.69	14.867
591.02	14.886
591.35	14.871
591.69	14.883
592.02	14.892
592.35	14.852
592.68	14.856
593.01	14.839
593.35	14.816
593.68	14.816
594.01	14.780
594.34	14.766
594.67	14.749
595.00	14.748
595.34	14.750
595.67	14.764
596.00	14.801
596.33	14.803
596.66	14.818
596.99	14.861
597.32	14.864
597.65	14.884
597.99	14.908
598.32	14.948
598.65	14.990
598.98	14.992
599.31	15.006
599.64	14.969
599.97	15.007
600.30	14.994
600.63	14.973
600.96	14.978
601.30	14.973
601.63	14.985
601.96	14.968
602.29	14.956
602.62	14.953
602.95	14.948
603.28	14.989
603.61	14.980
603.94	15.000
604.27	15.046
604.60	15.070
604.93	15.098
605.26	15.090
605.59	15.103
605.92	15.131
606.25	15.154
606.58	15.175
606.91	15.166
607.24	15.160
607.57	15.160
607.90	15.118
608.23	15.105
608.56	15.126
608.89	15.159
609.22	15.165
609.55	15.169
609.88	15.177
610.21	15.193
610.54	15.227
610.87	15.267
611.20	15.322
611.53	15.401
611.86	15.434
612.19	15.454
612.52	15.456
612.85	15.492
613.18	15.459
613.51	15.487
613.84	15.489
614.17	15.470
614.49	15.447
614.82	15.432
615.15	15.390
615.48	15.404
615.81	15.381
616.14	15.394
616.47	15.353
616.80	15.402
617.13	15.382
617.46	15.391
617.78	15.433
618.11	15.452
618.44	15.468
618.77	15.507
619.10	15.517
619.43	15.526
619.76	15.525
620.09	15.567
620.41	15.557
620.74	15.589
621.07	15.599
621.40	15.569
621.73	15.584
622.06	15.581
622.38	15.617
622.71	15.595
623.04	15.598
623.37	15.580
623.70	15.592
624.02	15.585
624.35	15.551
624.68	15.542
625.01	15.535
625.34	15.521
625.66	15.501
625.99	15.475
626.32	15.507
626.65	15.514
626.98	15.527
627.30	15.535
627.63	15.552
627.96	15.582
628.29	15.624
628.61	15.654
628.94	15.687
629.27	15.706
629.60	15.718
629.92	15.729
630.25	15.738
630.58	15.767
630.91	15.772
631.23	15.775
631.56	15.770
631.89	15.734
632.21	15.762
632.54	15.754
632.87	15.736
633.19	15.722
633.52	15.707
633.85	15.704
634.18	15.677
634.50	15.647
634.83	15.613
635.16	15.576
635.48	15.556
635.81	15.534
636.14	15.541
636.46	15.540
636.79	15.503
637.11	15.468
637.44	15.432
637.77	15.408
638.09	15.378
638.42	15.402
638.75	15.397
639.07	15.379
639.40	15.323
639.73	15.251
640.05	15.205
640.38	15.190
640.70	15.150
641.03	15.131
641.36	15.157
641.68	15.168
642.01	15.125
642.33	15.093
642.66	15.102
642.98	15.094
643.31	15.069
643.64	15.046
643.96	14.999
644.29	14.967
644.61	14.930
644.94	14.849
645.26	14.785
645.59	14.755
645.91	14.734
646.24	14.688
646.56	14.632
646.89	14.613
647.22	14.605
647.54	14.599
647.87	14.616
648.19	14.610
648.52	14.599
648.84	14.589
649.17	14.604
649.49	14.607
649.82	14.604
650.14	14.623
650.47	14.619
650.79	14.643
651.11	14.659
651.44	14.645
651.76	14.673
652.09	14.700
652.41	14.747
652.74	14.728
653.06	14.806
653.39	14.800
653.71	14.804
654.04	14.790
654.36	14.710
654.68	14.687
655.01	14.650
655.33	14.613
655.66	14.597
655.98	14.561
656.30	14.500
656.63	14.421
656.95	14.374
657.28	14.331
657.60	14.320
657.92	14.340
658.25	14.323
658.57	14.356
658.90	14.360
659.22	14.351
659.54	14.360
659.87	14.425
660.19	14.425
660.51	14.465
660.84	14.500
661.16	14.504
661.48	14.531
661.81	14.539
662.13	14.476
662.45	14.473
662.78	14.439
663.10	14.421
663.42	14.359
663.75	14.357
664.07	14.360
664.39	14.347
664.72	14.362
665.04	14.310
665.36	14.275
665.69	14.331
666.01	14.318
666.33	14.364
666.65	14.351
666.98	14.331
667.30	14.327
667.62	14.330
667.94	14.329
668.27	14.335
668.59	14.374
668.91	14.450
669.23	14.475
669.56	14.497
669.88	14.482
670.20	14.485
670.52	14.558
670.85	14.640
671.17	14.711
671.49	14.750
671.81	14.796
672.13	14.868
672.46	14.908
672.78	14.930
673.10	15.011
673.42	15.142
673.74	15.231
674.07	15.333
674.39	15.319
674.71	15.355
675.03	15.385
675.35	15.450
675.67	15.459
676.00	15.493
676.32	15.512
676.64	15.495
676.96	15.418
677.28	15.435
677.60	15.384
677.92	15.470
678.25	15.491
678.57	15.516
678.89	15.501
679.21	15.546
679.53	15.565
679.85	15.650
680.17	15.750
680.49	15.874
680.81	15.981
681.13	16.153
681.46	16.228
681.78	16.363
682.10	16.483
682.42	16.633
682.74	16.815
683.06	17.023
683.38	17.146
683.70	17.286
684.02	17.429
684.34	17.558
684.66	17.674
684.98	17.800
685.30	17.930
685.62	18.119
685.94	18.259
686.26	18.399
686.58	18.481
686.90	18.680
687.22	18.842
687.54	19.005
687.86	19.146
688.18	19.339
688.50	19.527
688.82	19.687
689.14	19.825
689.46	20.020
689.78	20.168
690.10	20.407
690.42	20.585
690.74	20.754
691.06	20.890
691.38	21.077
691.70	21.252
692.02	21.392
692.34	21.569
692.66	21.813
692.98	21.959
693.30	22.158
693.62	22.205
693.94	22.289
694.26	22.420
694.57	22.566
694.89	22.673
695.21	22.733
695.53	22.844
695.85	22.889
696.17	22.935
696.49	23.057
696.81	23.070
697.13	23.169
697.44	23.256
697.76	23.330
698.08	23.451
698.40	23.605
698.72	23.714
699.04	23.924
699.36	24.128
699.67	24.336
699.99	24.506
700.31	24.755
700.63	25.046
700.95	25.295
701.27	25.577
701.58	25.848
701.90	26.011
702.22	26.281
702.54	26.378
702.86	26.507
703.17	26.625
703.49	26.683
703.81	26.886
704.13	27.036
704.45	27.124
704.76	27.181
705.08	27.221
705.40	27.258
705.72	27.295
706.03	27.382
706.35	27.474
706.67	27.489
706.99	27.588
707.30	27.557
707.62	27.626
707.94	27.700
708.26	27.720
708.57	27.753
708.89	27.858
709.21	27.934
709.53	27.985
709.84	28.091
710.16	28.144
710.48	28.205
710.79	28.336
711.11	28.298
711.43	28.422
711.74	28.436
712.06	28.526
712.38	28.649
712.69	28.749
713.01	28.778
713.33	28.804
713.64	28.959
713.96	29.125
714.28	29.192
714.59	29.372
714.91	29.412
715.23	29.705
715.54	29.836
715.86	29.968
716.17	30.151
716.49	30.390
716.81	30.512
717.12	30.687
717.44	30.768
717.76	30.882
718.07	31.058
718.39	31.195
718.70	31.290
719.02	31.405
719.33	31.486
719.65	31.395
719.97	31.423
720.28	31.600
720.60	31.682
720.91	31.828
721.23	31.883
721.54	31.899
721.86	32.074
722.17	32.035
722.49	32.074
722.81	32.095
723.12	32.266
723.44	32.355
723.75	32.397
724.07	32.422
724.38	32.498
724.70	32.595
725.01	32.692
725.33	32.761
725.64	32.969
725.96	33.059
726.27	33.124
726.59	33.246
726.90	33.202
727.22	33.213
727.53	33.285
727.84	33.346
728.16	33.438
728.47	33.503
728.79	33.566
729.10	33.521
729.42	33.620
729.73	33.781
730.05	33.757
730.36	33.858
730.67	34.011
730.99	34.151
731.30	34.183
731.62	34.255
731.93	34.307
732.24	34.393
732.56	34.514
732.87	34.481
733.19	34.553
733.50	34.727
733.81	34.964
734.13	35.026
734.44	35.173
734.76	35.323
735.07	35.378
735.38	35.371
735.70	35.357
736.01	35.429
736.32	35.622
736.64	35.688
736.95	35.665
737.26	35.586
737.58	35.632
737.89	35.535
738.20	35.666
738.52	35.845
738.83	36.076
739.14	36.206
739.45	36.336
739.77	36.418
740.08	36.496
740.39	36.652
740.71	36.865
741.02	36.996
741.33	37.101
741.64	37.063
741.96	37.122
742.27	37.006
742.58	37.075
742.90	37.058
743.21	37.139
743.52	37.054
743.83	37.111
744.14	37.195
744.46	37.185
744.77	37.282
745.08	37.252
745.39	37.183
745.71	37.548
746.02	37.535
746.33	37.649
746.64	37.644
746.95	37.715
747.27	37.661
747.58	37.568
747.89	37.580
748.20	37.595
748.51	37.732
748.82	37.836
749.14	37.893
749.45	37.815
749.76	37.776
750.07	37.708
750.38	37.718
750.69	37.777
751.01	37.832
751.32	37.717
751.63	37.650
751.94	37.511
752.25	37.452
752.56	37.076
752.87	37.193
753.18	37.145
753.49	37.178
753.81	37.119
754.12	37.089
754.43	36.987
754.74	37.098
755.05	37.099
755.36	37.289
755.67	37.261
755.98	37.461
756.29	37.514
756.60	37.590
756.91	37.545
757.22	37.617
757.53	37.777
757.84	37.966
758.15	38.045
758.46	38.110
758.77	38.063
759.09	38.063
759.40	37.942
759.71	38.003
760.02	37.983
760.33	38.023
760.64	38.003
760.95	37.875
761.26	37.853
761.57	37.833
761.88	37.756
762.18	37.763
762.49	37.729
762.80	37.760
763.11	37.667
763.42	37.721
763.73	37.750
764.04	37.801
764.35	37.905
764.66	37.915
764.97	38.025
765.28	38.241
765.59	38.282
765.90	38.339
766.21	38.437
766.52	38.503
766.83	38.504
767.14	38.530
767.44	38.601
767.75	38.551
768.06	38.473
768.37	38.272
768.68	38.323
768.99	38.381
769.30	38.617
769.61	38.681
769.91	38.929
770.22	38.987
770.53	39.132
770.84	39.196
771.15	39.437
771.46	39.508
771.77	39.889
772.07	39.766
772.38	39.696
772.69	39.706
773.00	39.863
773.31	39.495
773.61	39.670
773.92	39.771
774.23	39.779
774.54	39.669
774.85	39.963
775.15	39.767
775.46	39.769
775.77	39.988
776.08	39.925
776.39	39.895
776.69	39.798
777.00	39.794
777.31	39.541
777.62	39.452
777.92	39.492
778.23	39.355
778.54	39.518
778.85	39.342
779.15	39.146
779.46	39.290
779.77	39.425
780.07	39.841
780.38	39.808
780.69	39.881
781.00	40.060
781.30	40.255
781.61	40.259
781.92	40.179
782.22	40.420
782.53	40.548
782.84	40.529
783.14	40.485
783.45	40.240
783.76	40.364
784.06	40.635
784.37	40.519
784.68	40.235
784.98	40.446
785.29	40.259
785.60	40.241
785.90	40.282
786.21	40.089
786.51	39.910
786.82	40.019
787.13	39.952
787.43	39.863
787.74	39.972
788.04	40.271
788.35	40.319
788.66	40.447
788.96	40.634
789.27	40.731
789.57	40.965
789.88	41.106
790.19	41.149
790.49	40.954
790.80	40.858
791.10	40.744
791.41	40.491
791.71	40.419
792.02	40.740
792.32	40.675
792.63	40.473
792.93	40.179
793.24	40.136
793.54	40.160
793.85	40.050
794.15	40.229
794.46	40.512
794.76	40.638
795.07	40.469
795.37	40.146
795.68	40.049
795.98	40.100
796.29	40.313
796.59	40.498
796.90	40.580
797.20	40.834
797.51	41.129
797.81	40.964
798.12	41.168
798.42	41.117
798.72	41.321
799.03	41.392
799.33	41.648
799.64	41.672
799.94	41.470
800.25	41.515
800.55	41.308
800.85	40.830
801.16	40.939
801.46	40.750
801.77	41.091
802.07	41.073
802.37	41.113
802.68	40.868
802.98	40.830
803.28	40.957
803.59	40.899
803.89	41.001
804.20	41.165
804.50	41.074
804.80	40.908
805.11	40.554
805.41	40.512
805.71	40.140
806.02	40.286
806.32	40.602
806.62	40.359
806.93	40.491
807.23	40.748
807.53	40.908
807.83	41.133
808.14	41.217
808.44	41.435
808.74	41.746
809.05	42.155
809.35	42.052
809.65	41.779
809.95	42.428
810.26	42.882
810.56	42.932
810.86	42.935
811.16	42.744
811.47	42.751
811.77	43.152
812.07	43.153
812.37	43.570
812.68	43.790
812.98	43.615
813.28	43.479
813.58	43.387
813.88	43.524
814.19	43.526
814.49	43.776
814.79	43.512
815.09	43.014
815.39	42.817
815.70	42.638
816.00	42.838
816.30	43.027
816.60	42.965
816.90	42.763
817.20	42.764
817.50	43.004
817.81	42.891
818.11	42.958
818.41	42.832
818.71	42.617
819.01	42.470
819.31	42.188
819.61	42.075
819.92	41.930
820.22	41.802
820.52	41.725
820.82	41.527
821.12	41.451
821.42	41.434
821.72	41.355
822.02	41.328
822.32	41.340
822.62	41.323
822.92	41.338
823.22	41.449
823.52	41.518
823.83	41.567
824.13	41.714
824.43	41.797
824.73	41.792
825.03	41.964
825.33	42.042
825.63	42.065
825.93	42.221
826.23	42.308
826.53	42.133
826.83	42.106
827.13	42.066
827.43	41.948
827.73	41.935
828.03	42.010
828.33	41.931
828.63	42.119
828.93	42.231
829.23	42.442
829.53	42.721
829.83	42.896
830.13	43.001
830.42	43.065
830.72	43.029
831.02	43.038
831.32	43.012
831.62	42.926
831.92	42.750
832.22	42.493
832.52	42.175
832.82	41.766
833.12	41.834
833.42	41.640
833.72	41.484
834.01	41.687
834.31	41.579
834.61	41.702
834.91	41.874
835.21	41.730
835.51	42.106
835.81	42.730
836.11	43.459
836.40	43.966
836.70	44.538
837.00	44.691
837.30	44.972
837.60	45.621
837.90	45.494
838.19	45.418
838.49	46.024
838.79	45.878
839.09	45.391
839.39	44.864
839.68	44.757
839.98	44.860
840.28	45.728
840.58	45.859
840.88	45.789
841.17	46.196
841.47	46.765
841.77	46.917
842.07	47.029
842.36	47.803
842.66	48.678
842.96	48.096
843.26	49.723
843.55	49.136
843.85	49.815
844.15	50.260
844.45	51.157
844.74	51.534
845.04	52.433
845.34	52.302
845.63	51.766
845.93	51.337
846.23	52.083
846.53	50.339
846.82	52.250
847.12	51.622
847.42	50.746
847.71	50.138
848.01	49.970
848.31	49.954
848.60	50.407
848.90	49.981
849.19	50.025
849.49	50.063
849.79	50.245
850.08	49.587
850.38	49.291
850.68	50.972
850.97	51.496
851.27	49.331
851.56	47.570
851.86	47.711
852.16	49.130
852.45	50.701
852.75	51.368
853.04	51.108
853.34	50.831
853.64	51.973
853.93	50.548
854.23	49.146
854.52	50.230
854.82	49.979
855.11	49.326
855.41	48.652
855.70	46.807
856.00	46.501
856.30	47.050
856.59	46.677
856.89	45.399
857.18	44.931
857.48	46.684
857.77	46.978
858.07	47.990
858.36	48.179
858.66	48.004
858.95	49.475
859.25	48.738
859.54	48.757
859.84	48.328
860.13	48.913
860.42	50.091
860.72	48.569
861.01	49.192
861.31	48.281
861.60	48.765
861.90	49.241
862.19	48.242
862.49	48.374
862.78	47.976
863.07	49.239
863.37	48.826
863.66	49.452
863.96	48.926
864.25	48.588
864.54	51.083
864.84	51.018
865.13	50.086
865.43	49.919
865.72	46.014
866.01	64.288
866.31	52.964
866.60	45.605
866.89	48.075
>>>>>End Spectral Data<<<<<
