180.30	0.000
180.67	0.000
181.03	188.978
181.40	503.217
181.77	-4592.508
182.14	-16.908
182.51	-442.922
182.88	78.050
183.25	-34.069
183.62	0.603
183.99	215.970
184.36	44.656
184.73	553.368
185.10	45.268
185.46	-21.941
185.83	213.899
186.20	64.754
186.57	1.186
186.94	128.547
187.31	-4.569
187.68	147.905
188.05	-4.064
188.42	15.434
188.78	15.820
189.15	50.362
189.52	-22.469
189.89	27.597
190.26	21.767
190.63	8.352
191.00	17.188
191.37	11.180
191.73	15.504
192.10	20.334
192.47	23.994
192.84	26.166
193.21	18.754
193.58	13.519
193.94	10.254
194.31	7.475
194.68	12.066
195.05	3.057
195.42	11.432
195.79	6.302
196.15	-2.124
196.52	7.573
196.89	5.197
197.26	-7.337
197.63	8.752
198.00	13.379
198.36	14.595
198.73	-11.753
199.10	-21.368
199.47	-16.923
199.84	-33.201
200.20	-36.865
200.57	-47.143
200.94	-54.843
201.31	-48.462
201.68	-56.941
202.04	-44.736
202.41	-44.226
202.78	-48.939
203.15	-50.627
203.51	-48.741
203.88	-36.602
204.25	-20.345
204.62	-27.026
204.98	-41.387
205.35	-37.086
205.72	-32.425
206.09	-21.526
206.46	-47.993
206.82	-31.998
207.19	-23.790
207.56	-79.447
207.92	-75.517
208.29	-75.195
208.66	-38.299
209.03	-8.664
209.39	8.818
209.76	0.391
210.13	-51.795
210.50	-32.276
210.86	-26.184
211.23	-43.874
211.60	-20.495
211.96	-36.252
212.33	-46.304
212.70	-61.673
213.07	-78.234
213.43	-142.837
213.80	-115.167
214.17	-61.322
214.53	-49.563
214.90	-42.959
215.27	-38.545
215.63	-33.485
216.00	-18.520
216.37	-11.828
216.74	-15.965
217.10	-8.286
217.47	0.933
217.84	-2.005
218.20	-13.042
218.57	-12.637
218.94	-15.531
219.30	-19.995
219.67	-26.661
220.04	-25.514
220.40	-28.056
220.77	-29.590
221.13	-28.903
221.50	-28.481
221.87	-25.605
222.23	-18.100
222.60	-22.032
222.97	-21.610
223.33	-13.372
223.70	-8.226
224.07	-8.557
224.43	-8.208
224.80	-5.145
225.16	-9.257
225.53	-7.970
225.90	-9.677
226.26	-7.360
226.63	-4.874
226.99	-2.778
227.36	-2.364
227.73	-2.266
228.09	-2.685
228.46	-0.006
228.82	1.232
229.19	3.645
229.56	2.965
229.92	4.741
230.29	4.400
230.65	4.800
231.02	1.983
231.38	-1.179
231.75	-3.215
232.12	-3.450
232.48	-8.746
232.85	-10.929
233.21	-11.272
233.58	-11.582
233.94	-12.226
234.31	-12.871
234.68	-13.062
235.04	-10.134
235.41	-6.989
235.77	-4.969
236.14	-3.920
236.50	-0.530
236.87	0.514
237.23	1.083
237.60	0.560
237.96	0.810
238.33	0.120
238.69	-0.458
239.06	-1.179
239.42	-1.158
239.79	-1.689
240.15	-1.647
240.52	-1.801
240.88	-1.267
241.25	-1.010
241.61	0.191
241.98	-0.015
242.34	0.097
242.71	0.860
243.07	1.312
243.44	0.975
243.80	0.952
244.17	0.729
244.53	0.181
244.90	-0.056
245.26	-0.258
245.63	-0.464
245.99	-0.465
246.36	-0.456
246.72	-0.643
247.09	-1.044
247.45	-0.773
247.81	-0.363
248.18	-0.169
248.54	0.361
248.91	0.185
249.27	0.282
249.64	0.305
250.00	0.327
250.36	0.263
250.73	0.010
251.09	0.345
251.46	0.129
251.82	-0.368
252.19	-0.786
252.55	-1.275
252.91	-1.285
253.28	-1.471
253.64	-1.884
254.01	-1.676
254.37	-1.093
254.73	-0.323
255.10	0.430
255.46	0.874
255.83	0.851
256.19	0.930
256.55	1.006
256.92	1.294
257.28	1.301
257.65	1.537
258.01	1.589
258.37	1.381
258.74	1.056
259.10	0.657
259.46	0.309
259.83	0.271
260.19	0.375
260.55	0.444
260.92	0.247
261.28	0.219
261.64	0.281
262.01	0.203
262.37	0.419
262.73	0.457
263.10	0.555
263.46	0.710
263.82	0.815
264.19	0.795
264.55	0.588
264.91	0.291
265.28	0.202
265.64	-0.016
266.00	-0.052
266.37	-0.015
266.73	0.104
267.09	0.316
267.46	0.386
267.82	0.361
268.18	0.571
268.54	0.697
268.91	0.906
269.27	0.968
269.63	0.952
270.00	0.869
270.36	0.781
270.72	0.941
271.08	0.822
271.45	0.746
271.81	0.669
272.17	0.518
272.53	0.564
272.90	0.492
273.26	0.624
273.62	0.509
273.98	0.340
274.35	0.314
274.71	0.235
275.07	0.140
275.43	0.122
275.80	0.090
276.16	-0.098
276.52	-0.116
276.88	0.031
277.25	-0.357
277.61	-0.183
277.97	-0.050
278.33	-0.007
278.69	-0.326
279.06	-0.255
279.42	-0.129
279.78	0.062
280.14	0.176
280.50	0.252
280.87	0.271
281.23	0.632
281.59	0.637
281.95	0.690
282.31	0.834
282.68	0.880
283.04	0.944
283.40	1.073
283.76	1.166
284.12	1.271
284.48	1.307
284.85	1.331
285.21	1.308
285.57	1.281
285.93	1.329
286.29	1.241
286.65	1.492
287.02	1.738
287.38	1.642
287.74	1.501
288.10	1.534
288.46	1.368
288.82	1.238
289.18	1.131
289.54	1.040
289.91	1.039
290.27	0.999
290.63	1.023
290.99	0.764
291.35	0.763
291.71	0.784
292.07	0.650
292.43	0.756
292.79	0.900
293.16	0.935
293.52	1.221
293.88	1.225
294.24	1.324
294.60	1.108
294.96	1.000
295.32	1.030
295.68	1.047
296.04	1.025
296.40	1.008
296.76	1.049
297.12	1.033
297.49	0.815
297.85	0.724
298.21	0.654
298.57	0.546
298.93	0.620
299.29	0.537
299.65	0.633
300.01	0.641
300.37	0.623
300.73	0.624
301.09	0.722
301.45	0.864
301.81	1.024
302.17	1.044
302.53	1.080
302.89	0.977
303.25	1.127
303.61	1.045
303.97	1.009
304.33	1.016
304.69	1.038
305.05	0.917
305.41	0.865
305.77	0.909
306.13	0.915
306.49	1.037
306.85	1.225
307.21	1.224
307.57	1.191
307.93	1.272
308.29	1.437
308.65	1.400
309.01	1.442
309.37	1.343
309.73	1.208
310.09	1.238
310.45	1.323
310.81	1.280
311.17	1.166
311.53	1.244
311.89	1.261
312.25	1.133
312.61	1.025
312.96	1.059
313.32	1.201
313.68	1.276
314.04	1.187
314.40	1.236
314.76	1.226
315.12	1.234
315.48	1.147
315.84	1.044
316.20	0.980
316.56	1.007
316.92	0.887
317.27	0.747
317.63	0.726
317.99	0.696
318.35	0.562
318.71	0.595
319.07	0.694
319.43	0.772
319.79	0.914
320.15	1.005
320.50	1.082
320.86	1.122
321.22	1.212
321.58	1.161
321.94	1.091
322.30	0.967
322.66	0.834
323.01	0.694
323.37	0.633
323.73	0.561
324.09	0.468
324.45	0.532
324.81	0.536
325.17	0.564
325.52	0.608
325.88	0.690
326.24	0.836
326.60	0.889
326.96	0.884
327.31	0.805
327.67	0.701
328.03	0.795
328.39	0.658
328.75	0.650
329.11	0.752
329.46	0.816
329.82	0.856
330.18	0.771
330.54	0.759
330.90	0.786
331.25	0.891
331.61	1.061
331.97	0.973
332.33	1.082
332.68	1.144
333.04	1.026
333.40	0.884
333.76	0.850
334.11	0.907
334.47	0.940
334.83	0.989
335.19	0.910
335.54	0.832
335.90	0.864
336.26	0.840
336.62	0.774
336.97	0.697
337.33	0.704
337.69	0.666
338.05	0.580
338.40	0.525
338.76	0.464
339.12	0.588
339.48	0.527
339.83	0.489
340.19	0.517
340.55	0.584
340.90	0.626
341.26	0.643
341.62	0.631
341.97	0.713
342.33	0.778
342.69	0.844
343.04	0.787
343.40	0.754
343.76	0.739
344.12	0.675
344.47	0.656
344.83	0.699
345.19	0.737
345.54	0.822
345.90	0.807
346.26	0.820
346.61	0.843
346.97	0.858
347.32	0.939
347.68	0.970
348.04	0.960
348.39	0.907
348.75	0.896
349.11	0.842
349.46	0.795
349.82	0.730
350.18	0.648
350.53	0.597
350.89	0.554
351.24	0.542
351.60	0.530
351.96	0.613
352.31	0.561
352.67	0.578
353.02	0.620
353.38	0.591
353.74	0.626
354.09	0.614
354.45	0.651
354.80	0.680
355.16	0.686
355.52	0.685
355.87	0.539
356.23	0.595
356.58	0.589
356.94	0.624
357.29	0.688
357.65	0.697
358.00	0.711
358.36	0.685
358.72	0.677
359.07	0.717
359.43	0.738
359.78	0.862
360.14	0.871
360.49	0.866
360.85	0.806
361.20	0.783
361.56	0.756
361.91	0.776
362.27	0.801
362.62	0.844
362.98	0.802
363.33	0.796
363.69	0.769
364.04	0.791
364.40	0.765
364.75	0.799
365.11	0.819
365.46	0.854
365.82	0.904
366.17	0.873
366.53	0.852
366.88	0.866
367.24	0.886
367.59	0.832
367.95	0.833
368.30	0.857
368.66	0.868
369.01	0.833
369.37	0.854
369.72	0.831
370.08	0.906
370.43	0.904
370.78	0.915
371.14	0.905
371.49	0.991
371.85	0.988
372.20	0.994
372.56	0.975
372.91	1.010
373.26	0.998
373.62	0.964
373.97	0.933
374.33	0.957
374.68	0.962
375.03	0.964
375.39	0.952
375.74	0.956
376.10	0.975
376.45	1.020
376.80	1.043
377.16	1.023
377.51	1.054
377.87	1.074
378.22	0.993
378.57	0.967
378.93	1.002
379.28	1.047
379.63	1.034
379.99	1.070
380.34	1.070
380.70	1.041
381.05	1.084
381.40	1.115
381.76	1.120
382.11	1.177
382.46	1.217
382.82	1.210
383.17	1.138
383.52	1.153
383.88	1.105
384.23	1.098
384.58	1.112
384.94	1.097
385.29	1.114
385.64	1.102
385.99	1.142
386.35	1.165
386.70	1.181
387.05	1.179
387.41	1.168
387.76	1.142
388.11	1.127
388.47	1.126
388.82	1.146
389.17	1.133
389.52	1.121
389.88	1.110
390.23	1.080
390.58	1.107
390.93	1.147
391.29	1.185
391.64	1.214
391.99	1.268
392.34	1.291
392.70	1.267
393.05	1.248
393.40	1.272
393.75	1.277
394.11	1.299
394.46	1.238
394.81	1.245
395.16	1.207
395.52	1.217
395.87	1.191
396.22	1.193
396.57	1.172
396.92	1.164
397.28	1.128
397.63	1.092
397.98	1.073
398.33	1.071
398.68	1.037
399.04	1.045
399.39	1.020
399.74	1.010
400.09	0.974
400.44	1.021
400.80	1.039
401.15	1.068
401.50	1.091
401.85	1.122
402.20	1.129
402.55	1.141
402.90	1.110
403.26	1.112
403.61	1.089
403.96	1.093
404.31	1.068
404.66	1.067
405.01	1.023
405.36	1.024
405.72	1.000
406.07	1.003
406.42	0.988
406.77	1.027
407.12	1.045
407.47	1.065
407.82	1.080
408.17	1.089
408.53	1.077
408.88	1.091
409.23	1.067
409.58	1.038
409.93	1.025
410.28	1.026
410.63	0.994
410.98	0.998
411.33	0.999
411.68	1.011
412.03	1.024
412.38	1.035
412.73	1.069
413.09	1.084
413.44	1.113
413.79	1.153
414.14	1.198
414.49	1.240
414.84	1.269
415.19	1.295
415.54	1.303
415.89	1.308
416.24	1.336
416.59	1.343
416.94	1.381
417.29	1.422
417.64	1.431
417.99	1.446
418.34	1.474
418.69	1.484
419.04	1.498
419.39	1.518
419.74	1.533
420.09	1.552
420.44	1.572
420.79	1.577
421.14	1.565
421.49	1.582
421.84	1.586
422.19	1.591
422.54	1.575
422.89	1.576
423.24	1.575
423.59	1.570
423.94	1.542
424.29	1.526
424.64	1.522
424.99	1.523
425.34	1.492
425.68	1.464
426.03	1.420
426.38	1.422
426.73	1.407
427.08	1.382
427.43	1.401
427.78	1.417
428.13	1.428
428.48	1.421
428.83	1.412
429.18	1.423
429.53	1.430
429.87	1.432
430.22	1.433
430.57	1.452
430.92	1.452
431.27	1.453
431.62	1.442
431.97	1.453
432.32	1.456
432.67	1.457
433.01	1.444
433.36	1.426
433.71	1.435
434.06	1.422
434.41	1.407
434.76	1.415
435.11	1.420
435.45	1.433
435.80	1.414
436.15	1.431
436.50	1.459
436.85	1.494
437.20	1.511
437.54	1.516
437.89	1.541
438.24	1.544
438.59	1.558
438.94	1.550
439.29	1.532
439.63	1.548
439.98	1.525
440.33	1.516
440.68	1.510
441.03	1.522
441.37	1.535
441.72	1.547
442.07	1.555
442.42	1.556
442.76	1.584
443.11	1.599
443.46	1.614
443.81	1.640
444.16	1.652
444.50	1.654
444.85	1.652
445.20	1.642
445.55	1.624
445.89	1.615
446.24	1.601
446.59	1.562
446.94	1.551
447.28	1.529
447.63	1.497
447.98	1.469
448.32	1.444
448.67	1.424
449.02	1.401
449.37	1.383
449.71	1.387
450.06	1.393
450.41	1.392
450.75	1.385
451.10	1.375
451.45	1.370
451.79	1.354
452.14	1.347
452.49	1.359
452.84	1.383
453.18	1.406
453.53	1.399
453.88	1.403
454.22	1.417
454.57	1.448
454.92	1.453
455.26	1.462
455.61	1.511
455.95	1.544
456.30	1.556
456.65	1.573
456.99	1.580
457.34	1.595
457.69	1.604
458.03	1.616
458.38	1.623
458.73	1.636
459.07	1.647
459.42	1.611
459.76	1.593
460.11	1.557
460.46	1.529
460.80	1.509
461.15	1.496
461.49	1.466
461.84	1.460
462.19	1.426
462.53	1.401
462.88	1.400
463.22	1.415
463.57	1.420
463.91	1.435
464.26	1.450
464.61	1.465
464.95	1.446
465.30	1.447
465.64	1.444
465.99	1.463
466.33	1.482
466.68	1.476
467.02	1.477
467.37	1.470
467.71	1.475
468.06	1.463
468.41	1.446
468.75	1.460
469.10	1.478
469.44	1.467
469.79	1.442
470.13	1.401
470.48	1.384
470.82	1.358
471.17	1.360
471.51	1.353
471.86	1.330
472.20	1.320
472.55	1.315
472.89	1.306
473.23	1.292
473.58	1.308
473.92	1.325
474.27	1.319
474.61	1.326
474.96	1.329
475.30	1.336
475.65	1.340
475.99	1.342
476.34	1.351
476.68	1.342
477.02	1.350
477.37	1.353
477.71	1.386
478.06	1.426
478.40	1.491
478.75	1.558
479.09	1.644
479.43	1.744
479.78	1.839
480.12	1.927
480.47	2.015
480.81	2.099
481.15	2.170
481.50	2.242
481.84	2.323
482.19	2.388
482.53	2.447
482.87	2.479
483.22	2.483
483.56	2.460
483.90	2.415
484.25	2.360
484.59	2.302
484.94	2.247
485.28	2.190
485.62	2.118
485.97	2.050
486.31	1.992
486.65	1.949
487.00	1.918
487.34	1.910
487.68	1.909
488.03	1.915
488.37	1.916
488.71	1.918
489.06	1.906
489.40	1.905
489.74	1.894
490.09	1.880
490.43	1.859
490.77	1.833
491.11	1.798
491.46	1.771
491.80	1.736
492.14	1.704
492.49	1.674
492.83	1.639
493.17	1.597
493.51	1.563
493.86	1.526
494.20	1.494
494.54	1.486
494.88	1.490
495.23	1.492
495.57	1.494
495.91	1.512
496.25	1.516
496.60	1.525
496.94	1.518
497.28	1.521
497.62	1.513
497.97	1.518
498.31	1.501
498.65	1.488
498.99	1.474
499.33	1.484
499.68	1.461
500.02	1.464
500.36	1.456
500.70	1.455
501.04	1.446
501.39	1.438
501.73	1.434
502.07	1.465
502.41	1.474
502.75	1.493
503.09	1.496
503.44	1.517
503.78	1.520
504.12	1.520
504.46	1.544
504.80	1.564
505.14	1.603
505.49	1.627
505.83	1.616
506.17	1.639
506.51	1.644
506.85	1.661
507.19	1.664
507.53	1.671
507.87	1.710
508.22	1.706
508.56	1.698
508.90	1.671
509.24	1.663
509.58	1.674
509.92	1.677
510.26	1.684
510.60	1.674
510.94	1.678
511.28	1.671
511.63	1.653
511.97	1.649
512.31	1.650
512.65	1.667
512.99	1.668
513.33	1.691
513.67	1.702
514.01	1.740
514.35	1.770
514.69	1.817
515.03	1.864
515.37	1.908
515.71	1.952
516.05	1.993
516.39	2.020
516.73	2.056
517.07	2.060
517.41	2.068
517.75	2.058
518.09	2.062
518.43	2.038
518.77	2.008
519.11	1.982
519.45	1.945
519.79	1.929
520.13	1.917
520.47	1.901
520.81	1.904
521.15	1.928
521.49	1.947
521.83	1.957
522.17	1.988
522.51	2.039
522.85	2.094
523.19	2.171
523.53	2.248
523.87	2.339
524.21	2.422
524.55	2.503
524.89	2.566
525.23	2.627
525.57	2.687
525.91	2.745
526.25	2.788
526.58	2.828
526.92	2.868
527.26	2.892
527.60	2.893
527.94	2.897
528.28	2.885
528.62	2.864
528.96	2.845
529.30	2.828
529.64	2.807
529.97	2.788
530.31	2.752
530.65	2.717
530.99	2.696
531.33	2.686
531.67	2.669
532.01	2.668
532.35	2.667
532.68	2.673
533.02	2.658
533.36	2.642
533.70	2.633
534.04	2.638
534.38	2.636
534.71	2.619
535.05	2.603
535.39	2.601
535.73	2.589
536.07	2.604
536.41	2.607
536.74	2.636
537.08	2.661
537.42	2.699
537.76	2.739
538.10	2.773
538.43	2.815
538.77	2.863
539.11	2.904
539.45	2.934
539.79	2.953
540.12	2.974
540.46	2.985
540.80	2.993
541.14	2.978
541.47	2.952
541.81	2.937
542.15	2.916
542.49	2.885
542.82	2.855
543.16	2.831
543.50	2.804
543.84	2.782
544.17	2.747
544.51	2.727
544.85	2.710
545.18	2.704
545.52	2.697
545.86	2.681
546.20	2.669
546.53	2.637
546.87	2.613
547.21	2.609
547.54	2.574
547.88	2.573
548.22	2.535
548.55	2.522
548.89	2.516
549.23	2.499
549.56	2.491
549.90	2.514
550.24	2.525
550.57	2.532
550.91	2.524
551.25	2.545
551.58	2.543
551.92	2.569
552.26	2.576
552.59	2.584
552.93	2.587
553.27	2.612
553.60	2.596
553.94	2.589
554.27	2.599
554.61	2.603
554.95	2.598
555.28	2.619
555.62	2.607
555.95	2.631
556.29	2.641
556.63	2.638
556.96	2.628
557.30	2.634
557.63	2.653
557.97	2.643
558.31	2.640
558.64	2.637
558.98	2.643
559.31	2.684
559.65	2.691
559.98	2.708
560.32	2.734
560.65	2.753
560.99	2.777
561.33	2.789
561.66	2.830
562.00	2.874
562.33	2.913
562.67	2.936
563.00	2.954
563.34	2.981
563.67	2.996
564.01	3.018
564.34	3.039
564.68	3.057
565.01	3.084
565.35	3.094
565.68	3.102
566.02	3.103
566.35	3.102
566.69	3.104
567.02	3.137
567.36	3.146
567.69	3.175
568.03	3.187
568.36	3.205
568.69	3.206
569.03	3.232
569.36	3.252
569.70	3.275
570.03	3.322
570.37	3.337
570.70	3.333
571.04	3.351
571.37	3.351
571.70	3.363
572.04	3.355
572.37	3.353
572.71	3.341
573.04	3.340
573.37	3.339
573.71	3.320
574.04	3.318
574.38	3.310
574.71	3.324
575.04	3.313
575.38	3.306
575.71	3.302
576.05	3.314
576.38	3.338
576.71	3.310
577.05	3.314
577.38	3.295
577.71	3.277
578.05	3.253
578.38	3.220
578.71	3.217
579.05	3.202
579.38	3.192
579.71	3.196
580.05	3.181
580.38	3.196
580.71	3.176
581.05	3.188
581.38	3.184
581.71	3.188
582.05	3.202
582.38	3.210
582.71	3.237
583.04	3.268
583.38	3.255
583.71	3.267
584.04	3.288
584.38	3.318
584.71	3.354
585.04	3.420
585.37	3.448
585.71	3.487
586.04	3.488
586.37	3.511
586.70	3.529
587.04	3.583
587.37	3.589
587.70	3.600
588.03	3.637
588.37	3.635
588.70	3.636
589.03	3.674
589.36	3.683
589.69	3.706
590.03	3.710
590.36	3.710
590.69	3.686
591.02	3.683
591.35	3.683
591.69	3.673
592.02	3.683
592.35	3.682
592.68	3.689
593.01	3.669
593.35	3.685
593.68	3.696
594.01	3.712
594.34	3.711
594.67	3.731
595.00	3.748
595.34	3.738
595.67	3.720
596.00	3.719
596.33	3.675
596.66	3.661
596.99	3.636
597.32	3.607
597.65	3.597
597.99	3.601
598.32	3.572
598.65	3.545
598.98	3.526
599.31	3.530
599.64	3.542
599.97	3.585
600.30	3.621
600.63	3.639
600.96	3.668
601.30	3.693
601.63	3.732
601.96	3.771
602.29	3.787
602.62	3.803
602.95	3.809
603.28	3.811
603.61	3.786
603.94	3.775
604.27	3.796
604.60	3.786
604.93	3.779
605.26	3.768
605.59	3.756
605.92	3.768
606.25	3.797
606.58	3.812
606.91	3.809
607.24	3.838
607.57	3.844
607.90	3.862
608.23	3.847
608.56	3.824
608.89	3.788
609.22	3.765
609.55	3.747
609.88	3.710
610.21	3.708
610.54	3.671
610.87	3.638
611.20	3.632
611.53	3.580
611.86	3.579
612.19	3.571
612.52	3.567
612.85	3.602
613.18	3.617
613.51	3.594
613.84	3.558
614.17	3.557
614.49	3.597
614.82	3.566
615.15	3.577
615.48	3.578
615.81	3.594
616.14	3.627
616.47	3.607
616.80	3.597
617.13	3.619
617.46	3.634
617.78	3.651
618.11	3.629
618.44	3.641
618.77	3.638
619.10	3.657
619.43	3.658
619.76	3.634
620.09	3.657
620.41	3.641
620.74	3.663
621.07	3.702
621.40	3.732
621.73	3.734
622.06	3.773
622.38	3.805
622.71	3.835
623.04	3.862
623.37	3.944
623.70	3.958
624.02	4.019
624.35	4.097
624.68	4.118
625.01	4.172
625.34	4.236
625.66	4.280
625.99	4.313
626.32	4.346
626.65	4.362
626.98	4.364
627.30	4.406
627.63	4.422
627.96	4.376
628.29	4.366
628.61	4.351
628.94	4.343
629.27	4.331
629.60	4.288
629.92	4.284
630.25	4.272
630.58	4.246
630.91	4.231
631.23	4.226
631.56	4.273
631.89	4.263
632.21	4.265
632.54	4.269
632.87	4.267
633.19	4.315
633.52	4.309
633.85	4.326
634.18	4.308
634.50	4.288
634.83	4.271
635.16	4.229
635.48	4.250
635.81	4.240
636.14	4.214
636.46	4.183
636.79	4.164
637.11	4.133
637.44	4.109
637.77	4.106
638.09	4.085
638.42	4.076
638.75	4.074
639.07	4.090
639.40	4.083
639.73	4.068
640.05	4.101
640.38	4.119
640.70	4.128
641.03	4.153
641.36	4.210
641.68	4.277
642.01	4.289
642.33	4.300
642.66	4.283
642.98	4.279
643.31	4.323
643.64	4.327
643.96	4.326
644.29	4.383
644.61	4.440
644.94	4.468
645.26	4.505
645.59	4.589
645.91	4.637
646.24	4.697
646.56	4.728
646.89	4.764
647.22	4.797
647.54	4.829
647.87	4.819
648.19	4.772
648.52	4.738
648.84	4.712
649.17	4.670
649.49	4.688
649.82	4.683
650.14	4.715
650.47	4.735
650.79	4.765
651.11	4.762
651.44	4.805
651.76	4.844
652.09	4.939
652.41	5.001
652.74	5.008
653.06	4.983
653.39	5.031
653.71	5.089
654.04	5.059
654.36	5.123
654.68	5.161
655.01	5.192
655.33	5.262
655.66	5.229
655.98	5.232
656.30	5.246
656.63	5.313
656.95	5.335
657.28	5.349
657.60	5.388
657.92	5.340
658.25	5.322
658.57	5.297
658.90	5.257
659.22	5.245
659.54	5.244
659.87	5.244
660.19	5.175
660.51	5.112
660.84	5.033
661.16	4.976
661.48	4.950
661.81	4.928
662.13	4.899
662.45	4.892
662.78	4.918
663.10	4.897
663.42	4.898
663.75	4.903
664.07	4.916
664.39	4.894
664.72	4.875
665.04	4.891
665.36	4.944
665.69	4.953
666.01	5.007
666.33	5.021
666.65	5.006
666.98	5.036
667.30	5.121
667.62	5.123
667.94	5.178
668.27	5.261
668.59	5.248
668.91	5.282
669.23	5.325
669.56	5.290
669.88	5.315
670.20	5.403
670.52	5.446
670.85	5.431
671.17	5.504
671.49	5.534
671.81	5.541
672.13	5.573
672.46	5.538
672.78	5.586
673.10	5.636
673.42	5.630
673.74	5.611
674.07	5.618
674.39	5.657
674.71	5.662
675.03	5.784
675.35	5.899
675.67	6.000
676.00	6.069
676.32	6.122
676.64	6.146
676.96	6.222
677.28	6.321
677.60	6.440
677.92	6.519
678.25	6.607
678.57	6.644
678.89	6.637
679.21	6.651
679.53	6.734
679.85	6.789
680.17	6.857
680.49	6.893
680.81	6.921
681.13	6.891
681.46	6.902
681.78	6.953
682.10	6.999
682.42	7.018
682.74	7.143
683.06	7.189
683.38	7.266
683.70	7.380
684.02	7.514
684.34	7.676
684.66	7.844
684.98	7.965
685.30	8.083
685.62	8.171
685.94	8.359
686.26	8.436
686.58	8.486
686.90	8.532
687.22	8.589
687.54	8.599
687.86	8.516
688.18	8.467
688.50	8.503
688.82	8.449
689.14	8.413
689.46	8.403
689.78	8.320
690.10	8.350
690.42	8.354
690.74	8.301
691.06	8.322
691.38	8.335
691.70	8.404
692.02	8.390
692.34	8.361
692.66	8.372
692.98	8.321
693.30	8.337
693.62	8.353
693.94	8.388
694.26	8.434
694.57	8.477
694.89	8.573
695.21	8.622
695.53	8.709
695.85	8.821
696.17	8.929
696.49	9.021
696.81	9.130
697.13	9.171
697.44	9.223
697.76	9.285
698.08	9.350
698.40	9.384
698.72	9.336
699.04	9.298
699.36	9.305
699.67	9.188
699.99	9.055
700.31	8.893
700.63	8.882
700.95	8.831
701.27	8.713
701.58	8.511
701.90	8.356
702.22	8.363
702.54	8.351
702.86	8.314
703.17	8.331
703.49	8.452
703.81	8.615
704.13	8.512
704.45	8.521
704.76	8.623
705.08	8.703
705.40	8.738
705.72	8.828
706.03	8.874
706.35	8.848
706.67	8.926
706.99	9.024
707.30	9.009
707.62	9.135
707.94	9.217
708.26	9.195
708.57	9.308
708.89	9.490
709.21	9.554
709.53	9.579
709.84	9.713
710.16	9.853
710.48	9.839
710.79	9.963
711.11	9.970
711.43	9.931
711.74	9.996
712.06	10.016
712.38	10.078
712.69	10.075
713.01	10.217
713.33	10.296
713.64	10.358
713.96	10.500
714.28	10.609
714.59	10.794
714.91	11.038
715.23	11.251
715.54	11.294
715.86	11.410
716.17	11.531
716.49	11.600
716.81	11.701
717.12	11.692
717.44	11.663
717.76	11.736
718.07	11.679
718.39	11.614
718.70	11.559
719.02	11.638
719.33	11.534
719.65	11.475
719.97	11.378
720.28	11.230
720.60	11.313
720.91	11.329
721.23	11.226
721.54	11.317
721.86	11.240
722.17	11.285
722.49	11.377
722.81	11.398
723.12	11.547
723.44	11.673
723.75	11.813
724.07	11.818
724.38	11.893
724.70	12.044
725.01	12.135
725.33	12.250
725.64	12.301
725.96	12.279
726.27	12.277
726.59	12.356
726.90	12.356
727.22	12.323
727.53	12.440
727.84	12.454
728.16	12.426
728.47	12.360
728.79	12.447
729.10	12.464
729.42	12.381
729.73	12.368
730.05	12.220
730.36	12.127
730.67	12.151
730.99	11.980
731.30	11.893
731.62	11.750
731.93	11.729
732.24	11.589
732.56	11.487
732.87	11.587
733.19	11.655
733.50	11.613
733.81	11.564
734.13	11.520
734.44	11.465
734.76	11.413
735.07	11.394
735.38	11.244
735.70	11.212
736.01	11.171
736.32	11.101
736.64	11.111
736.95	11.078
737.26	11.177
737.58	11.157
737.89	11.171
738.20	11.253
738.52	11.258
738.83	11.241
739.14	11.219
739.45	11.157
739.77	10.969
740.08	10.720
740.39	10.731
740.71	10.645
741.02	10.610
741.33	10.520
741.64	10.389
741.96	10.449
742.27	10.489
742.58	10.558
742.90	10.649
743.21	10.724
743.52	10.871
743.83	10.953
744.14	10.944
744.46	10.949
744.77	11.158
745.08	11.201
745.39	11.083
745.71	11.159
746.02	11.170
746.33	11.166
746.64	11.319
746.95	11.474
747.27	11.516
747.58	11.664
747.89	11.626
748.20	11.363
748.51	11.568
748.82	11.614
749.14	11.588
749.45	11.450
749.76	11.497
750.07	11.532
750.38	11.361
750.69	11.443
751.01	11.379
751.32	11.399
751.63	11.652
751.94	11.515
752.25	11.677
752.56	11.770
752.87	11.936
753.18	11.899
753.49	12.023
753.81	12.261
754.12	12.088
754.43	12.193
754.74	12.310
755.05	12.484
755.36	12.774
755.67	12.959
755.98	13.321
756.29	13.666
756.60	14.058
756.91	14.312
757.22	14.560
757.53	14.996
757.84	15.404
758.15	15.868
758.46	16.319
758.77	16.581
759.09	16.874
759.40	16.972
759.71	17.180
760.02	17.345
760.33	17.491
760.64	17.527
760.95	17.708
761.26	17.695
761.57	17.587
761.88	17.523
762.18	17.487
762.49	17.465
762.80	17.416
763.11	17.408
763.42	17.292
763.73	17.125
764.04	17.002
764.35	16.772
764.66	16.632
764.97	16.544
765.28	16.204
765.59	15.896
765.90	15.589
766.21	15.274
766.52	14.745
766.83	14.462
767.14	14.240
767.44	14.025
767.75	13.674
768.06	13.492
768.37	13.121
768.68	13.143
768.99	13.148
769.30	12.945
769.61	12.665
769.91	12.680
770.22	12.483
770.53	12.571
770.84	12.547
771.15	12.615
771.46	12.251
771.77	12.135
772.07	12.006
772.38	12.065
772.69	11.955
773.00	12.431
773.31	12.441
773.61	12.598
773.92	12.268
774.23	12.128
774.54	11.902
774.85	11.998
775.15	12.187
775.46	11.986
775.77	11.765
776.08	11.837
776.39	11.539
776.69	11.553
777.00	11.386
777.31	11.576
777.62	11.579
777.92	11.792
778.23	11.763
778.54	11.804
778.85	12.054
779.15	11.789
779.46	11.837
779.77	11.924
780.07	11.762
780.38	11.984
780.69	11.753
781.00	12.202
781.30	12.211
781.61	12.207
781.92	12.146
782.22	12.171
782.53	12.335
782.84	12.567
783.14	12.700
783.45	12.947
783.76	13.098
784.06	13.478
784.37	13.012
784.68	13.214
784.98	13.619
785.29	14.037
785.60	14.091
785.90	14.528
786.21	14.769
786.51	14.852
786.82	15.180
787.13	15.227
787.43	15.333
787.74	15.745
788.04	15.921
788.35	16.223
788.66	15.859
788.96	15.894
789.27	15.832
789.57	15.594
789.88	15.699
790.19	15.687
790.49	15.488
790.80	15.419
791.10	15.313
791.41	15.316
791.71	15.121
792.02	15.711
792.32	15.552
792.63	15.662
792.93	15.906
793.24	15.651
793.54	15.426
793.85	15.430
794.15	15.473
794.46	15.748
794.76	15.717
795.07	15.653
795.37	15.581
795.68	15.833
795.98	16.049
796.29	15.886
796.59	15.938
796.90	16.145
797.20	16.159
797.51	16.130
797.81	15.800
798.12	15.864
798.42	16.117
798.72	16.308
799.03	16.568
799.33	16.181
799.64	16.361
799.94	16.725
800.25	16.666
800.55	16.989
800.85	17.252
801.16	17.369
801.46	17.444
801.77	17.026
802.07	16.796
802.37	16.837
802.68	16.972
802.98	16.872
803.28	16.818
803.59	17.025
803.89	16.969
804.20	17.161
804.50	17.281
804.80	17.361
805.11	17.796
805.41	17.594
805.71	17.580
806.02	17.624
806.32	17.821
806.62	18.186
806.93	18.293
807.23	18.656
807.53	18.837
807.83	18.986
808.14	19.229
808.44	19.325
808.74	19.432
809.05	19.269
809.35	19.487
809.65	19.476
809.95	19.337
810.26	19.143
810.56	18.860
810.86	18.530
811.16	18.564
811.47	18.875
811.77	19.610
812.07	20.117
812.37	20.484
812.68	20.996
812.98	21.318
813.28	21.440
813.58	21.805
813.88	21.933
814.19	22.487
814.49	23.042
814.79	22.803
815.09	22.280
815.39	22.519
815.70	22.817
816.00	22.530
816.30	22.551
816.60	22.531
816.90	22.143
817.20	22.647
817.50	22.456
817.81	22.457
818.11	22.542
818.41	22.806
818.71	22.994
819.01	23.129
819.31	23.535
819.61	23.822
819.92	24.112
820.22	24.403
820.52	24.607
820.82	24.899
821.12	25.172
821.42	25.433
821.72	25.726
822.02	26.099
822.32	26.447
822.62	26.682
822.92	26.818
823.22	27.007
823.52	27.234
823.83	27.382
824.13	27.441
824.43	27.468
824.73	27.588
825.03	27.463
825.33	27.286
825.63	27.038
825.93	26.884
826.23	26.850
826.53	26.831
826.83	26.778
827.13	26.817
827.43	26.878
827.73	26.965
828.03	26.989
828.33	27.137
828.63	27.228
828.93	27.186
829.23	26.977
829.53	27.027
829.83	27.063
830.13	26.892
830.42	26.504
830.72	26.122
831.02	25.803
831.32	25.738
831.62	25.780
831.92	25.611
832.22	25.782
832.52	25.935
832.82	26.072
833.12	25.919
833.42	25.939
833.72	25.934
834.01	26.395
834.31	26.697
834.61	26.793
834.91	27.105
835.21	27.433
835.51	27.611
835.81	27.548
836.11	27.362
836.40	27.482
836.70	27.677
837.00	28.115
837.30	27.569
837.60	27.543
837.90	27.350
838.19	26.407
838.49	25.850
838.79	25.458
839.09	25.460
839.39	25.313
839.68	25.254
839.98	24.247
840.28	23.497
840.58	23.424
840.88	23.297
841.17	22.637
841.47	22.668
841.77	22.546
842.07	22.493
842.36	21.867
842.66	21.716
842.96	20.383
843.26	20.087
843.55	20.185
843.85	20.598
844.15	19.083
844.45	17.902
844.74	18.403
845.04	18.501
845.34	17.841
845.63	18.649
845.93	17.804
846.23	19.553
846.53	21.822
846.82	21.872
847.12	20.785
847.42	20.587
847.71	21.588
848.01	20.161
848.31	17.841
848.60	17.813
848.90	17.015
849.19	17.400
849.49	16.279
849.79	13.556
850.08	14.024
850.38	15.188
850.68	16.229
850.97	16.879
851.27	17.636
851.56	19.180
851.86	17.795
852.16	18.646
852.45	18.712
852.75	18.182
853.04	19.862
853.34	19.511
853.64	18.801
853.93	18.060
854.23	18.266
854.52	18.751
854.82	19.360
855.11	19.471
855.41	20.067
855.70	20.445
856.00	20.638
856.30	19.002
856.59	19.891
856.89	19.722
857.18	21.324
857.48	21.755
857.77	21.297
858.07	21.877
858.36	22.134
858.66	21.936
858.95	21.723
859.25	20.786
859.54	22.624
859.84	21.731
860.13	21.083
860.42	21.094
860.72	20.125
861.01	20.757
861.31	19.835
861.60	22.120
861.90	20.796
862.19	21.671
862.49	23.039
862.78	23.024
863.07	22.336
863.37	21.945
863.66	21.720
863.96	23.875
864.25	24.275
864.54	25.220
864.84	25.368
865.13	26.130
865.43	25.597
865.72	31.868
866.01	33.013
866.31	33.918
866.60	22.547
866.89	23.664
