180.30	0.000
180.67	0.000
181.03	-122.933
181.40	574.334
181.77	-11752.370
182.14	12.297
182.51	-751.028
182.88	97.795
183.25	-52.024
183.62	-27.261
183.99	-127.996
184.36	181.182
184.73	-83.891
185.10	81.170
185.46	-803.649
185.83	68.013
186.20	969.483
186.57	167.511
186.94	121.919
187.31	7.913
187.68	11.460
188.05	-71.620
188.42	-111.826
188.78	-226.351
189.15	-498.766
189.52	168.161
189.89	91.853
190.26	67.027
190.63	51.684
191.00	69.735
191.37	72.064
191.73	61.082
192.10	50.722
192.47	46.511
192.84	48.359
193.21	57.505
193.58	53.255
193.94	50.808
194.31	51.897
194.68	44.398
195.05	29.229
195.42	22.948
195.79	24.897
196.15	22.511
196.52	13.375
196.89	-7.985
197.26	-32.463
197.63	9.898
198.00	13.299
198.36	3.348
198.73	15.576
199.10	10.600
199.47	19.769
199.84	16.522
200.20	40.581
200.57	45.271
200.94	60.699
201.31	71.668
201.68	46.494
202.04	39.949
202.41	50.314
202.78	43.609
203.15	61.644
203.51	63.126
203.88	75.424
204.25	61.756
204.62	47.691
204.98	18.939
205.35	20.182
205.72	14.975
206.09	20.192
206.46	-21.518
206.82	-12.068
207.19	-21.490
207.56	-70.317
207.92	-72.820
208.29	-72.440
208.66	-26.246
209.03	-16.827
209.39	-1.808
209.76	8.513
210.13	-18.211
210.50	4.317
210.86	17.037
211.23	26.568
211.60	23.064
211.96	19.977
212.33	4.676
212.70	-3.840
213.07	-3.584
213.43	-40.545
213.80	-41.888
214.17	-8.443
214.53	-9.191
214.90	-8.324
215.27	-3.711
215.63	3.062
216.00	-0.020
216.37	12.280
216.74	2.928
217.10	9.769
217.47	7.244
217.84	12.442
218.20	10.394
218.57	17.096
218.94	13.501
219.30	2.161
219.67	-2.551
220.04	6.269
220.40	-2.629
220.77	-0.611
221.13	0.353
221.50	6.332
221.87	2.509
222.23	-0.928
222.60	-10.257
222.97	-9.001
223.33	-0.314
223.70	3.121
224.07	-1.669
224.43	0.502
224.80	2.743
225.16	-0.586
225.53	-1.000
225.90	-1.491
226.26	2.064
226.63	4.648
226.99	4.679
227.36	5.637
227.73	6.192
228.09	5.059
228.46	5.900
228.82	6.573
229.19	7.623
229.56	7.980
229.92	9.238
230.29	9.013
230.65	6.939
231.02	6.972
231.38	2.830
231.75	2.175
232.12	3.540
232.48	2.002
232.85	-1.137
233.21	-0.371
233.58	-1.010
233.94	-1.241
234.31	-2.774
234.68	-0.640
235.04	-2.275
235.41	-0.599
235.77	0.168
236.14	2.047
236.50	3.666
236.87	5.769
237.23	4.734
237.60	4.472
237.96	4.014
238.33	3.561
238.69	3.091
239.06	4.059
239.42	4.466
239.79	3.568
240.15	3.081
240.52	3.252
240.88	2.899
241.25	2.933
241.61	3.528
241.98	3.862
242.34	4.045
242.71	4.214
243.07	4.285
243.44	4.173
243.80	4.372
244.17	4.441
244.53	4.099
244.90	4.427
245.26	4.525
245.63	4.285
245.99	3.852
246.36	3.949
246.72	4.053
247.09	3.876
247.45	3.922
247.81	4.360
248.18	4.193
248.54	4.493
248.91	4.157
249.27	4.252
249.64	4.431
250.00	4.917
250.36	4.498
250.73	4.330
251.09	4.439
251.46	4.272
251.82	3.346
252.19	3.421
252.55	2.902
252.91	3.249
253.28	3.121
253.64	2.931
254.01	3.065
254.37	4.031
254.73	4.685
255.10	5.229
255.46	5.936
255.83	6.221
256.19	6.066
256.55	6.003
256.92	5.590
257.28	5.424
257.65	5.611
258.01	5.684
258.37	5.375
258.74	5.121
259.10	4.703
259.46	4.489
259.83	4.520
260.19	4.678
260.55	4.658
260.92	4.931
261.28	5.133
261.64	4.920
262.01	4.857
262.37	4.958
262.73	4.963
263.10	5.376
263.46	5.124
263.82	4.869
264.19	4.839
264.55	4.827
264.91	4.710
265.28	4.510
265.64	4.509
266.00	4.519
266.37	4.608
266.73	4.489
267.09	4.426
267.46	4.470
267.82	4.455
268.18	4.307
268.54	4.340
268.91	4.266
269.27	4.497
269.63	4.871
270.00	4.828
270.36	4.860
270.72	5.011
271.08	4.907
271.45	4.801
271.81	4.764
272.17	4.706
272.53	4.880
272.90	5.152
273.26	5.227
273.62	4.796
273.98	4.840
274.35	4.676
274.71	4.689
275.07	4.814
275.43	5.120
275.80	5.200
276.16	5.455
276.52	5.337
276.88	5.068
277.25	4.625
277.61	4.767
277.97	4.620
278.33	4.836
278.69	4.657
279.06	4.723
279.42	4.677
279.78	4.901
280.14	4.712
280.50	4.968
280.87	5.010
281.23	5.368
281.59	5.416
281.95	5.550
282.31	5.621
282.68	5.785
283.04	5.799
283.40	5.927
283.76	5.816
284.12	6.023
284.48	5.834
284.85	5.922
285.21	5.828
285.57	5.822
285.93	5.847
286.29	5.810
286.65	5.914
287.02	6.222
287.38	6.113
287.74	6.181
288.10	6.131
288.46	6.204
288.82	6.014
289.18	6.086
289.54	6.088
289.91	6.083
290.27	6.032
290.63	6.120
290.99	5.992
291.35	6.111
291.71	6.167
292.07	6.045
292.43	6.227
292.79	6.514
293.16	6.355
293.52	6.542
293.88	6.701
294.24	6.841
294.60	6.666
294.96	6.596
295.32	6.642
295.68	6.676
296.04	6.787
296.40	6.699
296.76	6.640
297.12	6.685
297.49	6.464
297.85	6.199
298.21	6.008
298.57	5.960
298.93	5.969
299.29	5.877
299.65	5.767
300.01	5.785
300.37	5.810
300.73	6.000
301.09	6.047
301.45	6.351
301.81	6.630
302.17	6.773
302.53	6.708
302.89	6.526
303.25	6.493
303.61	6.446
303.97	6.296
304.33	6.333
304.69	6.297
305.05	6.307
305.41	6.108
305.77	6.078
306.13	6.005
306.49	6.165
306.85	6.376
307.21	6.435
307.57	6.506
307.93	6.610
308.29	6.682
308.65	6.646
309.01	6.720
309.37	6.816
309.73	6.788
310.09	7.006
310.45	7.080
310.81	7.102
311.17	7.137
311.53	7.211
311.89	7.247
312.25	7.193
312.61	7.218
312.96	7.280
313.32	7.287
313.68	7.262
314.04	7.063
314.40	7.112
314.76	7.075
315.12	7.039
315.48	7.134
315.84	7.289
316.20	7.358
316.56	7.295
316.92	7.168
317.27	7.107
317.63	7.247
317.99	7.357
318.35	7.287
318.71	7.356
319.07	7.469
319.43	7.483
319.79	7.569
320.15	7.566
320.50	7.682
320.86	7.825
321.22	7.935
321.58	7.974
321.94	7.897
322.30	7.926
322.66	7.919
323.01	7.868
323.37	7.658
323.73	7.514
324.09	7.419
324.45	7.408
324.81	7.328
325.17	7.312
325.52	7.158
325.88	7.163
326.24	7.233
326.60	7.140
326.96	7.073
327.31	7.128
327.67	7.032
328.03	7.106
328.39	7.084
328.75	7.148
329.11	7.190
329.46	7.259
329.82	7.278
330.18	7.218
330.54	7.299
330.90	7.382
331.25	7.494
331.61	7.712
331.97	7.811
332.33	7.949
332.68	8.046
333.04	8.088
333.40	8.175
333.76	8.300
334.11	8.232
334.47	8.266
334.83	8.202
335.19	8.117
335.54	8.045
335.90	7.984
336.26	7.907
336.62	7.865
336.97	7.782
337.33	7.787
337.69	7.766
338.05	7.907
338.40	7.850
338.76	7.925
339.12	8.061
339.48	8.038
339.83	8.055
340.19	8.051
340.55	8.092
340.90	8.144
341.26	8.102
341.62	8.090
341.97	8.058
342.33	8.184
342.69	8.271
343.04	8.296
343.40	8.327
343.76	8.256
344.12	8.363
344.47	8.408
344.83	8.455
345.19	8.544
345.54	8.539
345.90	8.633
346.26	8.610
346.61	8.615
346.97	8.664
347.32	8.727
347.68	8.768
348.04	8.740
348.39	8.656
348.75	8.738
349.11	8.773
349.46	8.813
349.82	8.762
350.18	8.812
350.53	8.879
350.89	8.879
351.24	8.919
351.60	9.032
351.96	9.111
352.31	9.141
352.67	9.127
353.02	9.123
353.38	9.194
353.74	9.313
354.09	9.299
354.45	9.357
354.80	9.338
355.16	9.401
355.52	9.418
355.87	9.419
356.23	9.479
356.58	9.487
356.94	9.523
357.29	9.535
357.65	9.510
358.00	9.572
358.36	9.547
358.72	9.583
359.07	9.553
359.43	9.590
359.78	9.606
360.14	9.745
360.49	9.769
360.85	9.833
361.20	9.857
361.56	9.858
361.91	9.865
362.27	9.894
362.62	9.974
362.98	10.054
363.33	10.057
363.69	10.097
364.04	10.095
364.40	10.173
364.75	10.180
365.11	10.192
365.46	10.247
365.82	10.322
366.17	10.350
366.53	10.384
366.88	10.412
367.24	10.528
367.59	10.553
367.95	10.555
368.30	10.604
368.66	10.685
369.01	10.736
369.37	10.778
369.72	10.841
370.08	10.917
370.43	10.962
370.78	10.964
371.14	10.950
371.49	10.987
371.85	11.015
372.20	11.006
372.56	11.003
372.91	11.074
373.26	11.101
373.62	11.063
373.97	11.081
374.33	11.073
374.68	11.091
375.03	11.125
375.39	11.157
375.74	11.144
376.10	11.164
376.45	11.210
376.80	11.215
377.16	11.181
377.51	11.278
377.87	11.284
378.22	11.289
378.57	11.361
378.93	11.396
379.28	11.460
379.63	11.525
379.99	11.622
380.34	11.633
380.70	11.706
381.05	11.827
381.40	11.805
381.76	11.865
382.11	11.920
382.46	11.965
382.82	12.066
383.17	12.082
383.52	12.146
383.88	12.150
384.23	12.153
384.58	12.134
384.94	12.101
385.29	12.131
385.64	12.117
385.99	12.152
386.35	12.184
386.70	12.180
387.05	12.182
387.41	12.192
387.76	12.192
388.11	12.219
388.47	12.250
388.82	12.313
389.17	12.348
389.52	12.401
389.88	12.437
390.23	12.442
390.58	12.464
390.93	12.503
391.29	12.514
391.64	12.589
391.99	12.701
392.34	12.772
392.70	12.810
393.05	12.805
393.40	12.821
393.75	12.846
394.11	12.870
394.46	12.814
394.81	12.881
395.16	12.922
395.52	12.911
395.87	12.840
396.22	12.848
396.57	12.842
396.92	12.883
397.28	12.911
397.63	12.892
397.98	12.909
398.33	12.994
398.68	12.977
399.04	12.989
399.39	12.991
399.74	13.035
400.09	13.016
400.44	13.043
400.80	13.037
401.15	13.038
401.50	13.067
401.85	13.076
402.20	13.060
402.55	13.084
402.90	13.083
403.26	13.094
403.61	13.093
403.96	13.127
404.31	13.152
404.66	13.184
405.01	13.198
405.36	13.243
405.72	13.283
406.07	13.349
406.42	13.330
406.77	13.378
407.12	13.432
407.47	13.430
407.82	13.447
408.17	13.437
408.53	13.452
408.88	13.473
409.23	13.476
409.58	13.458
409.93	13.475
410.28	13.553
410.63	13.525
410.98	13.521
411.33	13.556
411.68	13.585
412.03	13.613
412.38	13.623
412.73	13.665
413.09	13.669
413.44	13.711
413.79	13.671
414.14	13.639
414.49	13.685
414.84	13.708
415.19	13.733
415.54	13.749
415.89	13.756
416.24	13.797
416.59	13.803
416.94	13.835
417.29	13.867
417.64	13.876
417.99	13.921
418.34	13.945
418.69	13.962
419.04	13.992
419.39	13.993
419.74	14.009
420.09	14.049
420.44	14.069
420.79	14.086
421.14	14.090
421.49	14.145
421.84	14.152
422.19	14.181
422.54	14.204
422.89	14.223
423.24	14.259
423.59	14.307
423.94	14.292
424.29	14.341
424.64	14.375
424.99	14.430
425.34	14.444
425.68	14.488
426.03	14.509
426.38	14.527
426.73	14.543
427.08	14.561
427.43	14.582
427.78	14.622
428.13	14.629
428.48	14.662
428.83	14.644
429.18	14.660
429.53	14.654
429.87	14.644
430.22	14.653
430.57	14.671
430.92	14.708
431.27	14.739
431.62	14.738
431.97	14.762
432.32	14.760
432.67	14.795
433.01	14.810
433.36	14.833
433.71	14.861
434.06	14.876
434.41	14.870
434.76	14.880
435.11	14.869
435.45	14.902
435.80	14.899
436.15	14.911
436.50	14.935
436.85	14.961
437.20	14.973
437.54	14.981
437.89	15.026
438.24	15.055
438.59	15.071
438.94	15.108
439.29	15.109
439.63	15.151
439.98	15.154
440.33	15.138
440.68	15.165
441.03	15.189
441.37	15.219
441.72	15.220
442.07	15.258
442.42	15.264
442.76	15.276
443.11	15.330
443.46	15.342
443.81	15.407
444.16	15.450
444.50	15.465
444.85	15.494
445.20	15.518
445.55	15.554
445.89	15.597
446.24	15.636
446.59	15.662
446.94	15.677
447.28	15.691
447.63	15.703
447.98	15.734
448.32	15.772
448.67	15.803
449.02	15.832
449.37	15.847
449.71	15.849
450.06	15.870
450.41	15.904
450.75	15.914
451.10	15.937
451.45	15.929
451.79	15.945
452.14	15.954
452.49	15.969
452.84	15.993
453.18	16.040
453.53	16.067
453.88	16.107
454.22	16.120
454.57	16.128
454.92	16.139
455.26	16.168
455.61	16.225
455.95	16.258
456.30	16.270
456.65	16.315
456.99	16.347
457.34	16.378
457.69	16.384
458.03	16.400
458.38	16.457
458.73	16.505
459.07	16.550
459.42	16.542
459.76	16.558
460.11	16.578
460.46	16.573
460.80	16.560
461.15	16.579
461.49	16.602
461.84	16.648
462.19	16.664
462.53	16.674
462.88	16.689
463.22	16.705
463.57	16.736
463.91	16.766
464.26	16.793
464.61	16.811
464.95	16.808
465.30	16.822
465.64	16.817
465.99	16.822
466.33	16.829
466.68	16.843
467.02	16.870
467.37	16.885
467.71	16.898
468.06	16.915
468.41	16.909
468.75	16.932
469.10	16.965
469.44	16.994
469.79	17.002
470.13	17.014
470.48	17.014
470.82	17.022
471.17	17.042
471.51	17.048
471.86	17.073
472.20	17.112
472.55	17.112
472.89	17.117
473.23	17.099
473.58	17.111
473.92	17.136
474.27	17.139
474.61	17.140
474.96	17.129
475.30	17.153
475.65	17.135
475.99	17.145
476.34	17.180
476.68	17.189
477.02	17.234
477.37	17.267
477.71	17.313
478.06	17.369
478.40	17.463
478.75	17.580
479.09	17.731
479.43	17.928
479.78	18.257
480.12	18.586
480.47	18.930
480.81	19.272
481.15	19.632
481.50	19.990
481.84	20.426
482.19	20.865
482.53	21.263
482.87	21.521
483.22	21.575
483.56	21.388
483.90	21.088
484.25	20.702
484.59	20.283
484.94	19.887
485.28	19.545
485.62	19.145
485.97	18.718
486.31	18.326
486.65	18.064
487.00	17.979
487.34	18.045
487.68	18.191
488.03	18.392
488.37	18.606
488.71	18.759
489.06	18.803
489.40	18.811
489.74	18.805
490.09	18.809
490.43	18.813
490.77	18.808
491.11	18.781
491.46	18.761
491.80	18.726
492.14	18.698
492.49	18.670
492.83	18.641
493.17	18.611
493.51	18.597
493.86	18.566
494.20	18.558
494.54	18.576
494.88	18.598
495.23	18.617
495.57	18.698
495.91	18.749
496.25	18.796
496.60	18.857
496.94	18.891
497.28	18.939
497.62	18.997
497.97	19.035
498.31	19.086
498.65	19.140
498.99	19.192
499.33	19.226
499.68	19.276
500.02	19.316
500.36	19.370
500.70	19.431
501.04	19.465
501.39	19.536
501.73	19.590
502.07	19.637
502.41	19.706
502.75	19.788
503.09	19.838
503.44	19.897
503.78	19.967
504.12	20.012
504.46	20.105
504.80	20.190
505.14	20.275
505.49	20.357
505.83	20.439
506.17	20.512
506.51	20.581
506.85	20.667
507.19	20.746
507.53	20.826
507.87	20.928
508.22	20.992
508.56	21.082
508.90	21.146
509.24	21.246
509.58	21.320
509.92	21.403
510.26	21.497
510.60	21.608
510.94	21.720
511.28	21.806
511.63	21.880
511.97	21.983
512.31	22.068
512.65	22.163
512.99	22.230
513.33	22.372
513.67	22.504
514.01	22.645
514.35	22.759
514.69	22.883
515.03	23.022
515.37	23.165
515.71	23.296
516.05	23.397
516.39	23.511
516.73	23.637
517.07	23.706
517.41	23.775
517.75	23.847
518.09	23.933
518.43	23.999
518.77	24.059
519.11	24.124
519.45	24.170
519.79	24.288
520.13	24.351
520.47	24.459
520.81	24.575
521.15	24.701
521.49	24.807
521.83	24.909
522.17	25.029
522.51	25.176
522.85	25.319
523.19	25.514
523.53	25.725
523.87	25.991
524.21	26.263
524.55	26.515
524.89	26.749
525.23	27.009
525.57	27.226
525.91	27.431
526.25	27.615
526.58	27.796
526.92	27.933
527.26	28.001
527.60	28.042
527.94	28.059
528.28	28.064
528.62	28.049
528.96	28.004
529.30	27.961
529.64	27.908
529.97	27.848
530.31	27.798
530.65	27.752
530.99	27.758
531.33	27.792
531.67	27.797
532.01	27.817
532.35	27.859
532.68	27.910
533.02	27.934
533.36	27.938
533.70	27.953
534.04	27.955
534.38	27.950
534.71	27.957
535.05	27.956
535.39	27.958
535.73	27.984
536.07	28.002
536.41	28.003
536.74	28.043
537.08	28.098
537.42	28.209
537.76	28.282
538.10	28.405
538.43	28.513
538.77	28.619
539.11	28.720
539.45	28.803
539.79	28.870
540.12	28.934
540.46	28.990
540.80	29.060
541.14	29.034
541.47	29.013
541.81	29.006
542.15	28.979
542.49	28.935
542.82	28.896
543.16	28.850
543.50	28.818
543.84	28.773
544.17	28.753
544.51	28.742
544.85	28.775
545.18	28.828
545.52	28.834
545.86	28.868
546.20	28.905
546.53	28.941
546.87	28.950
547.21	28.986
547.54	28.999
547.88	29.033
548.22	29.029
548.55	29.038
548.89	29.062
549.23	29.107
549.56	29.120
549.90	29.152
550.24	29.159
550.57	29.235
550.91	29.245
551.25	29.332
551.58	29.362
551.92	29.389
552.26	29.418
552.59	29.446
552.93	29.468
553.27	29.511
553.60	29.528
553.94	29.563
554.27	29.575
554.61	29.617
554.95	29.581
555.28	29.590
555.62	29.609
555.95	29.650
556.29	29.695
556.63	29.705
556.96	29.704
557.30	29.734
557.63	29.749
557.97	29.730
558.31	29.720
558.64	29.746
558.98	29.764
559.31	29.807
559.65	29.782
559.98	29.736
560.32	29.719
560.65	29.721
560.99	29.689
561.33	29.685
561.66	29.699
562.00	29.695
562.33	29.709
562.67	29.693
563.00	29.646
563.34	29.671
563.67	29.678
564.01	29.671
564.34	29.647
564.68	29.630
565.01	29.628
565.35	29.618
565.68	29.587
566.02	29.546
566.35	29.523
566.69	29.492
567.02	29.472
567.36	29.437
567.69	29.414
568.03	29.414
568.36	29.405
568.69	29.353
569.03	29.342
569.36	29.364
569.70	29.360
570.03	29.360
570.37	29.352
570.70	29.356
571.04	29.364
571.37	29.369
571.70	29.371
572.04	29.337
572.37	29.342
572.71	29.304
573.04	29.295
573.37	29.296
573.71	29.286
574.04	29.293
574.38	29.251
574.71	29.211
575.04	29.201
575.38	29.196
575.71	29.229
576.05	29.204
576.38	29.244
576.71	29.206
577.05	29.170
577.38	29.139
577.71	29.138
578.05	29.116
578.38	29.129
578.71	29.108
579.05	29.059
579.38	29.026
579.71	29.018
580.05	28.976
580.38	28.940
580.71	28.934
581.05	28.943
581.38	28.926
581.71	28.905
582.05	28.904
582.38	28.912
582.71	28.902
583.04	28.892
583.38	28.877
583.71	28.875
584.04	28.902
584.38	28.902
584.71	28.855
585.04	28.853
585.37	28.885
585.71	28.873
586.04	28.825
586.37	28.853
586.70	28.851
587.04	28.860
587.37	28.842
587.70	28.839
588.03	28.855
588.37	28.880
588.70	28.903
589.03	28.899
589.36	28.896
589.69	28.885
590.03	28.877
590.36	28.885
590.69	28.850
591.02	28.840
591.35	28.834
591.69	28.807
592.02	28.815
592.35	28.782
592.68	28.764
593.01	28.744
593.35	28.758
593.68	28.738
594.01	28.727
594.34	28.732
594.67	28.737
595.00	28.725
595.34	28.701
595.67	28.664
596.00	28.667
596.33	28.641
596.66	28.625
596.99	28.618
597.32	28.615
597.65	28.596
597.99	28.619
598.32	28.609
598.65	28.597
598.98	28.584
599.31	28.599
599.64	28.569
599.97	28.542
600.30	28.527
600.63	28.558
600.96	28.515
601.30	28.527
601.63	28.523
601.96	28.502
602.29	28.474
602.62	28.467
602.95	28.452
603.28	28.448
603.61	28.470
603.94	28.489
604.27	28.466
604.60	28.484
604.93	28.450
605.26	28.438
605.59	28.425
605.92	28.435
606.25	28.431
606.58	28.427
606.91	28.389
607.24	28.356
607.57	28.325
607.90	28.292
608.23	28.293
608.56	28.310
608.89	28.300
609.22	28.323
609.55	28.346
609.88	28.341
610.21	28.349
610.54	28.369
610.87	28.396
611.20	28.418
611.53	28.427
611.86	28.413
612.19	28.384
612.52	28.388
612.85	28.366
613.18	28.339
613.51	28.304
613.84	28.249
614.17	28.203
614.49	28.217
614.82	28.167
615.15	28.158
615.48	28.154
615.81	28.126
616.14	28.099
616.47	28.063
616.80	28.041
617.13	28.046
617.46	28.036
617.78	28.063
618.11	28.001
618.44	28.052
618.77	28.040
619.10	27.988
619.43	27.968
619.76	27.921
620.09	27.951
620.41	27.974
620.74	27.995
621.07	28.068
621.40	28.028
621.73	28.032
622.06	28.051
622.38	28.043
622.71	28.068
623.04	28.132
623.37	28.195
623.70	28.232
624.02	28.213
624.35	28.235
624.68	28.203
625.01	28.258
625.34	28.301
625.66	28.280
625.99	28.303
626.32	28.338
626.65	28.344
626.98	28.361
627.30	28.332
627.63	28.382
627.96	28.345
628.29	28.340
628.61	28.336
628.94	28.350
629.27	28.329
629.60	28.299
629.92	28.253
630.25	28.252
630.58	28.229
630.91	28.220
631.23	28.181
631.56	28.204
631.89	28.192
632.21	28.196
632.54	28.116
632.87	28.104
633.19	28.096
633.52	28.104
633.85	28.085
634.18	28.052
634.50	28.041
634.83	28.033
635.16	27.977
635.48	27.915
635.81	27.871
636.14	27.865
636.46	27.785
636.79	27.742
637.11	27.677
637.44	27.573
637.77	27.523
638.09	27.448
638.42	27.325
638.75	27.236
639.07	27.232
639.40	27.137
639.73	27.072
640.05	27.033
640.38	26.993
640.70	26.947
641.03	26.872
641.36	26.765
641.68	26.705
642.01	26.659
642.33	26.671
642.66	26.628
642.98	26.596
643.31	26.531
643.64	26.480
643.96	26.401
644.29	26.341
644.61	26.345
644.94	26.330
645.26	26.315
645.59	26.318
645.91	26.317
646.24	26.233
646.56	26.185
646.89	26.184
647.22	26.133
647.54	26.124
647.87	26.145
648.19	26.130
648.52	26.117
648.84	26.128
649.17	26.089
649.49	26.035
649.82	26.051
650.14	26.050
650.47	26.054
650.79	26.144
651.11	26.152
651.44	26.138
651.76	26.148
652.09	26.173
652.41	26.118
652.74	26.155
653.06	26.128
653.39	26.101
653.71	26.134
654.04	26.132
654.36	26.104
654.68	26.103
655.01	26.080
655.33	26.020
655.66	26.016
655.98	26.027
656.30	25.945
656.63	25.966
656.95	26.030
657.28	25.962
657.60	25.880
657.92	25.836
658.25	25.731
658.57	25.732
658.90	25.718
659.22	25.645
659.54	25.634
659.87	25.613
660.19	25.567
660.51	25.444
660.84	25.398
661.16	25.374
661.48	25.341
661.81	25.408
662.13	25.301
662.45	25.290
662.78	25.318
663.10	25.233
663.42	25.257
663.75	25.236
664.07	25.246
664.39	25.247
664.72	25.248
665.04	25.237
665.36	25.234
665.69	25.301
666.01	25.333
666.33	25.326
666.65	25.382
666.98	25.378
667.30	25.451
667.62	25.480
667.94	25.534
668.27	25.603
668.59	25.703
668.91	25.727
669.23	25.777
669.56	25.810
669.88	25.883
670.20	25.910
670.52	26.038
670.85	26.057
671.17	26.164
671.49	26.195
671.81	26.258
672.13	26.295
672.46	26.399
672.78	26.493
673.10	26.539
673.42	26.628
673.74	26.721
674.07	26.800
674.39	26.882
674.71	26.938
675.03	27.118
675.35	27.223
675.67	27.385
676.00	27.417
676.32	27.481
676.64	27.581
676.96	27.642
677.28	27.750
677.60	27.826
677.92	27.960
678.25	28.059
678.57	28.123
678.89	28.206
679.21	28.216
679.53	28.398
679.85	28.563
680.17	28.742
680.49	28.892
680.81	29.125
681.13	29.326
681.46	29.493
681.78	29.744
682.10	29.954
682.42	30.166
682.74	30.456
683.06	30.685
683.38	30.923
683.70	31.161
684.02	31.405
684.34	31.596
684.66	31.814
684.98	32.063
685.30	32.276
685.62	32.525
685.94	32.793
686.26	32.978
686.58	33.172
686.90	33.387
687.22	33.561
687.54	33.760
687.86	33.871
688.18	34.023
688.50	34.215
688.82	34.414
689.14	34.590
689.46	34.857
689.78	35.043
690.10	35.267
690.42	35.488
690.74	35.733
691.06	36.006
691.38	36.301
691.70	36.638
692.02	36.869
692.34	37.145
692.66	37.398
692.98	37.472
693.30	37.695
693.62	37.944
693.94	38.065
694.26	38.286
694.57	38.402
694.89	38.619
695.21	38.703
695.53	38.898
695.85	38.973
696.17	39.161
696.49	39.382
696.81	39.637
697.13	39.772
697.44	39.965
697.76	40.175
698.08	40.472
698.40	40.733
698.72	40.973
699.04	41.165
699.36	41.504
699.67	41.762
699.99	42.103
700.31	42.363
700.63	42.678
700.95	43.105
701.27	43.400
701.58	43.569
701.90	43.815
702.22	44.099
702.54	44.396
702.86	44.578
703.17	44.771
703.49	45.041
703.81	45.282
704.13	45.519
704.45	45.605
704.76	45.855
705.08	46.198
705.40	46.242
705.72	46.429
706.03	46.591
706.35	46.792
706.67	46.953
706.99	47.103
707.30	47.314
707.62	47.452
707.94	47.608
708.26	47.775
708.57	47.793
708.89	48.081
709.21	48.278
709.53	48.545
709.84	48.768
710.16	48.896
710.48	49.154
710.79	49.343
711.11	49.482
711.43	49.686
711.74	49.847
712.06	50.098
712.38	50.282
712.69	50.474
713.01	50.595
713.33	50.761
713.64	51.188
713.96	51.301
714.28	51.455
714.59	51.892
714.91	52.143
715.23	52.376
715.54	52.547
715.86	52.819
716.17	53.100
716.49	53.399
716.81	53.653
717.12	53.779
717.44	54.009
717.76	54.359
718.07	54.517
718.39	54.864
718.70	55.071
719.02	55.347
719.33	55.571
719.65	55.669
719.97	55.797
720.28	56.019
720.60	56.214
720.91	56.415
721.23	56.598
721.54	56.832
721.86	56.913
722.17	57.127
722.49	57.406
722.81	57.507
723.12	57.817
723.44	58.064
723.75	58.133
724.07	58.336
724.38	58.487
724.70	58.468
725.01	58.406
725.33	58.521
725.64	58.727
725.96	58.809
726.27	58.852
726.59	58.999
726.90	59.090
727.22	59.145
727.53	59.251
727.84	59.325
728.16	59.486
728.47	59.645
728.79	59.729
729.10	59.703
729.42	59.735
729.73	59.947
730.05	59.976
730.36	60.159
730.67	60.320
730.99	60.544
731.30	60.746
731.62	60.901
731.93	61.111
732.24	61.327
732.56	61.440
732.87	61.738
733.19	61.881
733.50	62.028
733.81	62.050
734.13	62.172
734.44	62.210
734.76	62.211
735.07	62.409
735.38	62.500
735.70	62.726
736.01	62.836
736.32	62.762
736.64	62.843
736.95	62.847
737.26	62.895
737.58	63.134
737.89	63.159
738.20	63.233
738.52	63.278
738.83	63.234
739.14	63.211
739.45	63.344
739.77	63.664
740.08	63.787
740.39	64.100
740.71	64.372
741.02	64.490
741.33	64.633
741.64	64.925
741.96	65.040
742.27	65.141
742.58	65.430
742.90	65.687
743.21	65.657
743.52	65.832
743.83	65.837
744.14	65.909
744.46	65.959
744.77	65.987
745.08	65.874
745.39	65.899
745.71	65.945
746.02	65.820
746.33	65.587
746.64	65.521
746.95	65.343
747.27	65.436
747.58	65.438
747.89	65.308
748.20	65.424
748.51	65.744
748.82	65.665
749.14	65.744
749.45	65.679
749.76	65.891
750.07	66.228
750.38	66.435
750.69	66.504
751.01	66.516
751.32	66.745
751.63	66.735
751.94	66.571
752.25	66.730
752.56	66.950
752.87	66.930
753.18	66.772
753.49	66.663
753.81	66.673
754.12	66.543
754.43	66.693
754.74	66.570
755.05	66.639
755.36	66.707
755.67	66.720
755.98	66.707
756.29	66.762
756.60	66.997
756.91	66.788
757.22	67.026
757.53	67.337
757.84	67.339
758.15	67.614
758.46	67.483
758.77	67.360
759.09	67.286
759.40	67.281
759.71	67.272
760.02	67.196
760.33	67.291
760.64	67.056
760.95	66.963
761.26	66.729
761.57	66.555
761.88	66.592
762.18	66.691
762.49	66.698
762.80	66.754
763.11	66.879
763.42	66.926
763.73	66.994
764.04	67.105
764.35	67.131
764.66	67.173
764.97	67.234
765.28	67.267
765.59	67.154
765.90	67.044
766.21	66.651
766.52	66.502
766.83	66.606
767.14	66.484
767.44	66.296
767.75	65.999
768.06	66.177
768.37	65.910
768.68	66.057
768.99	66.031
769.30	66.147
769.61	66.342
769.91	66.194
770.22	65.681
770.53	65.688
770.84	65.773
771.15	65.733
771.46	65.671
771.77	65.838
772.07	65.768
772.38	65.756
772.69	65.807
773.00	65.905
773.31	66.285
773.61	66.485
773.92	66.343
774.23	66.269
774.54	66.196
774.85	66.014
775.15	65.909
775.46	65.482
775.77	65.619
776.08	65.889
776.39	65.819
776.69	65.678
777.00	65.873
777.31	66.090
777.62	66.133
777.92	66.140
778.23	66.285
778.54	66.208
778.85	66.441
779.15	66.352
779.46	66.041
779.77	66.292
780.07	66.347
780.38	66.294
780.69	66.281
781.00	66.370
781.30	66.448
781.61	66.149
781.92	66.704
782.22	66.943
782.53	66.919
782.84	66.942
783.14	67.019
783.45	66.980
783.76	67.358
784.06	67.307
784.37	67.040
784.68	67.147
784.98	67.643
785.29	67.305
785.60	67.447
785.90	67.559
786.21	67.750
786.51	67.772
786.82	67.929
787.13	67.554
787.43	67.775
787.74	68.075
788.04	68.150
788.35	68.097
788.66	68.397
788.96	68.068
789.27	68.039
789.57	67.791
789.88	67.920
790.19	67.749
790.49	67.510
790.80	67.259
791.10	67.339
791.41	67.358
791.71	67.494
792.02	67.105
792.32	67.226
792.63	67.244
792.93	67.475
793.24	67.324
793.54	67.425
793.85	67.773
794.15	67.910
794.46	67.800
794.76	68.135
795.07	67.667
795.37	68.168
795.68	68.261
795.98	68.493
796.29	68.732
796.59	68.696
796.90	68.400
797.20	68.709
797.51	68.498
797.81	68.499
798.12	68.166
798.42	68.690
798.72	68.471
799.03	68.794
799.33	69.025
799.64	69.082
799.94	69.208
800.25	69.231
800.55	68.910
800.85	69.500
801.16	69.677
801.46	69.468
801.77	69.160
802.07	69.526
802.37	69.330
802.68	69.108
802.98	68.833
803.28	68.988
803.59	69.653
803.89	69.941
804.20	69.605
804.50	69.550
804.80	70.077
805.11	70.664
805.41	70.509
805.71	70.915
806.02	70.812
806.32	71.094
806.62	70.883
806.93	70.985
807.23	71.284
807.53	71.790
807.83	71.945
808.14	71.842
808.44	71.826
808.74	71.604
809.05	71.010
809.35	71.523
809.65	71.805
809.95	72.161
810.26	71.818
810.56	71.815
810.86	71.789
811.16	72.350
811.47	72.821
811.77	73.280
812.07	73.352
812.37	73.981
812.68	73.599
812.98	73.582
813.28	73.552
813.58	73.888
813.88	73.474
814.19	74.129
814.49	73.615
814.79	73.342
815.09	72.991
815.39	73.222
815.70	73.077
816.00	73.099
816.30	72.482
816.60	72.320
816.90	71.803
817.20	71.725
817.50	71.030
817.81	70.589
818.11	70.416
818.41	70.366
818.71	70.380
819.01	70.660
819.31	70.994
819.61	71.515
819.92	71.700
820.22	72.148
820.52	72.447
820.82	72.775
821.12	73.215
821.42	73.684
821.72	74.029
822.02	74.510
822.32	74.931
822.62	75.366
822.92	75.679
823.22	76.193
823.52	76.455
823.83	76.656
824.13	76.856
824.43	76.957
824.73	77.091
825.03	77.150
825.33	77.186
825.63	76.916
825.93	76.626
826.23	76.314
826.53	75.838
826.83	75.751
827.13	75.962
827.43	76.115
827.73	76.611
828.03	76.694
828.33	77.017
828.63	76.919
828.93	77.217
829.23	77.356
829.53	77.308
829.83	77.352
830.13	76.745
830.42	76.338
830.72	75.855
831.02	74.945
831.32	74.713
831.62	74.651
831.92	74.835
832.22	74.806
832.52	74.582
832.82	74.754
833.12	74.813
833.42	75.377
833.72	75.471
834.01	75.992
834.31	76.372
834.61	76.688
834.91	77.114
835.21	77.084
835.51	77.184
835.81	77.373
836.11	77.597
836.40	78.280
836.70	78.168
837.00	78.758
837.30	77.772
837.60	77.993
837.90	77.476
838.19	76.960
838.49	76.331
838.79	76.604
839.09	76.696
839.39	77.489
839.68	77.341
839.98	77.143
840.28	76.117
840.58	77.071
840.88	77.787
841.17	78.163
841.47	78.050
841.77	79.688
842.07	79.951
842.36	80.689
842.66	79.364
842.96	79.339
843.26	78.534
843.55	80.367
843.85	80.006
844.15	79.026
844.45	78.694
844.74	79.155
845.04	78.899
845.34	78.405
845.63	77.615
845.93	78.105
846.23	78.549
846.53	79.812
846.82	78.274
847.12	78.567
847.42	76.883
847.71	76.521
848.01	74.603
848.31	73.312
848.60	73.747
848.90	73.903
849.19	74.366
849.49	74.158
849.79	75.166
850.08	75.510
850.38	73.639
850.68	74.771
850.97	77.967
851.27	80.332
851.56	80.620
851.86	81.450
852.16	83.281
852.45	82.290
852.75	82.391
853.04	83.762
853.34	83.754
853.64	86.723
853.93	86.383
854.23	83.587
854.52	82.915
854.82	83.852
855.11	81.099
855.41	81.102
855.70	81.166
856.00	80.462
856.30	80.218
856.59	81.875
856.89	81.948
857.18	82.874
857.48	82.905
857.77	82.331
858.07	80.794
858.36	81.860
858.66	79.583
858.95	80.281
859.25	80.470
859.54	79.324
859.84	78.982
860.13	77.616
860.42	76.805
860.72	77.060
861.01	78.650
861.31	80.770
861.60	81.878
861.90	83.869
862.19	84.938
862.49	85.658
862.78	85.073
863.07	83.367
863.37	83.646
863.66	83.107
863.96	84.084
864.25	85.225
864.54	84.136
864.84	82.129
865.13	81.439
865.43	82.295
865.72	103.430
866.01	82.342
866.31	68.659
866.60	74.409
866.89	98.988
