180.30	0.000
180.67	0.000
181.03	68.720
181.40	626.500
181.77	-10142.125
182.14	67.752
182.51	-888.209
182.88	127.548
183.25	63.654
183.62	18.806
183.99	247.358
184.36	-41.952
184.73	-73.814
185.10	148.438
185.46	-519.849
185.83	445.690
186.20	-541.949
186.57	133.753
186.94	124.966
187.31	81.308
187.68	233.150
188.05	56.699
188.42	75.737
188.78	143.582
189.15	808.779
189.52	-163.393
189.89	-27.423
190.26	-15.878
190.63	-4.723
191.00	-11.670
191.37	-7.268
191.73	-1.012
192.10	-8.423
192.47	1.080
192.84	5.647
193.21	18.289
193.58	17.882
193.94	15.876
194.31	10.900
194.68	8.825
195.05	17.713
195.42	21.529
195.79	26.009
196.15	43.158
196.52	23.163
196.89	2.794
197.26	-9.659
197.63	-5.397
198.00	1.795
198.36	-2.132
198.73	-15.542
199.10	-19.968
199.47	-15.659
199.84	-9.813
200.20	-20.932
200.57	-17.666
200.94	-9.777
201.31	-4.381
201.68	-13.970
202.04	-3.832
202.41	3.649
202.78	11.444
203.15	18.045
203.51	33.250
203.88	25.691
204.25	32.934
204.62	52.433
204.98	40.314
205.35	26.762
205.72	44.021
206.09	34.834
206.46	10.089
206.82	-26.695
207.19	-37.130
207.56	-92.946
207.92	-99.090
208.29	-113.476
208.66	-89.421
209.03	-89.305
209.39	-52.309
209.76	-55.801
210.13	-114.406
210.50	-61.769
210.86	-37.045
211.23	-35.641
211.60	-9.672
211.96	-11.020
212.33	0.088
212.70	-9.372
213.07	-10.560
213.43	-56.116
213.80	-59.521
214.17	-16.918
214.53	-15.215
214.90	-21.791
215.27	-17.348
215.63	-18.485
216.00	-8.897
216.37	-6.516
216.74	-14.087
217.10	-7.095
217.47	-2.366
217.84	7.752
218.20	2.651
218.57	8.130
218.94	13.957
219.30	11.160
219.67	-2.066
220.04	-6.260
220.40	-11.917
220.77	-9.420
221.13	-6.904
221.50	-8.738
221.87	-15.091
222.23	-16.262
222.60	-25.757
222.97	-29.248
223.33	-23.329
223.70	-15.239
224.07	-11.834
224.43	-9.434
224.80	-5.112
225.16	-6.968
225.53	-4.959
225.90	-6.958
226.26	-3.893
226.63	-0.956
226.99	1.444
227.36	1.750
227.73	3.609
228.09	3.683
228.46	4.875
228.82	5.161
229.19	6.418
229.56	7.337
229.92	10.776
230.29	10.066
230.65	9.177
231.02	7.093
231.38	4.016
231.75	3.021
232.12	1.631
232.48	-1.172
232.85	-1.740
233.21	-3.806
233.58	-6.631
233.94	-8.964
234.31	-7.608
234.68	-7.354
235.04	-6.236
235.41	-3.364
235.77	-2.472
236.14	-2.125
236.50	0.083
236.87	-0.231
237.23	1.223
237.60	2.058
237.96	2.503
238.33	2.001
238.69	2.097
239.06	2.132
239.42	2.084
239.79	1.656
240.15	2.162
240.52	2.420
240.88	2.965
241.25	2.767
241.61	3.449
241.98	3.424
242.34	3.456
242.71	3.647
243.07	3.900
243.44	3.857
243.80	3.870
244.17	3.883
244.53	3.471
244.90	3.346
245.26	3.301
245.63	3.069
245.99	3.058
246.36	2.798
246.72	2.699
247.09	2.501
247.45	2.627
247.81	2.935
248.18	2.770
248.54	2.962
248.91	2.426
249.27	2.537
249.64	2.596
250.00	2.786
250.36	2.715
250.73	2.654
251.09	2.592
251.46	2.076
251.82	1.444
252.19	1.212
252.55	1.022
252.91	1.417
253.28	1.157
253.64	0.728
254.01	0.415
254.37	0.924
254.73	1.381
255.10	1.888
255.46	2.666
255.83	3.024
256.19	3.213
256.55	3.079
256.92	3.246
257.28	3.401
257.65	3.614
258.01	3.655
258.37	3.551
258.74	3.180
259.10	2.981
259.46	2.651
259.83	2.465
260.19	2.459
260.55	2.593
260.92	2.441
261.28	2.407
261.64	2.405
262.01	2.540
262.37	2.624
262.73	3.053
263.10	3.139
263.46	3.300
263.82	3.500
264.19	3.520
264.55	3.152
264.91	3.142
265.28	2.933
265.64	2.737
266.00	2.593
266.37	2.533
266.73	2.294
267.09	2.098
267.46	1.923
267.82	1.625
268.18	1.522
268.54	1.887
268.91	1.771
269.27	1.840
269.63	2.011
270.00	2.195
270.36	2.148
270.72	2.350
271.08	2.263
271.45	2.345
271.81	2.422
272.17	2.458
272.53	2.091
272.90	2.173
273.26	2.292
273.62	2.187
273.98	1.806
274.35	1.691
274.71	1.625
275.07	1.966
275.43	2.088
275.80	2.123
276.16	2.049
276.52	2.593
276.88	2.579
277.25	2.327
277.61	2.094
277.97	2.064
278.33	2.272
278.69	1.903
279.06	1.770
279.42	1.766
279.78	1.735
280.14	1.727
280.50	1.526
280.87	1.640
281.23	1.606
281.59	1.807
281.95	1.951
282.31	1.912
282.68	2.120
283.04	2.005
283.40	2.110
283.76	2.275
284.12	2.515
284.48	2.475
284.85	2.536
285.21	2.783
285.57	2.618
285.93	2.635
286.29	2.390
286.65	2.403
287.02	2.863
287.38	2.778
287.74	2.701
288.10	2.707
288.46	2.796
288.82	2.699
289.18	2.618
289.54	2.787
289.91	2.817
290.27	3.119
290.63	3.345
290.99	3.087
291.35	3.108
291.71	3.047
292.07	2.779
292.43	2.640
292.79	2.677
293.16	2.684
293.52	2.817
293.88	2.910
294.24	2.914
294.60	2.799
294.96	2.696
295.32	2.519
295.68	2.526
296.04	2.591
296.40	2.565
296.76	2.687
297.12	2.663
297.49	2.454
297.85	2.251
298.21	2.194
298.57	2.123
298.93	2.263
299.29	2.218
299.65	2.383
300.01	2.368
300.37	2.502
300.73	2.496
301.09	2.539
301.45	2.785
301.81	2.926
302.17	3.011
302.53	2.986
302.89	2.927
303.25	3.135
303.61	2.968
303.97	2.906
304.33	2.982
304.69	2.840
305.05	2.761
305.41	2.522
305.77	2.494
306.13	2.481
306.49	2.509
306.85	2.603
307.21	2.554
307.57	2.622
307.93	2.680
308.29	2.730
308.65	2.817
309.01	2.791
309.37	2.807
309.73	2.828
310.09	2.911
310.45	3.027
310.81	2.995
311.17	3.012
311.53	2.976
311.89	3.050
312.25	2.940
312.61	2.903
312.96	3.030
313.32	3.227
313.68	3.125
314.04	2.977
314.40	2.900
314.76	2.844
315.12	2.829
315.48	2.932
315.84	2.894
316.20	2.851
316.56	2.753
316.92	2.624
317.27	2.428
317.63	2.442
317.99	2.365
318.35	2.303
318.71	2.302
319.07	2.372
319.43	2.293
319.79	2.395
320.15	2.440
320.50	2.575
320.86	2.683
321.22	2.744
321.58	2.770
321.94	2.798
322.30	2.904
322.66	2.905
323.01	2.770
323.37	2.721
323.73	2.651
324.09	2.587
324.45	2.577
324.81	2.449
325.17	2.562
325.52	2.543
325.88	2.510
326.24	2.487
326.60	2.477
326.96	2.611
327.31	2.609
327.67	2.534
328.03	2.495
328.39	2.415
328.75	2.548
329.11	2.491
329.46	2.571
329.82	2.687
330.18	2.614
330.54	2.551
330.90	2.476
331.25	2.454
331.61	2.526
331.97	2.643
332.33	2.671
332.68	2.623
333.04	2.607
333.40	2.546
333.76	2.499
334.11	2.493
334.47	2.556
334.83	2.529
335.19	2.515
335.54	2.480
335.90	2.454
336.26	2.498
336.62	2.415
336.97	2.253
337.33	2.170
337.69	2.133
338.05	2.136
338.40	2.097
338.76	2.099
339.12	2.242
339.48	2.218
339.83	2.190
340.19	2.170
340.55	2.310
340.90	2.427
341.26	2.523
341.62	2.514
341.97	2.582
342.33	2.638
342.69	2.680
343.04	2.599
343.40	2.612
343.76	2.559
344.12	2.562
344.47	2.461
344.83	2.478
345.19	2.502
345.54	2.578
345.90	2.491
346.26	2.470
346.61	2.493
346.97	2.533
347.32	2.556
347.68	2.547
348.04	2.519
348.39	2.496
348.75	2.503
349.11	2.552
349.46	2.586
349.82	2.583
350.18	2.572
350.53	2.612
350.89	2.541
351.24	2.446
351.60	2.492
351.96	2.479
352.31	2.530
352.67	2.528
353.02	2.417
353.38	2.340
353.74	2.392
354.09	2.376
354.45	2.314
354.80	2.370
355.16	2.461
355.52	2.496
355.87	2.422
356.23	2.467
356.58	2.457
356.94	2.520
357.29	2.552
357.65	2.532
358.00	2.567
358.36	2.516
358.72	2.467
359.07	2.453
359.43	2.461
359.78	2.527
360.14	2.493
360.49	2.464
360.85	2.458
361.20	2.437
361.56	2.412
361.91	2.385
362.27	2.459
362.62	2.489
362.98	2.497
363.33	2.466
363.69	2.509
364.04	2.509
364.40	2.540
364.75	2.512
365.11	2.528
365.46	2.517
365.82	2.525
366.17	2.474
366.53	2.464
366.88	2.440
367.24	2.443
367.59	2.376
367.95	2.387
368.30	2.398
368.66	2.381
369.01	2.363
369.37	2.452
369.72	2.514
370.08	2.565
370.43	2.588
370.78	2.588
371.14	2.544
371.49	2.582
371.85	2.561
372.20	2.568
372.56	2.616
372.91	2.639
373.26	2.601
373.62	2.462
373.97	2.480
374.33	2.440
374.68	2.451
375.03	2.517
375.39	2.494
375.74	2.467
376.10	2.461
376.45	2.477
376.80	2.488
377.16	2.480
377.51	2.590
377.87	2.585
378.22	2.563
378.57	2.561
378.93	2.603
379.28	2.630
379.63	2.647
379.99	2.670
380.34	2.660
380.70	2.667
381.05	2.707
381.40	2.681
381.76	2.670
382.11	2.720
382.46	2.772
382.82	2.753
383.17	2.759
383.52	2.804
383.88	2.770
384.23	2.748
384.58	2.735
384.94	2.693
385.29	2.712
385.64	2.733
385.99	2.759
386.35	2.746
386.70	2.746
387.05	2.718
387.41	2.701
387.76	2.720
388.11	2.737
388.47	2.738
388.82	2.765
389.17	2.752
389.52	2.735
389.88	2.750
390.23	2.738
390.58	2.752
390.93	2.794
391.29	2.814
391.64	2.827
391.99	2.870
392.34	2.885
392.70	2.866
393.05	2.878
393.40	2.881
393.75	2.842
394.11	2.844
394.46	2.815
394.81	2.819
395.16	2.770
395.52	2.742
395.87	2.733
396.22	2.730
396.57	2.736
396.92	2.709
397.28	2.670
397.63	2.648
397.98	2.632
398.33	2.636
398.68	2.630
399.04	2.669
399.39	2.654
399.74	2.625
400.09	2.589
400.44	2.581
400.80	2.605
401.15	2.610
401.50	2.623
401.85	2.641
402.20	2.639
402.55	2.646
402.90	2.610
403.26	2.643
403.61	2.629
403.96	2.643
404.31	2.641
404.66	2.644
405.01	2.645
405.36	2.652
405.72	2.644
406.07	2.632
406.42	2.579
406.77	2.597
407.12	2.575
407.47	2.603
407.82	2.631
408.17	2.625
408.53	2.610
408.88	2.616
409.23	2.623
409.58	2.580
409.93	2.612
410.28	2.632
410.63	2.622
410.98	2.618
411.33	2.605
411.68	2.578
412.03	2.623
412.38	2.614
412.73	2.645
413.09	2.658
413.44	2.701
413.79	2.703
414.14	2.740
414.49	2.803
414.84	2.842
415.19	2.840
415.54	2.879
415.89	2.869
416.24	2.913
416.59	2.934
416.94	2.954
417.29	2.980
417.64	2.985
417.99	2.992
418.34	2.996
418.69	3.012
419.04	3.031
419.39	3.035
419.74	3.048
420.09	3.067
420.44	3.070
420.79	3.083
421.14	3.090
421.49	3.110
421.84	3.114
422.19	3.114
422.54	3.107
422.89	3.128
423.24	3.132
423.59	3.142
423.94	3.129
424.29	3.139
424.64	3.131
424.99	3.123
425.34	3.092
425.68	3.094
426.03	3.082
426.38	3.093
426.73	3.057
427.08	3.052
427.43	3.072
427.78	3.086
428.13	3.068
428.48	3.064
428.83	3.077
429.18	3.090
429.53	3.080
429.87	3.069
430.22	3.068
430.57	3.116
430.92	3.116
431.27	3.103
431.62	3.087
431.97	3.099
432.32	3.108
432.67	3.108
433.01	3.102
433.36	3.109
433.71	3.120
434.06	3.098
434.41	3.072
434.76	3.083
435.11	3.078
435.45	3.075
435.80	3.072
436.15	3.080
436.50	3.099
436.85	3.120
437.20	3.124
437.54	3.142
437.89	3.163
438.24	3.172
438.59	3.164
438.94	3.162
439.29	3.167
439.63	3.178
439.98	3.182
440.33	3.156
440.68	3.172
441.03	3.186
441.37	3.210
441.72	3.228
442.07	3.233
442.42	3.259
442.76	3.294
443.11	3.311
443.46	3.336
443.81	3.354
444.16	3.381
444.50	3.381
444.85	3.388
445.20	3.379
445.55	3.377
445.89	3.380
446.24	3.368
446.59	3.338
446.94	3.333
447.28	3.300
447.63	3.285
447.98	3.261
448.32	3.258
448.67	3.254
449.02	3.228
449.37	3.206
449.71	3.223
450.06	3.215
450.41	3.237
450.75	3.239
451.10	3.258
451.45	3.230
451.79	3.230
452.14	3.219
452.49	3.230
452.84	3.238
453.18	3.233
453.53	3.210
453.88	3.223
454.22	3.227
454.57	3.244
454.92	3.262
455.26	3.312
455.61	3.347
455.95	3.382
456.30	3.390
456.65	3.425
456.99	3.473
457.34	3.501
457.69	3.520
458.03	3.526
458.38	3.539
458.73	3.539
459.07	3.525
459.42	3.513
459.76	3.485
460.11	3.463
460.46	3.430
460.80	3.391
461.15	3.353
461.49	3.321
461.84	3.326
462.19	3.301
462.53	3.285
462.88	3.307
463.22	3.318
463.57	3.323
463.91	3.349
464.26	3.379
464.61	3.387
464.95	3.412
465.30	3.433
465.64	3.428
465.99	3.439
466.33	3.466
466.68	3.457
467.02	3.438
467.37	3.444
467.71	3.425
468.06	3.419
468.41	3.421
468.75	3.419
469.10	3.411
469.44	3.397
469.79	3.375
470.13	3.335
470.48	3.333
470.82	3.338
471.17	3.354
471.51	3.354
471.86	3.346
472.20	3.361
472.55	3.362
472.89	3.360
473.23	3.365
473.58	3.369
473.92	3.389
474.27	3.370
474.61	3.374
474.96	3.368
475.30	3.381
475.65	3.377
475.99	3.362
476.34	3.366
476.68	3.370
477.02	3.372
477.37	3.385
477.71	3.409
478.06	3.463
478.40	3.526
478.75	3.616
479.09	3.726
479.43	3.845
479.78	3.964
480.12	4.076
480.47	4.205
480.81	4.325
481.15	4.436
481.50	4.549
481.84	4.672
482.19	4.785
482.53	4.881
482.87	4.939
483.22	4.946
483.56	4.904
483.90	4.830
484.25	4.731
484.59	4.630
484.94	4.534
485.28	4.441
485.62	4.332
485.97	4.226
486.31	4.134
486.65	4.061
487.00	4.027
487.34	4.036
487.68	4.055
488.03	4.092
488.37	4.129
488.71	4.150
489.06	4.149
489.40	4.150
489.74	4.134
490.09	4.120
490.43	4.100
490.77	4.078
491.11	4.045
491.46	4.033
491.80	4.004
492.14	3.970
492.49	3.948
492.83	3.916
493.17	3.876
493.51	3.850
493.86	3.814
494.20	3.799
494.54	3.794
494.88	3.804
495.23	3.809
495.57	3.816
495.91	3.837
496.25	3.848
496.60	3.869
496.94	3.870
497.28	3.887
497.62	3.897
497.97	3.896
498.31	3.901
498.65	3.896
498.99	3.899
499.33	3.907
499.68	3.899
500.02	3.916
500.36	3.912
500.70	3.927
501.04	3.918
501.39	3.922
501.73	3.939
502.07	3.970
502.41	3.992
502.75	4.021
503.09	4.035
503.44	4.071
503.78	4.074
504.12	4.100
504.46	4.140
504.80	4.171
505.14	4.213
505.49	4.244
505.83	4.271
506.17	4.310
506.51	4.334
506.85	4.370
507.19	4.394
507.53	4.416
507.87	4.447
508.22	4.443
508.56	4.464
508.90	4.465
509.24	4.479
509.58	4.470
509.92	4.471
510.26	4.481
510.60	4.486
510.94	4.489
511.28	4.499
511.63	4.506
511.97	4.542
512.31	4.566
512.65	4.586
512.99	4.603
513.33	4.654
513.67	4.687
514.01	4.725
514.35	4.767
514.69	4.824
515.03	4.882
515.37	4.924
515.71	4.956
516.05	4.987
516.39	5.037
516.73	5.075
517.07	5.093
517.41	5.104
517.75	5.109
518.09	5.123
518.43	5.121
518.77	5.096
519.11	5.090
519.45	5.079
519.79	5.078
520.13	5.057
520.47	5.057
520.81	5.056
521.15	5.102
521.49	5.127
521.83	5.144
522.17	5.160
522.51	5.222
522.85	5.285
523.19	5.373
523.53	5.468
523.87	5.589
524.21	5.683
524.55	5.793
524.89	5.871
525.23	5.954
525.57	6.020
525.91	6.095
526.25	6.153
526.58	6.212
526.92	6.249
527.26	6.276
527.60	6.274
527.94	6.280
528.28	6.261
528.62	6.241
528.96	6.218
529.30	6.205
529.64	6.182
529.97	6.151
530.31	6.113
530.65	6.083
530.99	6.055
531.33	6.045
531.67	6.028
532.01	6.028
532.35	6.025
532.68	6.031
533.02	6.019
533.36	6.002
533.70	5.990
534.04	5.975
534.38	5.953
534.71	5.939
535.05	5.927
535.39	5.926
535.73	5.917
536.07	5.921
536.41	5.922
536.74	5.939
537.08	5.976
537.42	6.034
537.76	6.080
538.10	6.143
538.43	6.194
538.77	6.239
539.11	6.280
539.45	6.320
539.79	6.367
540.12	6.402
540.46	6.422
540.80	6.422
541.14	6.404
541.47	6.390
541.81	6.378
542.15	6.356
542.49	6.327
542.82	6.296
543.16	6.265
543.50	6.210
543.84	6.176
544.17	6.151
544.51	6.137
544.85	6.131
545.18	6.134
545.52	6.107
545.86	6.082
546.20	6.076
546.53	6.058
546.87	6.040
547.21	6.034
547.54	6.004
547.88	5.996
548.22	5.972
548.55	5.967
548.89	5.955
549.23	5.951
549.56	5.970
549.90	5.988
550.24	6.012
550.57	6.032
550.91	6.039
551.25	6.064
551.58	6.069
551.92	6.084
552.26	6.088
552.59	6.090
552.93	6.090
553.27	6.082
553.60	6.063
553.94	6.047
554.27	6.045
554.61	6.057
554.95	6.055
555.28	6.059
555.62	6.062
555.95	6.072
556.29	6.080
556.63	6.097
556.96	6.108
557.30	6.115
557.63	6.117
557.97	6.099
558.31	6.075
558.64	6.069
558.98	6.085
559.31	6.106
559.65	6.116
559.98	6.132
560.32	6.136
560.65	6.145
560.99	6.173
561.33	6.205
561.66	6.248
562.00	6.306
562.33	6.335
562.67	6.342
563.00	6.357
563.34	6.378
563.67	6.392
564.01	6.415
564.34	6.433
564.68	6.457
565.01	6.466
565.35	6.469
565.68	6.473
566.02	6.487
566.35	6.515
566.69	6.525
567.02	6.541
567.36	6.561
567.69	6.586
568.03	6.621
568.36	6.631
568.69	6.641
569.03	6.659
569.36	6.666
569.70	6.668
570.03	6.694
570.37	6.698
570.70	6.712
571.04	6.713
571.37	6.702
571.70	6.693
572.04	6.697
572.37	6.704
572.71	6.700
573.04	6.714
573.37	6.747
573.71	6.739
574.04	6.747
574.38	6.711
574.71	6.713
575.04	6.715
575.38	6.705
575.71	6.678
576.05	6.680
576.38	6.686
576.71	6.680
577.05	6.657
577.38	6.638
577.71	6.623
578.05	6.635
578.38	6.630
578.71	6.631
579.05	6.635
579.38	6.625
579.71	6.615
580.05	6.601
580.38	6.576
580.71	6.562
581.05	6.564
581.38	6.546
581.71	6.558
582.05	6.537
582.38	6.544
582.71	6.537
583.04	6.559
583.38	6.562
583.71	6.570
584.04	6.589
584.38	6.602
584.71	6.612
585.04	6.673
585.37	6.688
585.71	6.733
586.04	6.753
586.37	6.801
586.70	6.842
587.04	6.862
587.37	6.903
587.70	6.911
588.03	6.921
588.37	6.948
588.70	6.951
589.03	6.961
589.36	6.978
589.69	6.964
590.03	6.962
590.36	6.934
590.69	6.916
591.02	6.887
591.35	6.899
591.69	6.918
592.02	6.915
592.35	6.905
592.68	6.936
593.01	6.922
593.35	6.950
593.68	6.957
594.01	6.985
594.34	7.016
594.67	7.040
595.00	7.022
595.34	6.985
595.67	6.959
596.00	6.967
596.33	6.913
596.66	6.900
596.99	6.858
597.32	6.824
597.65	6.796
597.99	6.757
598.32	6.738
598.65	6.723
598.98	6.720
599.31	6.739
599.64	6.757
599.97	6.775
600.30	6.801
600.63	6.835
600.96	6.858
601.30	6.864
601.63	6.900
601.96	6.902
602.29	6.921
602.62	6.925
602.95	6.934
603.28	6.909
603.61	6.897
603.94	6.874
604.27	6.882
604.60	6.860
604.93	6.893
605.26	6.879
605.59	6.872
605.92	6.878
606.25	6.887
606.58	6.891
606.91	6.880
607.24	6.903
607.57	6.899
607.90	6.874
608.23	6.867
608.56	6.794
608.89	6.748
609.22	6.731
609.55	6.674
609.88	6.648
610.21	6.597
610.54	6.565
610.87	6.502
611.20	6.473
611.53	6.442
611.86	6.437
612.19	6.429
612.52	6.433
612.85	6.437
613.18	6.447
613.51	6.438
613.84	6.428
614.17	6.438
614.49	6.480
614.82	6.465
615.15	6.470
615.48	6.473
615.81	6.469
616.14	6.476
616.47	6.432
616.80	6.415
617.13	6.399
617.46	6.379
617.78	6.351
618.11	6.327
618.44	6.345
618.77	6.304
619.10	6.290
619.43	6.281
619.76	6.263
620.09	6.282
620.41	6.320
620.74	6.344
621.07	6.403
621.40	6.424
621.73	6.414
622.06	6.415
622.38	6.480
622.71	6.489
623.04	6.544
623.37	6.590
623.70	6.630
624.02	6.667
624.35	6.730
624.68	6.739
625.01	6.778
625.34	6.860
625.66	6.892
625.99	6.894
626.32	6.915
626.65	6.921
626.98	6.917
627.30	6.920
627.63	6.912
627.96	6.845
628.29	6.807
628.61	6.821
628.94	6.770
629.27	6.754
629.60	6.740
629.92	6.753
630.25	6.748
630.58	6.757
630.91	6.735
631.23	6.715
631.56	6.746
631.89	6.740
632.21	6.746
632.54	6.749
632.87	6.735
633.19	6.708
633.52	6.683
633.85	6.674
634.18	6.630
634.50	6.602
634.83	6.576
635.16	6.534
635.48	6.529
635.81	6.458
636.14	6.423
636.46	6.395
636.79	6.405
637.11	6.370
637.44	6.294
637.77	6.283
638.09	6.271
638.42	6.228
638.75	6.251
639.07	6.219
639.40	6.206
639.73	6.165
640.05	6.108
640.38	6.089
640.70	6.073
641.03	6.092
641.36	6.077
641.68	6.113
642.01	6.139
642.33	6.124
642.66	6.148
642.98	6.154
643.31	6.192
643.64	6.231
643.96	6.224
644.29	6.277
644.61	6.311
644.94	6.346
645.26	6.320
645.59	6.335
645.91	6.328
646.24	6.347
646.56	6.342
646.89	6.342
647.22	6.377
647.54	6.427
647.87	6.420
648.19	6.407
648.52	6.390
648.84	6.410
649.17	6.380
649.49	6.388
649.82	6.395
650.14	6.423
650.47	6.423
650.79	6.435
651.11	6.415
651.44	6.418
651.76	6.419
652.09	6.433
652.41	6.469
652.74	6.521
653.06	6.547
653.39	6.581
653.71	6.616
654.04	6.647
654.36	6.659
654.68	6.731
655.01	6.766
655.33	6.809
655.66	6.831
655.98	6.848
656.30	6.847
656.63	6.860
656.95	6.855
657.28	6.861
657.60	6.820
657.92	6.815
658.25	6.762
658.57	6.721
658.90	6.691
659.22	6.664
659.54	6.613
659.87	6.596
660.19	6.569
660.51	6.533
660.84	6.478
661.16	6.477
661.48	6.439
661.81	6.389
662.13	6.348
662.45	6.348
662.78	6.343
663.10	6.379
663.42	6.383
663.75	6.392
664.07	6.404
664.39	6.395
664.72	6.370
665.04	6.397
665.36	6.476
665.69	6.528
666.01	6.532
666.33	6.577
666.65	6.527
666.98	6.554
667.30	6.593
667.62	6.589
667.94	6.620
668.27	6.680
668.59	6.726
668.91	6.718
669.23	6.752
669.56	6.765
669.88	6.827
670.20	6.876
670.52	6.908
670.85	6.911
671.17	6.990
671.49	7.027
671.81	7.059
672.13	7.090
672.46	7.140
672.78	7.161
673.10	7.273
673.42	7.274
673.74	7.360
674.07	7.431
674.39	7.538
674.71	7.581
675.03	7.739
675.35	7.879
675.67	7.933
676.00	7.993
676.32	8.126
676.64	8.206
676.96	8.319
677.28	8.438
677.60	8.540
677.92	8.613
678.25	8.667
678.57	8.749
678.89	8.767
679.21	8.881
679.53	8.972
679.85	9.017
680.17	9.074
680.49	9.144
680.81	9.178
681.13	9.214
681.46	9.292
681.78	9.425
682.10	9.460
682.42	9.579
682.74	9.679
683.06	9.772
683.38	9.903
683.70	10.023
684.02	10.129
684.34	10.269
684.66	10.408
684.98	10.497
685.30	10.558
685.62	10.663
685.94	10.759
686.26	10.781
686.58	10.881
686.90	10.884
687.22	10.926
687.54	10.960
687.86	10.941
688.18	10.940
688.50	10.984
688.82	11.013
689.14	11.006
689.46	11.081
689.78	11.102
690.10	11.108
690.42	11.135
690.74	11.160
691.06	11.184
691.38	11.206
691.70	11.226
692.02	11.213
692.34	11.193
692.66	11.237
692.98	11.131
693.30	11.194
693.62	11.178
693.94	11.135
694.26	11.100
694.57	11.111
694.89	11.166
695.21	11.212
695.53	11.266
695.85	11.320
696.17	11.339
696.49	11.455
696.81	11.505
697.13	11.552
697.44	11.687
697.76	11.758
698.08	11.782
698.40	11.785
698.72	11.750
699.04	11.720
699.36	11.741
699.67	11.684
699.99	11.559
700.31	11.506
700.63	11.433
700.95	11.278
701.27	11.184
701.58	11.106
701.90	11.095
702.22	11.127
702.54	11.136
702.86	11.164
703.17	11.171
703.49	11.237
703.81	11.249
704.13	11.208
704.45	11.251
704.76	11.331
705.08	11.410
705.40	11.409
705.72	11.463
706.03	11.541
706.35	11.512
706.67	11.638
706.99	11.699
707.30	11.768
707.62	11.927
707.94	12.030
708.26	12.048
708.57	12.115
708.89	12.144
709.21	12.183
709.53	12.212
709.84	12.324
710.16	12.332
710.48	12.360
710.79	12.393
711.11	12.422
711.43	12.436
711.74	12.520
712.06	12.568
712.38	12.703
712.69	12.764
713.01	12.846
713.33	12.957
713.64	13.150
713.96	13.204
714.28	13.371
714.59	13.536
714.91	13.712
715.23	13.836
715.54	13.898
715.86	14.007
716.17	14.099
716.49	14.147
716.81	14.132
717.12	14.126
717.44	14.258
717.76	14.223
718.07	14.109
718.39	14.032
718.70	13.985
719.02	13.998
719.33	13.980
719.65	13.932
719.97	13.856
720.28	13.870
720.60	13.817
720.91	13.833
721.23	13.851
721.54	13.930
721.86	13.997
722.17	14.071
722.49	14.133
722.81	14.075
723.12	14.239
723.44	14.405
723.75	14.403
724.07	14.484
724.38	14.572
724.70	14.605
725.01	14.772
725.33	14.786
725.64	14.799
725.96	14.795
726.27	14.765
726.59	14.739
726.90	14.737
727.22	14.705
727.53	14.691
727.84	14.692
728.16	14.711
728.47	14.576
728.79	14.532
729.10	14.521
729.42	14.467
729.73	14.500
730.05	14.453
730.36	14.361
730.67	14.475
730.99	14.377
731.30	14.183
731.62	14.103
731.93	14.089
732.24	14.047
732.56	13.922
732.87	13.936
733.19	13.911
733.50	13.881
733.81	13.834
734.13	13.811
734.44	13.782
734.76	13.898
735.07	13.834
735.38	13.747
735.70	13.720
736.01	13.719
736.32	13.733
736.64	13.799
736.95	13.782
737.26	13.809
737.58	13.840
737.89	13.817
738.20	13.691
738.52	13.718
738.83	13.648
739.14	13.583
739.45	13.577
739.77	13.452
740.08	13.267
740.39	13.178
740.71	13.110
741.02	12.812
741.33	12.692
741.64	12.602
741.96	12.578
742.27	12.530
742.58	12.569
742.90	12.522
743.21	12.562
743.52	12.608
743.83	12.686
744.14	12.678
744.46	12.664
744.77	12.771
745.08	12.837
745.39	12.750
745.71	12.617
746.02	12.534
746.33	12.489
746.64	12.426
746.95	12.470
747.27	12.527
747.58	12.486
747.89	12.506
748.20	12.343
748.51	12.422
748.82	12.327
749.14	12.598
749.45	12.770
749.76	12.898
750.07	13.029
750.38	13.000
750.69	12.865
751.01	12.936
751.32	12.923
751.63	13.042
751.94	12.904
752.25	12.996
752.56	12.941
752.87	12.876
753.18	12.792
753.49	12.789
753.81	12.796
754.12	12.759
754.43	12.784
754.74	12.946
755.05	13.144
755.36	13.426
755.67	13.688
755.98	13.992
756.29	14.206
756.60	14.587
756.91	14.899
757.22	15.268
757.53	15.777
757.84	16.178
758.15	16.557
758.46	16.987
758.77	17.235
759.09	17.475
759.40	17.691
759.71	17.875
760.02	17.920
760.33	18.116
760.64	18.232
760.95	18.266
761.26	18.164
761.57	18.088
761.88	17.933
762.18	17.943
762.49	17.842
762.80	17.765
763.11	17.730
763.42	17.560
763.73	17.303
764.04	17.127
764.35	16.801
764.66	16.589
764.97	16.343
765.28	16.064
765.59	15.696
765.90	15.312
766.21	14.810
766.52	14.365
766.83	14.184
767.14	13.902
767.44	13.374
767.75	13.067
768.06	13.065
768.37	12.781
768.68	12.763
768.99	12.591
769.30	12.480
769.61	12.342
769.91	12.219
770.22	12.016
770.53	11.814
770.84	11.984
771.15	12.082
771.46	11.654
771.77	11.770
772.07	11.607
772.38	11.772
772.69	11.509
773.00	11.739
773.31	11.733
773.61	11.771
773.92	11.794
774.23	11.639
774.54	11.769
774.85	11.905
775.15	11.790
775.46	11.766
775.77	11.490
776.08	11.818
776.39	11.649
776.69	11.738
777.00	11.811
777.31	11.795
777.62	11.745
777.92	11.541
778.23	11.722
778.54	11.728
778.85	12.045
779.15	12.027
779.46	12.019
779.77	12.153
780.07	12.086
780.38	12.365
780.69	12.335
781.00	12.788
781.30	12.685
781.61	12.458
781.92	12.484
782.22	12.463
782.53	12.472
782.84	12.728
783.14	12.911
783.45	12.974
783.76	12.905
784.06	13.236
784.37	12.906
784.68	13.108
784.98	13.693
785.29	13.874
785.60	13.990
785.90	14.255
786.21	14.059
786.51	14.262
786.82	14.453
787.13	14.670
787.43	14.768
787.74	14.926
788.04	15.232
788.35	15.000
788.66	14.979
788.96	14.796
789.27	14.876
789.57	15.009
789.88	14.598
790.19	14.529
790.49	14.122
790.80	14.160
791.10	14.283
791.41	14.054
791.71	14.276
792.02	14.407
792.32	14.496
792.63	14.387
792.93	14.229
793.24	14.262
793.54	14.339
793.85	14.567
794.15	14.302
794.46	14.132
794.76	14.006
795.07	14.128
795.37	14.249
795.68	14.282
795.98	14.329
796.29	14.872
796.59	14.935
796.90	14.889
797.20	14.628
797.51	14.530
797.81	14.487
798.12	14.999
798.42	14.995
798.72	15.130
799.03	15.166
799.33	15.314
799.64	15.227
799.94	15.401
800.25	15.272
800.55	15.505
800.85	15.903
801.16	16.083
801.46	15.759
801.77	14.952
802.07	14.907
802.37	14.955
802.68	14.745
802.98	14.555
803.28	14.723
803.59	14.925
803.89	14.932
804.20	14.867
804.50	14.888
804.80	15.144
805.11	15.668
805.41	15.300
805.71	15.289
806.02	15.412
806.32	15.232
806.62	15.329
806.93	15.400
807.23	15.847
807.53	16.069
807.83	16.437
808.14	16.495
808.44	16.490
808.74	16.450
809.05	16.566
809.35	16.575
809.65	16.879
809.95	16.732
810.26	16.890
810.56	16.686
810.86	16.772
811.16	16.728
811.47	17.011
811.77	17.682
812.07	18.335
812.37	18.365
812.68	18.481
812.98	19.186
813.28	19.844
813.58	20.270
813.88	19.946
814.19	20.186
814.49	20.624
814.79	20.686
815.09	20.503
815.39	20.160
815.70	20.279
816.00	20.664
816.30	20.379
816.60	20.242
816.90	20.111
817.20	20.645
817.50	20.545
817.81	20.359
818.11	20.658
818.41	20.938
818.71	21.301
819.01	21.499
819.31	21.664
819.61	21.805
819.92	21.912
820.22	22.039
820.52	22.132
820.82	22.306
821.12	22.545
821.42	22.574
821.72	22.627
822.02	22.715
822.32	22.805
822.62	22.884
822.92	22.902
823.22	22.926
823.52	23.015
823.83	23.024
824.13	22.917
824.43	22.837
824.73	22.890
825.03	22.855
825.33	22.854
825.63	22.747
825.93	22.644
826.23	22.537
826.53	22.574
826.83	22.517
827.13	22.590
827.43	22.637
827.73	22.539
828.03	22.475
828.33	22.595
828.63	22.527
828.93	22.502
829.23	22.450
829.53	22.599
829.83	22.487
830.13	22.561
830.42	22.482
830.72	22.424
831.02	22.483
831.32	22.415
831.62	22.397
831.92	22.110
832.22	22.280
832.52	22.115
832.82	22.209
833.12	22.329
833.42	22.092
833.72	21.920
834.01	21.987
834.31	21.867
834.61	22.021
834.91	21.866
835.21	22.206
835.51	22.046
835.81	22.126
836.11	21.932
836.40	21.506
836.70	21.861
837.00	22.075
837.30	22.019
837.60	22.633
837.90	21.937
838.19	22.034
838.49	21.683
838.79	21.231
839.09	21.247
839.39	21.229
839.68	21.125
839.98	19.691
840.28	19.322
840.58	19.856
840.88	19.312
841.17	18.949
841.47	19.104
841.77	19.498
842.07	19.805
842.36	18.555
842.66	17.798
842.96	17.128
843.26	18.029
843.55	17.556
843.85	16.552
844.15	15.218
844.45	15.632
844.74	14.822
845.04	13.276
845.34	13.248
845.63	15.218
845.93	16.249
846.23	17.328
846.53	18.679
846.82	19.355
847.12	19.262
847.42	19.770
847.71	18.746
848.01	17.710
848.31	17.654
848.60	17.069
848.90	16.418
849.19	15.831
849.49	14.552
849.79	11.892
850.08	11.316
850.38	11.203
850.68	10.897
850.97	12.465
851.27	13.684
851.56	13.072
851.86	13.409
852.16	12.874
852.45	11.570
852.75	12.944
853.04	14.667
853.34	15.812
853.64	16.655
853.93	16.497
854.23	15.414
854.52	14.310
854.82	15.293
855.11	14.811
855.41	15.136
855.70	15.704
856.00	15.268
856.30	12.332
856.59	11.596
856.89	12.010
857.18	13.505
857.48	15.151
857.77	15.415
858.07	16.040
858.36	15.427
858.66	16.602
858.95	17.171
859.25	17.720
859.54	19.479
859.84	18.683
860.13	16.769
860.42	15.871
860.72	14.608
861.01	15.369
861.31	15.632
861.60	16.525
861.90	15.585
862.19	15.986
862.49	14.831
862.78	15.125
863.07	15.468
863.37	15.139
863.66	15.498
863.96	17.744
864.25	18.058
864.54	18.197
864.84	18.975
865.13	20.311
865.43	20.812
865.72	27.975
866.01	25.956
866.31	24.018
866.60	30.637
866.89	26.014
>>>>>End Spectral Data<<<<<
