180.30	0.000
180.67	0.000
181.03	143.954
181.40	167.281
181.77	2225.076
182.14	106.613
182.51	-379.954
182.88	255.489
183.25	36.349
183.62	86.932
183.99	97.538
184.36	155.452
184.73	-82.569
185.10	21.137
185.46	-169.464
185.83	-266.727
186.20	197.669
186.57	-36.287
186.94	122.319
187.31	53.126
187.68	10.996
188.05	112.706
188.42	163.082
188.78	223.696
189.15	703.284
189.52	-165.876
189.89	-78.435
190.26	-35.652
190.63	-8.727
191.00	2.000
191.37	2.659
191.73	15.839
192.10	17.609
192.47	22.268
192.84	11.194
193.21	15.122
193.58	12.143
193.94	17.552
194.31	11.213
194.68	13.832
195.05	5.622
195.42	9.612
195.79	-14.294
196.15	-30.180
196.52	-52.824
196.89	-38.966
197.26	-82.799
197.63	-72.258
198.00	-70.878
198.36	-73.890
198.73	-109.522
199.10	-80.931
199.47	-82.579
199.84	-70.050
200.20	-62.656
200.57	-50.143
200.94	-59.402
201.31	-38.045
201.68	-46.064
202.04	-40.328
202.41	-49.139
202.78	-44.031
203.15	-58.067
203.51	-42.918
203.88	-36.887
204.25	-29.398
204.62	-49.338
204.98	-36.225
205.35	-55.107
205.72	-38.635
206.09	-38.339
206.46	-48.615
206.82	-72.398
207.19	-81.793
207.56	-135.345
207.92	-113.063
208.29	-125.665
208.66	-58.366
209.03	-63.546
209.39	-16.388
209.76	-21.703
210.13	-48.129
210.50	-43.458
210.86	-28.570
211.23	-25.997
211.60	-11.058
211.96	-12.379
212.33	-10.542
212.70	-31.307
213.07	-29.712
213.43	-87.422
213.80	-92.543
214.17	-50.651
214.53	-33.287
214.90	-30.614
215.27	-19.754
215.63	-21.642
216.00	-23.211
216.37	-30.391
216.74	-30.929
217.10	-24.934
217.47	-19.096
217.84	-11.344
218.20	-8.869
218.57	-1.180
218.94	-0.973
219.30	-9.219
219.67	-12.025
220.04	-10.676
220.40	-5.774
220.77	-12.961
221.13	-13.689
221.50	-8.228
221.87	-12.411
222.23	-19.955
222.60	-31.660
222.97	-28.379
223.33	-18.038
223.70	-19.664
224.07	-21.692
224.43	-19.121
224.80	-12.363
225.16	-12.036
225.53	-9.302
225.90	-7.280
226.26	-3.842
226.63	-1.317
226.99	-0.521
227.36	-0.254
227.73	2.892
228.09	3.227
228.46	4.192
228.82	5.838
229.19	6.860
229.56	6.205
229.92	7.507
230.29	6.600
230.65	6.101
231.02	5.194
231.38	4.157
231.75	3.172
232.12	5.017
232.48	4.049
232.85	0.778
233.21	-0.801
233.58	-1.656
233.94	-2.734
234.31	-2.914
234.68	-3.262
235.04	-3.260
235.41	-2.960
235.77	-1.750
236.14	-2.894
236.50	-2.130
236.87	-1.305
237.23	-0.157
237.60	-1.653
237.96	-1.164
238.33	-1.026
238.69	-1.158
239.06	-1.067
239.42	-0.826
239.79	-2.171
240.15	-1.728
240.52	-1.389
240.88	-0.507
241.25	-0.259
241.61	0.622
241.98	0.554
242.34	0.606
242.71	0.900
243.07	1.153
243.44	0.888
243.80	1.300
244.17	1.287
244.53	0.905
244.90	0.537
245.26	0.523
245.63	0.429
245.99	0.327
246.36	0.175
246.72	0.431
247.09	0.122
247.45	0.302
247.81	0.275
248.18	0.093
248.54	0.179
248.91	0.010
249.27	-0.115
249.64	0.318
250.00	0.701
250.36	0.784
250.73	0.185
251.09	0.776
251.46	0.572
251.82	0.771
252.19	0.776
252.55	0.956
252.91	1.222
253.28	1.300
253.64	0.267
254.01	-0.012
254.37	0.347
254.73	0.633
255.10	0.508
255.46	0.791
255.83	0.639
256.19	0.846
256.55	0.776
256.92	1.020
257.28	0.944
257.65	1.478
258.01	1.596
258.37	1.478
258.74	1.211
259.10	1.151
259.46	0.835
259.83	0.862
260.19	0.710
260.55	0.760
260.92	0.486
261.28	0.615
261.64	0.498
262.01	0.489
262.37	0.415
262.73	0.878
263.10	0.954
263.46	1.318
263.82	1.424
264.19	1.648
264.55	1.117
264.91	1.071
265.28	0.756
265.64	0.614
266.00	0.336
266.37	0.520
266.73	0.493
267.09	0.545
267.46	0.450
267.82	0.276
268.18	0.199
268.54	0.666
268.91	0.699
269.27	0.814
269.63	0.754
270.00	1.068
270.36	1.001
270.72	1.157
271.08	1.107
271.45	1.029
271.81	1.066
272.17	1.137
272.53	0.909
272.90	1.004
273.26	1.037
273.62	1.063
273.98	0.721
274.35	0.688
274.71	0.562
275.07	0.572
275.43	0.674
275.80	0.719
276.16	0.622
276.52	0.751
276.88	0.488
277.25	0.337
277.61	0.065
277.97	0.106
278.33	0.014
278.69	-0.246
279.06	-0.223
279.42	-0.017
279.78	-0.044
280.14	-0.049
280.50	0.034
280.87	0.288
281.23	0.467
281.59	0.624
281.95	0.745
282.31	0.998
282.68	0.968
283.04	1.011
283.40	1.019
283.76	1.273
284.12	1.469
284.48	1.585
284.85	1.526
285.21	1.511
285.57	1.369
285.93	1.359
286.29	1.090
286.65	1.356
287.02	1.552
287.38	1.529
287.74	1.388
288.10	1.280
288.46	1.121
288.82	1.119
289.18	1.084
289.54	1.326
289.91	1.393
290.27	1.708
290.63	1.685
290.99	1.619
291.35	1.680
291.71	1.642
292.07	1.556
292.43	1.527
292.79	1.441
293.16	1.364
293.52	1.407
293.88	1.555
294.24	1.419
294.60	1.286
294.96	1.120
295.32	1.102
295.68	1.096
296.04	1.212
296.40	1.324
296.76	1.525
297.12	1.571
297.49	1.494
297.85	1.203
298.21	1.230
298.57	1.126
298.93	1.175
299.29	1.044
299.65	1.031
300.01	1.001
300.37	0.959
300.73	1.001
301.09	0.992
301.45	1.005
301.81	1.155
302.17	1.089
302.53	1.139
302.89	1.068
303.25	1.286
303.61	1.259
303.97	1.214
304.33	1.252
304.69	1.172
305.05	1.126
305.41	1.086
305.77	1.135
306.13	1.208
306.49	1.204
306.85	1.257
307.21	1.149
307.57	1.260
307.93	1.270
308.29	1.337
308.65	1.339
309.01	1.375
309.37	1.348
309.73	1.286
310.09	1.332
310.45	1.502
310.81	1.531
311.17	1.518
311.53	1.419
311.89	1.474
312.25	1.387
312.61	1.349
312.96	1.276
313.32	1.471
313.68	1.363
314.04	1.308
314.40	1.222
314.76	1.165
315.12	1.115
315.48	1.190
315.84	1.042
316.20	1.010
316.56	0.896
316.92	0.923
317.27	0.661
317.63	0.877
317.99	0.866
318.35	0.883
318.71	0.983
319.07	1.092
319.43	1.105
319.79	1.243
320.15	1.258
320.50	1.405
320.86	1.400
321.22	1.451
321.58	1.288
321.94	1.204
322.30	1.136
322.66	1.050
323.01	1.024
323.37	0.981
323.73	0.928
324.09	0.908
324.45	0.910
324.81	0.884
325.17	0.917
325.52	0.896
325.88	0.953
326.24	0.992
326.60	0.972
326.96	0.999
327.31	0.953
327.67	0.865
328.03	0.831
328.39	0.747
328.75	0.853
329.11	0.936
329.46	1.006
329.82	1.135
330.18	1.117
330.54	1.113
330.90	1.008
331.25	1.023
331.61	1.085
331.97	1.195
332.33	1.272
332.68	1.292
333.04	1.266
333.40	1.239
333.76	0.989
334.11	1.011
334.47	1.039
334.83	1.030
335.19	0.975
335.54	0.929
335.90	0.816
336.26	0.829
336.62	0.735
336.97	0.663
337.33	0.653
337.69	0.738
338.05	0.669
338.40	0.686
338.76	0.750
339.12	0.862
339.48	0.914
339.83	0.942
340.19	0.874
340.55	1.020
340.90	0.964
341.26	0.995
341.62	0.988
341.97	1.079
342.33	1.161
342.69	1.176
343.04	1.140
343.40	1.089
343.76	1.025
344.12	1.023
344.47	0.974
344.83	1.114
345.19	1.092
345.54	1.133
345.90	1.035
346.26	0.985
346.61	0.985
346.97	0.937
347.32	0.968
347.68	1.044
348.04	1.049
348.39	1.018
348.75	0.944
349.11	0.930
349.46	0.909
349.82	0.943
350.18	0.868
350.53	0.859
350.89	0.932
351.24	0.903
351.60	0.857
351.96	0.904
352.31	0.861
352.67	0.854
353.02	0.824
353.38	0.864
353.74	0.866
354.09	0.861
354.45	0.849
354.80	0.794
355.16	0.821
355.52	0.892
355.87	0.804
356.23	0.856
356.58	0.914
356.94	0.956
357.29	0.944
357.65	0.978
358.00	0.992
358.36	1.004
358.72	1.010
359.07	1.014
359.43	0.988
359.78	1.089
360.14	1.064
360.49	1.015
360.85	1.009
361.20	1.008
361.56	0.980
361.91	1.016
362.27	1.025
362.62	1.087
362.98	1.086
363.33	1.093
363.69	0.995
364.04	1.052
364.40	1.081
364.75	1.058
365.11	1.013
365.46	1.010
365.82	0.973
366.17	0.959
366.53	0.922
366.88	0.961
367.24	0.961
367.59	1.023
367.95	1.025
368.30	1.016
368.66	1.062
369.01	1.062
369.37	1.031
369.72	1.126
370.08	1.153
370.43	1.205
370.78	1.156
371.14	1.117
371.49	1.136
371.85	1.109
372.20	1.105
372.56	1.101
372.91	1.122
373.26	1.210
373.62	1.141
373.97	1.163
374.33	1.120
374.68	1.160
375.03	1.212
375.39	1.159
375.74	1.121
376.10	1.129
376.45	1.155
376.80	1.173
377.16	1.132
377.51	1.160
377.87	1.132
378.22	1.113
378.57	1.113
378.93	1.174
379.28	1.216
379.63	1.239
379.99	1.273
380.34	1.271
380.70	1.282
381.05	1.300
381.40	1.278
381.76	1.300
382.11	1.320
382.46	1.344
382.82	1.321
383.17	1.326
383.52	1.320
383.88	1.318
384.23	1.308
384.58	1.327
384.94	1.312
385.29	1.327
385.64	1.327
385.99	1.373
386.35	1.350
386.70	1.372
387.05	1.358
387.41	1.395
387.76	1.382
388.11	1.391
388.47	1.361
388.82	1.394
389.17	1.400
389.52	1.396
389.88	1.366
390.23	1.407
390.58	1.372
390.93	1.375
391.29	1.358
391.64	1.413
391.99	1.419
392.34	1.464
392.70	1.442
393.05	1.431
393.40	1.442
393.75	1.465
394.11	1.431
394.46	1.394
394.81	1.398
395.16	1.380
395.52	1.343
395.87	1.347
396.22	1.358
396.57	1.347
396.92	1.328
397.28	1.302
397.63	1.255
397.98	1.249
398.33	1.250
398.68	1.231
399.04	1.239
399.39	1.208
399.74	1.173
400.09	1.136
400.44	1.149
400.80	1.183
401.15	1.171
401.50	1.191
401.85	1.214
402.20	1.227
402.55	1.245
402.90	1.228
403.26	1.241
403.61	1.269
403.96	1.250
404.31	1.239
404.66	1.225
405.01	1.232
405.36	1.248
405.72	1.241
406.07	1.231
406.42	1.210
406.77	1.211
407.12	1.219
407.47	1.201
407.82	1.212
408.17	1.192
408.53	1.184
408.88	1.151
409.23	1.118
409.58	1.068
409.93	1.065
410.28	1.062
410.63	1.053
410.98	1.044
411.33	1.024
411.68	1.045
412.03	1.090
412.38	1.082
412.73	1.132
413.09	1.171
413.44	1.220
413.79	1.242
414.14	1.277
414.49	1.308
414.84	1.337
415.19	1.374
415.54	1.394
415.89	1.404
416.24	1.449
416.59	1.474
416.94	1.490
417.29	1.522
417.64	1.533
417.99	1.552
418.34	1.587
418.69	1.595
419.04	1.602
419.39	1.611
419.74	1.624
420.09	1.639
420.44	1.633
420.79	1.640
421.14	1.635
421.49	1.652
421.84	1.639
422.19	1.634
422.54	1.647
422.89	1.640
423.24	1.641
423.59	1.625
423.94	1.592
424.29	1.589
424.64	1.585
424.99	1.563
425.34	1.543
425.68	1.549
426.03	1.522
426.38	1.493
426.73	1.498
427.08	1.464
427.43	1.476
427.78	1.488
428.13	1.470
428.48	1.472
428.83	1.492
429.18	1.498
429.53	1.506
429.87	1.507
430.22	1.496
430.57	1.491
430.92	1.501
431.27	1.498
431.62	1.482
431.97	1.491
432.32	1.468
432.67	1.446
433.01	1.436
433.36	1.418
433.71	1.408
434.06	1.390
434.41	1.393
434.76	1.400
435.11	1.404
435.45	1.416
435.80	1.429
436.15	1.442
436.50	1.467
436.85	1.484
437.20	1.490
437.54	1.495
437.89	1.531
438.24	1.549
438.59	1.557
438.94	1.551
439.29	1.548
439.63	1.548
439.98	1.541
440.33	1.520
440.68	1.530
441.03	1.545
441.37	1.569
441.72	1.570
442.07	1.564
442.42	1.576
442.76	1.600
443.11	1.609
443.46	1.626
443.81	1.644
444.16	1.669
444.50	1.662
444.85	1.659
445.20	1.651
445.55	1.647
445.89	1.640
446.24	1.623
446.59	1.600
446.94	1.585
447.28	1.558
447.63	1.537
447.98	1.526
448.32	1.516
448.67	1.502
449.02	1.484
449.37	1.452
449.71	1.459
450.06	1.458
450.41	1.450
450.75	1.451
451.10	1.452
451.45	1.422
451.79	1.397
452.14	1.374
452.49	1.367
452.84	1.369
453.18	1.383
453.53	1.360
453.88	1.355
454.22	1.363
454.57	1.390
454.92	1.411
455.26	1.459
455.61	1.500
455.95	1.536
456.30	1.554
456.65	1.583
456.99	1.599
457.34	1.629
457.69	1.646
458.03	1.667
458.38	1.676
458.73	1.684
459.07	1.678
459.42	1.648
459.76	1.619
460.11	1.594
460.46	1.564
460.80	1.544
461.15	1.515
461.49	1.491
461.84	1.467
462.19	1.436
462.53	1.412
462.88	1.406
463.22	1.410
463.57	1.427
463.91	1.447
464.26	1.454
464.61	1.451
464.95	1.452
465.30	1.441
465.64	1.449
465.99	1.457
466.33	1.458
466.68	1.437
467.02	1.438
467.37	1.425
467.71	1.410
468.06	1.403
468.41	1.401
468.75	1.394
469.10	1.404
469.44	1.384
469.79	1.379
470.13	1.340
470.48	1.351
470.82	1.339
471.17	1.327
471.51	1.305
471.86	1.276
472.20	1.266
472.55	1.271
472.89	1.265
473.23	1.255
473.58	1.240
473.92	1.260
474.27	1.249
474.61	1.241
474.96	1.248
475.30	1.268
475.65	1.276
475.99	1.282
476.34	1.284
476.68	1.286
477.02	1.296
477.37	1.302
477.71	1.325
478.06	1.354
478.40	1.420
478.75	1.507
479.09	1.592
479.43	1.689
479.78	1.791
480.12	1.881
480.47	1.971
480.81	2.061
481.15	2.145
481.50	2.231
481.84	2.316
482.19	2.400
482.53	2.459
482.87	2.510
483.22	2.518
483.56	2.495
483.90	2.455
484.25	2.404
484.59	2.341
484.94	2.286
485.28	2.225
485.62	2.159
485.97	2.079
486.31	2.020
486.65	1.970
487.00	1.942
487.34	1.935
487.68	1.938
488.03	1.943
488.37	1.950
488.71	1.949
489.06	1.944
489.40	1.939
489.74	1.926
490.09	1.906
490.43	1.882
490.77	1.860
491.11	1.821
491.46	1.788
491.80	1.759
492.14	1.721
492.49	1.692
492.83	1.650
493.17	1.604
493.51	1.564
493.86	1.535
494.20	1.511
494.54	1.495
494.88	1.503
495.23	1.510
495.57	1.508
495.91	1.530
496.25	1.542
496.60	1.553
496.94	1.562
497.28	1.577
497.62	1.571
497.97	1.572
498.31	1.579
498.65	1.580
498.99	1.571
499.33	1.593
499.68	1.584
500.02	1.583
500.36	1.575
500.70	1.584
501.04	1.585
501.39	1.588
501.73	1.601
502.07	1.632
502.41	1.645
502.75	1.675
503.09	1.675
503.44	1.701
503.78	1.717
504.12	1.745
504.46	1.763
504.80	1.801
505.14	1.836
505.49	1.867
505.83	1.877
506.17	1.907
506.51	1.927
506.85	1.961
507.19	1.986
507.53	2.010
507.87	2.039
508.22	2.060
508.56	2.079
508.90	2.084
509.24	2.078
509.58	2.081
509.92	2.093
510.26	2.110
510.60	2.117
510.94	2.115
511.28	2.117
511.63	2.135
511.97	2.148
512.31	2.157
512.65	2.186
512.99	2.227
513.33	2.286
513.67	2.329
514.01	2.372
514.35	2.429
514.69	2.484
515.03	2.553
515.37	2.623
515.71	2.684
516.05	2.721
516.39	2.768
516.73	2.809
517.07	2.828
517.41	2.837
517.75	2.846
518.09	2.851
518.43	2.859
518.77	2.829
519.11	2.791
519.45	2.765
519.79	2.770
520.13	2.761
520.47	2.755
520.81	2.753
521.15	2.800
521.49	2.829
521.83	2.862
522.17	2.908
522.51	2.993
522.85	3.069
523.19	3.156
523.53	3.271
523.87	3.406
524.21	3.528
524.55	3.651
524.89	3.731
525.23	3.827
525.57	3.899
525.91	3.975
526.25	4.026
526.58	4.077
526.92	4.126
527.26	4.145
527.60	4.145
527.94	4.147
528.28	4.129
528.62	4.114
528.96	4.089
529.30	4.075
529.64	4.043
529.97	4.032
530.31	4.006
530.65	3.987
530.99	3.974
531.33	3.966
531.67	3.957
532.01	3.966
532.35	3.973
532.68	3.972
533.02	3.965
533.36	3.959
533.70	3.940
534.04	3.938
534.38	3.927
534.71	3.913
535.05	3.889
535.39	3.880
535.73	3.867
536.07	3.867
536.41	3.888
536.74	3.917
537.08	3.954
537.42	4.011
537.76	4.067
538.10	4.118
538.43	4.162
538.77	4.226
539.11	4.269
539.45	4.319
539.79	4.360
540.12	4.389
540.46	4.411
540.80	4.421
541.14	4.413
541.47	4.390
541.81	4.370
542.15	4.356
542.49	4.333
542.82	4.303
543.16	4.259
543.50	4.231
543.84	4.195
544.17	4.156
544.51	4.139
544.85	4.119
545.18	4.113
545.52	4.109
545.86	4.086
546.20	4.066
546.53	4.043
546.87	4.013
547.21	3.968
547.54	3.935
547.88	3.918
548.22	3.871
548.55	3.857
548.89	3.845
549.23	3.820
549.56	3.820
549.90	3.825
550.24	3.840
550.57	3.874
550.91	3.884
551.25	3.896
551.58	3.890
551.92	3.903
552.26	3.904
552.59	3.902
552.93	3.903
553.27	3.909
553.60	3.905
553.94	3.888
554.27	3.869
554.61	3.874
554.95	3.881
555.28	3.915
555.62	3.910
555.95	3.923
556.29	3.912
556.63	3.928
556.96	3.927
557.30	3.917
557.63	3.919
557.97	3.913
558.31	3.916
558.64	3.908
558.98	3.890
559.31	3.925
559.65	3.924
559.98	3.942
560.32	3.928
560.65	3.933
560.99	3.955
561.33	3.971
561.66	3.998
562.00	4.015
562.33	4.042
562.67	4.075
563.00	4.092
563.34	4.114
563.67	4.123
564.01	4.140
564.34	4.153
564.68	4.156
565.01	4.171
565.35	4.178
565.68	4.186
566.02	4.185
566.35	4.164
566.69	4.147
567.02	4.166
567.36	4.169
567.69	4.188
568.03	4.200
568.36	4.206
568.69	4.203
569.03	4.219
569.36	4.219
569.70	4.220
570.03	4.260
570.37	4.286
570.70	4.279
571.04	4.302
571.37	4.286
571.70	4.283
572.04	4.278
572.37	4.295
572.71	4.272
573.04	4.273
573.37	4.280
573.71	4.256
574.04	4.223
574.38	4.194
574.71	4.184
575.04	4.186
575.38	4.158
575.71	4.145
576.05	4.099
576.38	4.084
576.71	4.056
577.05	4.037
577.38	4.011
577.71	3.997
578.05	3.986
578.38	3.949
578.71	3.925
579.05	3.905
579.38	3.877
579.71	3.870
580.05	3.847
580.38	3.840
580.71	3.807
581.05	3.792
581.38	3.785
581.71	3.784
582.05	3.779
582.38	3.795
582.71	3.807
583.04	3.828
583.38	3.820
583.71	3.838
584.04	3.842
584.38	3.877
584.71	3.895
585.04	3.911
585.37	3.934
585.71	3.930
586.04	3.937
586.37	3.976
586.70	3.988
587.04	4.027
587.37	4.051
587.70	4.064
588.03	4.076
588.37	4.091
588.70	4.101
589.03	4.092
589.36	4.124
589.69	4.102
590.03	4.064
590.36	4.048
590.69	4.032
591.02	4.005
591.35	3.985
591.69	3.968
592.02	3.970
592.35	3.974
592.68	3.995
593.01	3.979
593.35	4.000
593.68	4.044
594.01	4.057
594.34	4.069
594.67	4.092
595.00	4.104
595.34	4.087
595.67	4.070
596.00	4.045
596.33	4.019
596.66	3.992
596.99	3.975
597.32	3.911
597.65	3.885
597.99	3.835
598.32	3.792
598.65	3.754
598.98	3.752
599.31	3.739
599.64	3.754
599.97	3.739
600.30	3.768
600.63	3.778
600.96	3.817
601.30	3.839
601.63	3.878
601.96	3.894
602.29	3.918
602.62	3.913
602.95	3.907
603.28	3.909
603.61	3.906
603.94	3.859
604.27	3.839
604.60	3.810
604.93	3.802
605.26	3.776
605.59	3.775
605.92	3.781
606.25	3.782
606.58	3.774
606.91	3.730
607.24	3.754
607.57	3.782
607.90	3.766
608.23	3.745
608.56	3.709
608.89	3.697
609.22	3.657
609.55	3.602
609.88	3.557
610.21	3.531
610.54	3.513
610.87	3.438
611.20	3.392
611.53	3.363
611.86	3.340
612.19	3.288
612.52	3.234
612.85	3.237
613.18	3.223
613.51	3.177
613.84	3.148
614.17	3.141
614.49	3.154
614.82	3.147
615.15	3.122
615.48	3.156
615.81	3.164
616.14	3.169
616.47	3.124
616.80	3.122
617.13	3.135
617.46	3.123
617.78	3.114
618.11	3.109
618.44	3.096
618.77	3.096
619.10	3.050
619.43	3.056
619.76	3.059
620.09	3.111
620.41	3.102
620.74	3.135
621.07	3.170
621.40	3.194
621.73	3.208
622.06	3.248
622.38	3.270
622.71	3.312
623.04	3.335
623.37	3.415
623.70	3.419
624.02	3.473
624.35	3.525
624.68	3.562
625.01	3.594
625.34	3.641
625.66	3.652
625.99	3.692
626.32	3.696
626.65	3.731
626.98	3.692
627.30	3.692
627.63	3.666
627.96	3.618
628.29	3.587
628.61	3.541
628.94	3.486
629.27	3.454
629.60	3.410
629.92	3.411
630.25	3.364
630.58	3.355
630.91	3.350
631.23	3.348
631.56	3.341
631.89	3.315
632.21	3.346
632.54	3.348
632.87	3.345
633.19	3.332
633.52	3.271
633.85	3.266
634.18	3.218
634.50	3.174
634.83	3.150
635.16	3.110
635.48	3.073
635.81	3.002
636.14	2.931
636.46	2.903
636.79	2.867
637.11	2.828
637.44	2.768
637.77	2.744
638.09	2.685
638.42	2.631
638.75	2.591
639.07	2.587
639.40	2.573
639.73	2.552
640.05	2.492
640.38	2.483
640.70	2.456
641.03	2.448
641.36	2.409
641.68	2.420
642.01	2.413
642.33	2.406
642.66	2.362
642.98	2.346
643.31	2.322
643.64	2.343
643.96	2.310
644.29	2.355
644.61	2.345
644.94	2.373
645.26	2.380
645.59	2.396
645.91	2.426
646.24	2.484
646.56	2.486
646.89	2.528
647.22	2.500
647.54	2.582
647.87	2.582
648.19	2.591
648.52	2.583
648.84	2.574
649.17	2.519
649.49	2.521
649.82	2.487
650.14	2.523
650.47	2.491
650.79	2.530
651.11	2.477
651.44	2.470
651.76	2.439
652.09	2.480
652.41	2.518
652.74	2.606
653.06	2.601
653.39	2.630
653.71	2.615
654.04	2.641
654.36	2.652
654.68	2.663
655.01	2.721
655.33	2.800
655.66	2.780
655.98	2.809
656.30	2.770
656.63	2.823
656.95	2.819
657.28	2.846
657.60	2.866
657.92	2.857
658.25	2.881
658.57	2.856
658.90	2.818
659.22	2.813
659.54	2.768
659.87	2.776
660.19	2.707
660.51	2.709
660.84	2.648
661.16	2.592
661.48	2.571
661.81	2.482
662.13	2.410
662.45	2.411
662.78	2.426
663.10	2.447
663.42	2.433
663.75	2.443
664.07	2.420
664.39	2.411
664.72	2.393
665.04	2.412
665.36	2.508
665.69	2.548
666.01	2.553
666.33	2.593
666.65	2.595
666.98	2.656
667.30	2.663
667.62	2.734
667.94	2.749
668.27	2.826
668.59	2.859
668.91	2.899
669.23	2.915
669.56	3.006
669.88	3.092
670.20	3.139
670.52	3.160
670.85	3.234
671.17	3.243
671.49	3.332
671.81	3.464
672.13	3.564
672.46	3.609
672.78	3.736
673.10	3.798
673.42	3.834
673.74	3.911
674.07	4.023
674.39	4.190
674.71	4.295
675.03	4.514
675.35	4.582
675.67	4.675
676.00	4.809
676.32	4.890
676.64	4.988
676.96	5.101
677.28	5.228
677.60	5.350
677.92	5.438
678.25	5.565
678.57	5.594
678.89	5.681
679.21	5.781
679.53	5.840
679.85	5.955
680.17	6.033
680.49	6.120
680.81	6.210
681.13	6.263
681.46	6.327
681.78	6.463
682.10	6.562
682.42	6.670
682.74	6.813
683.06	6.948
683.38	7.111
683.70	7.325
684.02	7.480
684.34	7.676
684.66	7.870
684.98	8.029
685.30	8.123
685.62	8.241
685.94	8.388
686.26	8.462
686.58	8.534
686.90	8.608
687.22	8.576
687.54	8.588
687.86	8.579
688.18	8.615
688.50	8.595
688.82	8.587
689.14	8.613
689.46	8.678
689.78	8.726
690.10	8.814
690.42	8.824
690.74	8.931
691.06	8.974
691.38	9.016
691.70	9.080
692.02	9.194
692.34	9.296
692.66	9.322
692.98	9.293
693.30	9.356
693.62	9.384
693.94	9.410
694.26	9.402
694.57	9.476
694.89	9.529
695.21	9.605
695.53	9.647
695.85	9.680
696.17	9.809
696.49	9.946
696.81	10.008
697.13	10.073
697.44	10.142
697.76	10.255
698.08	10.328
698.40	10.428
698.72	10.439
699.04	10.508
699.36	10.596
699.67	10.641
699.99	10.634
700.31	10.698
700.63	10.743
700.95	10.845
701.27	10.811
701.58	10.783
701.90	10.772
702.22	10.924
702.54	11.000
702.86	11.126
703.17	11.139
703.49	11.229
703.81	11.300
704.13	11.331
704.45	11.318
704.76	11.450
705.08	11.557
705.40	11.593
705.72	11.585
706.03	11.727
706.35	11.715
706.67	11.819
706.99	11.900
707.30	11.974
707.62	12.087
707.94	12.266
708.26	12.318
708.57	12.475
708.89	12.620
709.21	12.761
709.53	12.778
709.84	12.897
710.16	12.985
710.48	13.106
710.79	13.187
711.11	13.323
711.43	13.339
711.74	13.492
712.06	13.536
712.38	13.636
712.69	13.629
713.01	13.802
713.33	13.961
713.64	14.133
713.96	14.223
714.28	14.361
714.59	14.513
714.91	14.739
715.23	14.894
715.54	15.084
715.86	15.253
716.17	15.414
716.49	15.459
716.81	15.544
717.12	15.583
717.44	15.694
717.76	15.844
718.07	15.844
718.39	15.845
718.70	15.788
719.02	15.708
719.33	15.728
719.65	15.701
719.97	15.694
720.28	15.658
720.60	15.689
720.91	15.769
721.23	15.821
721.54	15.868
721.86	15.937
722.17	16.059
722.49	16.203
722.81	16.119
723.12	16.337
723.44	16.510
723.75	16.659
724.07	16.695
724.38	16.677
724.70	16.734
725.01	16.826
725.33	16.751
725.64	16.832
725.96	16.894
726.27	17.040
726.59	16.972
726.90	17.035
727.22	16.901
727.53	16.886
727.84	16.919
728.16	16.836
728.47	16.805
728.79	16.945
729.10	16.921
729.42	16.809
729.73	16.753
730.05	16.788
730.36	16.657
730.67	16.765
730.99	16.774
731.30	16.708
731.62	16.693
731.93	16.660
732.24	16.628
732.56	16.600
732.87	16.737
733.19	16.770
733.50	16.680
733.81	16.764
734.13	16.808
734.44	16.859
734.76	16.782
735.07	16.828
735.38	16.869
735.70	16.892
736.01	16.866
736.32	16.813
736.64	16.866
736.95	16.983
737.26	16.875
737.58	16.762
737.89	16.836
738.20	16.901
738.52	16.852
738.83	16.762
739.14	16.728
739.45	16.788
739.77	16.573
740.08	16.507
740.39	16.459
740.71	16.499
741.02	16.563
741.33	16.450
741.64	16.446
741.96	16.436
742.27	16.331
742.58	16.168
742.90	16.031
743.21	16.258
743.52	16.238
743.83	16.332
744.14	16.212
744.46	16.248
744.77	16.183
745.08	16.257
745.39	16.204
745.71	16.476
746.02	16.590
746.33	16.831
746.64	16.844
746.95	16.947
747.27	16.938
747.58	17.101
747.89	17.144
748.20	17.152
748.51	17.315
748.82	17.257
749.14	17.117
749.45	17.230
749.76	17.134
750.07	17.238
750.38	17.083
750.69	17.115
751.01	17.042
751.32	16.988
751.63	17.055
751.94	16.872
752.25	16.952
752.56	17.067
752.87	17.010
753.18	16.916
753.49	16.871
753.81	17.172
754.12	16.971
754.43	17.014
754.74	16.869
755.05	17.028
755.36	17.212
755.67	17.503
755.98	17.726
756.29	17.915
756.60	18.358
756.91	18.770
757.22	18.987
757.53	19.571
757.84	19.997
758.15	20.676
758.46	21.153
758.77	21.416
759.09	21.578
759.40	21.651
759.71	21.851
760.02	21.944
760.33	21.944
760.64	21.968
760.95	22.021
761.26	21.873
761.57	21.733
761.88	21.590
762.18	21.583
762.49	21.591
762.80	21.589
763.11	21.538
763.42	21.372
763.73	21.290
764.04	21.138
764.35	20.879
764.66	20.838
764.97	20.661
765.28	20.397
765.59	20.105
765.90	19.631
766.21	19.189
766.52	18.813
766.83	18.589
767.14	18.328
767.44	18.043
767.75	17.720
768.06	17.553
768.37	17.190
768.68	17.280
768.99	17.055
769.30	16.998
769.61	17.109
769.91	17.275
770.22	17.145
770.53	16.889
770.84	16.858
771.15	16.901
771.46	16.663
771.77	16.808
772.07	16.655
772.38	16.711
772.69	16.627
773.00	16.738
773.31	16.516
773.61	16.453
773.92	16.532
774.23	16.591
774.54	16.560
774.85	16.512
775.15	16.133
775.46	16.073
775.77	16.208
776.08	16.417
776.39	16.241
776.69	16.517
777.00	16.585
777.31	16.615
777.62	16.561
777.92	16.555
778.23	16.635
778.54	16.882
778.85	16.928
779.15	16.597
779.46	16.865
779.77	17.055
780.07	16.705
780.38	16.971
780.69	16.933
781.00	17.156
781.30	17.139
781.61	17.041
781.92	17.107
782.22	17.105
782.53	17.050
782.84	17.106
783.14	17.157
783.45	17.230
783.76	17.410
784.06	17.836
784.37	17.837
784.68	18.072
784.98	18.332
785.29	18.657
785.60	18.636
785.90	19.400
786.21	19.201
786.51	19.296
786.82	19.491
787.13	19.553
787.43	19.372
787.74	19.551
788.04	19.806
788.35	20.148
788.66	20.094
788.96	20.232
789.27	19.780
789.57	19.883
789.88	19.803
790.19	19.556
790.49	19.156
790.80	19.364
791.10	19.171
791.41	19.015
791.71	18.964
792.02	18.893
792.32	18.896
792.63	19.088
792.93	19.080
793.24	19.181
793.54	19.356
793.85	19.406
794.15	19.120
794.46	19.212
794.76	19.232
795.07	18.893
795.37	19.150
795.68	19.112
795.98	19.007
796.29	19.239
796.59	19.157
796.90	19.281
797.20	19.499
797.51	19.542
797.81	19.449
798.12	19.534
798.42	19.887
798.72	20.081
799.03	20.216
799.33	20.414
799.64	20.302
799.94	20.715
800.25	20.573
800.55	20.655
800.85	20.947
801.16	21.122
801.46	21.122
801.77	20.738
802.07	20.469
802.37	20.569
802.68	20.486
802.98	20.244
803.28	20.113
803.59	20.655
803.89	20.423
804.20	20.600
804.50	20.409
804.80	20.573
805.11	21.092
805.41	21.129
805.71	21.187
806.02	21.327
806.32	21.588
806.62	21.596
806.93	21.543
807.23	22.010
807.53	21.638
807.83	21.934
808.14	21.820
808.44	21.797
808.74	21.726
809.05	21.712
809.35	21.793
809.65	22.292
809.95	22.091
810.26	21.938
810.56	21.678
810.86	22.045
811.16	22.025
811.47	22.488
811.77	22.983
812.07	23.310
812.37	23.440
812.68	23.822
812.98	23.881
813.28	24.476
813.58	25.013
813.88	25.501
814.19	26.151
814.49	26.687
814.79	26.817
815.09	26.769
815.39	26.753
815.70	27.116
816.00	26.945
816.30	27.190
816.60	26.878
816.90	26.777
817.20	26.883
817.50	26.685
817.81	26.448
818.11	26.477
818.41	26.508
818.71	26.684
819.01	26.737
819.31	26.996
819.61	27.030
819.92	27.225
820.22	27.410
820.52	27.500
820.82	27.612
821.12	27.826
821.42	27.908
821.72	28.019
822.02	28.265
822.32	28.424
822.62	28.554
822.92	28.694
823.22	28.818
823.52	28.956
823.83	29.047
824.13	29.141
824.43	29.044
824.73	29.210
825.03	29.197
825.33	29.024
825.63	28.934
825.93	28.858
826.23	28.787
826.53	28.767
826.83	28.634
827.13	28.729
827.43	28.627
827.73	28.972
828.03	28.735
828.33	29.014
828.63	28.943
828.93	29.125
829.23	28.963
829.53	28.751
829.83	28.509
830.13	28.469
830.42	28.002
830.72	28.139
831.02	27.721
831.32	27.883
831.62	27.977
831.92	27.794
832.22	27.601
832.52	27.564
832.82	27.764
833.12	27.772
833.42	27.572
833.72	27.770
834.01	27.823
834.31	28.071
834.61	27.978
834.91	27.978
835.21	28.273
835.51	28.270
835.81	28.200
836.11	28.231
836.40	28.410
836.70	28.993
837.00	28.836
837.30	28.307
837.60	27.768
837.90	27.701
838.19	26.917
838.49	26.965
838.79	27.235
839.09	27.598
839.39	27.377
839.68	27.378
839.98	25.770
840.28	25.718
840.58	25.847
840.88	26.417
841.17	26.323
841.47	27.304
841.77	26.694
842.07	26.410
842.36	25.857
842.66	25.753
842.96	24.089
843.26	24.539
843.55	23.726
843.85	23.834
844.15	22.558
844.45	23.013
844.74	21.111
845.04	21.395
845.34	20.710
845.63	20.628
845.93	20.488
846.23	21.639
846.53	22.373
846.82	22.291
847.12	21.920
847.42	21.520
847.71	19.426
848.01	18.472
848.31	18.366
848.60	17.512
848.90	17.815
849.19	18.200
849.49	18.700
849.79	18.194
850.08	18.790
850.38	18.869
850.68	19.403
850.97	21.879
851.27	23.608
851.56	24.526
851.86	24.863
852.16	25.240
852.45	23.126
852.75	23.327
853.04	24.737
853.34	24.143
853.64	23.911
853.93	23.790
854.23	22.899
854.52	23.488
854.82	23.422
855.11	23.649
855.41	23.030
855.70	24.378
856.00	22.279
856.30	21.469
856.59	21.724
856.89	22.567
857.18	23.776
857.48	24.785
857.77	21.840
858.07	21.606
858.36	20.670
858.66	21.513
858.95	21.159
859.25	22.452
859.54	22.678
859.84	21.931
860.13	20.225
860.42	20.230
860.72	17.905
861.01	20.420
861.31	21.425
861.60	23.259
861.90	22.121
862.19	21.721
862.49	20.940
862.78	20.541
863.07	21.453
863.37	22.386
863.66	20.684
863.96	23.379
864.25	22.382
864.54	21.632
864.84	21.592
865.13	22.367
865.43	23.483
865.72	21.526
866.01	31.509
866.31	28.962
866.60	24.410
866.89	26.647
>>>>>End Spectral Data<<<<<
