180.30	0.000
180.67	0.000
181.03	-19.325
181.40	793.817
181.77	-2376.988
182.14	69.920
182.51	-980.247
182.88	77.377
183.25	84.099
183.62	7.381
183.99	517.776
184.36	-114.668
184.73	35.177
185.10	44.955
185.46	-769.757
185.83	251.341
186.20	1596.415
186.57	28.342
186.94	103.657
187.31	62.905
187.68	23.677
188.05	17.955
188.42	43.881
188.78	18.095
189.15	237.505
189.52	28.726
189.89	34.276
190.26	42.996
190.63	41.771
191.00	56.817
191.37	47.568
191.73	57.609
192.10	49.076
192.47	49.845
192.84	43.494
193.21	48.688
193.58	45.907
193.94	49.105
194.31	46.540
194.68	54.171
195.05	38.068
195.42	36.366
195.79	27.278
196.15	36.367
196.52	28.458
196.89	32.398
197.26	27.880
197.63	33.657
198.00	31.389
198.36	31.030
198.73	11.197
199.10	13.580
199.47	9.360
199.84	3.848
200.20	-0.820
200.57	12.867
200.94	9.632
201.31	10.294
201.68	-6.703
202.04	-9.026
202.41	-16.289
202.78	-18.778
203.15	-22.302
203.51	-2.604
203.88	2.166
204.25	7.227
204.62	-25.119
204.98	-38.531
205.35	-30.065
205.72	-38.711
206.09	-37.219
206.46	-89.993
206.82	-83.638
207.19	-71.706
207.56	-146.101
207.92	-122.412
208.29	-149.956
208.66	-91.197
209.03	-72.627
209.39	-49.313
209.76	-36.244
210.13	-83.148
210.50	-53.350
210.86	-41.691
211.23	-62.377
211.60	-26.217
211.96	-28.448
212.33	-4.323
212.70	2.617
213.07	5.761
213.43	-30.526
213.80	-42.390
214.17	-4.232
214.53	5.799
214.90	16.010
215.27	27.686
215.63	25.821
216.00	26.591
216.37	17.345
216.74	3.235
217.10	4.345
217.47	5.560
217.84	11.041
218.20	7.583
218.57	5.855
218.94	-1.397
219.30	-10.421
219.67	-16.280
220.04	-10.285
220.40	-10.657
220.77	-12.954
221.13	-7.499
221.50	-0.633
221.87	5.219
222.23	1.111
222.60	3.599
222.97	2.515
223.33	4.395
223.70	6.861
224.07	1.301
224.43	0.461
224.80	3.388
225.16	-1.903
225.53	-3.342
225.90	-7.534
226.26	-5.573
226.63	-5.107
226.99	-3.298
227.36	-2.299
227.73	-0.545
228.09	0.838
228.46	3.788
228.82	4.483
229.19	6.205
229.56	7.044
229.92	8.943
230.29	9.425
230.65	9.922
231.02	8.064
231.38	6.984
231.75	4.905
232.12	3.897
232.48	0.327
232.85	-0.774
233.21	-1.716
233.58	-3.172
233.94	-2.241
234.31	-2.327
234.68	-2.778
235.04	-1.847
235.41	0.465
235.77	1.325
236.14	0.982
236.50	2.432
236.87	2.710
237.23	3.295
237.60	3.393
237.96	2.957
238.33	1.878
238.69	1.614
239.06	1.947
239.42	1.636
239.79	0.949
240.15	1.489
240.52	1.917
240.88	2.421
241.25	2.080
241.61	2.632
241.98	2.887
242.34	3.120
242.71	3.474
243.07	3.585
243.44	3.264
243.80	3.485
244.17	3.293
244.53	2.896
244.90	2.583
245.26	2.701
245.63	2.370
245.99	2.281
246.36	2.372
246.72	2.457
247.09	2.208
247.45	2.525
247.81	2.638
248.18	2.843
248.54	2.900
248.91	2.918
249.27	3.133
249.64	3.625
250.00	3.664
250.36	3.319
250.73	3.029
251.09	3.272
251.46	2.515
251.82	2.577
252.19	2.246
252.55	2.126
252.91	2.156
253.28	2.295
253.64	1.768
254.01	2.099
254.37	2.580
254.73	3.181
255.10	3.309
255.46	3.891
255.83	3.652
256.19	3.607
256.55	3.395
256.92	3.340
257.28	2.901
257.65	3.036
258.01	2.889
258.37	2.899
258.74	2.501
259.10	2.446
259.46	2.371
259.83	2.416
260.19	2.333
260.55	2.380
260.92	2.423
261.28	2.761
261.64	2.728
262.01	2.851
262.37	2.876
262.73	3.090
263.10	2.905
263.46	2.611
263.82	2.442
264.19	2.539
264.55	2.484
264.91	2.378
265.28	2.067
265.64	2.092
266.00	1.947
266.37	1.899
266.73	1.894
267.09	2.103
267.46	2.228
267.82	2.234
268.18	2.449
268.54	2.654
268.91	2.577
269.27	2.864
269.63	3.073
270.00	3.034
270.36	3.129
270.72	3.459
271.08	3.316
271.45	3.141
271.81	3.183
272.17	3.028
272.53	2.969
272.90	3.057
273.26	3.000
273.62	2.763
273.98	2.594
274.35	2.363
274.71	2.179
275.07	2.356
275.43	2.612
275.80	2.723
276.16	2.676
276.52	2.726
276.88	2.802
277.25	2.675
277.61	2.679
277.97	2.736
278.33	2.996
278.69	2.774
279.06	2.497
279.42	2.524
279.78	2.479
280.14	2.660
280.50	2.791
280.87	2.855
281.23	2.917
281.59	3.027
281.95	3.204
282.31	3.270
282.68	3.263
283.04	3.200
283.40	3.226
283.76	3.267
284.12	3.295
284.48	3.347
284.85	3.340
285.21	3.387
285.57	3.233
285.93	3.299
286.29	3.192
286.65	3.299
287.02	3.764
287.38	3.730
287.74	3.724
288.10	3.655
288.46	3.439
288.82	3.312
289.18	3.213
289.54	3.189
289.91	3.115
290.27	3.123
290.63	3.219
290.99	3.100
291.35	3.150
291.71	3.334
292.07	3.271
292.43	3.418
292.79	3.479
293.16	3.703
293.52	3.901
293.88	3.980
294.24	3.979
294.60	3.871
294.96	3.750
295.32	3.754
295.68	3.661
296.04	3.612
296.40	3.552
296.76	3.545
297.12	3.419
297.49	3.347
297.85	3.156
298.21	3.110
298.57	3.058
298.93	3.122
299.29	3.034
299.65	3.044
300.01	3.170
300.37	3.290
300.73	3.636
301.09	3.730
301.45	3.904
301.81	4.143
302.17	4.063
302.53	4.022
302.89	4.028
303.25	4.134
303.61	4.160
303.97	4.088
304.33	4.014
304.69	3.920
305.05	3.996
305.41	3.912
305.77	3.794
306.13	3.824
306.49	3.913
306.85	3.921
307.21	3.878
307.57	3.849
307.93	3.883
308.29	4.035
308.65	3.909
309.01	3.804
309.37	3.748
309.73	3.730
310.09	3.945
310.45	4.023
310.81	4.006
311.17	3.972
311.53	3.932
311.89	4.021
312.25	3.891
312.61	3.893
312.96	3.921
313.32	4.007
313.68	4.011
314.04	3.793
314.40	3.741
314.76	3.638
315.12	3.597
315.48	3.719
315.84	3.635
316.20	3.615
316.56	3.599
316.92	3.565
317.27	3.528
317.63	3.573
317.99	3.577
318.35	3.564
318.71	3.634
319.07	3.744
319.43	3.747
319.79	3.815
320.15	3.810
320.50	3.943
320.86	3.972
321.22	3.935
321.58	3.891
321.94	3.782
322.30	3.702
322.66	3.674
323.01	3.541
323.37	3.400
323.73	3.315
324.09	3.322
324.45	3.399
324.81	3.337
325.17	3.381
325.52	3.465
325.88	3.629
326.24	3.791
326.60	3.833
326.96	3.949
327.31	3.965
327.67	4.014
328.03	3.992
328.39	3.777
328.75	3.852
329.11	3.934
329.46	3.972
329.82	3.980
330.18	3.838
330.54	3.830
330.90	3.777
331.25	3.806
331.61	3.869
331.97	3.842
332.33	3.869
332.68	3.943
333.04	3.899
333.40	3.843
333.76	3.844
334.11	3.922
334.47	4.016
334.83	4.089
335.19	4.113
335.54	4.086
335.90	4.129
336.26	4.186
336.62	4.076
336.97	3.995
337.33	3.861
337.69	3.865
338.05	3.804
338.40	3.746
338.76	3.749
339.12	3.718
339.48	3.672
339.83	3.713
340.19	3.673
340.55	3.810
340.90	3.834
341.26	3.937
341.62	3.874
341.97	3.912
342.33	3.890
342.69	3.912
343.04	3.985
343.40	3.937
343.76	3.797
344.12	3.826
344.47	3.743
344.83	3.780
345.19	3.861
345.54	3.893
345.90	3.947
346.26	4.013
346.61	4.014
346.97	3.960
347.32	3.986
347.68	4.086
348.04	4.027
348.39	3.999
348.75	4.028
349.11	3.951
349.46	3.930
349.82	3.868
350.18	3.790
350.53	3.782
350.89	3.783
351.24	3.859
351.60	3.868
351.96	4.003
352.31	4.022
352.67	4.027
353.02	4.009
353.38	4.111
353.74	4.180
354.09	4.274
354.45	4.325
354.80	4.357
355.16	4.347
355.52	4.403
355.87	4.338
356.23	4.373
356.58	4.376
356.94	4.438
357.29	4.443
357.65	4.463
358.00	4.421
358.36	4.454
358.72	4.470
359.07	4.499
359.43	4.524
359.78	4.606
360.14	4.608
360.49	4.606
360.85	4.599
361.20	4.557
361.56	4.555
361.91	4.584
362.27	4.584
362.62	4.584
362.98	4.616
363.33	4.599
363.69	4.593
364.04	4.666
364.40	4.745
364.75	4.809
365.11	4.850
365.46	4.820
365.82	4.869
366.17	4.852
366.53	4.931
366.88	4.921
367.24	4.958
367.59	4.949
367.95	4.969
368.30	4.937
368.66	4.939
369.01	4.923
369.37	4.971
369.72	4.944
370.08	4.980
370.43	4.981
370.78	5.026
371.14	4.983
371.49	4.997
371.85	4.963
372.20	4.991
372.56	4.972
372.91	4.996
373.26	5.005
373.62	5.009
373.97	5.028
374.33	5.011
374.68	5.016
375.03	5.092
375.39	5.075
375.74	5.078
376.10	5.068
376.45	5.127
376.80	5.174
377.16	5.179
377.51	5.215
377.87	5.266
378.22	5.243
378.57	5.256
378.93	5.273
379.28	5.350
379.63	5.374
379.99	5.438
380.34	5.441
380.70	5.454
381.05	5.535
381.40	5.560
381.76	5.602
382.11	5.665
382.46	5.697
382.82	5.711
383.17	5.697
383.52	5.735
383.88	5.720
384.23	5.740
384.58	5.751
384.94	5.697
385.29	5.717
385.64	5.722
385.99	5.735
386.35	5.730
386.70	5.783
387.05	5.784
387.41	5.789
387.76	5.790
388.11	5.780
388.47	5.790
388.82	5.820
389.17	5.806
389.52	5.783
389.88	5.794
390.23	5.830
390.58	5.824
390.93	5.867
391.29	5.901
391.64	5.963
391.99	5.995
392.34	6.063
392.70	6.088
393.05	6.092
393.40	6.097
393.75	6.136
394.11	6.169
394.46	6.129
394.81	6.141
395.16	6.102
395.52	6.070
395.87	6.078
396.22	6.058
396.57	6.051
396.92	6.059
397.28	6.023
397.63	5.970
397.98	5.917
398.33	5.933
398.68	5.914
399.04	5.908
399.39	5.902
399.74	5.892
400.09	5.864
400.44	5.891
400.80	5.896
401.15	5.928
401.50	5.979
401.85	6.009
402.20	6.005
402.55	6.046
402.90	6.056
403.26	6.071
403.61	6.070
403.96	6.077
404.31	6.059
404.66	6.066
405.01	6.060
405.36	6.067
405.72	6.059
406.07	6.083
406.42	6.038
406.77	6.064
407.12	6.068
407.47	6.068
407.82	6.093
408.17	6.096
408.53	6.100
408.88	6.083
409.23	6.064
409.58	6.035
409.93	6.060
410.28	6.100
410.63	6.076
410.98	6.079
411.33	6.091
411.68	6.086
412.03	6.120
412.38	6.117
412.73	6.175
413.09	6.178
413.44	6.215
413.79	6.204
414.14	6.208
414.49	6.251
414.84	6.276
415.19	6.283
415.54	6.310
415.89	6.277
416.24	6.325
416.59	6.344
416.94	6.367
417.29	6.380
417.64	6.387
417.99	6.405
418.34	6.428
418.69	6.448
419.04	6.464
419.39	6.467
419.74	6.502
420.09	6.509
420.44	6.521
420.79	6.528
421.14	6.551
421.49	6.591
421.84	6.595
422.19	6.611
422.54	6.613
422.89	6.627
423.24	6.640
423.59	6.654
423.94	6.650
424.29	6.653
424.64	6.681
424.99	6.677
425.34	6.667
425.68	6.683
426.03	6.659
426.38	6.662
426.73	6.683
427.08	6.692
427.43	6.704
427.78	6.731
428.13	6.722
428.48	6.715
428.83	6.714
429.18	6.713
429.53	6.710
429.87	6.699
430.22	6.687
430.57	6.699
430.92	6.703
431.27	6.715
431.62	6.701
431.97	6.699
432.32	6.688
432.67	6.683
433.01	6.672
433.36	6.666
433.71	6.679
434.06	6.703
434.41	6.690
434.76	6.696
435.11	6.702
435.45	6.727
435.80	6.765
436.15	6.798
436.50	6.835
436.85	6.867
437.20	6.881
437.54	6.893
437.89	6.909
438.24	6.922
438.59	6.935
438.94	6.942
439.29	6.929
439.63	6.937
439.98	6.942
440.33	6.927
440.68	6.945
441.03	6.969
441.37	7.017
441.72	7.040
442.07	7.050
442.42	7.069
442.76	7.088
443.11	7.132
443.46	7.150
443.81	7.171
444.16	7.206
444.50	7.207
444.85	7.219
445.20	7.224
445.55	7.236
445.89	7.263
446.24	7.283
446.59	7.276
446.94	7.281
447.28	7.286
447.63	7.300
447.98	7.298
448.32	7.319
448.67	7.336
449.02	7.327
449.37	7.317
449.71	7.332
450.06	7.327
450.41	7.352
450.75	7.364
451.10	7.375
451.45	7.373
451.79	7.404
452.14	7.409
452.49	7.428
452.84	7.442
453.18	7.449
453.53	7.442
453.88	7.459
454.22	7.484
454.57	7.485
454.92	7.504
455.26	7.525
455.61	7.558
455.95	7.595
456.30	7.611
456.65	7.659
456.99	7.697
457.34	7.731
457.69	7.748
458.03	7.766
458.38	7.793
458.73	7.806
459.07	7.831
459.42	7.834
459.76	7.820
460.11	7.823
460.46	7.795
460.80	7.814
461.15	7.813
461.49	7.806
461.84	7.811
462.19	7.815
462.53	7.838
462.88	7.829
463.22	7.809
463.57	7.836
463.91	7.854
464.26	7.880
464.61	7.875
464.95	7.879
465.30	7.914
465.64	7.946
465.99	7.992
466.33	8.007
466.68	8.024
467.02	8.061
467.37	8.075
467.71	8.080
468.06	8.094
468.41	8.111
468.75	8.127
469.10	8.127
469.44	8.107
469.79	8.079
470.13	8.061
470.48	8.066
470.82	8.072
471.17	8.062
471.51	8.056
471.86	8.048
472.20	8.036
472.55	8.059
472.89	8.055
473.23	8.056
473.58	8.074
473.92	8.085
474.27	8.083
474.61	8.069
474.96	8.092
475.30	8.130
475.65	8.133
475.99	8.141
476.34	8.146
476.68	8.149
477.02	8.167
477.37	8.174
477.71	8.221
478.06	8.275
478.40	8.342
478.75	8.403
479.09	8.492
479.43	8.633
479.78	8.817
480.12	8.994
480.47	9.210
480.81	9.405
481.15	9.607
481.50	9.804
481.84	10.028
482.19	10.260
482.53	10.475
482.87	10.618
483.22	10.652
483.56	10.572
483.90	10.436
484.25	10.243
484.59	10.039
484.94	9.859
485.28	9.685
485.62	9.490
485.97	9.284
486.31	9.104
486.65	8.978
487.00	8.936
487.34	8.968
487.68	9.051
488.03	9.153
488.37	9.268
488.71	9.332
489.06	9.363
489.40	9.376
489.74	9.380
490.09	9.390
490.43	9.383
490.77	9.385
491.11	9.393
491.46	9.372
491.80	9.359
492.14	9.338
492.49	9.330
492.83	9.316
493.17	9.290
493.51	9.288
493.86	9.266
494.20	9.288
494.54	9.303
494.88	9.319
495.23	9.363
495.57	9.405
495.91	9.445
496.25	9.476
496.60	9.515
496.94	9.568
497.28	9.608
497.62	9.645
497.97	9.669
498.31	9.708
498.65	9.730
498.99	9.746
499.33	9.806
499.68	9.857
500.02	9.903
500.36	9.938
500.70	9.965
501.04	9.989
501.39	10.030
501.73	10.085
502.07	10.152
502.41	10.213
502.75	10.271
503.09	10.303
503.44	10.354
503.78	10.378
504.12	10.426
504.46	10.485
504.80	10.552
505.14	10.616
505.49	10.664
505.83	10.679
506.17	10.716
506.51	10.772
506.85	10.812
507.19	10.844
507.53	10.894
507.87	10.941
508.22	10.991
508.56	11.033
508.90	11.070
509.24	11.112
509.58	11.176
509.92	11.228
510.26	11.267
510.60	11.306
510.94	11.347
511.28	11.406
511.63	11.457
511.97	11.497
512.31	11.543
512.65	11.607
512.99	11.657
513.33	11.707
513.67	11.771
514.01	11.846
514.35	11.918
514.69	12.001
515.03	12.065
515.37	12.128
515.71	12.206
516.05	12.285
516.39	12.328
516.73	12.386
517.07	12.430
517.41	12.455
517.75	12.493
518.09	12.537
518.43	12.551
518.77	12.568
519.11	12.593
519.45	12.593
519.79	12.604
520.13	12.619
520.47	12.627
520.81	12.658
521.15	12.711
521.49	12.746
521.83	12.784
522.17	12.836
522.51	12.913
522.85	12.992
523.19	13.100
523.53	13.232
523.87	13.377
524.21	13.534
524.55	13.685
524.89	13.814
525.23	13.959
525.57	14.077
525.91	14.194
526.25	14.293
526.58	14.392
526.92	14.467
527.26	14.510
527.60	14.526
527.94	14.540
528.28	14.524
528.62	14.514
528.96	14.478
529.30	14.453
529.64	14.421
529.97	14.398
530.31	14.348
530.65	14.321
530.99	14.303
531.33	14.311
531.67	14.306
532.01	14.325
532.35	14.336
532.68	14.352
533.02	14.348
533.36	14.354
533.70	14.344
534.04	14.360
534.38	14.356
534.71	14.350
535.05	14.344
535.39	14.340
535.73	14.341
536.07	14.351
536.41	14.351
536.74	14.375
537.08	14.406
537.42	14.468
537.76	14.510
538.10	14.592
538.43	14.665
538.77	14.744
539.11	14.814
539.45	14.871
539.79	14.915
540.12	14.978
540.46	15.017
540.80	15.044
541.14	15.045
541.47	15.042
541.81	15.030
542.15	15.010
542.49	14.983
542.82	14.963
543.16	14.944
543.50	14.947
543.84	14.918
544.17	14.906
544.51	14.909
544.85	14.898
545.18	14.904
545.52	14.900
545.86	14.913
546.20	14.944
546.53	14.953
546.87	14.954
547.21	14.946
547.54	14.957
547.88	14.959
548.22	14.935
548.55	14.945
548.89	14.983
549.23	15.009
549.56	15.029
549.90	15.042
550.24	15.070
550.57	15.090
550.91	15.089
551.25	15.114
551.58	15.147
551.92	15.178
552.26	15.215
552.59	15.226
552.93	15.242
553.27	15.265
553.60	15.270
553.94	15.255
554.27	15.293
554.61	15.332
554.95	15.354
555.28	15.377
555.62	15.403
555.95	15.429
556.29	15.445
556.63	15.456
556.96	15.439
557.30	15.449
557.63	15.470
557.97	15.467
558.31	15.458
558.64	15.456
558.98	15.483
559.31	15.528
559.65	15.522
559.98	15.544
560.32	15.546
560.65	15.573
560.99	15.594
561.33	15.648
561.66	15.672
562.00	15.702
562.33	15.710
562.67	15.710
563.00	15.700
563.34	15.734
563.67	15.728
564.01	15.743
564.34	15.776
564.68	15.794
565.01	15.794
565.35	15.792
565.68	15.814
566.02	15.835
566.35	15.849
566.69	15.845
567.02	15.871
567.36	15.874
567.69	15.892
568.03	15.907
568.36	15.925
568.69	15.911
569.03	15.949
569.36	15.970
569.70	15.976
570.03	16.012
570.37	16.038
570.70	16.040
571.04	16.067
571.37	16.075
571.70	16.057
572.04	16.059
572.37	16.084
572.71	16.062
573.04	16.064
573.37	16.087
573.71	16.084
574.04	16.082
574.38	16.080
574.71	16.096
575.04	16.101
575.38	16.127
575.71	16.129
576.05	16.138
576.38	16.175
576.71	16.133
577.05	16.129
577.38	16.129
577.71	16.144
578.05	16.129
578.38	16.125
578.71	16.111
579.05	16.109
579.38	16.081
579.71	16.087
580.05	16.063
580.38	16.111
580.71	16.135
581.05	16.116
581.38	16.115
581.71	16.153
582.05	16.157
582.38	16.189
582.71	16.171
583.04	16.212
583.38	16.195
583.71	16.214
584.04	16.199
584.38	16.191
584.71	16.228
585.04	16.258
585.37	16.285
585.71	16.310
586.04	16.309
586.37	16.401
586.70	16.408
587.04	16.454
587.37	16.468
587.70	16.506
588.03	16.511
588.37	16.544
588.70	16.541
589.03	16.533
589.36	16.539
589.69	16.576
590.03	16.525
590.36	16.538
590.69	16.522
591.02	16.527
591.35	16.518
591.69	16.539
592.02	16.506
592.35	16.506
592.68	16.538
593.01	16.542
593.35	16.562
593.68	16.576
594.01	16.583
594.34	16.599
594.67	16.607
595.00	16.617
595.34	16.599
595.67	16.593
596.00	16.617
596.33	16.608
596.66	16.592
596.99	16.554
597.32	16.563
597.65	16.570
597.99	16.574
598.32	16.544
598.65	16.521
598.98	16.509
599.31	16.495
599.64	16.495
599.97	16.471
600.30	16.458
600.63	16.471
600.96	16.446
601.30	16.449
601.63	16.458
601.96	16.493
602.29	16.541
602.62	16.557
602.95	16.585
603.28	16.603
603.61	16.604
603.94	16.609
604.27	16.619
604.60	16.653
604.93	16.662
605.26	16.655
605.59	16.655
605.92	16.639
606.25	16.651
606.58	16.687
606.91	16.663
607.24	16.681
607.57	16.711
607.90	16.722
608.23	16.734
608.56	16.721
608.89	16.726
609.22	16.749
609.55	16.746
609.88	16.763
610.21	16.744
610.54	16.720
610.87	16.693
611.20	16.678
611.53	16.645
611.86	16.605
612.19	16.612
612.52	16.608
612.85	16.571
613.18	16.564
613.51	16.506
613.84	16.468
614.17	16.483
614.49	16.496
614.82	16.469
615.15	16.473
615.48	16.481
615.81	16.491
616.14	16.517
616.47	16.524
616.80	16.500
617.13	16.508
617.46	16.498
617.78	16.496
618.11	16.480
618.44	16.501
618.77	16.483
619.10	16.478
619.43	16.446
619.76	16.387
620.09	16.428
620.41	16.441
620.74	16.525
621.07	16.593
621.40	16.633
621.73	16.644
622.06	16.681
622.38	16.724
622.71	16.777
623.04	16.834
623.37	16.909
623.70	16.893
624.02	16.943
624.35	16.921
624.68	16.912
625.01	16.912
625.34	16.988
625.66	17.013
625.99	17.039
626.32	17.056
626.65	17.050
626.98	17.059
627.30	17.098
627.63	17.112
627.96	17.112
628.29	17.142
628.61	17.157
628.94	17.171
629.27	17.168
629.60	17.138
629.92	17.141
630.25	17.108
630.58	17.077
630.91	17.070
631.23	17.043
631.56	17.062
631.89	17.017
632.21	17.023
632.54	16.980
632.87	16.973
633.19	16.999
633.52	16.993
633.85	17.003
634.18	17.011
634.50	16.979
634.83	16.972
635.16	16.915
635.48	16.887
635.81	16.834
636.14	16.810
636.46	16.788
636.79	16.764
637.11	16.731
637.44	16.681
637.77	16.634
638.09	16.554
638.42	16.509
638.75	16.486
639.07	16.495
639.40	16.493
639.73	16.435
640.05	16.386
640.38	16.353
640.70	16.280
641.03	16.276
641.36	16.240
641.68	16.242
642.01	16.176
642.33	16.187
642.66	16.141
642.98	16.136
643.31	16.125
643.64	16.101
643.96	16.088
644.29	16.101
644.61	16.093
644.94	16.084
645.26	16.090
645.59	16.137
645.91	16.118
646.24	16.127
646.56	16.104
646.89	16.085
647.22	16.072
647.54	16.066
647.87	16.082
648.19	16.066
648.52	16.017
648.84	16.000
649.17	15.982
649.49	15.970
649.82	15.960
650.14	15.979
650.47	15.974
650.79	16.014
651.11	15.994
651.44	15.939
651.76	15.947
652.09	16.064
652.41	16.094
652.74	16.115
653.06	16.129
653.39	16.165
653.71	16.121
654.04	16.132
654.36	16.138
654.68	16.159
655.01	16.237
655.33	16.267
655.66	16.195
655.98	16.213
656.30	16.177
656.63	16.170
656.95	16.184
657.28	16.173
657.60	16.153
657.92	16.077
658.25	16.067
658.57	16.026
658.90	15.942
659.22	15.917
659.54	15.868
659.87	15.908
660.19	15.853
660.51	15.751
660.84	15.745
661.16	15.726
661.48	15.686
661.81	15.612
662.13	15.507
662.45	15.538
662.78	15.548
663.10	15.532
663.42	15.469
663.75	15.481
664.07	15.502
664.39	15.464
664.72	15.458
665.04	15.549
665.36	15.594
665.69	15.615
666.01	15.651
666.33	15.698
666.65	15.678
666.98	15.735
667.30	15.770
667.62	15.775
667.94	15.810
668.27	15.836
668.59	15.854
668.91	15.907
669.23	15.959
669.56	15.970
669.88	15.987
670.20	16.096
670.52	16.144
670.85	16.164
671.17	16.237
671.49	16.298
671.81	16.396
672.13	16.435
672.46	16.473
672.78	16.631
673.10	16.699
673.42	16.806
673.74	16.878
674.07	16.970
674.39	17.112
674.71	17.232
675.03	17.401
675.35	17.517
675.67	17.659
676.00	17.729
676.32	17.734
676.64	17.834
676.96	17.956
677.28	18.076
677.60	18.212
677.92	18.368
678.25	18.518
678.57	18.594
678.89	18.647
679.21	18.721
679.53	18.906
679.85	19.100
680.17	19.275
680.49	19.400
680.81	19.532
681.13	19.651
681.46	19.778
681.78	19.932
682.10	20.151
682.42	20.387
682.74	20.596
683.06	20.783
683.38	20.988
683.70	21.213
684.02	21.394
684.34	21.601
684.66	21.793
684.98	21.968
685.30	22.127
685.62	22.306
685.94	22.463
686.26	22.609
686.58	22.737
686.90	22.813
687.22	22.904
687.54	23.010
687.86	23.029
688.18	23.122
688.50	23.187
688.82	23.225
689.14	23.254
689.46	23.317
689.78	23.467
690.10	23.591
690.42	23.682
690.74	23.759
691.06	23.828
691.38	23.967
691.70	24.005
692.02	24.041
692.34	24.226
692.66	24.307
692.98	24.306
693.30	24.257
693.62	24.197
693.94	24.208
694.26	24.142
694.57	24.151
694.89	24.170
695.21	24.217
695.53	24.275
695.85	24.195
696.17	24.203
696.49	24.363
696.81	24.462
697.13	24.540
697.44	24.597
697.76	24.675
698.08	24.754
698.40	24.839
698.72	24.918
699.04	24.987
699.36	25.148
699.67	25.196
699.99	25.105
700.31	25.073
700.63	25.116
700.95	25.261
701.27	25.399
701.58	25.388
701.90	25.384
702.22	25.375
702.54	25.362
702.86	25.307
703.17	25.398
703.49	25.620
703.81	25.744
704.13	25.753
704.45	25.714
704.76	25.698
705.08	25.808
705.40	25.877
705.72	26.023
706.03	26.118
706.35	26.179
706.67	26.230
706.99	26.160
707.30	26.325
707.62	26.452
707.94	26.523
708.26	26.600
708.57	26.672
708.89	26.810
709.21	26.859
709.53	26.981
709.84	27.122
710.16	27.241
710.48	27.358
710.79	27.341
711.11	27.347
711.43	27.353
711.74	27.478
712.06	27.558
712.38	27.559
712.69	27.623
713.01	27.651
713.33	27.702
713.64	27.834
713.96	27.968
714.28	28.096
714.59	28.357
714.91	28.577
715.23	28.673
715.54	28.792
715.86	28.960
716.17	29.049
716.49	29.189
716.81	29.369
717.12	29.376
717.44	29.446
717.76	29.542
718.07	29.526
718.39	29.623
718.70	29.631
719.02	29.599
719.33	29.687
719.65	29.671
719.97	29.660
720.28	29.626
720.60	29.686
720.91	29.706
721.23	29.782
721.54	29.821
721.86	29.817
722.17	29.871
722.49	30.039
722.81	29.896
723.12	30.015
723.44	30.077
723.75	30.208
724.07	30.266
724.38	30.340
724.70	30.404
725.01	30.349
725.33	30.415
725.64	30.500
725.96	30.546
726.27	30.585
726.59	30.623
726.90	30.715
727.22	30.565
727.53	30.566
727.84	30.562
728.16	30.491
728.47	30.566
728.79	30.589
729.10	30.519
729.42	30.418
729.73	30.440
730.05	30.436
730.36	30.373
730.67	30.465
730.99	30.477
731.30	30.513
731.62	30.477
731.93	30.555
732.24	30.498
732.56	30.552
732.87	30.643
733.19	30.706
733.50	30.635
733.81	30.593
734.13	30.528
734.44	30.536
734.76	30.360
735.07	30.409
735.38	30.210
735.70	30.240
736.01	30.162
736.32	30.113
736.64	30.162
736.95	30.191
737.26	30.206
737.58	30.195
737.89	30.149
738.20	30.200
738.52	30.168
738.83	30.228
739.14	30.169
739.45	30.174
739.77	30.160
740.08	30.109
740.39	30.220
740.71	30.293
741.02	30.277
741.33	30.223
741.64	30.369
741.96	30.395
742.27	30.521
742.58	30.682
742.90	30.696
743.21	30.675
743.52	30.721
743.83	30.651
744.14	30.551
744.46	30.732
744.77	30.856
745.08	30.687
745.39	30.533
745.71	30.353
746.02	30.233
746.33	30.270
746.64	30.304
746.95	30.431
747.27	30.625
747.58	30.796
747.89	30.699
748.20	30.607
748.51	30.886
748.82	30.994
749.14	31.256
749.45	31.359
749.76	31.462
750.07	31.486
750.38	31.343
750.69	31.182
751.01	31.244
751.32	31.352
751.63	31.400
751.94	31.168
752.25	31.125
752.56	30.967
752.87	30.846
753.18	30.869
753.49	30.873
753.81	31.157
754.12	31.187
754.43	31.003
754.74	30.947
755.05	31.093
755.36	31.237
755.67	31.537
755.98	32.012
756.29	32.258
756.60	32.491
756.91	32.786
757.22	32.813
757.53	33.090
757.84	33.549
758.15	33.877
758.46	34.081
758.77	34.373
759.09	34.479
759.40	34.475
759.71	34.592
760.02	34.622
760.33	34.644
760.64	34.635
760.95	34.783
761.26	34.615
761.57	34.622
761.88	34.623
762.18	34.621
762.49	34.577
762.80	34.552
763.11	34.513
763.42	34.327
763.73	34.227
764.04	34.189
764.35	34.001
764.66	33.981
764.97	33.787
765.28	33.525
765.59	33.224
765.90	32.893
766.21	32.507
766.52	32.210
766.83	32.157
767.14	32.080
767.44	31.738
767.75	31.384
768.06	31.164
768.37	30.870
768.68	30.979
768.99	30.904
769.30	30.929
769.61	30.623
769.91	30.526
770.22	30.264
770.53	30.135
770.84	30.179
771.15	30.088
771.46	29.986
771.77	30.035
772.07	29.879
772.38	30.007
772.69	30.003
773.00	30.315
773.31	30.353
773.61	30.668
773.92	30.359
774.23	30.515
774.54	30.511
774.85	30.423
775.15	30.370
775.46	30.394
775.77	30.144
776.08	30.199
776.39	30.085
776.69	30.172
777.00	30.188
777.31	30.441
777.62	30.252
777.92	30.352
778.23	30.434
778.54	30.579
778.85	30.626
779.15	30.573
779.46	30.420
779.77	30.692
780.07	30.798
780.38	31.013
780.69	30.838
781.00	31.260
781.30	31.335
781.61	31.413
781.92	31.450
782.22	31.582
782.53	31.751
782.84	32.103
783.14	31.935
783.45	31.597
783.76	31.435
784.06	31.679
784.37	31.281
784.68	31.215
784.98	31.349
785.29	31.435
785.60	31.397
785.90	31.673
786.21	31.635
786.51	31.925
786.82	32.344
787.13	32.489
787.43	32.603
787.74	32.789
788.04	33.032
788.35	33.215
788.66	33.075
788.96	33.337
789.27	33.447
789.57	33.454
789.88	33.228
790.19	33.141
790.49	32.796
790.80	32.954
791.10	32.885
791.41	32.847
791.71	32.684
792.02	32.815
792.32	32.442
792.63	32.324
792.93	32.533
793.24	32.518
793.54	32.518
793.85	32.872
794.15	32.846
794.46	33.149
794.76	33.229
795.07	33.375
795.37	33.353
795.68	33.341
795.98	33.774
796.29	33.826
796.59	33.877
796.90	33.856
797.20	33.646
797.51	33.699
797.81	33.363
798.12	33.364
798.42	33.322
798.72	33.583
799.03	33.982
799.33	33.371
799.64	33.101
799.94	33.532
800.25	33.424
800.55	33.660
800.85	33.742
801.16	33.990
801.46	33.874
801.77	33.767
802.07	33.738
802.37	33.652
802.68	33.541
802.98	33.564
803.28	33.484
803.59	33.839
803.89	33.623
804.20	33.551
804.50	33.528
804.80	33.671
805.11	34.106
805.41	34.179
805.71	34.286
806.02	34.635
806.32	34.633
806.62	34.550
806.93	34.547
807.23	34.922
807.53	34.925
807.83	35.151
808.14	35.263
808.44	35.069
808.74	35.033
809.05	34.838
809.35	34.872
809.65	35.165
809.95	35.530
810.26	35.589
810.56	35.699
810.86	36.077
811.16	36.262
811.47	36.732
811.77	37.060
812.07	37.238
812.37	37.253
812.68	37.459
812.98	37.761
813.28	37.722
813.58	37.869
813.88	37.868
814.19	38.198
814.49	38.283
814.79	38.690
815.09	38.955
815.39	38.694
815.70	39.097
816.00	39.133
816.30	39.177
816.60	38.983
816.90	38.821
817.20	38.581
817.50	38.008
817.81	37.581
818.11	37.221
818.41	37.099
818.71	37.334
819.01	37.544
819.31	37.871
819.61	38.054
819.92	38.435
820.22	38.798
820.52	39.108
820.82	39.470
821.12	40.019
821.42	40.402
821.72	40.726
822.02	41.104
822.32	41.460
822.62	41.884
822.92	42.215
823.22	42.505
823.52	42.788
823.83	42.996
824.13	43.080
824.43	42.848
824.73	42.921
825.03	42.890
825.33	42.888
825.63	42.681
825.93	42.331
826.23	42.194
826.53	42.032
826.83	41.873
827.13	42.085
827.43	42.326
827.73	42.881
828.03	43.011
828.33	43.428
828.63	43.546
828.93	43.846
829.23	43.782
829.53	43.746
829.83	43.383
830.13	43.219
830.42	42.550
830.72	42.142
831.02	41.508
831.32	41.110
831.62	40.951
831.92	40.798
832.22	40.699
832.52	40.662
832.82	40.808
833.12	41.254
833.42	41.260
833.72	41.375
834.01	41.551
834.31	41.858
834.61	42.304
834.91	42.747
835.21	43.067
835.51	43.474
835.81	43.533
836.11	43.604
836.40	43.117
836.70	43.357
837.00	43.897
837.30	43.957
837.60	43.877
837.90	43.616
838.19	42.637
838.49	42.324
838.79	41.897
839.09	42.527
839.39	42.480
839.68	42.924
839.98	42.000
840.28	41.335
840.58	41.494
840.88	41.856
841.17	41.298
841.47	42.225
841.77	42.154
842.07	41.529
842.36	41.425
842.66	41.538
842.96	40.145
843.26	40.397
843.55	40.183
843.85	39.309
844.15	38.238
844.45	37.209
844.74	37.403
845.04	37.338
845.34	38.096
845.63	37.212
845.93	37.764
846.23	38.636
846.53	38.547
846.82	38.284
847.12	37.937
847.42	37.326
847.71	37.935
848.01	35.172
848.31	35.023
848.60	33.950
848.90	33.847
849.19	32.987
849.49	33.417
849.79	34.667
850.08	34.477
850.38	34.930
850.68	35.824
850.97	36.357
851.27	37.393
851.56	36.764
851.86	38.074
852.16	40.004
852.45	39.082
852.75	38.922
853.04	39.115
853.34	40.099
853.64	39.791
853.93	39.010
854.23	38.650
854.52	38.645
854.82	40.628
855.11	39.771
855.41	39.057
855.70	40.781
856.00	39.477
856.30	38.861
856.59	38.273
856.89	38.755
857.18	41.436
857.48	41.908
857.77	40.598
858.07	40.598
858.36	37.806
858.66	37.000
858.95	36.111
859.25	38.310
859.54	37.138
859.84	38.382
860.13	37.933
860.42	36.391
860.72	36.179
861.01	38.476
861.31	38.311
861.60	41.952
861.90	42.330
862.19	44.115
862.49	43.307
862.78	44.120
863.07	44.069
863.37	43.156
863.66	42.449
863.96	44.531
864.25	45.067
864.54	44.638
864.84	45.051
865.13	44.531
865.43	43.548
865.72	53.915
866.01	46.182
866.31	52.111
866.60	32.546
866.89	45.404
>>>>>End Spectral Data<<<<<
