180.30	0.000
180.67	0.000
181.03	224.077
181.40	35.929
181.77	92.144
182.14	311.064
182.51	53.596
182.88	-116.071
183.25	18.430
183.62	100.160
183.99	59.748
184.36	161.367
184.73	107.093
185.10	-6.709
185.46	-139.445
185.83	76.132
186.20	-172.307
186.57	55.827
186.94	-122.569
187.31	-44.417
187.68	-532.662
188.05	-415.300
188.42	-269.608
188.78	-66.144
189.15	-60.972
189.52	-49.600
189.89	-74.368
190.26	-43.011
190.63	-11.844
191.00	-8.799
191.37	-31.681
191.73	-30.845
192.10	-33.067
192.47	7.728
192.84	-11.824
193.21	21.285
193.58	0.954
193.94	-26.056
194.31	-7.996
194.68	-4.035
195.05	-11.356
195.42	17.991
195.79	19.108
196.15	20.008
196.52	26.467
196.89	15.592
197.26	-2.689
197.63	5.577
198.00	14.455
198.36	-3.763
198.73	-17.862
199.10	-13.128
199.47	-12.290
199.84	-22.164
200.20	-27.054
200.57	-31.620
200.94	-54.927
201.31	-58.234
201.68	-70.922
202.04	-66.149
202.41	-79.744
202.78	-74.881
203.15	-102.686
203.51	-104.083
203.88	-60.346
204.25	-40.493
204.62	-36.579
204.98	-9.327
205.35	-8.732
205.72	-1.252
206.09	-13.377
206.46	-3.122
206.82	-3.388
207.19	6.124
207.56	-4.944
207.92	-6.508
208.29	-21.986
208.66	-32.430
209.03	-35.609
209.39	-9.496
209.76	2.650
210.13	13.906
210.50	11.661
210.86	22.638
211.23	10.925
211.60	-2.565
211.96	-12.463
212.33	-14.708
212.70	-11.422
213.07	-3.539
213.43	-32.343
213.80	-33.076
214.17	-19.329
214.53	-19.240
214.90	-36.811
215.27	-14.385
215.63	-4.792
216.00	4.360
216.37	28.805
216.74	22.951
217.10	14.960
217.47	25.092
217.84	24.486
218.20	16.145
218.57	24.084
218.94	32.152
219.30	22.064
219.67	22.441
220.04	20.330
220.40	14.500
220.77	14.817
221.13	18.076
221.50	21.155
221.87	23.753
222.23	23.672
222.60	16.109
222.97	13.005
223.33	13.894
223.70	10.492
224.07	8.988
224.43	7.022
224.80	8.456
225.16	7.921
225.53	6.786
225.90	6.316
226.26	7.853
226.63	8.213
226.99	8.982
227.36	9.114
227.73	9.393
228.09	9.459
228.46	10.460
228.82	10.030
229.19	10.499
229.56	10.324
229.92	9.743
230.29	8.179
230.65	8.714
231.02	7.805
231.38	6.003
231.75	5.585
232.12	5.349
232.48	3.727
232.85	4.149
233.21	4.174
233.58	4.447
233.94	5.129
234.31	6.277
234.68	5.820
235.04	7.769
235.41	8.335
235.77	9.144
236.14	8.871
236.50	8.927
236.87	9.095
237.23	8.898
237.60	9.419
237.96	9.721
238.33	9.812
238.69	10.095
239.06	8.891
239.42	8.949
239.79	8.995
240.15	9.344
240.52	9.392
240.88	9.322
241.25	9.267
241.61	8.699
241.98	8.667
242.34	8.555
242.71	8.264
243.07	8.652
243.44	8.492
243.80	8.431
244.17	8.296
244.53	8.342
244.90	8.137
245.26	8.360
245.63	8.700
245.99	8.671
246.36	8.735
246.72	8.882
247.09	8.796
247.45	8.815
247.81	8.851
248.18	8.980
248.54	8.786
248.91	8.918
249.27	8.820
249.64	8.716
250.00	8.780
250.36	8.909
250.73	8.686
251.09	8.879
251.46	9.176
251.82	9.237
252.19	9.147
252.55	9.661
252.91	9.837
253.28	9.721
253.64	9.299
254.01	9.499
254.37	9.273
254.73	9.210
255.10	9.258
255.46	8.956
255.83	8.840
256.19	8.899
256.55	8.667
256.92	8.960
257.28	8.775
257.65	8.904
258.01	8.687
258.37	8.549
258.74	8.612
259.10	8.330
259.46	8.530
259.83	8.496
260.19	8.317
260.55	8.334
260.92	8.121
261.28	8.393
261.64	8.355
262.01	8.453
262.37	8.792
262.73	8.634
263.10	8.898
263.46	8.872
263.82	9.088
264.19	9.176
264.55	9.200
264.91	9.215
265.28	8.763
265.64	8.892
266.00	8.826
266.37	8.720
266.73	9.084
267.09	9.072
267.46	8.991
267.82	8.725
268.18	8.696
268.54	8.594
268.91	8.387
269.27	8.624
269.63	8.378
270.00	8.269
270.36	8.084
270.72	7.776
271.08	7.768
271.45	7.642
271.81	7.596
272.17	7.889
272.53	8.047
272.90	8.007
273.26	7.821
273.62	7.895
273.98	8.049
274.35	8.256
274.71	8.416
275.07	8.405
275.43	8.291
275.80	8.405
276.16	8.024
276.52	7.866
276.88	7.591
277.25	7.569
277.61	7.567
277.97	7.610
278.33	7.413
278.69	7.424
279.06	7.322
279.42	7.338
279.78	7.349
280.14	7.594
280.50	7.664
280.87	7.973
281.23	8.010
281.59	8.078
281.95	7.810
282.31	7.773
282.68	7.656
283.04	7.712
283.40	7.825
283.76	7.731
284.12	7.619
284.48	7.556
284.85	7.521
285.21	7.572
285.57	7.435
285.93	7.417
286.29	7.489
286.65	7.511
287.02	7.482
287.38	7.459
287.74	7.418
288.10	7.383
288.46	7.314
288.82	7.355
289.18	7.197
289.54	7.347
289.91	7.275
290.27	7.029
290.63	7.088
290.99	7.136
291.35	6.959
291.71	7.067
292.07	7.123
292.43	7.234
292.79	6.970
293.16	7.033
293.52	6.916
293.88	7.074
294.24	7.367
294.60	7.276
294.96	7.249
295.32	7.325
295.68	7.276
296.04	7.218
296.40	7.100
296.76	7.252
297.12	7.251
297.49	7.157
297.85	7.202
298.21	7.038
298.57	7.100
298.93	7.104
299.29	7.111
299.65	7.085
300.01	7.081
300.37	7.202
300.73	7.159
301.09	7.291
301.45	7.412
301.81	7.480
302.17	7.597
302.53	7.566
302.89	7.461
303.25	7.381
303.61	7.364
303.97	7.236
304.33	7.079
304.69	7.119
305.05	6.891
305.41	6.828
305.77	6.732
306.13	6.695
306.49	6.667
306.85	6.742
307.21	6.744
307.57	6.785
307.93	6.861
308.29	7.032
308.65	7.086
309.01	7.165
309.37	7.220
309.73	7.179
310.09	7.116
310.45	7.047
310.81	6.965
311.17	6.884
311.53	6.865
311.89	6.846
312.25	6.777
312.61	6.730
312.96	6.743
313.32	6.694
313.68	6.700
314.04	6.719
314.40	6.728
314.76	6.808
315.12	6.918
315.48	6.895
315.84	6.895
316.20	6.743
316.56	6.711
316.92	6.654
317.27	6.501
317.63	6.459
317.99	6.467
318.35	6.560
318.71	6.632
319.07	6.717
319.43	6.629
319.79	6.719
320.15	6.733
320.50	6.781
320.86	6.705
321.22	6.855
321.58	6.877
321.94	6.733
322.30	6.608
322.66	6.498
323.01	6.394
323.37	6.515
323.73	6.364
324.09	6.373
324.45	6.294
324.81	6.411
325.17	6.305
325.52	6.232
325.88	6.310
326.24	6.326
326.60	6.366
326.96	6.418
327.31	6.332
327.67	6.383
328.03	6.437
328.39	6.452
328.75	6.328
329.11	6.365
329.46	6.434
329.82	6.463
330.18	6.458
330.54	6.401
330.90	6.342
331.25	6.331
331.61	6.292
331.97	6.296
332.33	6.228
332.68	6.250
333.04	6.288
333.40	6.343
333.76	6.313
334.11	6.329
334.47	6.309
334.83	6.382
335.19	6.409
335.54	6.458
335.90	6.480
336.26	6.530
336.62	6.572
336.97	6.555
337.33	6.546
337.69	6.558
338.05	6.579
338.40	6.609
338.76	6.497
339.12	6.474
339.48	6.442
339.83	6.395
340.19	6.344
340.55	6.408
340.90	6.419
341.26	6.362
341.62	6.357
341.97	6.422
342.33	6.431
342.69	6.489
343.04	6.457
343.40	6.502
343.76	6.523
344.12	6.554
344.47	6.577
344.83	6.594
345.19	6.652
345.54	6.656
345.90	6.620
346.26	6.699
346.61	6.710
346.97	6.856
347.32	6.820
347.68	6.895
348.04	6.923
348.39	6.839
348.75	6.827
349.11	6.861
349.46	6.840
349.82	6.930
350.18	6.860
350.53	6.898
350.89	6.815
351.24	6.852
351.60	6.825
351.96	6.846
352.31	6.903
352.67	6.974
353.02	6.917
353.38	7.006
353.74	6.944
354.09	6.973
354.45	7.063
354.80	7.150
355.16	7.241
355.52	7.277
355.87	7.308
356.23	7.319
356.58	7.342
356.94	7.417
357.29	7.440
357.65	7.531
358.00	7.588
358.36	7.559
358.72	7.572
359.07	7.573
359.43	7.547
359.78	7.591
360.14	7.600
360.49	7.590
360.85	7.606
361.20	7.569
361.56	7.553
361.91	7.556
362.27	7.571
362.62	7.584
362.98	7.553
363.33	7.636
363.69	7.710
364.04	7.720
364.40	7.779
364.75	7.841
365.11	7.902
365.46	7.915
365.82	7.918
366.17	8.029
366.53	8.037
366.88	8.152
367.24	8.135
367.59	8.085
367.95	8.183
368.30	8.209
368.66	8.218
369.01	8.327
369.37	8.441
369.72	8.563
370.08	8.579
370.43	8.697
370.78	8.746
371.14	8.888
371.49	8.930
371.85	8.974
372.20	9.045
372.56	9.110
372.91	9.056
373.26	9.060
373.62	9.114
373.97	9.163
374.33	9.185
374.68	9.186
375.03	9.179
375.39	9.266
375.74	9.307
376.10	9.378
376.45	9.397
376.80	9.502
377.16	9.519
377.51	9.515
377.87	9.527
378.22	9.609
378.57	9.680
378.93	9.773
379.28	9.860
379.63	9.950
379.99	9.963
380.34	10.049
380.70	10.095
381.05	10.192
381.40	10.305
381.76	10.381
382.11	10.403
382.46	10.483
382.82	10.491
383.17	10.539
383.52	10.554
383.88	10.681
384.23	10.707
384.58	10.791
384.94	10.797
385.29	10.765
385.64	10.762
385.99	10.824
386.35	10.799
386.70	10.828
387.05	10.828
387.41	10.872
387.76	10.862
388.11	10.908
388.47	10.915
388.82	10.992
389.17	11.087
389.52	11.177
389.88	11.223
390.23	11.351
390.58	11.457
390.93	11.526
391.29	11.600
391.64	11.652
391.99	11.717
392.34	11.779
392.70	11.805
393.05	11.860
393.40	11.875
393.75	11.880
394.11	11.848
394.46	11.839
394.81	11.874
395.16	11.874
395.52	11.843
395.87	11.799
396.22	11.774
396.57	11.756
396.92	11.669
397.28	11.704
397.63	11.706
397.98	11.687
398.33	11.676
398.68	11.672
399.04	11.689
399.39	11.699
399.74	11.700
400.09	11.739
400.44	11.773
400.80	11.860
401.15	11.860
401.50	11.897
401.85	11.963
402.20	12.011
402.55	12.025
402.90	12.032
403.26	12.083
403.61	12.129
403.96	12.147
404.31	12.196
404.66	12.197
405.01	12.188
405.36	12.165
405.72	12.195
406.07	12.175
406.42	12.211
406.77	12.232
407.12	12.237
407.47	12.254
407.82	12.250
408.17	12.236
408.53	12.242
408.88	12.261
409.23	12.314
409.58	12.311
409.93	12.374
410.28	12.408
410.63	12.396
410.98	12.418
411.33	12.464
411.68	12.512
412.03	12.541
412.38	12.617
412.73	12.703
413.09	12.762
413.44	12.799
413.79	12.868
414.14	12.894
414.49	12.969
414.84	13.062
415.19	13.131
415.54	13.212
415.89	13.298
416.24	13.331
416.59	13.375
416.94	13.405
417.29	13.447
417.64	13.490
417.99	13.549
418.34	13.592
418.69	13.612
419.04	13.630
419.39	13.657
419.74	13.686
420.09	13.724
420.44	13.775
420.79	13.795
421.14	13.837
421.49	13.841
421.84	13.854
422.19	13.878
422.54	13.911
422.89	13.939
423.24	13.961
423.59	13.950
423.94	13.953
424.29	13.938
424.64	13.947
424.99	13.925
425.34	13.923
425.68	13.916
426.03	13.922
426.38	13.898
426.73	13.899
427.08	13.872
427.43	13.892
427.78	13.901
428.13	13.872
428.48	13.935
428.83	13.947
429.18	14.004
429.53	14.013
429.87	14.016
430.22	14.032
430.57	14.053
430.92	14.063
431.27	14.092
431.62	14.117
431.97	14.153
432.32	14.140
432.67	14.150
433.01	14.142
433.36	14.152
433.71	14.171
434.06	14.162
434.41	14.183
434.76	14.232
435.11	14.241
435.45	14.261
435.80	14.303
436.15	14.329
436.50	14.378
436.85	14.402
437.20	14.449
437.54	14.475
437.89	14.541
438.24	14.555
438.59	14.568
438.94	14.585
439.29	14.589
439.63	14.580
439.98	14.593
440.33	14.604
440.68	14.631
441.03	14.649
441.37	14.662
441.72	14.697
442.07	14.744
442.42	14.752
442.76	14.789
443.11	14.825
443.46	14.860
443.81	14.894
444.16	14.928
444.50	14.958
444.85	14.956
445.20	14.977
445.55	14.949
445.89	14.925
446.24	14.940
446.59	14.914
446.94	14.905
447.28	14.895
447.63	14.871
447.98	14.842
448.32	14.823
448.67	14.813
449.02	14.787
449.37	14.807
449.71	14.824
450.06	14.824
450.41	14.865
450.75	14.877
451.10	14.904
451.45	14.924
451.79	14.930
452.14	14.928
452.49	14.951
452.84	14.983
453.18	14.994
453.53	15.003
453.88	15.005
454.22	15.020
454.57	15.034
454.92	15.072
455.26	15.109
455.61	15.162
455.95	15.192
456.30	15.262
456.65	15.299
456.99	15.334
457.34	15.375
457.69	15.407
458.03	15.438
458.38	15.465
458.73	15.462
459.07	15.470
459.42	15.462
459.76	15.466
460.11	15.433
460.46	15.414
460.80	15.400
461.15	15.360
461.49	15.372
461.84	15.352
462.19	15.344
462.53	15.362
462.88	15.369
463.22	15.380
463.57	15.397
463.91	15.425
464.26	15.449
464.61	15.465
464.95	15.507
465.30	15.513
465.64	15.543
465.99	15.553
466.33	15.556
466.68	15.572
467.02	15.574
467.37	15.573
467.71	15.579
468.06	15.583
468.41	15.574
468.75	15.560
469.10	15.548
469.44	15.541
469.79	15.550
470.13	15.539
470.48	15.518
470.82	15.525
471.17	15.527
471.51	15.514
471.86	15.531
472.20	15.555
472.55	15.602
472.89	15.618
473.23	15.613
473.58	15.615
473.92	15.658
474.27	15.702
474.61	15.714
474.96	15.760
475.30	15.792
475.65	15.807
475.99	15.830
476.34	15.830
476.68	15.860
477.02	15.918
477.37	15.953
477.71	15.982
478.06	16.040
478.40	16.171
478.75	16.358
479.09	16.584
479.43	16.833
479.78	17.138
480.12	17.481
480.47	17.830
480.81	18.169
481.15	18.524
481.50	18.867
481.84	19.277
482.19	19.719
482.53	20.090
482.87	20.343
483.22	20.409
483.56	20.285
483.90	20.012
484.25	19.647
484.59	19.234
484.94	18.908
485.28	18.651
485.62	18.273
485.97	17.841
486.31	17.456
486.65	17.177
487.00	17.077
487.34	17.097
487.68	17.218
488.03	17.413
488.37	17.631
488.71	17.719
489.06	17.703
489.40	17.687
489.74	17.663
490.09	17.625
490.43	17.577
490.77	17.505
491.11	17.464
491.46	17.423
491.80	17.359
492.14	17.306
492.49	17.252
492.83	17.170
493.17	17.137
493.51	17.079
493.86	17.025
494.20	16.987
494.54	16.995
494.88	17.000
495.23	17.015
495.57	17.044
495.91	17.055
496.25	17.058
496.60	17.081
496.94	17.064
497.28	17.087
497.62	17.089
497.97	17.088
498.31	17.106
498.65	17.123
498.99	17.133
499.33	17.140
499.68	17.154
500.02	17.188
500.36	17.191
500.70	17.217
501.04	17.229
501.39	17.258
501.73	17.276
502.07	17.273
502.41	17.301
502.75	17.327
503.09	17.393
503.44	17.431
503.78	17.458
504.12	17.515
504.46	17.555
504.80	17.611
505.14	17.662
505.49	17.738
505.83	17.785
506.17	17.828
506.51	17.884
506.85	17.905
507.19	17.944
507.53	17.979
507.87	18.013
508.22	18.050
508.56	18.054
508.90	18.076
509.24	18.084
509.58	18.101
509.92	18.094
510.26	18.086
510.60	18.095
510.94	18.119
511.28	18.135
511.63	18.124
511.97	18.131
512.31	18.164
512.65	18.191
512.99	18.220
513.33	18.303
513.67	18.386
514.01	18.456
514.35	18.535
514.69	18.618
515.03	18.725
515.37	18.821
515.71	18.911
516.05	18.997
516.39	19.071
516.73	19.107
517.07	19.146
517.41	19.159
517.75	19.189
518.09	19.187
518.43	19.186
518.77	19.171
519.11	19.167
519.45	19.155
519.79	19.132
520.13	19.129
520.47	19.162
520.81	19.175
521.15	19.238
521.49	19.291
521.83	19.338
522.17	19.367
522.51	19.441
522.85	19.547
523.19	19.695
523.53	19.879
523.87	20.079
524.21	20.305
524.55	20.506
524.89	20.681
525.23	20.855
525.57	21.012
525.91	21.152
526.25	21.268
526.58	21.377
526.92	21.458
527.26	21.521
527.60	21.555
527.94	21.539
528.28	21.512
528.62	21.485
528.96	21.446
529.30	21.417
529.64	21.377
529.97	21.336
530.31	21.274
530.65	21.237
530.99	21.188
531.33	21.149
531.67	21.169
532.01	21.177
532.35	21.194
532.68	21.197
533.02	21.177
533.36	21.180
533.70	21.163
534.04	21.162
534.38	21.129
534.71	21.104
535.05	21.087
535.39	21.032
535.73	21.013
536.07	20.987
536.41	21.041
536.74	21.113
537.08	21.196
537.42	21.298
537.76	21.404
538.10	21.509
538.43	21.612
538.77	21.727
539.11	21.845
539.45	21.941
539.79	22.015
540.12	22.024
540.46	22.046
540.80	22.065
541.14	22.075
541.47	22.052
541.81	22.049
542.15	22.032
542.49	21.991
542.82	21.928
543.16	21.888
543.50	21.837
543.84	21.823
544.17	21.822
544.51	21.796
544.85	21.772
545.18	21.795
545.52	21.785
545.86	21.781
546.20	21.787
546.53	21.796
546.87	21.776
547.21	21.790
547.54	21.811
547.88	21.817
548.22	21.834
548.55	21.868
548.89	21.870
549.23	21.874
549.56	21.924
549.90	21.935
550.24	21.985
550.57	22.031
550.91	22.098
551.25	22.138
551.58	22.171
551.92	22.189
552.26	22.202
552.59	22.232
552.93	22.275
553.27	22.269
553.60	22.302
553.94	22.317
554.27	22.354
554.61	22.397
554.95	22.416
555.28	22.452
555.62	22.535
555.95	22.560
556.29	22.614
556.63	22.665
556.96	22.701
557.30	22.745
557.63	22.794
557.97	22.829
558.31	22.834
558.64	22.882
558.98	22.916
559.31	22.929
559.65	22.992
559.98	23.065
560.32	23.125
560.65	23.196
560.99	23.232
561.33	23.274
561.66	23.318
562.00	23.418
562.33	23.446
562.67	23.514
563.00	23.555
563.34	23.613
563.67	23.605
564.01	23.643
564.34	23.685
564.68	23.755
565.01	23.806
565.35	23.848
565.68	23.853
566.02	23.886
566.35	23.908
566.69	23.959
567.02	23.991
567.36	24.045
567.69	24.085
568.03	24.121
568.36	24.124
568.69	24.157
569.03	24.167
569.36	24.181
569.70	24.221
570.03	24.239
570.37	24.272
570.70	24.316
571.04	24.341
571.37	24.354
571.70	24.378
572.04	24.458
572.37	24.475
572.71	24.535
573.04	24.558
573.37	24.587
573.71	24.644
574.04	24.659
574.38	24.684
574.71	24.730
575.04	24.769
575.38	24.830
575.71	24.842
576.05	24.898
576.38	24.919
576.71	24.969
577.05	25.002
577.38	25.027
577.71	25.029
578.05	25.064
578.38	25.097
578.71	25.108
579.05	25.138
579.38	25.141
579.71	25.105
580.05	25.165
580.38	25.210
580.71	25.255
581.05	25.285
581.38	25.355
581.71	25.375
582.05	25.398
582.38	25.476
582.71	25.510
583.04	25.584
583.38	25.687
583.71	25.695
584.04	25.748
584.38	25.781
584.71	25.826
585.04	25.866
585.37	25.913
585.71	25.958
586.04	25.983
586.37	26.029
586.70	26.050
587.04	26.095
587.37	26.168
587.70	26.216
588.03	26.269
588.37	26.302
588.70	26.363
589.03	26.425
589.36	26.493
589.69	26.537
590.03	26.570
590.36	26.595
590.69	26.644
591.02	26.686
591.35	26.733
591.69	26.776
592.02	26.815
592.35	26.881
592.68	26.932
593.01	27.004
593.35	27.058
593.68	27.113
594.01	27.196
594.34	27.233
594.67	27.260
595.00	27.324
595.34	27.357
595.67	27.387
596.00	27.394
596.33	27.391
596.66	27.404
596.99	27.438
597.32	27.505
597.65	27.513
597.99	27.578
598.32	27.653
598.65	27.649
598.98	27.754
599.31	27.832
599.64	27.909
599.97	27.962
600.30	27.997
600.63	28.054
600.96	28.074
601.30	28.128
601.63	28.173
601.96	28.219
602.29	28.280
602.62	28.299
602.95	28.350
603.28	28.429
603.61	28.492
603.94	28.558
604.27	28.611
604.60	28.651
604.93	28.760
605.26	28.825
605.59	28.868
605.92	28.956
606.25	29.027
606.58	29.059
606.91	29.058
607.24	29.123
607.57	29.154
607.90	29.190
608.23	29.241
608.56	29.242
608.89	29.271
609.22	29.321
609.55	29.367
609.88	29.364
610.21	29.469
610.54	29.526
610.87	29.558
611.20	29.578
611.53	29.610
611.86	29.677
612.19	29.741
612.52	29.787
612.85	29.844
613.18	29.842
613.51	29.943
613.84	29.930
614.17	30.021
614.49	30.106
614.82	30.212
615.15	30.317
615.48	30.347
615.81	30.343
616.14	30.353
616.47	30.411
616.80	30.490
617.13	30.507
617.46	30.614
617.78	30.677
618.11	30.733
618.44	30.775
618.77	30.806
619.10	30.885
619.43	30.978
619.76	31.092
620.09	31.155
620.41	31.157
620.74	31.239
621.07	31.308
621.40	31.352
621.73	31.429
622.06	31.495
622.38	31.575
622.71	31.638
623.04	31.750
623.37	31.809
623.70	31.871
624.02	32.018
624.35	32.075
624.68	32.101
625.01	32.135
625.34	32.155
625.66	32.262
625.99	32.304
626.32	32.353
626.65	32.377
626.98	32.441
627.30	32.476
627.63	32.502
627.96	32.536
628.29	32.604
628.61	32.697
628.94	32.772
629.27	32.798
629.60	32.864
629.92	32.918
630.25	32.939
630.58	32.965
630.91	33.015
631.23	33.027
631.56	33.103
631.89	33.153
632.21	33.194
632.54	33.211
632.87	33.242
633.19	33.259
633.52	33.340
633.85	33.434
634.18	33.479
634.50	33.556
634.83	33.616
635.16	33.681
635.48	33.735
635.81	33.794
636.14	33.866
636.46	33.923
636.79	34.000
637.11	34.044
637.44	34.098
637.77	34.170
638.09	34.210
638.42	34.271
638.75	34.281
639.07	34.315
639.40	34.372
639.73	34.464
640.05	34.526
640.38	34.613
640.70	34.688
641.03	34.728
641.36	34.846
641.68	34.865
642.01	34.916
642.33	35.026
642.66	35.080
642.98	35.095
643.31	35.178
643.64	35.203
643.96	35.237
644.29	35.262
644.61	35.292
644.94	35.282
645.26	35.396
645.59	35.496
645.91	35.597
646.24	35.692
646.56	35.833
646.89	35.893
647.22	35.980
647.54	36.064
647.87	36.082
648.19	36.205
648.52	36.260
648.84	36.303
649.17	36.319
649.49	36.300
649.82	36.375
650.14	36.386
650.47	36.464
650.79	36.510
651.11	36.538
651.44	36.700
651.76	36.770
652.09	36.892
652.41	36.943
652.74	37.058
653.06	37.176
653.39	37.162
653.71	37.249
654.04	37.340
654.36	37.416
654.68	37.494
655.01	37.533
655.33	37.597
655.66	37.603
655.98	37.715
656.30	37.762
656.63	37.811
656.95	37.932
657.28	37.977
657.60	37.965
657.92	37.971
658.25	38.021
658.57	38.030
658.90	38.050
659.22	38.129
659.54	38.119
659.87	38.135
660.19	38.170
660.51	38.182
660.84	38.152
661.16	38.122
661.48	38.113
661.81	38.108
662.13	38.134
662.45	38.102
662.78	38.108
663.10	38.109
663.42	38.203
663.75	38.225
664.07	38.204
664.39	38.297
664.72	38.322
665.04	38.516
665.36	38.566
665.69	38.609
666.01	38.692
666.33	38.771
666.65	38.873
666.98	38.850
667.30	38.852
667.62	38.939
667.94	38.967
668.27	39.115
668.59	39.192
668.91	39.243
669.23	39.313
669.56	39.325
669.88	39.256
670.20	39.240
670.52	39.253
670.85	39.382
671.17	39.438
671.49	39.505
671.81	39.436
672.13	39.407
672.46	39.437
672.78	39.524
673.10	39.606
673.42	39.742
673.74	39.826
674.07	40.009
674.39	39.974
674.71	40.107
675.03	40.156
675.35	40.224
675.67	40.331
676.00	40.492
676.32	40.509
676.64	40.555
676.96	40.607
677.28	40.713
677.60	40.755
677.92	40.883
678.25	40.904
678.57	40.963
678.89	41.104
679.21	41.148
679.53	41.132
679.85	41.181
680.17	41.203
680.49	41.335
680.81	41.382
681.13	41.453
681.46	41.476
681.78	41.513
682.10	41.554
682.42	41.541
682.74	41.617
683.06	41.802
683.38	41.855
683.70	41.999
684.02	41.982
684.34	42.019
684.66	42.072
684.98	42.135
685.30	42.207
685.62	42.314
685.94	42.331
686.26	42.249
686.58	42.217
686.90	42.328
687.22	42.381
687.54	42.391
687.86	42.452
688.18	42.495
688.50	42.534
688.82	42.481
689.14	42.452
689.46	42.574
689.78	42.729
690.10	42.761
690.42	42.761
690.74	42.853
691.06	42.882
691.38	42.872
691.70	42.912
692.02	42.874
692.34	43.005
692.66	43.071
692.98	43.114
693.30	43.117
693.62	43.173
693.94	43.265
694.26	43.350
694.57	43.559
694.89	43.624
695.21	43.691
695.53	43.876
695.85	43.932
696.17	43.988
696.49	44.114
696.81	44.189
697.13	44.249
697.44	44.267
697.76	44.282
698.08	44.231
698.40	44.294
698.72	44.246
699.04	44.210
699.36	44.127
699.67	44.210
699.99	43.967
700.31	43.854
700.63	43.741
700.95	43.693
701.27	43.610
701.58	43.456
701.90	43.353
702.22	43.311
702.54	43.210
702.86	43.341
703.17	43.134
703.49	43.283
703.81	43.281
704.13	43.259
704.45	43.225
704.76	43.136
705.08	43.338
705.40	43.371
705.72	43.416
706.03	43.539
706.35	43.489
706.67	43.625
706.99	43.634
707.30	43.667
707.62	43.688
707.94	43.706
708.26	43.825
708.57	43.815
708.89	43.741
709.21	43.838
709.53	43.924
709.84	43.967
710.16	43.954
710.48	44.035
710.79	44.187
711.11	44.377
711.43	44.474
711.74	44.593
712.06	44.668
712.38	44.963
712.69	44.987
713.01	44.919
713.33	45.095
713.64	45.334
713.96	45.450
714.28	45.684
714.59	45.941
714.91	46.186
715.23	46.416
715.54	46.754
715.86	46.962
716.17	47.133
716.49	47.483
716.81	47.678
717.12	47.627
717.44	47.829
717.76	47.785
718.07	47.749
718.39	47.630
718.70	47.464
719.02	47.277
719.33	46.954
719.65	46.900
719.97	46.751
720.28	46.656
720.60	46.665
720.91	46.600
721.23	46.755
721.54	46.781
721.86	47.000
722.17	47.154
722.49	47.275
722.81	47.378
723.12	47.355
723.44	47.454
723.75	47.561
724.07	47.627
724.38	47.727
724.70	47.803
725.01	47.754
725.33	47.855
725.64	47.909
725.96	47.955
726.27	48.061
726.59	48.365
726.90	48.470
727.22	48.442
727.53	48.578
727.84	48.668
728.16	48.580
728.47	48.687
728.79	48.642
729.10	48.591
729.42	48.416
729.73	48.423
730.05	48.302
730.36	48.219
730.67	48.056
730.99	47.953
731.30	47.814
731.62	47.769
731.93	47.510
732.24	47.420
732.56	47.199
732.87	47.074
733.19	46.898
733.50	46.734
733.81	46.596
734.13	46.665
734.44	46.395
734.76	46.290
735.07	46.023
735.38	45.921
735.70	45.676
736.01	45.561
736.32	45.480
736.64	45.610
736.95	45.539
737.26	45.525
737.58	45.281
737.89	45.328
738.20	45.005
738.52	44.807
738.83	44.708
739.14	44.497
739.45	44.305
739.77	44.184
740.08	43.860
740.39	43.609
740.71	43.551
741.02	43.600
741.33	43.626
741.64	43.683
741.96	43.666
742.27	43.736
742.58	43.994
742.90	44.164
743.21	44.149
743.52	43.903
743.83	43.845
744.14	43.511
744.46	43.083
744.77	43.384
745.08	43.339
745.39	43.480
745.71	43.431
746.02	43.210
746.33	43.283
746.64	43.266
746.95	43.523
747.27	43.577
747.58	43.667
747.89	43.958
748.20	43.522
748.51	43.723
748.82	43.840
749.14	43.854
749.45	43.814
749.76	43.786
750.07	43.891
750.38	43.721
750.69	43.856
751.01	44.039
751.32	43.847
751.63	43.874
751.94	43.863
752.25	43.839
752.56	43.983
752.87	44.113
753.18	44.127
753.49	44.327
753.81	44.684
754.12	44.818
754.43	44.812
754.74	45.548
755.05	46.344
755.36	46.951
755.67	47.434
755.98	48.000
756.29	48.701
756.60	49.722
756.91	50.607
757.22	51.416
757.53	52.453
757.84	53.479
758.15	54.224
758.46	54.652
758.77	55.073
759.09	55.744
759.40	56.145
759.71	56.631
760.02	56.848
760.33	57.020
760.64	57.208
760.95	57.173
761.26	57.256
761.57	57.009
761.88	56.985
762.18	56.955
762.49	56.807
762.80	56.724
763.11	56.427
763.42	56.091
763.73	55.722
764.04	55.273
764.35	54.791
764.66	54.003
764.97	53.660
765.28	52.777
765.59	52.221
765.90	51.502
766.21	50.569
766.52	49.902
766.83	49.130
767.14	48.392
767.44	47.810
767.75	47.206
768.06	46.491
768.37	45.842
768.68	45.708
768.99	44.994
769.30	44.344
769.61	43.851
769.91	43.145
770.22	42.694
770.53	42.542
770.84	41.921
771.15	42.088
771.46	42.388
771.77	42.251
772.07	42.186
772.38	41.934
772.69	42.048
773.00	42.366
773.31	42.231
773.61	42.452
773.92	42.566
774.23	42.805
774.54	42.467
774.85	42.419
775.15	42.262
775.46	42.600
775.77	43.439
776.08	43.372
776.39	43.603
776.69	43.860
777.00	43.575
777.31	43.759
777.62	44.091
777.92	44.233
778.23	44.160
778.54	44.889
778.85	44.566
779.15	44.029
779.46	44.444
779.77	43.785
780.07	43.782
780.38	43.899
780.69	43.767
781.00	43.840
781.30	43.600
781.61	44.269
781.92	44.191
782.22	44.389
782.53	44.183
782.84	43.845
783.14	44.658
783.45	44.780
783.76	45.399
784.06	45.345
784.37	45.735
784.68	46.480
784.98	46.837
785.29	47.430
785.60	47.820
785.90	48.899
786.21	49.547
786.51	50.253
786.82	51.478
787.13	51.805
787.43	52.444
787.74	52.724
788.04	52.916
788.35	52.953
788.66	52.765
788.96	52.795
789.27	52.788
789.57	53.072
789.88	52.330
790.19	51.932
790.49	51.735
790.80	51.826
791.10	51.616
791.41	51.913
791.71	51.764
792.02	52.491
792.32	52.792
792.63	52.509
792.93	51.976
793.24	52.642
793.54	52.515
793.85	53.237
794.15	53.010
794.46	53.485
794.76	53.518
795.07	53.785
795.37	53.603
795.68	54.220
795.98	54.740
796.29	55.004
796.59	54.659
796.90	54.383
797.20	53.906
797.51	54.245
797.81	53.816
798.12	53.490
798.42	53.585
798.72	53.969
799.03	53.517
799.33	53.207
799.64	53.437
799.94	54.006
800.25	54.456
800.55	55.066
800.85	54.862
801.16	55.325
801.46	55.238
801.77	55.067
802.07	54.708
802.37	54.933
802.68	54.845
802.98	54.415
803.28	53.981
803.59	54.146
803.89	53.799
804.20	53.999
804.50	54.164
804.80	54.728
805.11	54.797
805.41	54.916
805.71	54.702
806.02	55.168
806.32	55.636
806.62	55.958
806.93	55.449
807.23	56.186
807.53	56.481
807.83	56.563
808.14	56.697
808.44	57.319
808.74	56.925
809.05	57.326
809.35	57.785
809.65	57.809
809.95	58.424
810.26	59.200
810.56	58.736
810.86	58.974
811.16	59.553
811.47	59.374
811.77	59.682
812.07	60.201
812.37	60.429
812.68	60.615
812.98	61.278
813.28	61.123
813.58	61.663
813.88	62.622
814.19	62.582
814.49	62.947
814.79	63.765
815.09	63.827
815.39	64.560
815.70	65.420
816.00	65.735
816.30	66.480
816.60	66.940
816.90	66.852
817.20	66.987
817.50	67.686
817.81	67.464
818.11	67.401
818.41	67.475
818.71	67.426
819.01	67.486
819.31	67.839
819.61	67.889
819.92	68.228
820.22	68.390
820.52	68.579
820.82	68.613
821.12	68.627
821.42	68.688
821.72	68.742
822.02	68.839
822.32	68.892
822.62	68.747
822.92	68.721
823.22	68.523
823.52	68.535
823.83	68.331
824.13	68.234
824.43	68.349
824.73	68.499
825.03	68.688
825.33	68.818
825.63	68.810
825.93	68.894
826.23	68.985
826.53	69.100
826.83	69.010
827.13	69.130
827.43	69.191
827.73	68.863
828.03	68.826
828.33	68.628
828.63	68.175
828.93	67.760
829.23	67.881
829.53	67.627
829.83	67.382
830.13	67.375
830.42	67.205
830.72	67.289
831.02	67.922
831.32	67.794
831.62	67.876
831.92	68.515
832.22	68.744
832.52	68.936
832.82	69.004
833.12	69.572
833.42	69.761
833.72	70.020
834.01	69.805
834.31	69.849
834.61	69.695
834.91	69.646
835.21	69.077
835.51	69.502
835.81	69.117
836.11	69.034
836.40	67.785
836.70	66.869
837.00	66.390
837.30	66.327
837.60	65.839
837.90	65.844
838.19	65.519
838.49	66.286
838.79	65.207
839.09	65.027
839.39	64.369
839.68	63.842
839.98	64.585
840.28	64.105
840.58	64.551
840.88	63.848
841.17	63.202
841.47	62.262
841.77	61.285
842.07	62.066
842.36	60.630
842.66	60.452
842.96	60.271
843.26	57.870
843.55	54.921
843.85	52.924
844.15	52.848
844.45	51.553
844.74	51.837
845.04	50.564
845.34	47.556
845.63	48.136
845.93	46.810
846.23	46.716
846.53	45.964
846.82	47.114
847.12	47.623
847.42	48.565
847.71	50.382
848.01	47.501
848.31	48.087
848.60	49.919
848.90	49.061
849.19	52.242
849.49	52.965
849.79	54.399
850.08	54.000
850.38	51.271
850.68	50.254
850.97	52.863
851.27	56.692
851.56	53.135
851.86	48.897
852.16	48.543
852.45	47.221
852.75	45.655
853.04	44.081
853.34	47.258
853.64	49.517
853.93	49.987
854.23	44.134
854.52	43.800
854.82	45.468
855.11	50.929
855.41	51.280
855.70	50.775
856.00	53.674
856.30	53.217
856.59	51.366
856.89	51.526
857.18	52.471
857.48	54.485
857.77	55.754
858.07	56.226
858.36	55.763
858.66	58.002
858.95	57.385
859.25	55.693
859.54	56.243
859.84	53.798
860.13	54.323
860.42	53.598
860.72	54.033
861.01	52.177
861.31	54.796
861.60	52.815
861.90	51.843
862.19	54.266
862.49	59.175
862.78	62.958
863.07	65.985
863.37	66.376
863.66	66.071
863.96	67.098
864.25	67.947
864.54	65.828
864.84	63.700
865.13	65.712
865.43	64.685
865.72	64.728
866.01	51.383
866.31	30.050
866.60	88.763
866.89	59.944
>>>>>End Spectral Data<<<<<
