180.30	0.000
180.67	0.000
181.03	-32.187
181.40	73.686
181.77	151.875
182.14	-60.862
182.51	1537.609
182.88	97.615
183.25	85.299
183.62	-14.360
183.99	208.566
184.36	1687.832
184.73	174.844
185.10	231.820
185.46	-1455.221
185.83	-78.326
186.20	-71.156
186.57	-394.531
186.94	-158.812
187.31	-57.573
187.68	212.589
188.05	54.080
188.42	26.196
188.78	112.315
189.15	311.001
189.52	-175.807
189.89	-87.102
190.26	-120.145
190.63	-55.411
191.00	-36.027
191.37	-5.906
191.73	5.101
192.10	-0.229
192.47	6.342
192.84	12.776
193.21	8.574
193.58	-11.553
193.94	-4.581
194.31	20.044
194.68	32.595
195.05	25.098
195.42	-1.258
195.79	-7.128
196.15	-14.975
196.52	-6.936
196.89	-7.459
197.26	-0.241
197.63	49.871
198.00	26.960
198.36	1.680
198.73	-21.938
199.10	-27.861
199.47	-31.591
199.84	-102.005
200.20	-52.315
200.57	-81.196
200.94	-172.366
201.31	-144.113
201.68	-392.660
202.04	-168.440
202.41	-164.104
202.78	-96.794
203.15	-69.932
203.51	-45.937
203.88	-26.517
204.25	-17.456
204.62	-17.568
204.98	3.290
205.35	10.153
205.72	11.288
206.09	18.890
206.46	30.425
206.82	24.753
207.19	14.456
207.56	21.618
207.92	24.769
208.29	15.857
208.66	15.943
209.03	-4.774
209.39	6.936
209.76	14.595
210.13	-0.506
210.50	-5.006
210.86	-16.403
211.23	-14.017
211.60	-17.351
211.96	-59.633
212.33	-24.590
212.70	-22.531
213.07	9.730
213.43	6.237
213.80	9.111
214.17	19.929
214.53	31.582
214.90	29.998
215.27	32.315
215.63	29.568
216.00	33.350
216.37	26.939
216.74	23.571
217.10	12.402
217.47	8.326
217.84	5.745
218.20	-1.023
218.57	-36.245
218.94	-37.799
219.30	-41.179
219.67	-14.695
220.04	-21.655
220.40	-10.038
220.77	-10.914
221.13	-4.416
221.50	-5.377
221.87	-2.199
222.23	-10.920
222.60	0.768
222.97	2.910
223.33	2.349
223.70	2.560
224.07	9.410
224.43	10.842
224.80	12.277
225.16	14.771
225.53	14.643
225.90	14.726
226.26	15.940
226.63	15.321
226.99	17.322
227.36	17.509
227.73	15.249
228.09	13.827
228.46	12.873
228.82	11.172
229.19	9.075
229.56	6.841
229.92	5.799
230.29	5.101
230.65	5.780
231.02	2.753
231.38	2.070
231.75	2.940
232.12	5.596
232.48	5.324
232.85	7.019
233.21	9.666
233.58	14.968
233.94	14.483
234.31	14.909
234.68	14.320
235.04	15.437
235.41	15.980
235.77	15.191
236.14	11.530
236.50	11.966
236.87	12.053
237.23	11.639
237.60	10.249
237.96	11.076
238.33	10.702
238.69	10.271
239.06	9.791
239.42	8.778
239.79	9.443
240.15	10.480
240.52	10.766
240.88	10.625
241.25	10.616
241.61	10.341
241.98	9.751
242.34	9.109
242.71	8.854
243.07	8.995
243.44	9.553
243.80	9.785
244.17	9.915
244.53	9.827
244.90	9.727
245.26	9.576
245.63	9.758
245.99	9.984
246.36	10.646
246.72	11.100
247.09	11.115
247.45	11.236
247.81	11.162
248.18	10.820
248.54	10.551
248.91	10.592
249.27	10.462
249.64	10.052
250.00	10.045
250.36	9.783
250.73	9.351
251.09	9.428
251.46	9.296
251.82	9.421
252.19	9.452
252.55	9.415
252.91	9.610
253.28	9.691
253.64	9.864
254.01	9.380
254.37	9.247
254.73	8.946
255.10	8.724
255.46	8.550
255.83	8.009
256.19	8.227
256.55	8.007
256.92	8.324
257.28	8.356
257.65	8.397
258.01	8.621
258.37	8.733
258.74	8.787
259.10	8.724
259.46	8.627
259.83	8.765
260.19	8.628
260.55	9.002
260.92	8.762
261.28	8.639
261.64	8.533
262.01	8.589
262.37	8.376
262.73	8.617
263.10	8.626
263.46	8.382
263.82	8.491
264.19	8.997
264.55	9.189
264.91	9.257
265.28	9.438
265.64	9.813
266.00	9.598
266.37	9.777
266.73	9.540
267.09	9.599
267.46	9.963
267.82	9.765
268.18	9.080
268.54	8.363
268.91	8.340
269.27	8.213
269.63	7.785
270.00	7.801
270.36	7.848
270.72	7.923
271.08	7.954
271.45	8.125
271.81	8.094
272.17	8.426
272.53	8.925
272.90	9.155
273.26	9.220
273.62	9.433
273.98	9.385
274.35	9.151
274.71	9.059
275.07	9.007
275.43	8.807
275.80	8.906
276.16	8.687
276.52	8.774
276.88	8.301
277.25	8.513
277.61	8.396
277.97	8.433
278.33	8.131
278.69	8.285
279.06	8.173
279.42	8.137
279.78	8.129
280.14	8.456
280.50	8.287
280.87	8.662
281.23	8.588
281.59	8.594
281.95	8.742
282.31	9.053
282.68	9.221
283.04	9.391
283.40	9.194
283.76	9.248
284.12	9.244
284.48	9.185
284.85	9.014
285.21	8.930
285.57	9.032
285.93	8.836
286.29	8.848
286.65	8.999
287.02	8.964
287.38	9.381
287.74	9.384
288.10	9.611
288.46	9.747
288.82	9.864
289.18	10.029
289.54	10.238
289.91	10.637
290.27	10.903
290.63	10.676
290.99	11.026
291.35	11.192
291.71	11.576
292.07	11.695
292.43	12.320
292.79	12.930
293.16	13.587
293.52	14.044
293.88	14.716
294.24	15.211
294.60	15.894
294.96	16.383
295.32	16.857
295.68	17.255
296.04	17.903
296.40	18.108
296.76	18.560
297.12	18.903
297.49	19.363
297.85	19.597
298.21	19.971
298.57	20.370
298.93	20.781
299.29	21.217
299.65	21.973
300.01	22.235
300.37	23.025
300.73	23.537
301.09	24.113
301.45	24.746
301.81	25.422
302.17	25.722
302.53	26.394
302.89	26.899
303.25	27.236
303.61	27.755
303.97	28.192
304.33	28.406
304.69	28.880
305.05	29.376
305.41	29.435
305.77	29.693
306.13	30.279
306.49	30.601
306.85	31.034
307.21	31.625
307.57	31.818
307.93	32.165
308.29	32.621
308.65	32.764
309.01	32.936
309.37	33.238
309.73	33.293
310.09	33.392
310.45	33.512
310.81	33.490
311.17	33.467
311.53	33.615
311.89	33.636
312.25	33.525
312.61	33.451
312.96	33.599
313.32	33.684
313.68	33.820
314.04	33.854
314.40	33.811
314.76	33.929
315.12	34.016
315.48	33.985
315.84	34.053
316.20	34.289
316.56	34.498
316.92	34.372
317.27	34.359
317.63	34.405
317.99	34.391
318.35	34.441
318.71	34.560
319.07	34.639
319.43	34.604
319.79	34.530
320.15	34.340
320.50	34.377
320.86	34.288
321.22	34.244
321.58	34.143
321.94	34.115
322.30	33.971
322.66	33.905
323.01	33.696
323.37	33.568
323.73	33.710
324.09	33.794
324.45	33.639
324.81	33.667
325.17	33.649
325.52	33.703
325.88	33.696
326.24	33.691
326.60	33.679
326.96	33.600
327.31	33.698
327.67	33.532
328.03	33.374
328.39	33.417
328.75	33.459
329.11	33.515
329.46	33.391
329.82	33.489
330.18	33.500
330.54	33.400
330.90	33.515
331.25	33.456
331.61	33.464
331.97	33.520
332.33	33.582
332.68	33.391
333.04	33.310
333.40	33.408
333.76	33.294
334.11	33.306
334.47	33.288
334.83	33.310
335.19	33.173
335.54	33.066
335.90	33.079
336.26	33.000
336.62	32.961
336.97	32.894
337.33	32.796
337.69	32.824
338.05	32.606
338.40	32.542
338.76	32.409
339.12	32.295
339.48	32.236
339.83	32.148
340.19	31.985
340.55	31.914
340.90	31.895
341.26	31.838
341.62	31.784
341.97	31.816
342.33	31.663
342.69	31.600
343.04	31.772
343.40	31.830
343.76	31.706
344.12	31.688
344.47	31.730
344.83	31.622
345.19	31.577
345.54	31.421
345.90	31.463
346.26	31.497
346.61	31.536
346.97	31.457
347.32	31.436
347.68	31.481
348.04	31.535
348.39	31.566
348.75	31.635
349.11	31.655
349.46	31.675
349.82	31.689
350.18	31.653
350.53	31.594
350.89	31.523
351.24	31.540
351.60	31.499
351.96	31.416
352.31	31.360
352.67	31.241
353.02	31.155
353.38	31.110
353.74	31.156
354.09	31.132
354.45	31.103
354.80	31.069
355.16	30.941
355.52	30.775
355.87	30.807
356.23	30.760
356.58	30.793
356.94	30.763
357.29	30.756
357.65	30.596
358.00	30.588
358.36	30.524
358.72	30.437
359.07	30.440
359.43	30.451
359.78	30.348
360.14	30.239
360.49	30.203
360.85	30.183
361.20	30.191
361.56	30.166
361.91	30.124
362.27	30.089
362.62	30.097
362.98	30.028
363.33	30.066
363.69	30.052
364.04	30.059
364.40	29.949
364.75	29.898
365.11	29.829
365.46	29.735
365.82	29.617
366.17	29.643
366.53	29.635
366.88	29.627
367.24	29.574
367.59	29.494
367.95	29.501
368.30	29.514
368.66	29.424
369.01	29.405
369.37	29.421
369.72	29.516
370.08	29.421
370.43	29.386
370.78	29.329
371.14	29.286
371.49	29.246
371.85	29.186
372.20	29.086
372.56	29.088
372.91	29.002
373.26	28.973
373.62	28.845
373.97	28.744
374.33	28.671
374.68	28.632
375.03	28.605
375.39	28.529
375.74	28.422
376.10	28.433
376.45	28.390
376.80	28.390
377.16	28.363
377.51	28.385
377.87	28.451
378.22	28.428
378.57	28.394
378.93	28.356
379.28	28.338
379.63	28.340
379.99	28.320
380.34	28.329
380.70	28.273
381.05	28.222
381.40	28.093
381.76	27.981
382.11	27.909
382.46	27.868
382.82	27.793
383.17	27.766
383.52	27.681
383.88	27.605
384.23	27.511
384.58	27.478
384.94	27.388
385.29	27.397
385.64	27.379
385.99	27.323
386.35	27.257
386.70	27.166
387.05	27.089
387.41	27.024
387.76	26.918
388.11	26.869
388.47	26.749
388.82	26.780
389.17	26.721
389.52	26.628
389.88	26.613
390.23	26.556
390.58	26.552
390.93	26.551
391.29	26.516
391.64	26.543
391.99	26.506
392.34	26.501
392.70	26.379
393.05	26.270
393.40	26.260
393.75	26.192
394.11	26.161
394.46	26.109
394.81	26.046
395.16	26.041
395.52	25.947
395.87	25.851
396.22	25.796
396.57	25.746
396.92	25.712
397.28	25.645
397.63	25.595
397.98	25.549
398.33	25.457
398.68	25.370
399.04	25.273
399.39	25.226
399.74	25.174
400.09	25.073
400.44	24.992
400.80	24.936
401.15	24.843
401.50	24.791
401.85	24.727
402.20	24.713
402.55	24.647
402.90	24.626
403.26	24.568
403.61	24.492
403.96	24.410
404.31	24.343
404.66	24.331
405.01	24.330
405.36	24.267
405.72	24.219
406.07	24.151
406.42	24.086
406.77	24.057
407.12	24.003
407.47	23.968
407.82	24.033
408.17	23.974
408.53	23.885
408.88	23.814
409.23	23.769
409.58	23.707
409.93	23.655
410.28	23.623
410.63	23.488
410.98	23.405
411.33	23.387
411.68	23.279
412.03	23.310
412.38	23.290
412.73	23.223
413.09	23.209
413.44	23.174
413.79	23.144
414.14	23.139
414.49	23.127
414.84	23.113
415.19	23.049
415.54	23.006
415.89	22.913
416.24	22.851
416.59	22.824
416.94	22.756
417.29	22.695
417.64	22.640
417.99	22.573
418.34	22.528
418.69	22.507
419.04	22.474
419.39	22.467
419.74	22.456
420.09	22.440
420.44	22.419
420.79	22.381
421.14	22.354
421.49	22.328
421.84	22.323
422.19	22.325
422.54	22.293
422.89	22.261
423.24	22.214
423.59	22.154
423.94	22.092
424.29	22.009
424.64	21.963
424.99	21.930
425.34	21.897
425.68	21.865
426.03	21.803
426.38	21.798
426.73	21.775
427.08	21.761
427.43	21.774
427.78	21.789
428.13	21.855
428.48	21.888
428.83	21.904
429.18	21.915
429.53	21.897
429.87	21.895
430.22	21.844
430.57	21.834
430.92	21.815
431.27	21.786
431.62	21.776
431.97	21.755
432.32	21.723
432.67	21.697
433.01	21.665
433.36	21.648
433.71	21.622
434.06	21.605
434.41	21.596
434.76	21.568
435.11	21.547
435.45	21.537
435.80	21.519
436.15	21.535
436.50	21.519
436.85	21.506
437.20	21.494
437.54	21.483
437.89	21.461
438.24	21.456
438.59	21.440
438.94	21.397
439.29	21.371
439.63	21.336
439.98	21.286
440.33	21.260
440.68	21.226
441.03	21.201
441.37	21.183
441.72	21.187
442.07	21.163
442.42	21.152
442.76	21.205
443.11	21.188
443.46	21.186
443.81	21.187
444.16	21.185
444.50	21.200
444.85	21.177
445.20	21.157
445.55	21.090
445.89	21.052
446.24	21.021
446.59	20.932
446.94	20.902
447.28	20.847
447.63	20.777
447.98	20.714
448.32	20.637
448.67	20.600
449.02	20.539
449.37	20.528
449.71	20.529
450.06	20.532
450.41	20.544
450.75	20.524
451.10	20.511
451.45	20.489
451.79	20.468
452.14	20.463
452.49	20.439
452.84	20.429
453.18	20.431
453.53	20.380
453.88	20.329
454.22	20.316
454.57	20.300
454.92	20.288
455.26	20.298
455.61	20.299
455.95	20.285
456.30	20.277
456.65	20.281
456.99	20.277
457.34	20.287
457.69	20.293
458.03	20.262
458.38	20.246
458.73	20.216
459.07	20.185
459.42	20.166
459.76	20.114
460.11	20.087
460.46	20.043
460.80	19.986
461.15	19.926
461.49	19.871
461.84	19.841
462.19	19.805
462.53	19.789
462.88	19.785
463.22	19.748
463.57	19.773
463.91	19.739
464.26	19.722
464.61	19.710
464.95	19.704
465.30	19.702
465.64	19.695
465.99	19.680
466.33	19.636
466.68	19.612
467.02	19.588
467.37	19.544
467.71	19.501
468.06	19.491
468.41	19.466
468.75	19.434
469.10	19.397
469.44	19.334
469.79	19.296
470.13	19.266
470.48	19.216
470.82	19.184
471.17	19.140
471.51	19.096
471.86	19.012
472.20	18.973
472.55	18.906
472.89	18.856
473.23	18.817
473.58	18.738
473.92	18.718
474.27	18.679
474.61	18.644
474.96	18.597
475.30	18.593
475.65	18.571
475.99	18.530
476.34	18.504
476.68	18.468
477.02	18.439
477.37	18.423
477.71	18.385
478.06	18.365
478.40	18.376
478.75	18.489
479.09	18.654
479.43	18.840
479.78	19.044
480.12	19.234
480.47	19.458
480.81	19.716
481.15	19.973
481.50	20.217
481.84	20.538
482.19	20.885
482.53	21.187
482.87	21.360
483.22	21.355
483.56	21.176
483.90	20.890
484.25	20.494
484.59	20.055
484.94	19.759
485.28	19.512
485.62	19.155
485.97	18.734
486.31	18.333
486.65	18.022
487.00	17.870
487.34	17.873
487.68	18.008
488.03	18.201
488.37	18.407
488.71	18.425
489.06	18.371
489.40	18.311
489.74	18.268
490.09	18.194
490.43	18.104
490.77	18.027
491.11	17.964
491.46	17.865
491.80	17.788
492.14	17.701
492.49	17.621
492.83	17.538
493.17	17.467
493.51	17.357
493.86	17.246
494.20	17.171
494.54	17.119
494.88	17.071
495.23	17.035
495.57	17.011
495.91	16.998
496.25	16.974
496.60	16.947
496.94	16.909
497.28	16.891
497.62	16.872
497.97	16.853
498.31	16.800
498.65	16.759
498.99	16.738
499.33	16.713
499.68	16.676
500.02	16.653
500.36	16.604
500.70	16.579
501.04	16.538
501.39	16.511
501.73	16.460
502.07	16.452
502.41	16.439
502.75	16.419
503.09	16.382
503.44	16.369
503.78	16.343
504.12	16.342
504.46	16.296
504.80	16.290
505.14	16.271
505.49	16.286
505.83	16.284
506.17	16.284
506.51	16.284
506.85	16.284
507.19	16.272
507.53	16.272
507.87	16.249
508.22	16.235
508.56	16.225
508.90	16.209
509.24	16.167
509.58	16.117
509.92	16.070
510.26	16.041
510.60	16.027
510.94	15.991
511.28	15.957
511.63	15.916
511.97	15.898
512.31	15.871
512.65	15.836
512.99	15.811
513.33	15.795
513.67	15.784
514.01	15.792
514.35	15.774
514.69	15.776
515.03	15.781
515.37	15.810
515.71	15.822
516.05	15.811
516.39	15.810
516.73	15.816
517.07	15.821
517.41	15.811
517.75	15.760
518.09	15.728
518.43	15.683
518.77	15.630
519.11	15.569
519.45	15.497
519.79	15.438
520.13	15.393
520.47	15.335
520.81	15.279
521.15	15.241
521.49	15.220
521.83	15.187
522.17	15.180
522.51	15.177
522.85	15.200
523.19	15.243
523.53	15.340
523.87	15.448
524.21	15.568
524.55	15.683
524.89	15.772
525.23	15.836
525.57	15.924
525.91	15.999
526.25	16.085
526.58	16.139
526.92	16.176
527.26	16.183
527.60	16.169
527.94	16.131
528.28	16.080
528.62	16.014
528.96	15.948
529.30	15.873
529.64	15.789
529.97	15.669
530.31	15.557
530.65	15.474
530.99	15.366
531.33	15.273
531.67	15.211
532.01	15.164
532.35	15.112
532.68	15.068
533.02	15.008
533.36	14.939
533.70	14.905
534.04	14.857
534.38	14.794
534.71	14.743
535.05	14.679
535.39	14.596
535.73	14.510
536.07	14.479
536.41	14.450
536.74	14.453
537.08	14.487
537.42	14.514
537.76	14.547
538.10	14.586
538.43	14.642
538.77	14.687
539.11	14.729
539.45	14.766
539.79	14.788
540.12	14.808
540.46	14.789
540.80	14.745
541.14	14.692
541.47	14.643
541.81	14.571
542.15	14.499
542.49	14.418
542.82	14.336
543.16	14.258
543.50	14.175
543.84	14.074
544.17	14.015
544.51	13.970
544.85	13.946
545.18	13.911
545.52	13.882
545.86	13.830
546.20	13.787
546.53	13.733
546.87	13.671
547.21	13.598
547.54	13.548
547.88	13.497
548.22	13.453
548.55	13.385
548.89	13.342
549.23	13.319
549.56	13.315
549.90	13.305
550.24	13.307
550.57	13.307
550.91	13.319
551.25	13.325
551.58	13.309
551.92	13.303
552.26	13.298
552.59	13.281
552.93	13.245
553.27	13.220
553.60	13.186
553.94	13.177
554.27	13.152
554.61	13.133
554.95	13.106
555.28	13.080
555.62	13.057
555.95	13.048
556.29	13.016
556.63	13.028
556.96	13.035
557.30	13.053
557.63	13.016
557.97	12.998
558.31	12.993
558.64	12.983
558.98	12.965
559.31	12.971
559.65	12.937
559.98	12.939
560.32	12.902
560.65	12.865
560.99	12.829
561.33	12.831
561.66	12.817
562.00	12.829
562.33	12.827
562.67	12.846
563.00	12.831
563.34	12.838
563.67	12.846
564.01	12.848
564.34	12.849
564.68	12.872
565.01	12.849
565.35	12.831
565.68	12.797
566.02	12.772
566.35	12.750
566.69	12.717
567.02	12.702
567.36	12.669
567.69	12.673
568.03	12.634
568.36	12.605
568.69	12.613
569.03	12.631
569.36	12.626
569.70	12.652
570.03	12.638
570.37	12.639
570.70	12.638
571.04	12.647
571.37	12.617
571.70	12.602
572.04	12.577
572.37	12.558
572.71	12.546
573.04	12.547
573.37	12.513
573.71	12.493
574.04	12.482
574.38	12.434
574.71	12.390
575.04	12.368
575.38	12.363
575.71	12.357
576.05	12.316
576.38	12.273
576.71	12.203
577.05	12.146
577.38	12.153
577.71	12.131
578.05	12.136
578.38	12.118
578.71	12.122
579.05	12.091
579.38	12.063
579.71	12.088
580.05	12.099
580.38	12.132
580.71	12.148
581.05	12.106
581.38	12.069
581.71	12.044
582.05	12.021
582.38	12.000
582.71	11.974
583.04	11.976
583.38	11.985
583.71	11.962
584.04	11.942
584.38	11.938
584.71	11.951
585.04	11.969
585.37	11.968
585.71	11.993
586.04	12.035
586.37	12.113
586.70	12.149
587.04	12.124
587.37	12.152
587.70	12.147
588.03	12.175
588.37	12.136
588.70	12.170
589.03	12.184
589.36	12.181
589.69	12.137
590.03	12.094
590.36	12.069
590.69	12.052
591.02	12.037
591.35	12.043
591.69	12.002
592.02	12.051
592.35	12.050
592.68	12.064
593.01	12.068
593.35	12.091
593.68	12.137
594.01	12.137
594.34	12.135
594.67	12.127
595.00	12.121
595.34	12.135
595.67	12.132
596.00	12.107
596.33	12.081
596.66	12.074
596.99	12.043
597.32	11.980
597.65	11.961
597.99	11.935
598.32	11.927
598.65	11.924
598.98	11.913
599.31	11.903
599.64	11.900
599.97	11.888
600.30	11.903
600.63	11.909
600.96	11.943
601.30	11.955
601.63	11.986
601.96	12.009
602.29	12.004
602.62	12.029
602.95	12.027
603.28	12.031
603.61	12.040
603.94	12.010
604.27	12.012
604.60	11.991
604.93	11.984
605.26	11.948
605.59	11.932
605.92	11.934
606.25	11.913
606.58	11.884
606.91	11.898
607.24	11.883
607.57	11.918
607.90	11.908
608.23	11.896
608.56	11.898
608.89	11.909
609.22	11.891
609.55	11.856
609.88	11.826
610.21	11.781
610.54	11.728
610.87	11.724
611.20	11.679
611.53	11.621
611.86	11.634
612.19	11.609
612.52	11.572
612.85	11.507
613.18	11.532
613.51	11.524
613.84	11.539
614.17	11.541
614.49	11.535
614.82	11.520
615.15	11.567
615.48	11.514
615.81	11.475
616.14	11.493
616.47	11.557
616.80	11.496
617.13	11.497
617.46	11.531
617.78	11.501
618.11	11.504
618.44	11.500
618.77	11.473
619.10	11.461
619.43	11.482
619.76	11.479
620.09	11.424
620.41	11.451
620.74	11.444
621.07	11.426
621.40	11.457
621.73	11.444
622.06	11.456
622.38	11.479
622.71	11.520
623.04	11.507
623.37	11.519
623.70	11.528
624.02	11.549
624.35	11.566
624.68	11.573
625.01	11.557
625.34	11.586
625.66	11.576
625.99	11.578
626.32	11.561
626.65	11.548
626.98	11.519
627.30	11.507
627.63	11.441
627.96	11.410
628.29	11.373
628.61	11.323
628.94	11.275
629.27	11.275
629.60	11.218
629.92	11.190
630.25	11.194
630.58	11.183
630.91	11.181
631.23	11.205
631.56	11.188
631.89	11.205
632.21	11.210
632.54	11.210
632.87	11.192
633.19	11.205
633.52	11.185
633.85	11.153
634.18	11.163
634.50	11.120
634.83	11.102
635.16	11.103
635.48	11.049
635.81	11.030
636.14	10.957
636.46	10.902
636.79	10.854
637.11	10.873
637.44	10.848
637.77	10.771
638.09	10.774
638.42	10.765
638.75	10.715
639.07	10.721
639.40	10.654
639.73	10.651
640.05	10.652
640.38	10.663
640.70	10.638
641.03	10.621
641.36	10.617
641.68	10.607
642.01	10.604
642.33	10.639
642.66	10.606
642.98	10.670
643.31	10.645
643.64	10.673
643.96	10.669
644.29	10.645
644.61	10.677
644.94	10.720
645.26	10.742
645.59	10.702
645.91	10.672
646.24	10.690
646.56	10.683
646.89	10.707
647.22	10.689
647.54	10.711
647.87	10.717
648.19	10.708
648.52	10.645
648.84	10.634
649.17	10.664
649.49	10.692
649.82	10.644
650.14	10.649
650.47	10.628
650.79	10.636
651.11	10.576
651.44	10.553
651.76	10.507
652.09	10.479
652.41	10.414
652.74	10.350
653.06	10.291
653.39	10.329
653.71	10.308
654.04	10.355
654.36	10.320
654.68	10.369
655.01	10.359
655.33	10.357
655.66	10.419
655.98	10.482
656.30	10.552
656.63	10.552
656.95	10.541
657.28	10.616
657.60	10.558
657.92	10.523
658.25	10.449
658.57	10.457
658.90	10.428
659.22	10.399
659.54	10.319
659.87	10.222
660.19	10.202
660.51	10.142
660.84	9.963
661.16	9.944
661.48	9.899
661.81	9.882
662.13	9.860
662.45	9.837
662.78	9.792
663.10	9.835
663.42	9.850
663.75	9.808
664.07	9.854
664.39	9.886
664.72	9.829
665.04	9.857
665.36	9.847
665.69	9.805
666.01	9.802
666.33	9.787
666.65	9.713
666.98	9.656
667.30	9.622
667.62	9.577
667.94	9.533
668.27	9.547
668.59	9.498
668.91	9.545
669.23	9.498
669.56	9.454
669.88	9.425
670.20	9.405
670.52	9.341
670.85	9.383
671.17	9.369
671.49	9.355
671.81	9.414
672.13	9.402
672.46	9.318
672.78	9.314
673.10	9.308
673.42	9.322
673.74	9.316
674.07	9.429
674.39	9.381
674.71	9.371
675.03	9.396
675.35	9.303
675.67	9.313
676.00	9.293
676.32	9.319
676.64	9.391
676.96	9.349
677.28	9.393
677.60	9.311
677.92	9.311
678.25	9.314
678.57	9.289
678.89	9.309
679.21	9.308
679.53	9.297
679.85	9.268
680.17	9.205
680.49	9.253
680.81	9.190
681.13	9.209
681.46	9.164
681.78	9.120
682.10	9.157
682.42	9.157
682.74	9.164
683.06	9.148
683.38	9.156
683.70	9.130
684.02	9.182
684.34	9.217
684.66	9.325
684.98	9.401
685.30	9.454
685.62	9.470
685.94	9.527
686.26	9.552
686.58	9.575
686.90	9.547
687.22	9.564
687.54	9.557
687.86	9.565
688.18	9.411
688.50	9.327
688.82	9.355
689.14	9.307
689.46	9.170
689.78	9.121
690.10	9.138
690.42	9.104
690.74	9.064
691.06	8.957
691.38	8.916
691.70	8.908
692.02	8.905
692.34	8.729
692.66	8.693
692.98	8.677
693.30	8.589
693.62	8.594
693.94	8.657
694.26	8.699
694.57	8.727
694.89	8.717
695.21	8.827
695.53	8.930
695.85	9.053
696.17	9.085
696.49	9.177
696.81	9.241
697.13	9.209
697.44	9.173
697.76	9.153
698.08	9.085
698.40	9.086
698.72	8.958
699.04	8.854
699.36	8.713
699.67	8.596
699.99	8.472
700.31	8.315
700.63	8.133
700.95	7.989
701.27	7.870
701.58	7.861
701.90	7.622
702.22	7.584
702.54	7.371
702.86	7.357
703.17	7.270
703.49	7.171
703.81	7.144
704.13	7.136
704.45	7.094
704.76	7.012
705.08	6.815
705.40	6.832
705.72	6.795
706.03	6.881
706.35	6.821
706.67	6.796
706.99	6.747
707.30	6.750
707.62	6.790
707.94	6.850
708.26	6.943
708.57	7.045
708.89	7.138
709.21	7.126
709.53	7.129
709.84	7.159
710.16	7.260
710.48	7.364
710.79	7.374
711.11	7.453
711.43	7.457
711.74	7.427
712.06	7.381
712.38	7.371
712.69	7.431
713.01	7.446
713.33	7.477
713.64	7.496
713.96	7.516
714.28	7.613
714.59	7.559
714.91	7.602
715.23	7.740
715.54	7.847
715.86	7.941
716.17	7.988
716.49	8.066
716.81	8.007
717.12	7.984
717.44	7.941
717.76	7.940
718.07	7.970
718.39	7.932
718.70	7.865
719.02	7.749
719.33	7.646
719.65	7.536
719.97	7.380
720.28	7.383
720.60	7.332
720.91	7.178
721.23	7.047
721.54	6.940
721.86	6.853
722.17	6.701
722.49	6.724
722.81	6.892
723.12	7.016
723.44	7.063
723.75	7.103
724.07	7.217
724.38	7.372
724.70	7.375
725.01	7.527
725.33	7.533
725.64	7.513
725.96	7.611
726.27	7.592
726.59	7.514
726.90	7.609
727.22	7.616
727.53	7.537
727.84	7.453
728.16	7.378
728.47	7.261
728.79	7.264
729.10	7.278
729.42	7.218
729.73	7.095
730.05	6.969
730.36	6.811
730.67	6.625
730.99	6.410
731.30	6.389
731.62	6.286
731.93	6.154
732.24	6.091
732.56	6.016
732.87	5.744
733.19	5.554
733.50	5.516
733.81	5.378
734.13	5.203
734.44	5.139
734.76	4.965
735.07	4.937
735.38	4.853
735.70	4.529
736.01	4.402
736.32	4.261
736.64	4.090
736.95	3.947
737.26	3.931
737.58	3.917
737.89	3.840
738.20	3.758
738.52	3.557
738.83	3.406
739.14	3.310
739.45	3.142
739.77	3.104
740.08	3.069
740.39	2.930
740.71	2.705
741.02	2.623
741.33	2.521
741.64	2.143
741.96	2.067
742.27	1.997
742.58	2.049
742.90	1.860
743.21	1.806
743.52	1.631
743.83	1.403
744.14	1.169
744.46	1.142
744.77	0.994
745.08	1.211
745.39	1.232
745.71	1.166
746.02	0.995
746.33	1.107
746.64	1.006
746.95	0.921
747.27	1.066
747.58	1.242
747.89	1.120
748.20	1.192
748.51	1.228
748.82	1.041
749.14	1.119
749.45	1.079
749.76	0.967
750.07	1.095
750.38	1.294
750.69	1.214
751.01	1.363
751.32	1.478
751.63	1.429
751.94	1.455
752.25	1.573
752.56	1.537
752.87	1.816
753.18	1.967
753.49	1.810
753.81	1.757
754.12	1.744
754.43	1.668
754.74	1.788
755.05	2.253
755.36	2.457
755.67	3.058
755.98	3.401
756.29	3.884
756.60	4.365
756.91	4.963
757.22	5.620
757.53	6.369
757.84	7.180
758.15	7.762
758.46	8.064
758.77	8.516
759.09	8.704
759.40	9.190
759.71	9.405
760.02	9.652
760.33	9.831
760.64	9.834
760.95	9.774
761.26	9.572
761.57	9.514
761.88	9.467
762.18	9.233
762.49	8.924
762.80	8.621
763.11	8.324
763.42	7.928
763.73	7.537
764.04	7.146
764.35	6.745
764.66	6.290
764.97	5.739
765.28	4.960
765.59	4.415
765.90	3.898
766.21	3.379
766.52	2.619
766.83	2.092
767.14	1.574
767.44	1.045
767.75	0.433
768.06	0.012
768.37	-0.559
768.68	-0.585
768.99	-0.799
769.30	-0.843
769.61	-1.241
769.91	-1.311
770.22	-1.680
770.53	-1.915
770.84	-2.180
771.15	-2.182
771.46	-2.392
771.77	-2.534
772.07	-2.725
772.38	-2.787
772.69	-2.867
773.00	-2.855
773.31	-2.900
773.61	-2.734
773.92	-2.338
774.23	-2.170
774.54	-2.045
774.85	-1.790
775.15	-1.508
775.46	-1.666
775.77	-1.577
776.08	-1.736
776.39	-1.740
776.69	-1.598
777.00	-1.670
777.31	-1.894
777.62	-2.064
777.92	-2.548
778.23	-2.796
778.54	-3.031
778.85	-2.789
779.15	-2.783
779.46	-2.894
779.77	-3.167
780.07	-2.986
780.38	-2.839
780.69	-3.322
781.00	-3.215
781.30	-2.607
781.61	-2.372
781.92	-1.946
782.22	-2.243
782.53	-2.586
782.84	-2.118
783.14	-1.606
783.45	-1.856
783.76	-1.778
784.06	-1.264
784.37	-1.132
784.68	-0.954
784.98	-0.503
785.29	-0.172
785.60	0.246
785.90	0.828
786.21	0.859
786.51	1.059
786.82	1.041
787.13	1.273
787.43	1.579
787.74	1.826
788.04	1.802
788.35	1.566
788.66	1.186
788.96	1.274
789.27	1.036
789.57	0.861
789.88	0.472
790.19	0.789
790.49	0.437
790.80	0.360
791.10	0.094
791.41	0.371
791.71	0.251
792.02	0.571
792.32	0.478
792.63	0.590
792.93	0.723
793.24	1.111
793.54	0.873
793.85	1.638
794.15	1.641
794.46	1.985
794.76	1.571
795.07	1.732
795.37	1.937
795.68	2.419
795.98	2.106
796.29	2.201
796.59	2.333
796.90	2.642
797.20	2.249
797.51	2.413
797.81	2.398
798.12	2.306
798.42	1.988
798.72	1.542
799.03	1.385
799.33	2.008
799.64	1.822
799.94	1.630
800.25	1.447
800.55	1.431
800.85	1.005
801.16	1.057
801.46	1.212
801.77	1.524
802.07	1.887
802.37	1.688
802.68	1.404
802.98	1.726
803.28	1.552
803.59	1.354
803.89	0.885
804.20	1.096
804.50	0.987
804.80	0.832
805.11	0.874
805.41	0.578
805.71	0.379
806.02	0.289
806.32	0.138
806.62	0.703
806.93	1.110
807.23	1.599
807.53	1.592
807.83	1.838
808.14	2.364
808.44	2.566
808.74	2.619
809.05	2.915
809.35	3.080
809.65	3.616
809.95	3.181
810.26	3.426
810.56	3.088
810.86	3.125
811.16	2.753
811.47	2.334
811.77	1.873
812.07	2.378
812.37	2.973
812.68	3.292
812.98	3.355
813.28	3.393
813.58	3.453
813.88	3.971
814.19	4.461
814.49	4.824
814.79	5.169
815.09	6.258
815.39	6.727
815.70	6.482
816.00	6.847
816.30	7.147
816.60	7.118
816.90	7.554
817.20	8.080
817.50	8.554
817.81	8.837
818.11	9.639
818.41	9.678
818.71	9.961
819.01	10.238
819.31	10.488
819.61	10.498
819.92	10.676
820.22	10.585
820.52	10.646
820.82	10.572
821.12	10.636
821.42	10.575
821.72	10.567
822.02	10.474
822.32	10.463
822.62	10.366
822.92	10.411
823.22	10.346
823.52	10.401
823.83	10.332
824.13	10.298
824.43	10.177
824.73	10.029
825.03	9.990
825.33	10.009
825.63	9.900
825.93	9.909
826.23	9.515
826.53	9.449
826.83	9.350
827.13	9.316
827.43	9.218
827.73	9.232
828.03	9.087
828.33	8.898
828.63	8.329
828.93	7.981
829.23	7.428
829.53	7.360
829.83	7.217
830.13	7.090
830.42	6.751
830.72	7.051
831.02	7.007
831.32	7.095
831.62	7.283
831.92	7.719
832.22	7.942
832.52	8.056
832.82	8.302
833.12	8.120
833.42	8.120
833.72	8.374
834.01	8.446
834.31	8.476
834.61	8.489
834.91	8.210
835.21	7.826
835.51	7.375
835.81	7.418
836.11	6.850
836.40	6.738
836.70	6.482
837.00	5.485
837.30	4.964
837.60	4.672
837.90	4.323
838.19	4.244
838.49	3.991
838.79	3.787
839.09	3.810
839.39	3.695
839.68	3.709
839.98	3.055
840.28	3.839
840.58	3.009
840.88	3.153
841.17	2.992
841.47	2.611
841.77	3.272
842.07	4.535
842.36	2.946
842.66	2.459
842.96	1.394
843.26	0.366
843.55	-1.546
843.85	-2.691
844.15	-4.228
844.45	-4.273
844.74	-6.018
845.04	-7.406
845.34	-9.972
845.63	-9.062
845.93	-8.535
846.23	-8.246
846.53	-6.805
846.82	-6.554
847.12	-3.791
847.42	-5.063
847.71	-6.372
848.01	-3.357
848.31	-3.395
848.60	-1.326
848.90	-2.627
849.19	-2.405
849.49	-0.565
849.79	-0.598
850.08	-0.366
850.38	-1.876
850.68	1.071
850.97	1.617
851.27	0.787
851.56	2.163
851.86	2.686
852.16	4.552
852.45	4.480
852.75	4.705
853.04	3.322
853.34	3.567
853.64	5.379
853.93	2.487
854.23	1.934
854.52	2.650
854.82	1.698
855.11	-0.208
855.41	-2.528
855.70	-1.184
856.00	-3.563
856.30	-1.833
856.59	-2.359
856.89	-3.009
857.18	-1.909
857.48	0.661
857.77	-0.336
858.07	-2.480
858.36	-3.102
858.66	0.751
858.95	-1.069
859.25	0.673
859.54	0.539
859.84	0.034
860.13	-1.339
860.42	-1.199
860.72	-4.228
861.01	-4.490
861.31	-2.553
861.60	-2.019
861.90	-4.237
862.19	-3.040
862.49	-4.609
862.78	-3.918
863.07	-4.497
863.37	-3.800
863.66	-2.699
863.96	-1.318
864.25	-2.238
864.54	-2.992
864.84	-3.078
865.13	-1.993
865.43	-1.404
865.72	-16.037
866.01	-10.231
866.31	-1.645
866.60	7.501
866.89	6.157
>>>>>End Spectral Data<<<<<
