180.30	0.000
180.67	0.000
181.03	74.123
181.40	82.913
181.77	-21.004
182.14	121.491
182.51	2499.167
182.88	3.964
183.25	157.348
183.62	171.425
183.99	186.778
184.36	33.463
184.73	68.920
185.10	233.312
185.46	53.973
185.83	131.122
186.20	54.774
186.57	-105.044
186.94	-3454.126
187.31	-132.105
187.68	-18.988
188.05	68.966
188.42	59.278
188.78	32.048
189.15	-61.224
189.52	-81.177
189.89	-30.136
190.26	-32.439
190.63	-30.547
191.00	-45.185
191.37	-82.156
191.73	-34.719
192.10	-33.106
192.47	-222.470
192.84	-37.122
193.21	-4693.406
193.58	239.952
193.94	97.938
194.31	150.287
194.68	219.014
195.05	335.404
195.42	424.237
195.79	246.054
196.15	150.063
196.52	96.424
196.89	156.416
197.26	1200.107
197.63	-126.895
198.00	-97.651
198.36	-172.088
198.73	-120.639
199.10	-79.244
199.47	-113.623
199.84	-89.995
200.20	-40.144
200.57	-33.163
200.94	-32.125
201.31	-10.474
201.68	31.722
202.04	23.563
202.41	14.717
202.78	9.035
203.15	-12.817
203.51	-41.291
203.88	-56.831
204.25	-82.567
204.62	-143.811
204.98	-58.067
205.35	-48.689
205.72	-68.183
206.09	-242.464
206.46	-86.438
206.82	-60.554
207.19	-35.428
207.56	-28.428
207.92	-30.814
208.29	-19.138
208.66	-17.727
209.03	-9.850
209.39	-37.502
209.76	-62.005
210.13	-40.208
210.50	-33.583
210.86	-5.064
211.23	-0.195
211.60	4.786
211.96	22.001
212.33	25.809
212.70	32.244
213.07	-4.044
213.43	3.919
213.80	8.458
214.17	-10.324
214.53	-11.692
214.90	-16.461
215.27	-27.696
215.63	-33.860
216.00	-34.288
216.37	-23.762
216.74	-30.931
217.10	-1.447
217.47	12.392
217.84	25.738
218.20	31.354
218.57	34.298
218.94	37.495
219.30	42.223
219.67	48.227
220.04	55.693
220.40	55.936
220.77	56.219
221.13	53.674
221.50	50.816
221.87	42.109
222.23	36.354
222.60	29.303
222.97	21.738
223.33	14.896
223.70	11.766
224.07	6.923
224.43	5.635
224.80	7.778
225.16	9.909
225.53	9.374
225.90	11.862
226.26	14.199
226.63	15.365
226.99	15.908
227.36	15.826
227.73	16.909
228.09	18.028
228.46	18.223
228.82	17.114
229.19	16.357
229.56	16.641
229.92	15.209
230.29	15.040
230.65	13.899
231.02	13.535
231.38	14.139
231.75	12.851
232.12	11.599
232.48	10.913
232.85	12.940
233.21	13.262
233.58	13.475
233.94	16.001
234.31	15.797
234.68	17.105
235.04	16.751
235.41	17.064
235.77	17.056
236.14	18.646
236.50	18.576
236.87	17.449
237.23	17.927
237.60	17.227
237.96	15.946
238.33	15.159
238.69	14.795
239.06	14.361
239.42	14.515
239.79	14.697
240.15	13.961
240.52	14.283
240.88	14.553
241.25	13.843
241.61	14.106
241.98	13.912
242.34	13.760
242.71	13.826
243.07	13.973
243.44	13.707
243.80	13.559
244.17	13.718
244.53	13.679
244.90	13.603
245.26	13.745
245.63	13.597
245.99	13.775
246.36	14.026
246.72	13.972
247.09	14.139
247.45	14.238
247.81	14.321
248.18	14.465
248.54	14.441
248.91	14.819
249.27	15.066
249.64	15.245
250.00	15.288
250.36	15.085
250.73	15.132
251.09	14.960
251.46	15.301
251.82	15.487
252.19	15.280
252.55	15.238
252.91	14.866
253.28	14.602
253.64	14.327
254.01	14.245
254.37	14.262
254.73	13.732
255.10	13.627
255.46	13.453
255.83	13.127
256.19	13.087
256.55	13.172
256.92	12.921
257.28	12.916
257.65	12.996
258.01	13.214
258.37	13.300
258.74	13.393
259.10	13.287
259.46	13.203
259.83	13.125
260.19	13.107
260.55	13.022
260.92	12.995
261.28	12.857
261.64	12.772
262.01	12.179
262.37	12.039
262.73	11.795
263.10	11.691
263.46	11.601
263.82	11.860
264.19	12.027
264.55	11.954
264.91	12.523
265.28	12.900
265.64	13.116
266.00	13.281
266.37	13.536
266.73	13.838
267.09	13.957
267.46	14.057
267.82	13.818
268.18	13.581
268.54	13.565
268.91	13.273
269.27	13.043
269.63	13.059
270.00	12.939
270.36	12.707
270.72	12.987
271.08	13.069
271.45	12.853
271.81	12.749
272.17	12.731
272.53	12.797
272.90	12.632
273.26	12.665
273.62	12.553
273.98	12.419
274.35	12.212
274.71	11.809
275.07	11.607
275.43	11.556
275.80	12.114
276.16	12.266
276.52	12.331
276.88	12.353
277.25	12.065
277.61	11.975
277.97	12.398
278.33	12.551
278.69	12.533
279.06	12.721
279.42	12.832
279.78	12.496
280.14	12.425
280.50	12.527
280.87	12.465
281.23	12.667
281.59	12.746
281.95	12.716
282.31	12.489
282.68	12.401
283.04	12.345
283.40	12.340
283.76	12.496
284.12	12.770
284.48	12.739
284.85	12.972
285.21	12.863
285.57	12.692
285.93	12.587
286.29	12.772
286.65	12.864
287.02	12.919
287.38	12.881
287.74	12.767
288.10	12.613
288.46	12.500
288.82	12.327
289.18	12.478
289.54	12.669
289.91	12.745
290.27	12.615
290.63	12.612
290.99	12.503
291.35	12.781
291.71	12.907
292.07	12.934
292.43	13.002
292.79	13.233
293.16	13.429
293.52	13.648
293.88	13.843
294.24	14.181
294.60	14.353
294.96	14.785
295.32	14.883
295.68	15.035
296.04	15.198
296.40	15.452
296.76	15.492
297.12	15.617
297.49	15.759
297.85	16.006
298.21	16.205
298.57	16.565
298.93	16.704
299.29	17.105
299.65	17.639
300.01	17.950
300.37	18.259
300.73	18.699
301.09	18.929
301.45	19.234
301.81	19.526
302.17	19.748
302.53	19.992
302.89	20.304
303.25	20.555
303.61	20.618
303.97	20.883
304.33	21.199
304.69	21.380
305.05	21.641
305.41	21.878
305.77	21.857
306.13	22.085
306.49	22.201
306.85	22.216
307.21	22.208
307.57	22.417
307.93	22.526
308.29	22.634
308.65	22.834
309.01	22.832
309.37	22.905
309.73	23.035
310.09	23.069
310.45	23.167
310.81	23.263
311.17	23.270
311.53	23.275
311.89	23.384
312.25	23.325
312.61	23.325
312.96	23.491
313.32	23.433
313.68	23.395
314.04	23.523
314.40	23.488
314.76	23.529
315.12	23.493
315.48	23.490
315.84	23.349
316.20	23.381
316.56	23.352
316.92	23.422
317.27	23.561
317.63	23.762
317.99	23.720
318.35	23.704
318.71	23.654
319.07	23.735
319.43	23.660
319.79	23.672
320.15	23.671
320.50	23.562
320.86	23.454
321.22	23.368
321.58	23.234
321.94	23.252
322.30	23.203
322.66	23.260
323.01	23.015
323.37	22.866
323.73	22.782
324.09	22.768
324.45	22.752
324.81	22.722
325.17	22.541
325.52	22.498
325.88	22.485
326.24	22.409
326.60	22.440
326.96	22.565
327.31	22.622
327.67	22.589
328.03	22.503
328.39	22.527
328.75	22.415
329.11	22.461
329.46	22.406
329.82	22.137
330.18	22.121
330.54	21.899
330.90	21.840
331.25	21.784
331.61	21.812
331.97	21.858
332.33	21.845
332.68	21.789
333.04	21.632
333.40	21.655
333.76	21.621
334.11	21.622
334.47	21.617
334.83	21.678
335.19	21.671
335.54	21.591
335.90	21.478
336.26	21.496
336.62	21.656
336.97	21.766
337.33	21.831
337.69	21.962
338.05	21.854
338.40	21.743
338.76	21.769
339.12	21.736
339.48	21.712
339.83	21.684
340.19	21.557
340.55	21.354
340.90	21.353
341.26	21.212
341.62	21.100
341.97	21.121
342.33	21.178
342.69	21.074
343.04	21.031
343.40	20.967
343.76	21.014
344.12	20.886
344.47	20.859
344.83	20.766
345.19	20.727
345.54	20.721
345.90	20.674
346.26	20.663
346.61	20.614
346.97	20.628
347.32	20.678
347.68	20.581
348.04	20.619
348.39	20.547
348.75	20.587
349.11	20.571
349.46	20.504
349.82	20.469
350.18	20.341
350.53	20.243
350.89	20.096
351.24	19.976
351.60	19.951
351.96	19.900
352.31	19.964
352.67	19.869
353.02	19.781
353.38	19.724
353.74	19.698
354.09	19.705
354.45	19.750
354.80	19.812
355.16	19.838
355.52	19.844
355.87	19.864
356.23	19.768
356.58	19.732
356.94	19.781
357.29	19.747
357.65	19.737
358.00	19.715
358.36	19.691
358.72	19.631
359.07	19.583
359.43	19.474
359.78	19.353
360.14	19.278
360.49	19.252
360.85	19.143
361.20	19.093
361.56	19.004
361.91	18.941
362.27	18.892
362.62	18.881
362.98	18.881
363.33	18.859
363.69	18.843
364.04	18.843
364.40	18.786
364.75	18.842
365.11	18.842
365.46	18.813
365.82	18.808
366.17	18.748
366.53	18.658
366.88	18.526
367.24	18.454
367.59	18.493
367.95	18.471
368.30	18.443
368.66	18.370
369.01	18.357
369.37	18.345
369.72	18.310
370.08	18.244
370.43	18.259
370.78	18.272
371.14	18.358
371.49	18.343
371.85	18.308
372.20	18.229
372.56	18.176
372.91	18.130
373.26	18.160
373.62	18.178
373.97	18.194
374.33	18.197
374.68	18.166
375.03	18.050
375.39	17.942
375.74	17.905
376.10	17.912
376.45	17.896
376.80	17.866
377.16	17.790
377.51	17.750
377.87	17.708
378.22	17.610
378.57	17.551
378.93	17.500
379.28	17.486
379.63	17.482
379.99	17.429
380.34	17.377
380.70	17.408
381.05	17.358
381.40	17.287
381.76	17.314
382.11	17.319
382.46	17.309
382.82	17.290
383.17	17.287
383.52	17.234
383.88	17.219
384.23	17.198
384.58	17.101
384.94	17.079
385.29	17.020
385.64	16.913
385.99	16.862
386.35	16.866
386.70	16.788
387.05	16.748
387.41	16.722
387.76	16.689
388.11	16.685
388.47	16.664
388.82	16.621
389.17	16.640
389.52	16.625
389.88	16.584
390.23	16.520
390.58	16.532
390.93	16.507
391.29	16.478
391.64	16.498
391.99	16.456
392.34	16.453
392.70	16.472
393.05	16.384
393.40	16.358
393.75	16.308
394.11	16.313
394.46	16.247
394.81	16.209
395.16	16.175
395.52	16.090
395.87	16.045
396.22	15.948
396.57	15.854
396.92	15.893
397.28	15.820
397.63	15.822
397.98	15.727
398.33	15.696
398.68	15.630
399.04	15.591
399.39	15.549
399.74	15.521
400.09	15.566
400.44	15.537
400.80	15.463
401.15	15.467
401.50	15.436
401.85	15.440
402.20	15.449
402.55	15.453
402.90	15.425
403.26	15.423
403.61	15.397
403.96	15.295
404.31	15.289
404.66	15.264
405.01	15.259
405.36	15.215
405.72	15.154
406.07	15.119
406.42	15.071
406.77	15.028
407.12	14.978
407.47	14.930
407.82	14.932
408.17	14.916
408.53	14.936
408.88	14.880
409.23	14.838
409.58	14.841
409.93	14.808
410.28	14.815
410.63	14.783
410.98	14.756
411.33	14.749
411.68	14.725
412.03	14.601
412.38	14.516
412.73	14.472
413.09	14.475
413.44	14.432
413.79	14.416
414.14	14.381
414.49	14.374
414.84	14.381
415.19	14.349
415.54	14.338
415.89	14.368
416.24	14.358
416.59	14.357
416.94	14.342
417.29	14.354
417.64	14.335
417.99	14.300
418.34	14.268
418.69	14.274
419.04	14.256
419.39	14.230
419.74	14.225
420.09	14.201
420.44	14.193
420.79	14.146
421.14	14.116
421.49	14.094
421.84	14.087
422.19	14.088
422.54	14.058
422.89	14.045
423.24	14.014
423.59	13.990
423.94	13.995
424.29	13.963
424.64	13.964
424.99	13.933
425.34	13.943
425.68	13.942
426.03	13.933
426.38	13.893
426.73	13.879
427.08	13.901
427.43	13.893
427.78	13.924
428.13	13.914
428.48	13.931
428.83	13.946
429.18	13.922
429.53	13.890
429.87	13.886
430.22	13.897
430.57	13.881
430.92	13.883
431.27	13.882
431.62	13.815
431.97	13.798
432.32	13.784
432.67	13.781
433.01	13.756
433.36	13.737
433.71	13.719
434.06	13.707
434.41	13.690
434.76	13.668
435.11	13.646
435.45	13.658
435.80	13.681
436.15	13.688
436.50	13.664
436.85	13.669
437.20	13.672
437.54	13.663
437.89	13.650
438.24	13.661
438.59	13.643
438.94	13.627
439.29	13.606
439.63	13.581
439.98	13.553
440.33	13.545
440.68	13.541
441.03	13.531
441.37	13.504
441.72	13.489
442.07	13.448
442.42	13.447
442.76	13.434
443.11	13.432
443.46	13.416
443.81	13.411
444.16	13.393
444.50	13.380
444.85	13.371
445.20	13.352
445.55	13.333
445.89	13.346
446.24	13.302
446.59	13.281
446.94	13.238
447.28	13.213
447.63	13.175
447.98	13.163
448.32	13.125
448.67	13.114
449.02	13.117
449.37	13.090
449.71	13.024
450.06	13.045
450.41	13.040
450.75	13.053
451.10	13.060
451.45	13.065
451.79	13.046
452.14	13.039
452.49	13.011
452.84	13.019
453.18	13.012
453.53	13.048
453.88	13.030
454.22	13.023
454.57	13.019
454.92	12.995
455.26	12.985
455.61	13.007
455.95	12.989
456.30	13.005
456.65	12.997
456.99	13.016
457.34	13.006
457.69	13.012
458.03	13.029
458.38	13.031
458.73	13.011
459.07	12.993
459.42	12.968
459.76	12.967
460.11	12.941
460.46	12.913
460.80	12.875
461.15	12.864
461.49	12.852
461.84	12.808
462.19	12.776
462.53	12.776
462.88	12.778
463.22	12.749
463.57	12.747
463.91	12.756
464.26	12.762
464.61	12.749
464.95	12.765
465.30	12.747
465.64	12.731
465.99	12.723
466.33	12.729
466.68	12.719
467.02	12.734
467.37	12.711
467.71	12.670
468.06	12.671
468.41	12.668
468.75	12.604
469.10	12.565
469.44	12.546
469.79	12.538
470.13	12.528
470.48	12.527
470.82	12.512
471.17	12.513
471.51	12.499
471.86	12.464
472.20	12.460
472.55	12.462
472.89	12.470
473.23	12.474
473.58	12.428
473.92	12.408
474.27	12.367
474.61	12.356
474.96	12.346
475.30	12.336
475.65	12.305
475.99	12.250
476.34	12.240
476.68	12.220
477.02	12.203
477.37	12.213
477.71	12.215
478.06	12.213
478.40	12.241
478.75	12.295
479.09	12.402
479.43	12.527
479.78	12.658
480.12	12.763
480.47	12.868
480.81	12.948
481.15	13.022
481.50	13.096
481.84	13.226
482.19	13.354
482.53	13.450
482.87	13.434
483.22	13.308
483.56	13.218
483.90	13.146
484.25	13.084
484.59	13.034
484.94	12.977
485.28	12.898
485.62	12.758
485.97	12.581
486.31	12.431
486.65	12.389
487.00	12.463
487.34	12.485
487.68	12.487
488.03	12.470
488.37	12.424
488.71	12.383
489.06	12.351
489.40	12.323
489.74	12.317
490.09	12.284
490.43	12.239
490.77	12.191
491.11	12.158
491.46	12.105
491.80	12.068
492.14	12.034
492.49	12.003
492.83	11.966
493.17	11.938
493.51	11.865
493.86	11.843
494.20	11.811
494.54	11.793
494.88	11.778
495.23	11.781
495.57	11.756
495.91	11.751
496.25	11.764
496.60	11.758
496.94	11.728
497.28	11.752
497.62	11.720
497.97	11.703
498.31	11.720
498.65	11.723
498.99	11.709
499.33	11.710
499.68	11.718
500.02	11.695
500.36	11.670
500.70	11.656
501.04	11.617
501.39	11.602
501.73	11.611
502.07	11.595
502.41	11.568
502.75	11.580
503.09	11.576
503.44	11.561
503.78	11.561
504.12	11.579
504.46	11.600
504.80	11.595
505.14	11.604
505.49	11.604
505.83	11.624
506.17	11.619
506.51	11.621
506.85	11.605
507.19	11.629
507.53	11.614
507.87	11.605
508.22	11.602
508.56	11.608
508.90	11.597
509.24	11.574
509.58	11.537
509.92	11.549
510.26	11.504
510.60	11.512
510.94	11.468
511.28	11.447
511.63	11.420
511.97	11.389
512.31	11.373
512.65	11.381
512.99	11.385
513.33	11.394
513.67	11.382
514.01	11.427
514.35	11.415
514.69	11.437
515.03	11.449
515.37	11.472
515.71	11.485
516.05	11.488
516.39	11.475
516.73	11.475
517.07	11.463
517.41	11.462
517.75	11.438
518.09	11.418
518.43	11.404
518.77	11.387
519.11	11.328
519.45	11.286
519.79	11.256
520.13	11.224
520.47	11.207
520.81	11.205
521.15	11.206
521.49	11.194
521.83	11.196
522.17	11.187
522.51	11.196
522.85	11.230
523.19	11.277
523.53	11.348
523.87	11.456
524.21	11.529
524.55	11.592
524.89	11.654
525.23	11.719
525.57	11.776
525.91	11.816
526.25	11.872
526.58	11.918
526.92	11.942
527.26	11.947
527.60	11.930
527.94	11.909
528.28	11.874
528.62	11.828
528.96	11.783
529.30	11.742
529.64	11.697
529.97	11.628
530.31	11.571
530.65	11.522
530.99	11.474
531.33	11.428
531.67	11.390
532.01	11.376
532.35	11.366
532.68	11.338
533.02	11.309
533.36	11.286
533.70	11.252
534.04	11.217
534.38	11.180
534.71	11.157
535.05	11.120
535.39	11.087
535.73	11.062
536.07	11.049
536.41	11.049
536.74	11.054
537.08	11.087
537.42	11.120
537.76	11.156
538.10	11.204
538.43	11.235
538.77	11.261
539.11	11.304
539.45	11.316
539.79	11.310
540.12	11.327
540.46	11.334
540.80	11.312
541.14	11.287
541.47	11.251
541.81	11.209
542.15	11.166
542.49	11.124
542.82	11.070
543.16	11.029
543.50	11.006
543.84	10.950
544.17	10.890
544.51	10.848
544.85	10.835
545.18	10.834
545.52	10.794
545.86	10.769
546.20	10.746
546.53	10.710
546.87	10.678
547.21	10.645
547.54	10.617
547.88	10.615
548.22	10.598
548.55	10.581
548.89	10.555
549.23	10.582
549.56	10.579
549.90	10.580
550.24	10.598
550.57	10.611
550.91	10.604
551.25	10.610
551.58	10.586
551.92	10.582
552.26	10.555
552.59	10.554
552.93	10.523
553.27	10.490
553.60	10.494
553.94	10.482
554.27	10.470
554.61	10.455
554.95	10.438
555.28	10.441
555.62	10.441
555.95	10.458
556.29	10.457
556.63	10.477
556.96	10.511
557.30	10.507
557.63	10.494
557.97	10.489
558.31	10.468
558.64	10.463
558.98	10.484
559.31	10.496
559.65	10.477
559.98	10.463
560.32	10.458
560.65	10.456
560.99	10.445
561.33	10.463
561.66	10.460
562.00	10.485
562.33	10.530
562.67	10.524
563.00	10.534
563.34	10.567
563.67	10.578
564.01	10.593
564.34	10.588
564.68	10.604
565.01	10.610
565.35	10.628
565.68	10.639
566.02	10.623
566.35	10.615
566.69	10.614
567.02	10.602
567.36	10.608
567.69	10.601
568.03	10.598
568.36	10.602
568.69	10.611
569.03	10.614
569.36	10.629
569.70	10.640
570.03	10.659
570.37	10.653
570.70	10.652
571.04	10.653
571.37	10.644
571.70	10.663
572.04	10.625
572.37	10.606
572.71	10.598
573.04	10.576
573.37	10.550
573.71	10.524
574.04	10.513
574.38	10.505
574.71	10.512
575.04	10.488
575.38	10.450
575.71	10.450
576.05	10.461
576.38	10.450
576.71	10.426
577.05	10.399
577.38	10.366
577.71	10.357
578.05	10.365
578.38	10.324
578.71	10.317
579.05	10.319
579.38	10.306
579.71	10.259
580.05	10.222
580.38	10.202
580.71	10.220
581.05	10.233
581.38	10.207
581.71	10.179
582.05	10.197
582.38	10.197
582.71	10.166
583.04	10.179
583.38	10.185
583.71	10.209
584.04	10.269
584.38	10.284
584.71	10.309
585.04	10.344
585.37	10.370
585.71	10.383
586.04	10.435
586.37	10.451
586.70	10.473
587.04	10.536
587.37	10.555
587.70	10.530
588.03	10.535
588.37	10.537
588.70	10.565
589.03	10.581
589.36	10.582
589.69	10.530
590.03	10.551
590.36	10.537
590.69	10.513
591.02	10.501
591.35	10.522
591.69	10.545
592.02	10.543
592.35	10.517
592.68	10.498
593.01	10.539
593.35	10.597
593.68	10.613
594.01	10.639
594.34	10.638
594.67	10.655
595.00	10.632
595.34	10.611
595.67	10.624
596.00	10.620
596.33	10.625
596.66	10.566
596.99	10.542
597.32	10.537
597.65	10.525
597.99	10.521
598.32	10.498
598.65	10.545
598.98	10.568
599.31	10.576
599.64	10.593
599.97	10.602
600.30	10.652
600.63	10.664
600.96	10.670
601.30	10.648
601.63	10.646
601.96	10.678
602.29	10.670
602.62	10.676
602.95	10.685
603.28	10.688
603.61	10.719
603.94	10.711
604.27	10.705
604.60	10.703
604.93	10.757
605.26	10.764
605.59	10.776
605.92	10.779
606.25	10.757
606.58	10.753
606.91	10.770
607.24	10.724
607.57	10.730
607.90	10.755
608.23	10.762
608.56	10.714
608.89	10.723
609.22	10.687
609.55	10.658
609.88	10.636
610.21	10.614
610.54	10.565
610.87	10.550
611.20	10.506
611.53	10.490
611.86	10.479
612.19	10.515
612.52	10.473
612.85	10.487
613.18	10.478
613.51	10.509
613.84	10.507
614.17	10.528
614.49	10.549
614.82	10.550
615.15	10.504
615.48	10.496
615.81	10.472
616.14	10.471
616.47	10.454
616.80	10.485
617.13	10.475
617.46	10.449
617.78	10.437
618.11	10.418
618.44	10.411
618.77	10.446
619.10	10.458
619.43	10.431
619.76	10.448
620.09	10.454
620.41	10.429
620.74	10.430
621.07	10.478
621.40	10.497
621.73	10.494
622.06	10.538
622.38	10.516
622.71	10.525
623.04	10.578
623.37	10.629
623.70	10.615
624.02	10.621
624.35	10.637
624.68	10.655
625.01	10.681
625.34	10.728
625.66	10.703
625.99	10.704
626.32	10.714
626.65	10.702
626.98	10.656
627.30	10.705
627.63	10.698
627.96	10.653
628.29	10.641
628.61	10.654
628.94	10.652
629.27	10.644
629.60	10.666
629.92	10.651
630.25	10.667
630.58	10.666
630.91	10.637
631.23	10.629
631.56	10.656
631.89	10.629
632.21	10.592
632.54	10.565
632.87	10.559
633.19	10.565
633.52	10.580
633.85	10.533
634.18	10.527
634.50	10.488
634.83	10.504
635.16	10.506
635.48	10.504
635.81	10.516
636.14	10.508
636.46	10.466
636.79	10.427
637.11	10.387
637.44	10.369
637.77	10.364
638.09	10.381
638.42	10.366
638.75	10.328
639.07	10.319
639.40	10.266
639.73	10.287
640.05	10.324
640.38	10.337
640.70	10.319
641.03	10.386
641.36	10.372
641.68	10.347
642.01	10.374
642.33	10.378
642.66	10.374
642.98	10.423
643.31	10.363
643.64	10.384
643.96	10.419
644.29	10.463
644.61	10.443
644.94	10.495
645.26	10.523
645.59	10.501
645.91	10.528
646.24	10.519
646.56	10.516
646.89	10.541
647.22	10.510
647.54	10.488
647.87	10.466
648.19	10.410
648.52	10.403
648.84	10.381
649.17	10.419
649.49	10.415
649.82	10.448
650.14	10.411
650.47	10.384
650.79	10.398
651.11	10.342
651.44	10.372
651.76	10.449
652.09	10.399
652.41	10.402
652.74	10.319
653.06	10.297
653.39	10.260
653.71	10.291
654.04	10.312
654.36	10.389
654.68	10.481
655.01	10.474
655.33	10.442
655.66	10.474
655.98	10.498
656.30	10.559
656.63	10.606
656.95	10.660
657.28	10.670
657.60	10.722
657.92	10.684
658.25	10.669
658.57	10.630
658.90	10.661
659.22	10.606
659.54	10.619
659.87	10.608
660.19	10.549
660.51	10.455
660.84	10.416
661.16	10.374
661.48	10.368
661.81	10.335
662.13	10.336
662.45	10.273
662.78	10.307
663.10	10.284
663.42	10.241
663.75	10.256
664.07	10.294
664.39	10.368
664.72	10.331
665.04	10.299
665.36	10.280
665.69	10.290
666.01	10.327
666.33	10.296
666.65	10.258
666.98	10.280
667.30	10.367
667.62	10.380
667.94	10.350
668.27	10.378
668.59	10.289
668.91	10.277
669.23	10.276
669.56	10.304
669.88	10.335
670.20	10.315
670.52	10.311
670.85	10.247
671.17	10.298
671.49	10.283
671.81	10.277
672.13	10.398
672.46	10.401
672.78	10.393
673.10	10.339
673.42	10.404
673.74	10.408
674.07	10.443
674.39	10.405
674.71	10.378
675.03	10.390
675.35	10.399
675.67	10.375
676.00	10.407
676.32	10.471
676.64	10.489
676.96	10.476
677.28	10.500
677.60	10.552
677.92	10.605
678.25	10.575
678.57	10.533
678.89	10.568
679.21	10.559
679.53	10.565
679.85	10.507
680.17	10.509
680.49	10.496
680.81	10.552
681.13	10.481
681.46	10.491
681.78	10.539
682.10	10.576
682.42	10.613
682.74	10.673
683.06	10.652
683.38	10.636
683.70	10.628
684.02	10.664
684.34	10.643
684.66	10.712
684.98	10.660
685.30	10.632
685.62	10.665
685.94	10.605
686.26	10.598
686.58	10.603
686.90	10.635
687.22	10.659
687.54	10.545
687.86	10.580
688.18	10.618
688.50	10.669
688.82	10.678
689.14	10.726
689.46	10.762
689.78	10.708
690.10	10.759
690.42	10.779
690.74	10.693
691.06	10.829
691.38	10.758
691.70	10.660
692.02	10.653
692.34	10.716
692.66	10.621
692.98	10.507
693.30	10.547
693.62	10.515
693.94	10.632
694.26	10.739
694.57	10.770
694.89	10.809
695.21	10.798
695.53	10.826
695.85	10.781
696.17	10.823
696.49	10.922
696.81	10.954
697.13	10.963
697.44	10.923
697.76	10.905
698.08	10.862
698.40	10.847
698.72	10.853
699.04	10.835
699.36	10.861
699.67	10.785
699.99	10.694
700.31	10.661
700.63	10.645
700.95	10.565
701.27	10.495
701.58	10.517
701.90	10.539
702.22	10.503
702.54	10.466
702.86	10.447
703.17	10.510
703.49	10.532
703.81	10.464
704.13	10.312
704.45	10.259
704.76	10.279
705.08	10.262
705.40	10.257
705.72	10.263
706.03	10.283
706.35	10.278
706.67	10.179
706.99	10.137
707.30	10.202
707.62	10.313
707.94	10.367
708.26	10.404
708.57	10.405
708.89	10.368
709.21	10.447
709.53	10.443
709.84	10.449
710.16	10.574
710.48	10.658
710.79	10.605
711.11	10.651
711.43	10.645
711.74	10.638
712.06	10.683
712.38	10.772
712.69	10.816
713.01	10.854
713.33	10.887
713.64	10.904
713.96	11.020
714.28	11.185
714.59	11.213
714.91	11.251
715.23	11.383
715.54	11.405
715.86	11.445
716.17	11.516
716.49	11.487
716.81	11.419
717.12	11.419
717.44	11.320
717.76	11.328
718.07	11.447
718.39	11.524
718.70	11.402
719.02	11.286
719.33	11.280
719.65	11.194
719.97	11.245
720.28	11.289
720.60	11.230
720.91	11.310
721.23	11.226
721.54	11.102
721.86	11.123
722.17	11.266
722.49	11.413
722.81	11.483
723.12	11.390
723.44	11.470
723.75	11.549
724.07	11.694
724.38	11.568
724.70	11.599
725.01	11.579
725.33	11.476
725.64	11.500
725.96	11.314
726.27	11.174
726.59	11.286
726.90	11.241
727.22	11.145
727.53	11.170
727.84	11.292
728.16	11.293
728.47	11.273
728.79	11.201
729.10	11.098
729.42	11.252
729.73	11.215
730.05	11.066
730.36	11.091
730.67	11.132
730.99	11.003
731.30	10.866
731.62	10.764
731.93	10.751
732.24	10.891
732.56	10.956
732.87	10.867
733.19	10.822
733.50	10.853
733.81	10.684
734.13	10.704
734.44	10.739
734.76	10.901
735.07	10.808
735.38	10.738
735.70	10.700
736.01	10.669
736.32	10.661
736.64	10.785
736.95	10.697
737.26	10.799
737.58	10.580
737.89	10.454
738.20	10.278
738.52	10.427
738.83	10.520
739.14	10.406
739.45	10.286
739.77	10.230
740.08	10.243
740.39	10.242
740.71	10.217
741.02	10.200
741.33	10.138
741.64	10.083
741.96	10.000
742.27	9.902
742.58	9.856
742.90	9.904
743.21	9.942
743.52	9.964
743.83	10.151
744.14	9.995
744.46	10.106
744.77	10.103
745.08	9.984
745.39	9.821
745.71	9.858
746.02	9.984
746.33	9.825
746.64	9.696
746.95	9.617
747.27	9.487
747.58	9.507
747.89	9.418
748.20	9.461
748.51	9.599
748.82	9.766
749.14	9.656
749.45	9.558
749.76	9.699
750.07	9.673
750.38	9.522
750.69	9.477
751.01	9.704
751.32	9.794
751.63	9.796
751.94	9.655
752.25	9.684
752.56	9.829
752.87	9.780
753.18	9.675
753.49	9.846
753.81	9.886
754.12	9.968
754.43	9.811
754.74	9.780
755.05	9.831
755.36	10.058
755.67	10.160
755.98	10.222
756.29	10.397
756.60	10.662
756.91	10.751
757.22	10.863
757.53	10.943
757.84	11.138
758.15	11.399
758.46	11.505
758.77	11.540
759.09	11.581
759.40	11.627
759.71	11.720
760.02	11.705
760.33	11.728
760.64	11.905
760.95	12.022
761.26	12.002
761.57	11.839
761.88	11.946
762.18	11.871
762.49	11.820
762.80	11.876
763.11	11.850
763.42	11.872
763.73	11.774
764.04	11.532
764.35	11.464
764.66	11.432
764.97	11.534
765.28	11.255
765.59	11.090
765.90	10.999
766.21	10.798
766.52	10.690
766.83	10.253
767.14	10.079
767.44	10.018
767.75	9.805
768.06	9.829
768.37	9.543
768.68	9.419
768.99	9.520
769.30	9.596
769.61	9.493
769.91	9.212
770.22	9.452
770.53	9.434
770.84	9.604
771.15	9.394
771.46	8.851
771.77	8.895
772.07	8.935
772.38	9.078
772.69	8.669
773.00	8.822
773.31	9.160
773.61	9.232
773.92	9.107
774.23	9.046
774.54	9.239
774.85	9.442
775.15	9.389
775.46	9.444
775.77	9.323
776.08	9.678
776.39	9.423
776.69	9.034
777.00	8.901
777.31	9.195
777.62	9.309
777.92	9.263
778.23	9.008
778.54	9.122
778.85	8.707
779.15	8.658
779.46	8.520
779.77	8.440
780.07	8.847
780.38	8.870
780.69	9.071
781.00	9.002
781.30	8.815
781.61	9.076
781.92	9.014
782.22	9.447
782.53	9.514
782.84	9.609
783.14	9.900
783.45	9.872
783.76	9.759
784.06	9.612
784.37	9.436
784.68	9.691
784.98	9.698
785.29	9.707
785.60	9.705
785.90	9.872
786.21	9.805
786.51	9.695
786.82	9.390
787.13	9.488
787.43	9.453
787.74	9.656
788.04	9.707
788.35	9.720
788.66	9.920
788.96	9.933
789.27	9.846
789.57	9.852
789.88	10.127
790.19	10.233
790.49	10.100
790.80	10.090
791.10	9.798
791.41	9.735
791.71	9.595
792.02	9.437
792.32	9.374
792.63	9.250
792.93	9.499
793.24	9.184
793.54	9.274
793.85	9.471
794.15	9.456
794.46	9.847
794.76	9.984
795.07	10.357
795.37	10.354
795.68	10.425
795.98	10.359
796.29	10.279
796.59	10.194
796.90	10.339
797.20	10.320
797.51	10.324
797.81	10.259
798.12	10.088
798.42	9.886
798.72	9.711
799.03	9.813
799.33	10.044
799.64	9.597
799.94	9.976
800.25	9.665
800.55	9.387
800.85	9.372
801.16	9.273
801.46	9.101
801.77	9.198
802.07	9.550
802.37	9.323
802.68	9.418
802.98	9.418
803.28	9.391
803.59	9.622
803.89	9.791
804.20	9.848
804.50	9.964
804.80	9.844
805.11	9.794
805.41	9.605
805.71	10.234
806.02	10.225
806.32	10.309
806.62	10.003
806.93	10.187
807.23	10.383
807.53	10.378
807.83	10.435
808.14	10.918
808.44	10.889
808.74	10.959
809.05	10.462
809.35	10.317
809.65	10.596
809.95	10.784
810.26	10.560
810.56	11.005
810.86	11.072
811.16	11.010
811.47	11.480
811.77	11.621
812.07	12.147
812.37	12.085
812.68	12.166
812.98	12.487
813.28	12.870
813.58	12.635
813.88	12.060
814.19	11.841
814.49	12.248
814.79	11.753
815.09	11.815
815.39	11.269
815.70	11.393
816.00	11.623
816.30	11.426
816.60	11.457
816.90	11.782
817.20	11.970
817.50	12.286
817.81	12.125
818.11	12.291
818.41	12.208
818.71	12.391
819.01	12.505
819.31	12.485
819.61	12.382
819.92	12.454
820.22	12.444
820.52	12.524
820.82	12.517
821.12	12.579
821.42	12.648
821.72	12.738
822.02	12.673
822.32	12.693
822.62	12.754
822.92	12.867
823.22	12.824
823.52	12.932
823.83	12.880
824.13	12.978
824.43	12.932
824.73	12.959
825.03	12.857
825.33	12.986
825.63	12.890
825.93	12.828
826.23	12.729
826.53	12.738
826.83	12.437
827.13	12.451
827.43	12.311
827.73	12.433
828.03	12.171
828.33	11.998
828.63	11.724
828.93	11.673
829.23	11.500
829.53	11.591
829.83	11.394
830.13	11.574
830.42	11.495
830.72	11.159
831.02	10.712
831.32	10.979
831.62	11.479
831.92	11.750
832.22	11.969
832.52	12.135
832.82	11.936
833.12	11.977
833.42	12.093
833.72	11.950
834.01	12.214
834.31	12.041
834.61	12.063
834.91	11.903
835.21	11.800
835.51	11.680
835.81	11.357
836.11	11.561
836.40	11.452
836.70	10.980
837.00	10.786
837.30	10.614
837.60	10.830
837.90	10.296
838.19	10.361
838.49	10.425
838.79	10.216
839.09	10.217
839.39	9.890
839.68	10.241
839.98	10.932
840.28	11.382
840.58	11.631
840.88	12.042
841.17	11.997
841.47	11.583
841.77	11.462
842.07	11.363
842.36	11.686
842.66	11.903
842.96	11.416
843.26	11.033
843.55	10.367
843.85	8.922
844.15	8.255
844.45	7.881
844.74	7.797
845.04	7.410
845.34	6.342
845.63	6.179
845.93	5.790
846.23	5.802
846.53	4.998
846.82	6.345
847.12	7.587
847.42	8.608
847.71	8.056
848.01	7.875
848.31	8.174
848.60	9.840
848.90	9.596
849.19	10.182
849.49	9.688
849.79	11.324
850.08	10.117
850.38	10.149
850.68	9.390
850.97	9.919
851.27	10.515
851.56	11.400
851.86	9.816
852.16	7.782
852.45	7.900
852.75	9.232
853.04	9.903
853.34	10.591
853.64	9.710
853.93	9.361
854.23	9.704
854.52	9.615
854.82	7.309
855.11	7.222
855.41	9.641
855.70	8.201
856.00	7.356
856.30	5.505
856.59	5.296
856.89	4.007
857.18	2.791
857.48	2.615
857.77	2.750
858.07	3.309
858.36	2.713
858.66	1.701
858.95	1.310
859.25	-1.667
859.54	-1.496
859.84	-0.229
860.13	3.291
860.42	2.879
860.72	2.736
861.01	1.089
861.31	1.234
861.60	3.801
861.90	3.593
862.19	5.538
862.49	7.513
862.78	6.527
863.07	7.259
863.37	7.009
863.66	8.646
863.96	9.457
864.25	12.326
864.54	13.237
864.84	12.358
865.13	12.124
865.43	11.689
865.72	22.054
866.01	16.522
866.31	3.475
866.60	1.545
866.89	10.059
>>>>>End Spectral Data<<<<<
