180.30	0.000
180.67	0.000
181.03	-36.210
181.40	0.667
181.77	155.721
182.14	-25.541
182.51	-854.649
182.88	76.132
183.25	68.995
183.62	80.646
183.99	130.630
184.36	641.342
184.73	82.407
185.10	136.999
185.46	-38.530
185.83	-93.509
186.20	61.210
186.57	-441.220
186.94	70.033
187.31	111.116
187.68	218.925
188.05	-102.599
188.42	34.594
188.78	105.999
189.15	330.441
189.52	-136.949
189.89	-133.699
190.26	-168.531
190.63	-54.752
191.00	-50.790
191.37	-24.511
191.73	1.216
192.10	-4.753
192.47	25.998
192.84	27.798
193.21	34.021
193.58	21.058
193.94	35.247
194.31	32.156
194.68	32.500
195.05	36.444
195.42	22.430
195.79	6.271
196.15	-8.629
196.52	-11.436
196.89	-22.333
197.26	-30.621
197.63	10.675
198.00	-1.962
198.36	-7.976
198.73	-21.479
199.10	-48.651
199.47	-112.119
199.84	-150.110
200.20	-152.698
200.57	-177.053
200.94	-248.124
201.31	-167.057
201.68	-394.981
202.04	-187.254
202.41	-175.581
202.78	-137.394
203.15	-103.781
203.51	-66.934
203.88	-59.125
204.25	-51.590
204.62	-45.728
204.98	-19.915
205.35	-0.646
205.72	12.438
206.09	22.927
206.46	25.948
206.82	23.023
207.19	16.398
207.56	26.474
207.92	34.747
208.29	38.397
208.66	34.149
209.03	27.134
209.39	36.164
209.76	27.321
210.13	21.778
210.50	24.987
210.86	31.931
211.23	26.707
211.60	32.010
211.96	2.573
212.33	25.240
212.70	30.795
213.07	44.753
213.43	30.099
213.80	32.068
214.17	29.168
214.53	37.276
214.90	33.445
215.27	26.844
215.63	12.524
216.00	19.198
216.37	6.262
216.74	4.259
217.10	-23.357
217.47	-25.772
217.84	-34.658
218.20	-24.310
218.57	-45.369
218.94	-42.200
219.30	-33.592
219.67	-7.874
220.04	-20.885
220.40	-11.639
220.77	-17.925
221.13	-3.551
221.50	-5.218
221.87	-4.215
222.23	-11.941
222.60	-7.230
222.97	-5.327
223.33	-7.458
223.70	-4.488
224.07	2.531
224.43	2.329
224.80	3.095
225.16	3.318
225.53	2.337
225.90	3.408
226.26	4.243
226.63	3.724
226.99	5.158
227.36	5.805
227.73	4.284
228.09	3.403
228.46	3.246
228.82	2.232
229.19	1.670
229.56	1.017
229.92	-1.246
230.29	-1.965
230.65	-1.415
231.02	-5.208
231.38	-5.573
231.75	-5.997
232.12	-3.363
232.48	-2.305
232.85	-1.048
233.21	-1.437
233.58	0.915
233.94	3.855
234.31	5.269
234.68	3.034
235.04	6.084
235.41	7.103
235.77	6.298
236.14	2.938
236.50	4.306
236.87	4.635
237.23	6.167
237.60	5.363
237.96	4.845
238.33	4.124
238.69	4.559
239.06	2.901
239.42	2.307
239.79	3.232
240.15	3.774
240.52	2.638
240.88	3.069
241.25	2.683
241.61	3.010
241.98	2.723
242.34	2.557
242.71	2.502
243.07	2.923
243.44	3.042
243.80	3.059
244.17	2.872
244.53	2.839
244.90	2.619
245.26	2.687
245.63	2.454
245.99	2.445
246.36	2.645
246.72	2.951
247.09	2.943
247.45	3.592
247.81	3.579
248.18	3.727
248.54	3.898
248.91	4.087
249.27	4.061
249.64	4.453
250.00	4.577
250.36	4.519
250.73	4.027
251.09	4.104
251.46	2.830
251.82	2.783
252.19	2.571
252.55	2.711
252.91	2.436
253.28	2.580
253.64	2.297
254.01	2.141
254.37	1.978
254.73	2.262
255.10	2.465
255.46	2.673
255.83	2.464
256.19	2.764
256.55	2.214
256.92	2.427
257.28	2.496
257.65	2.512
258.01	2.750
258.37	3.048
258.74	3.040
259.10	2.835
259.46	2.678
259.83	2.896
260.19	3.103
260.55	3.477
260.92	3.327
261.28	3.222
261.64	3.356
262.01	3.215
262.37	2.675
262.73	2.905
263.10	3.127
263.46	3.635
263.82	3.188
264.19	2.989
264.55	2.951
264.91	3.065
265.28	3.306
265.64	3.432
266.00	3.644
266.37	3.988
266.73	3.746
267.09	3.641
267.46	3.360
267.82	3.563
268.18	3.382
268.54	3.101
268.91	3.211
269.27	3.057
269.63	2.726
270.00	2.579
270.36	2.509
270.72	2.330
271.08	2.556
271.45	2.830
271.81	2.749
272.17	2.558
272.53	2.880
272.90	2.770
273.26	2.389
273.62	2.451
273.98	2.458
274.35	2.387
274.71	2.438
275.07	2.147
275.43	2.100
275.80	1.974
276.16	2.220
276.52	2.151
276.88	2.308
277.25	2.550
277.61	2.574
277.97	2.565
278.33	2.367
278.69	2.527
279.06	2.723
279.42	2.420
279.78	2.580
280.14	2.769
280.50	2.740
280.87	2.812
281.23	3.049
281.59	3.030
281.95	3.235
282.31	3.402
282.68	3.452
283.04	3.368
283.40	3.365
283.76	3.393
284.12	3.335
284.48	3.264
284.85	2.971
285.21	2.838
285.57	2.780
285.93	2.465
286.29	2.427
286.65	2.319
287.02	2.221
287.38	2.533
287.74	2.313
288.10	2.292
288.46	2.343
288.82	2.580
289.18	2.589
289.54	2.792
289.91	2.863
290.27	2.945
290.63	2.957
290.99	3.059
291.35	2.885
291.71	2.847
292.07	2.613
292.43	2.924
292.79	2.782
293.16	2.783
293.52	2.596
293.88	2.726
294.24	2.779
294.60	2.885
294.96	2.978
295.32	2.930
295.68	3.063
296.04	3.178
296.40	2.835
296.76	3.025
297.12	3.057
297.49	3.229
297.85	3.135
298.21	3.035
298.57	2.808
298.93	2.850
299.29	2.809
299.65	3.013
300.01	2.990
300.37	3.315
300.73	3.221
301.09	3.284
301.45	3.353
301.81	3.497
302.17	3.596
302.53	3.727
302.89	3.671
303.25	3.753
303.61	3.770
303.97	3.611
304.33	3.379
304.69	3.289
305.05	3.255
305.41	3.010
305.77	2.866
306.13	2.717
306.49	2.653
306.85	2.546
307.21	2.593
307.57	2.550
307.93	2.788
308.29	2.970
308.65	2.964
309.01	2.937
309.37	2.900
309.73	2.962
310.09	2.995
310.45	2.963
310.81	2.913
311.17	2.893
311.53	2.930
311.89	2.754
312.25	2.489
312.61	2.492
312.96	2.385
313.32	2.495
313.68	2.544
314.04	2.478
314.40	2.572
314.76	2.648
315.12	2.554
315.48	2.360
315.84	2.442
316.20	2.655
316.56	2.673
316.92	2.726
317.27	2.620
317.63	2.427
317.99	2.427
318.35	2.516
318.71	2.416
319.07	2.337
319.43	2.389
319.79	2.327
320.15	2.071
320.50	2.077
320.86	1.952
321.22	1.941
321.58	2.028
321.94	2.127
322.30	2.021
322.66	2.108
323.01	2.273
323.37	2.293
323.73	2.361
324.09	2.526
324.45	2.428
324.81	2.521
325.17	2.652
325.52	2.582
325.88	2.438
326.24	2.480
326.60	2.574
326.96	2.485
327.31	2.383
327.67	2.283
328.03	2.269
328.39	2.418
328.75	2.494
329.11	2.488
329.46	2.568
329.82	2.745
330.18	2.677
330.54	2.487
330.90	2.482
331.25	2.667
331.61	2.791
331.97	2.772
332.33	2.700
332.68	2.607
333.04	2.626
333.40	2.656
333.76	2.597
334.11	2.703
334.47	2.797
334.83	2.941
335.19	2.729
335.54	2.741
335.90	2.736
336.26	2.786
336.62	2.869
336.97	2.699
337.33	2.645
337.69	2.784
338.05	2.638
338.40	2.653
338.76	2.509
339.12	2.684
339.48	2.618
339.83	2.725
340.19	2.706
340.55	2.683
340.90	2.729
341.26	2.704
341.62	2.498
341.97	2.650
342.33	2.634
342.69	2.642
343.04	2.595
343.40	2.644
343.76	2.510
344.12	2.519
344.47	2.406
344.83	2.473
345.19	2.525
345.54	2.563
345.90	2.533
346.26	2.483
346.61	2.432
346.97	2.442
347.32	2.382
347.68	2.454
348.04	2.465
348.39	2.591
348.75	2.600
349.11	2.635
349.46	2.631
349.82	2.659
350.18	2.648
350.53	2.620
350.89	2.497
351.24	2.543
351.60	2.530
351.96	2.533
352.31	2.544
352.67	2.504
353.02	2.386
353.38	2.462
353.74	2.481
354.09	2.577
354.45	2.620
354.80	2.740
355.16	2.740
355.52	2.748
355.87	2.708
356.23	2.728
356.58	2.775
356.94	2.894
357.29	2.855
357.65	2.782
358.00	2.736
358.36	2.764
358.72	2.706
359.07	2.663
359.43	2.677
359.78	2.734
360.14	2.751
360.49	2.818
360.85	2.725
361.20	2.788
361.56	2.790
361.91	2.792
362.27	2.784
362.62	2.814
362.98	2.848
363.33	2.843
363.69	2.791
364.04	2.720
364.40	2.634
364.75	2.697
365.11	2.642
365.46	2.652
365.82	2.655
366.17	2.738
366.53	2.720
366.88	2.719
367.24	2.703
367.59	2.679
367.95	2.734
368.30	2.782
368.66	2.754
369.01	2.798
369.37	2.866
369.72	2.963
370.08	2.921
370.43	2.940
370.78	2.918
371.14	2.952
371.49	2.970
371.85	2.934
372.20	2.939
372.56	2.959
372.91	2.942
373.26	2.917
373.62	2.853
373.97	2.859
374.33	2.870
374.68	2.938
375.03	2.953
375.39	2.981
375.74	2.961
376.10	2.965
376.45	2.942
376.80	2.940
377.16	2.973
377.51	3.026
377.87	3.005
378.22	3.002
378.57	2.987
378.93	2.984
379.28	2.977
379.63	3.018
379.99	3.011
380.34	3.113
380.70	3.122
381.05	3.131
381.40	3.088
381.76	3.151
382.11	3.247
382.46	3.320
382.82	3.364
383.17	3.400
383.52	3.424
383.88	3.405
384.23	3.320
384.58	3.341
384.94	3.282
385.29	3.294
385.64	3.291
385.99	3.241
386.35	3.146
386.70	3.101
387.05	3.096
387.41	3.098
387.76	3.156
388.11	3.227
388.47	3.189
388.82	3.234
389.17	3.272
389.52	3.254
389.88	3.277
390.23	3.357
390.58	3.377
390.93	3.419
391.29	3.426
391.64	3.420
391.99	3.403
392.34	3.490
392.70	3.463
393.05	3.427
393.40	3.461
393.75	3.420
394.11	3.416
394.46	3.405
394.81	3.410
395.16	3.437
395.52	3.418
395.87	3.385
396.22	3.310
396.57	3.334
396.92	3.302
397.28	3.260
397.63	3.218
397.98	3.154
398.33	3.136
398.68	3.093
399.04	3.062
399.39	3.042
399.74	3.049
400.09	3.062
400.44	3.045
400.80	3.113
401.15	3.106
401.50	3.171
401.85	3.208
402.20	3.256
402.55	3.265
402.90	3.262
403.26	3.275
403.61	3.284
403.96	3.278
404.31	3.301
404.66	3.299
405.01	3.358
405.36	3.345
405.72	3.361
406.07	3.338
406.42	3.321
406.77	3.334
407.12	3.350
407.47	3.357
407.82	3.396
408.17	3.351
408.53	3.316
408.88	3.281
409.23	3.287
409.58	3.287
409.93	3.301
410.28	3.314
410.63	3.306
410.98	3.284
411.33	3.292
411.68	3.287
412.03	3.371
412.38	3.392
412.73	3.424
413.09	3.451
413.44	3.450
413.79	3.439
414.14	3.428
414.49	3.457
414.84	3.495
415.19	3.518
415.54	3.527
415.89	3.523
416.24	3.541
416.59	3.529
416.94	3.546
417.29	3.576
417.64	3.627
417.99	3.645
418.34	3.662
418.69	3.678
419.04	3.687
419.39	3.709
419.74	3.724
420.09	3.735
420.44	3.764
420.79	3.755
421.14	3.745
421.49	3.734
421.84	3.753
422.19	3.745
422.54	3.728
422.89	3.713
423.24	3.699
423.59	3.676
423.94	3.657
424.29	3.610
424.64	3.604
424.99	3.578
425.34	3.569
425.68	3.550
426.03	3.540
426.38	3.546
426.73	3.542
427.08	3.538
427.43	3.552
427.78	3.574
428.13	3.623
428.48	3.645
428.83	3.681
429.18	3.681
429.53	3.691
429.87	3.734
430.22	3.756
430.57	3.777
430.92	3.803
431.27	3.804
431.62	3.806
431.97	3.822
432.32	3.816
432.67	3.816
433.01	3.817
433.36	3.801
433.71	3.763
434.06	3.753
434.41	3.756
434.76	3.757
435.11	3.751
435.45	3.777
435.80	3.774
436.15	3.801
436.50	3.809
436.85	3.827
437.20	3.866
437.54	3.880
437.89	3.898
438.24	3.910
438.59	3.888
438.94	3.898
439.29	3.894
439.63	3.890
439.98	3.878
440.33	3.873
440.68	3.865
441.03	3.846
441.37	3.864
441.72	3.859
442.07	3.863
442.42	3.884
442.76	3.898
443.11	3.905
443.46	3.920
443.81	3.927
444.16	3.932
444.50	3.928
444.85	3.946
445.20	3.934
445.55	3.920
445.89	3.904
446.24	3.879
446.59	3.863
446.94	3.838
447.28	3.809
447.63	3.799
447.98	3.775
448.32	3.762
448.67	3.724
449.02	3.722
449.37	3.721
449.71	3.723
450.06	3.754
450.41	3.734
450.75	3.736
451.10	3.752
451.45	3.746
451.79	3.764
452.14	3.769
452.49	3.795
452.84	3.770
453.18	3.776
453.53	3.770
453.88	3.768
454.22	3.804
454.57	3.814
454.92	3.809
455.26	3.829
455.61	3.844
455.95	3.863
456.30	3.879
456.65	3.904
456.99	3.919
457.34	3.959
457.69	3.986
458.03	3.982
458.38	3.989
458.73	4.012
459.07	4.012
459.42	4.012
459.76	4.006
460.11	3.994
460.46	4.004
460.80	3.983
461.15	3.946
461.49	3.926
461.84	3.935
462.19	3.943
462.53	3.960
462.88	3.977
463.22	3.980
463.57	4.020
463.91	4.047
464.26	4.052
464.61	4.089
464.95	4.125
465.30	4.144
465.64	4.156
465.99	4.169
466.33	4.169
466.68	4.180
467.02	4.207
467.37	4.210
467.71	4.189
468.06	4.191
468.41	4.193
468.75	4.206
469.10	4.199
469.44	4.198
469.79	4.206
470.13	4.207
470.48	4.201
470.82	4.191
471.17	4.189
471.51	4.213
471.86	4.212
472.20	4.230
472.55	4.223
472.89	4.221
473.23	4.219
473.58	4.188
473.92	4.169
474.27	4.166
474.61	4.186
474.96	4.169
475.30	4.158
475.65	4.158
475.99	4.127
476.34	4.131
476.68	4.134
477.02	4.130
477.37	4.134
477.71	4.143
478.06	4.175
478.40	4.201
478.75	4.281
479.09	4.375
479.43	4.467
479.78	4.572
480.12	4.655
480.47	4.751
480.81	4.849
481.15	4.950
481.50	5.053
481.84	5.153
482.19	5.272
482.53	5.367
482.87	5.430
483.22	5.450
483.56	5.430
483.90	5.373
484.25	5.291
484.59	5.192
484.94	5.122
485.28	5.064
485.62	4.982
485.97	4.875
486.31	4.787
486.65	4.711
487.00	4.690
487.34	4.697
487.68	4.742
488.03	4.792
488.37	4.865
488.71	4.899
489.06	4.906
489.40	4.917
489.74	4.923
490.09	4.920
490.43	4.932
490.77	4.934
491.11	4.928
491.46	4.910
491.80	4.918
492.14	4.916
492.49	4.929
492.83	4.918
493.17	4.934
493.51	4.944
493.86	4.960
494.20	4.995
494.54	5.015
494.88	5.070
495.23	5.146
495.57	5.208
495.91	5.265
496.25	5.305
496.60	5.366
496.94	5.408
497.28	5.474
497.62	5.527
497.97	5.585
498.31	5.651
498.65	5.707
498.99	5.767
499.33	5.841
499.68	5.938
500.02	6.025
500.36	6.105
500.70	6.195
501.04	6.298
501.39	6.414
501.73	6.518
502.07	6.614
502.41	6.739
502.75	6.867
503.09	6.977
503.44	7.082
503.78	7.222
504.12	7.376
504.46	7.523
504.80	7.678
505.14	7.817
505.49	7.971
505.83	8.139
506.17	8.278
506.51	8.427
506.85	8.596
507.19	8.756
507.53	8.895
507.87	9.037
508.22	9.189
508.56	9.314
508.90	9.470
509.24	9.596
509.58	9.749
509.92	9.899
510.26	10.049
510.60	10.190
510.94	10.335
511.28	10.483
511.63	10.609
511.97	10.754
512.31	10.929
512.65	11.081
512.99	11.266
513.33	11.436
513.67	11.637
514.01	11.845
514.35	12.046
514.69	12.238
515.03	12.421
515.37	12.615
515.71	12.779
516.05	12.926
516.39	13.083
516.73	13.227
517.07	13.363
517.41	13.461
517.75	13.557
518.09	13.649
518.43	13.745
518.77	13.837
519.11	13.938
519.45	14.035
519.79	14.132
520.13	14.240
520.47	14.349
520.81	14.452
521.15	14.606
521.49	14.764
521.83	14.909
522.17	15.041
522.51	15.195
522.85	15.355
523.19	15.546
523.53	15.775
523.87	16.017
524.21	16.257
524.55	16.498
524.89	16.706
525.23	16.872
525.57	17.053
525.91	17.233
526.25	17.386
526.58	17.520
526.92	17.631
527.26	17.731
527.60	17.796
527.94	17.831
528.28	17.870
528.62	17.886
528.96	17.925
529.30	17.939
529.64	17.944
529.97	17.955
530.31	17.970
530.65	17.992
530.99	17.990
531.33	18.024
531.67	18.077
532.01	18.131
532.35	18.173
532.68	18.197
533.02	18.220
533.36	18.251
533.70	18.277
534.04	18.297
534.38	18.313
534.71	18.333
535.05	18.359
535.39	18.381
535.73	18.387
536.07	18.455
536.41	18.536
536.74	18.633
537.08	18.749
537.42	18.866
537.76	18.981
538.10	19.111
538.43	19.224
538.77	19.313
539.11	19.415
539.45	19.515
539.79	19.605
540.12	19.662
540.46	19.709
540.80	19.710
541.14	19.721
541.47	19.748
541.81	19.738
542.15	19.749
542.49	19.756
542.82	19.749
543.16	19.733
543.50	19.723
543.84	19.708
544.17	19.718
544.51	19.754
544.85	19.782
545.18	19.790
545.52	19.826
545.86	19.861
546.20	19.880
546.53	19.909
546.87	19.924
547.21	19.917
547.54	19.948
547.88	19.999
548.22	20.034
548.55	20.074
548.89	20.124
549.23	20.173
549.56	20.217
549.90	20.274
550.24	20.306
550.57	20.341
550.91	20.405
551.25	20.456
551.58	20.450
551.92	20.491
552.26	20.524
552.59	20.543
552.93	20.563
553.27	20.570
553.60	20.585
553.94	20.641
554.27	20.712
554.61	20.756
554.95	20.829
555.28	20.886
555.62	20.931
555.95	20.981
556.29	21.029
556.63	21.067
556.96	21.099
557.30	21.149
557.63	21.154
557.97	21.165
558.31	21.175
558.64	21.187
558.98	21.214
559.31	21.233
559.65	21.261
559.98	21.296
560.32	21.329
560.65	21.356
560.99	21.394
561.33	21.431
561.66	21.464
562.00	21.468
562.33	21.499
562.67	21.526
563.00	21.545
563.34	21.564
563.67	21.579
564.01	21.590
564.34	21.655
564.68	21.684
565.01	21.688
565.35	21.713
565.68	21.736
566.02	21.721
566.35	21.753
566.69	21.771
567.02	21.800
567.36	21.815
567.69	21.857
568.03	21.855
568.36	21.858
568.69	21.900
569.03	21.910
569.36	21.944
569.70	22.011
570.03	22.031
570.37	22.043
570.70	22.030
571.04	22.031
571.37	22.027
571.70	22.053
572.04	22.078
572.37	22.103
572.71	22.125
573.04	22.140
573.37	22.141
573.71	22.157
574.04	22.179
574.38	22.216
574.71	22.254
575.04	22.299
575.38	22.292
575.71	22.305
576.05	22.301
576.38	22.324
576.71	22.329
577.05	22.295
577.38	22.314
577.71	22.317
578.05	22.310
578.38	22.318
578.71	22.316
579.05	22.357
579.38	22.361
579.71	22.352
580.05	22.367
580.38	22.394
580.71	22.402
581.05	22.412
581.38	22.436
581.71	22.472
582.05	22.455
582.38	22.480
582.71	22.479
583.04	22.496
583.38	22.542
583.71	22.553
584.04	22.566
584.38	22.644
584.71	22.658
585.04	22.664
585.37	22.679
585.71	22.727
586.04	22.761
586.37	22.782
586.70	22.792
587.04	22.796
587.37	22.810
587.70	22.828
588.03	22.804
588.37	22.794
588.70	22.813
589.03	22.802
589.36	22.800
589.69	22.772
590.03	22.789
590.36	22.805
590.69	22.796
591.02	22.772
591.35	22.766
591.69	22.747
592.02	22.762
592.35	22.765
592.68	22.787
593.01	22.788
593.35	22.787
593.68	22.779
594.01	22.758
594.34	22.750
594.67	22.752
595.00	22.741
595.34	22.734
595.67	22.721
596.00	22.717
596.33	22.693
596.66	22.702
596.99	22.673
597.32	22.662
597.65	22.652
597.99	22.647
598.32	22.661
598.65	22.646
598.98	22.648
599.31	22.617
599.64	22.604
599.97	22.602
600.30	22.607
600.63	22.625
600.96	22.605
601.30	22.615
601.63	22.605
601.96	22.596
602.29	22.623
602.62	22.626
602.95	22.656
603.28	22.657
603.61	22.639
603.94	22.589
604.27	22.565
604.60	22.550
604.93	22.533
605.26	22.530
605.59	22.529
605.92	22.524
606.25	22.520
606.58	22.459
606.91	22.471
607.24	22.481
607.57	22.522
607.90	22.547
608.23	22.570
608.56	22.598
608.89	22.603
609.22	22.593
609.55	22.572
609.88	22.578
610.21	22.598
610.54	22.581
610.87	22.600
611.20	22.577
611.53	22.526
611.86	22.500
612.19	22.494
612.52	22.525
612.85	22.475
613.18	22.493
613.51	22.505
613.84	22.513
614.17	22.490
614.49	22.464
614.82	22.435
615.15	22.468
615.48	22.480
615.81	22.422
616.14	22.388
616.47	22.461
616.80	22.424
617.13	22.392
617.46	22.387
617.78	22.369
618.11	22.358
618.44	22.392
618.77	22.379
619.10	22.345
619.43	22.319
619.76	22.333
620.09	22.283
620.41	22.256
620.74	22.261
621.07	22.256
621.40	22.279
621.73	22.285
622.06	22.271
622.38	22.267
622.71	22.282
623.04	22.280
623.37	22.245
623.70	22.263
624.02	22.278
624.35	22.275
624.68	22.264
625.01	22.228
625.34	22.218
625.66	22.191
625.99	22.159
626.32	22.135
626.65	22.170
626.98	22.151
627.30	22.131
627.63	22.086
627.96	22.074
628.29	22.052
628.61	22.075
628.94	22.070
629.27	22.060
629.60	22.070
629.92	22.062
630.25	22.025
630.58	22.061
630.91	22.031
631.23	22.056
631.56	21.977
631.89	22.000
632.21	21.986
632.54	21.957
632.87	21.954
633.19	21.930
633.52	21.933
633.85	21.895
634.18	21.834
634.50	21.810
634.83	21.796
635.16	21.853
635.48	21.776
635.81	21.742
636.14	21.717
636.46	21.705
636.79	21.689
637.11	21.626
637.44	21.644
637.77	21.617
638.09	21.591
638.42	21.550
638.75	21.541
639.07	21.558
639.40	21.506
639.73	21.480
640.05	21.437
640.38	21.449
640.70	21.514
641.03	21.435
641.36	21.434
641.68	21.449
642.01	21.437
642.33	21.393
642.66	21.390
642.98	21.404
643.31	21.385
643.64	21.395
643.96	21.369
644.29	21.335
644.61	21.405
644.94	21.423
645.26	21.413
645.59	21.419
645.91	21.440
646.24	21.435
646.56	21.442
646.89	21.506
647.22	21.462
647.54	21.498
647.87	21.438
648.19	21.410
648.52	21.354
648.84	21.355
649.17	21.355
649.49	21.335
649.82	21.288
650.14	21.257
650.47	21.189
650.79	21.198
651.11	21.096
651.44	21.078
651.76	21.065
652.09	21.064
652.41	21.021
652.74	20.986
653.06	20.927
653.39	20.990
653.71	20.934
654.04	20.875
654.36	20.818
654.68	20.837
655.01	20.845
655.33	20.800
655.66	20.833
655.98	20.802
656.30	20.824
656.63	20.828
656.95	20.767
657.28	20.808
657.60	20.802
657.92	20.800
658.25	20.764
658.57	20.739
658.90	20.686
659.22	20.649
659.54	20.609
659.87	20.551
660.19	20.502
660.51	20.458
660.84	20.406
661.16	20.394
661.48	20.365
661.81	20.311
662.13	20.286
662.45	20.271
662.78	20.212
663.10	20.263
663.42	20.216
663.75	20.224
664.07	20.223
664.39	20.142
664.72	20.081
665.04	20.123
665.36	20.156
665.69	20.111
666.01	20.185
666.33	20.183
666.65	20.129
666.98	20.110
667.30	20.065
667.62	20.047
667.94	20.070
668.27	20.077
668.59	20.047
668.91	20.028
669.23	19.986
669.56	19.896
669.88	19.795
670.20	19.780
670.52	19.725
670.85	19.739
671.17	19.705
671.49	19.676
671.81	19.680
672.13	19.634
672.46	19.575
672.78	19.575
673.10	19.603
673.42	19.659
673.74	19.634
674.07	19.662
674.39	19.618
674.71	19.621
675.03	19.595
675.35	19.632
675.67	19.551
676.00	19.535
676.32	19.582
676.64	19.588
676.96	19.532
677.28	19.535
677.60	19.559
677.92	19.566
678.25	19.553
678.57	19.576
678.89	19.543
679.21	19.592
679.53	19.604
679.85	19.573
680.17	19.484
680.49	19.541
680.81	19.520
681.13	19.513
681.46	19.462
681.78	19.461
682.10	19.457
682.42	19.488
682.74	19.544
683.06	19.595
683.38	19.607
683.70	19.694
684.02	19.799
684.34	19.852
684.66	19.916
684.98	20.005
685.30	20.003
685.62	20.034
685.94	20.095
686.26	20.027
686.58	19.960
686.90	20.009
687.22	19.954
687.54	19.875
687.86	19.823
688.18	19.676
688.50	19.585
688.82	19.583
689.14	19.537
689.46	19.349
689.78	19.343
690.10	19.293
690.42	19.175
690.74	19.179
691.06	19.137
691.38	19.130
691.70	19.101
692.02	19.081
692.34	18.983
692.66	19.006
692.98	18.994
693.30	18.986
693.62	19.075
693.94	19.102
694.26	19.090
694.57	19.025
694.89	18.974
695.21	19.061
695.53	19.168
695.85	19.275
696.17	19.189
696.49	19.270
696.81	19.249
697.13	19.202
697.44	19.190
697.76	19.170
698.08	19.125
698.40	19.129
698.72	19.080
699.04	18.975
699.36	18.866
699.67	18.896
699.99	18.749
700.31	18.655
700.63	18.547
700.95	18.433
701.27	18.255
701.58	18.228
701.90	18.029
702.22	17.886
702.54	17.786
702.86	17.653
703.17	17.462
703.49	17.369
703.81	17.323
704.13	17.326
704.45	17.312
704.76	17.326
705.08	17.231
705.40	17.326
705.72	17.364
706.03	17.401
706.35	17.305
706.67	17.291
706.99	17.367
707.30	17.270
707.62	17.294
707.94	17.277
708.26	17.315
708.57	17.379
708.89	17.363
709.21	17.378
709.53	17.235
709.84	17.318
710.16	17.425
710.48	17.496
710.79	17.502
711.11	17.538
711.43	17.573
711.74	17.650
712.06	17.663
712.38	17.691
712.69	17.717
713.01	17.839
713.33	17.941
713.64	17.951
713.96	17.851
714.28	17.991
714.59	17.980
714.91	18.000
715.23	18.062
715.54	18.123
715.86	18.178
716.17	18.172
716.49	18.190
716.81	18.142
717.12	18.072
717.44	18.103
717.76	18.132
718.07	18.048
718.39	18.016
718.70	17.879
719.02	17.807
719.33	17.698
719.65	17.525
719.97	17.400
720.28	17.267
720.60	17.177
720.91	17.094
721.23	16.976
721.54	16.975
721.86	16.992
722.17	16.977
722.49	16.979
722.81	17.013
723.12	17.308
723.44	17.440
723.75	17.585
724.07	17.719
724.38	17.765
724.70	17.769
725.01	17.912
725.33	17.690
725.64	17.741
725.96	17.755
726.27	17.860
726.59	17.688
726.90	17.737
727.22	17.683
727.53	17.699
727.84	17.722
728.16	17.706
728.47	17.588
728.79	17.689
729.10	17.522
729.42	17.413
729.73	17.337
730.05	17.232
730.36	17.060
730.67	16.947
730.99	16.668
731.30	16.553
731.62	16.363
731.93	16.227
732.24	16.211
732.56	16.126
732.87	16.018
733.19	15.801
733.50	15.726
733.81	15.630
734.13	15.452
734.44	15.550
734.76	15.489
735.07	15.451
735.38	15.498
735.70	15.189
736.01	15.127
736.32	15.085
736.64	15.012
736.95	14.959
737.26	14.912
737.58	14.968
737.89	14.885
738.20	14.748
738.52	14.609
738.83	14.371
739.14	14.370
739.45	14.269
739.77	14.136
740.08	14.100
740.39	13.894
740.71	13.670
741.02	13.611
741.33	13.371
741.64	13.248
741.96	13.160
742.27	13.056
742.58	13.097
742.90	12.883
743.21	12.813
743.52	12.397
743.83	12.189
744.14	12.049
744.46	11.924
744.77	11.934
745.08	11.754
745.39	11.753
745.71	11.568
746.02	11.245
746.33	11.613
746.64	11.543
746.95	11.683
747.27	11.834
747.58	11.959
747.89	11.977
748.20	11.975
748.51	12.058
748.82	11.956
749.14	11.955
749.45	12.029
749.76	11.761
750.07	11.859
750.38	11.894
750.69	11.890
751.01	12.033
751.32	11.905
751.63	11.726
751.94	11.707
752.25	11.757
752.56	11.782
752.87	11.759
753.18	11.771
753.49	11.588
753.81	11.688
754.12	11.776
754.43	11.768
754.74	11.931
755.05	12.618
755.36	12.907
755.67	13.484
755.98	14.020
756.29	14.571
756.60	15.003
756.91	15.629
757.22	16.236
757.53	16.784
757.84	17.317
758.15	17.825
758.46	18.087
758.77	18.522
759.09	18.661
759.40	18.980
759.71	19.143
760.02	19.306
760.33	19.485
760.64	19.373
760.95	19.356
761.26	19.335
761.57	19.369
761.88	19.317
762.18	19.255
762.49	19.126
762.80	18.912
763.11	18.754
763.42	18.476
763.73	18.022
764.04	17.653
764.35	17.296
764.66	16.855
764.97	16.251
765.28	15.596
765.59	14.882
765.90	14.304
766.21	13.704
766.52	12.981
766.83	12.303
767.14	11.889
767.44	11.474
767.75	10.983
768.06	10.569
768.37	10.367
768.68	10.052
768.99	9.706
769.30	9.458
769.61	9.247
769.91	9.260
770.22	9.163
770.53	9.034
770.84	8.936
771.15	8.831
771.46	8.496
771.77	8.268
772.07	8.267
772.38	8.313
772.69	8.572
773.00	8.626
773.31	8.381
773.61	8.756
773.92	9.152
774.23	9.328
774.54	9.530
774.85	9.857
775.15	9.802
775.46	9.683
775.77	10.007
776.08	9.576
776.39	9.548
776.69	9.547
777.00	9.371
777.31	9.117
777.62	9.002
777.92	8.617
778.23	8.419
778.54	8.511
778.85	8.556
779.15	8.381
779.46	8.464
779.77	8.278
780.07	8.472
780.38	8.524
780.69	8.266
781.00	8.344
781.30	8.635
781.61	8.704
781.92	8.734
782.22	8.652
782.53	8.588
782.84	8.671
783.14	9.111
783.45	9.056
783.76	9.211
784.06	9.670
784.37	9.941
784.68	10.419
784.98	10.864
785.29	11.144
785.60	11.499
785.90	11.894
786.21	12.246
786.51	12.034
786.82	12.413
787.13	12.563
787.43	12.419
787.74	12.681
788.04	12.473
788.35	12.398
788.66	12.367
788.96	12.549
789.27	12.261
789.57	11.983
789.88	12.167
790.19	12.203
790.49	12.052
790.80	12.104
791.10	11.894
791.41	12.095
791.71	11.855
792.02	12.156
792.32	11.927
792.63	12.251
792.93	12.600
793.24	12.770
793.54	12.511
793.85	12.977
794.15	13.072
794.46	13.109
794.76	13.083
795.07	13.550
795.37	13.518
795.68	13.580
795.98	13.400
796.29	13.408
796.59	13.320
796.90	13.767
797.20	13.655
797.51	14.064
797.81	13.858
798.12	13.647
798.42	13.420
798.72	13.309
799.03	13.512
799.33	13.924
799.64	13.585
799.94	13.492
800.25	13.511
800.55	13.153
800.85	12.713
801.16	13.094
801.46	13.020
801.77	13.039
802.07	13.368
802.37	13.218
802.68	12.939
802.98	13.253
803.28	12.958
803.59	12.379
803.89	12.616
804.20	12.651
804.50	12.390
804.80	12.640
805.11	12.772
805.41	12.671
805.71	12.597
806.02	12.648
806.32	12.652
806.62	13.210
806.93	13.529
807.23	13.319
807.53	13.191
807.83	13.633
808.14	13.804
808.44	13.912
808.74	13.387
809.05	13.403
809.35	13.408
809.65	13.539
809.95	13.393
810.26	13.972
810.56	13.927
810.86	14.685
811.16	14.501
811.47	14.450
811.77	14.635
812.07	15.745
812.37	16.270
812.68	16.918
812.98	17.296
813.28	17.422
813.58	17.189
813.88	17.510
814.19	17.604
814.49	18.031
814.79	18.021
815.09	18.041
815.39	17.903
815.70	17.834
816.00	17.869
816.30	17.873
816.60	17.857
816.90	18.220
817.20	18.721
817.50	18.842
817.81	19.065
818.11	19.562
818.41	19.855
818.71	20.209
819.01	20.561
819.31	20.715
819.61	20.892
819.92	21.095
820.22	21.216
820.52	21.264
820.82	21.295
821.12	21.292
821.42	21.381
821.72	21.420
822.02	21.436
822.32	21.524
822.62	21.584
822.92	21.612
823.22	21.595
823.52	21.512
823.83	21.543
824.13	21.451
824.43	21.457
824.73	21.405
825.03	21.285
825.33	21.126
825.63	20.872
825.93	20.664
826.23	20.405
826.53	20.307
826.83	20.221
827.13	20.120
827.43	20.172
827.73	20.003
828.03	19.769
828.33	19.581
828.63	19.340
828.93	19.185
829.23	19.093
829.53	18.967
829.83	18.908
830.13	19.042
830.42	18.618
830.72	18.651
831.02	18.818
831.32	18.710
831.62	19.096
831.92	19.401
832.22	19.407
832.52	19.302
832.82	19.672
833.12	19.928
833.42	19.641
833.72	19.908
834.01	20.247
834.31	20.306
834.61	20.251
834.91	20.067
835.21	19.723
835.51	19.499
835.81	19.656
836.11	19.330
836.40	18.331
836.70	18.446
837.00	17.882
837.30	17.043
837.60	16.753
837.90	16.695
838.19	16.873
838.49	16.407
838.79	16.342
839.09	16.192
839.39	16.088
839.68	16.575
839.98	16.152
840.28	16.199
840.58	15.356
840.88	15.048
841.17	16.146
841.47	15.389
841.77	16.013
842.07	16.455
842.36	15.311
842.66	14.048
842.96	12.789
843.26	12.124
843.55	11.637
843.85	12.120
844.15	11.596
844.45	8.915
844.74	7.843
845.04	6.795
845.34	6.442
845.63	6.513
845.93	6.467
846.23	7.808
846.53	7.282
846.82	7.435
847.12	7.558
847.42	7.758
847.71	8.160
848.01	10.919
848.31	12.107
848.60	10.987
848.90	9.970
849.19	11.146
849.49	12.281
849.79	13.529
850.08	12.329
850.38	12.793
850.68	13.501
850.97	12.646
851.27	10.750
851.56	11.491
851.86	12.431
852.16	13.878
852.45	12.341
852.75	11.342
853.04	10.250
853.34	10.405
853.64	11.716
853.93	10.152
854.23	10.552
854.52	10.886
854.82	7.891
855.11	6.389
855.41	5.999
855.70	8.221
856.00	6.108
856.30	7.571
856.59	8.239
856.89	6.668
857.18	7.335
857.48	8.748
857.77	8.902
858.07	10.890
858.36	10.557
858.66	11.355
858.95	9.860
859.25	10.742
859.54	9.575
859.84	8.796
860.13	7.020
860.42	7.418
860.72	5.837
861.01	6.162
861.31	5.950
861.60	7.441
861.90	7.331
862.19	9.163
862.49	9.269
862.78	11.393
863.07	9.526
863.37	11.124
863.66	11.677
863.96	12.105
864.25	11.821
864.54	12.203
864.84	11.072
865.13	11.392
865.43	11.638
865.72	13.356
866.01	15.202
866.31	1.784
866.60	18.012
866.89	22.278
>>>>>End Spectral Data<<<<<
