180.30	0.000
180.67	0.000
181.03	-47.915
181.40	34.339
181.77	62.004
182.14	77.456
182.51	-103.446
182.88	652.112
183.25	-41.584
183.62	59.161
183.99	216.547
184.36	0.286
184.73	11.883
185.10	88.305
185.46	144.533
185.83	224.036
186.20	-25.205
186.57	-9.459
186.94	55.883
187.31	456.239
187.68	83.718
188.05	14.130
188.42	61.377
188.78	62.294
189.15	55.579
189.52	42.499
189.89	-187.901
190.26	-61.882
190.63	-23.308
191.00	-4.216
191.37	5.003
191.73	25.382
192.10	58.678
192.47	52.131
192.84	36.293
193.21	50.796
193.58	46.637
193.94	48.753
194.31	35.653
194.68	26.156
195.05	18.103
195.42	17.894
195.79	6.072
196.15	-13.043
196.52	-18.194
196.89	-8.676
197.26	-18.444
197.63	-26.994
198.00	-27.213
198.36	-14.687
198.73	-6.598
199.10	-14.688
199.47	-23.363
199.84	-1.193
200.20	6.919
200.57	-1.209
200.94	-20.684
201.31	-15.206
201.68	-15.213
202.04	7.936
202.41	-17.858
202.78	1.086
203.15	7.290
203.51	2.449
203.88	-1.003
204.25	16.029
204.62	16.826
204.98	21.983
205.35	-4.574
205.72	-2.662
206.09	-8.017
206.46	4.201
206.82	-11.163
207.19	-3.022
207.56	1.756
207.92	6.207
208.29	7.071
208.66	5.019
209.03	-4.333
209.39	11.807
209.76	7.253
210.13	4.925
210.50	-21.797
210.86	-1.904
211.23	17.248
211.60	36.339
211.96	44.020
212.33	16.295
212.70	15.433
213.07	34.557
213.43	30.736
213.80	45.821
214.17	39.687
214.53	45.515
214.90	37.127
215.27	41.044
215.63	32.952
216.00	26.830
216.37	28.089
216.74	22.096
217.10	10.353
217.47	7.232
217.84	-13.939
218.20	-18.825
218.57	-5.587
218.94	-0.529
219.30	1.968
219.67	7.792
220.04	6.057
220.40	12.621
220.77	20.093
221.13	23.596
221.50	26.472
221.87	33.434
222.23	31.945
222.60	27.666
222.97	21.065
223.33	18.919
223.70	18.006
224.07	18.627
224.43	15.050
224.80	13.546
225.16	8.908
225.53	8.837
225.90	6.121
226.26	7.734
226.63	8.037
226.99	10.391
227.36	7.649
227.73	6.235
228.09	5.280
228.46	6.078
228.82	6.230
229.19	8.207
229.56	8.176
229.92	9.863
230.29	9.007
230.65	9.978
231.02	7.894
231.38	8.824
231.75	9.534
232.12	10.798
232.48	8.457
232.85	7.011
233.21	5.838
233.58	5.131
233.94	5.144
234.31	7.866
234.68	9.117
235.04	12.327
235.41	13.003
235.77	13.513
236.14	13.848
236.50	15.699
236.87	16.130
237.23	13.647
237.60	12.350
237.96	11.255
238.33	8.547
238.69	8.063
239.06	6.903
239.42	5.227
239.79	4.145
240.15	4.027
240.52	3.322
240.88	2.495
241.25	3.444
241.61	3.258
241.98	3.084
242.34	3.659
242.71	3.072
243.07	3.308
243.44	4.250
243.80	4.638
244.17	4.831
244.53	5.299
244.90	5.897
245.26	6.079
245.63	6.611
245.99	6.399
246.36	6.431
246.72	6.844
247.09	6.621
247.45	6.693
247.81	6.772
248.18	7.371
248.54	7.478
248.91	7.501
249.27	7.491
249.64	7.417
250.00	7.709
250.36	7.777
250.73	7.115
251.09	7.488
251.46	7.544
251.82	7.457
252.19	6.175
252.55	5.734
252.91	5.574
253.28	5.030
253.64	5.439
254.01	5.749
254.37	5.880
254.73	6.311
255.10	5.925
255.46	5.613
255.83	5.786
256.19	5.817
256.55	5.787
256.92	5.457
257.28	5.560
257.65	4.991
258.01	4.880
258.37	4.943
258.74	4.659
259.10	4.551
259.46	4.309
259.83	4.023
260.19	3.972
260.55	3.826
260.92	3.988
261.28	3.889
261.64	4.004
262.01	3.623
262.37	3.064
262.73	3.050
263.10	2.995
263.46	3.461
263.82	3.430
264.19	3.634
264.55	3.503
264.91	3.486
265.28	3.869
265.64	4.445
266.00	4.895
266.37	5.130
266.73	5.444
267.09	5.766
267.46	5.687
267.82	5.909
268.18	5.967
268.54	5.994
268.91	6.022
269.27	5.745
269.63	5.104
270.00	4.898
270.36	4.889
270.72	4.897
271.08	4.732
271.45	4.900
271.81	4.825
272.17	4.396
272.53	4.019
272.90	3.799
273.26	3.465
273.62	3.515
273.98	3.312
274.35	3.255
274.71	2.861
275.07	2.923
275.43	2.695
275.80	2.900
276.16	3.320
276.52	3.745
276.88	3.850
277.25	4.225
277.61	4.353
277.97	4.629
278.33	4.805
278.69	5.017
279.06	5.061
279.42	5.262
279.78	5.053
280.14	5.015
280.50	5.375
280.87	5.510
281.23	5.310
281.59	5.217
281.95	5.024
282.31	5.062
282.68	4.746
283.04	4.529
283.40	4.284
283.76	4.191
284.12	4.262
284.48	4.073
284.85	3.932
285.21	4.048
285.57	4.042
285.93	4.126
286.29	3.963
286.65	4.421
287.02	4.394
287.38	4.402
287.74	4.572
288.10	4.736
288.46	4.816
288.82	4.832
289.18	4.813
289.54	5.023
289.91	4.990
290.27	5.024
290.63	4.627
290.99	4.740
291.35	4.707
291.71	4.560
292.07	4.174
292.43	4.046
292.79	4.004
293.16	3.892
293.52	3.715
293.88	3.898
294.24	3.919
294.60	3.972
294.96	3.930
295.32	4.026
295.68	4.146
296.04	4.207
296.40	4.234
296.76	4.385
297.12	4.659
297.49	4.871
297.85	4.812
298.21	4.614
298.57	4.769
298.93	4.995
299.29	5.173
299.65	4.900
300.01	4.909
300.37	4.944
300.73	4.711
301.09	4.456
301.45	4.448
301.81	4.542
302.17	4.650
302.53	4.678
302.89	4.636
303.25	4.563
303.61	4.719
303.97	4.639
304.33	4.491
304.69	4.684
305.05	4.713
305.41	4.573
305.77	4.560
306.13	4.570
306.49	4.613
306.85	4.407
307.21	4.360
307.57	4.462
307.93	4.546
308.29	4.609
308.65	4.602
309.01	4.668
309.37	4.579
309.73	4.677
310.09	4.732
310.45	4.686
310.81	4.615
311.17	4.634
311.53	4.623
311.89	4.668
312.25	4.859
312.61	4.915
312.96	4.766
313.32	4.958
313.68	4.808
314.04	4.838
314.40	4.829
314.76	4.963
315.12	4.848
315.48	4.845
315.84	4.765
316.20	4.646
316.56	4.554
316.92	4.689
317.27	4.462
317.63	4.402
317.99	4.227
318.35	4.101
318.71	4.297
319.07	4.431
319.43	4.405
319.79	4.394
320.15	4.338
320.50	4.183
320.86	4.179
321.22	4.427
321.58	4.607
321.94	4.933
322.30	4.977
322.66	4.951
323.01	4.900
323.37	4.877
323.73	4.909
324.09	5.112
324.45	5.246
324.81	5.418
325.17	5.358
325.52	5.184
325.88	4.968
326.24	5.106
326.60	5.073
326.96	5.172
327.31	5.219
327.67	5.215
328.03	5.058
328.39	5.007
328.75	4.851
329.11	4.810
329.46	4.788
329.82	4.915
330.18	4.765
330.54	4.739
330.90	4.588
331.25	4.529
331.61	4.740
331.97	4.847
332.33	4.871
332.68	4.824
333.04	4.887
333.40	5.016
333.76	4.982
334.11	5.005
334.47	4.909
334.83	4.955
335.19	5.054
335.54	4.804
335.90	4.668
336.26	4.738
336.62	4.862
336.97	4.930
337.33	4.875
337.69	4.821
338.05	5.015
338.40	5.109
338.76	5.183
339.12	5.190
339.48	5.228
339.83	5.242
340.19	5.310
340.55	5.273
340.90	5.219
341.26	5.229
341.62	5.216
341.97	5.076
342.33	4.966
342.69	4.934
343.04	4.813
343.40	4.856
343.76	4.864
344.12	4.856
344.47	4.834
344.83	4.775
345.19	4.838
345.54	4.851
345.90	4.768
346.26	4.910
346.61	4.878
346.97	5.016
347.32	4.993
347.68	5.030
348.04	4.954
348.39	4.957
348.75	5.044
349.11	4.994
349.46	4.983
349.82	5.093
350.18	5.059
350.53	5.101
350.89	5.034
351.24	5.091
351.60	5.102
351.96	5.016
352.31	5.058
352.67	5.035
353.02	4.983
353.38	5.076
353.74	4.982
354.09	5.059
354.45	5.062
354.80	5.056
355.16	5.036
355.52	5.071
355.87	5.136
356.23	5.106
356.58	5.055
356.94	5.030
357.29	4.952
357.65	4.939
358.00	4.838
358.36	4.772
358.72	4.764
359.07	4.715
359.43	4.691
359.78	4.712
360.14	4.641
360.49	4.673
360.85	4.697
361.20	4.700
361.56	4.683
361.91	4.659
362.27	4.671
362.62	4.656
362.98	4.618
363.33	4.600
363.69	4.506
364.04	4.553
364.40	4.507
364.75	4.560
365.11	4.599
365.46	4.736
365.82	4.738
366.17	4.758
366.53	4.754
366.88	4.823
367.24	4.817
367.59	4.841
367.95	4.857
368.30	4.902
368.66	4.872
369.01	4.893
369.37	4.793
369.72	4.822
370.08	4.846
370.43	4.879
370.78	4.920
371.14	4.912
371.49	4.904
371.85	4.951
372.20	4.876
372.56	4.888
372.91	4.867
373.26	4.936
373.62	4.997
373.97	4.961
374.33	4.961
374.68	4.955
375.03	4.961
375.39	5.059
375.74	5.034
376.10	5.139
376.45	5.111
376.80	5.138
377.16	5.173
377.51	5.172
377.87	5.245
378.22	5.292
378.57	5.287
378.93	5.360
379.28	5.354
379.63	5.366
379.99	5.403
380.34	5.445
380.70	5.453
381.05	5.425
381.40	5.449
381.76	5.475
382.11	5.476
382.46	5.536
382.82	5.527
383.17	5.555
383.52	5.574
383.88	5.562
384.23	5.629
384.58	5.672
384.94	5.772
385.29	5.796
385.64	5.802
385.99	5.862
386.35	5.865
386.70	5.917
387.05	5.970
387.41	6.031
387.76	6.078
388.11	6.123
388.47	6.157
388.82	6.178
389.17	6.234
389.52	6.247
389.88	6.293
390.23	6.411
390.58	6.431
390.93	6.474
391.29	6.497
391.64	6.510
391.99	6.532
392.34	6.572
392.70	6.584
393.05	6.617
393.40	6.699
393.75	6.744
394.11	6.728
394.46	6.820
394.81	6.834
395.16	6.909
395.52	6.970
395.87	6.999
396.22	7.054
396.57	7.109
396.92	7.126
397.28	7.200
397.63	7.225
397.98	7.307
398.33	7.331
398.68	7.413
399.04	7.471
399.39	7.544
399.74	7.634
400.09	7.742
400.44	7.824
400.80	7.911
401.15	7.924
401.50	7.935
401.85	7.945
402.20	8.006
402.55	8.035
402.90	8.090
403.26	8.138
403.61	8.157
403.96	8.140
404.31	8.156
404.66	8.210
405.01	8.273
405.36	8.364
405.72	8.437
406.07	8.504
406.42	8.592
406.77	8.666
407.12	8.719
407.47	8.791
407.82	8.848
408.17	8.915
408.53	8.976
408.88	9.028
409.23	9.099
409.58	9.169
409.93	9.204
410.28	9.221
410.63	9.251
410.98	9.296
411.33	9.380
411.68	9.472
412.03	9.531
412.38	9.610
412.73	9.709
413.09	9.752
413.44	9.799
413.79	9.854
414.14	9.947
414.49	9.979
414.84	10.048
415.19	10.086
415.54	10.127
415.89	10.159
416.24	10.189
416.59	10.210
416.94	10.262
417.29	10.296
417.64	10.344
417.99	10.372
418.34	10.421
418.69	10.448
419.04	10.471
419.39	10.496
419.74	10.550
420.09	10.582
420.44	10.619
420.79	10.644
421.14	10.677
421.49	10.699
421.84	10.715
422.19	10.719
422.54	10.737
422.89	10.773
423.24	10.810
423.59	10.850
423.94	10.865
424.29	10.875
424.64	10.926
424.99	10.951
425.34	10.982
425.68	11.045
426.03	11.111
426.38	11.177
426.73	11.228
427.08	11.255
427.43	11.289
427.78	11.341
428.13	11.431
428.48	11.469
428.83	11.542
429.18	11.576
429.53	11.617
429.87	11.669
430.22	11.712
430.57	11.759
430.92	11.828
431.27	11.865
431.62	11.872
431.97	11.876
432.32	11.897
432.67	11.929
433.01	12.003
433.36	12.058
433.71	12.099
434.06	12.161
434.41	12.184
434.76	12.209
435.11	12.254
435.45	12.326
435.80	12.393
436.15	12.426
436.50	12.462
436.85	12.496
437.20	12.502
437.54	12.526
437.89	12.529
438.24	12.561
438.59	12.568
438.94	12.596
439.29	12.602
439.63	12.566
439.98	12.599
440.33	12.580
440.68	12.564
441.03	12.557
441.37	12.557
441.72	12.543
442.07	12.532
442.42	12.536
442.76	12.520
443.11	12.522
443.46	12.549
443.81	12.539
444.16	12.555
444.50	12.538
444.85	12.515
445.20	12.493
445.55	12.495
445.89	12.491
446.24	12.490
446.59	12.462
446.94	12.452
447.28	12.439
447.63	12.429
447.98	12.415
448.32	12.427
448.67	12.451
449.02	12.447
449.37	12.450
449.71	12.466
450.06	12.469
450.41	12.495
450.75	12.500
451.10	12.493
451.45	12.477
451.79	12.484
452.14	12.482
452.49	12.498
452.84	12.527
453.18	12.545
453.53	12.557
453.88	12.556
454.22	12.573
454.57	12.576
454.92	12.587
455.26	12.637
455.61	12.659
455.95	12.680
456.30	12.703
456.65	12.733
456.99	12.755
457.34	12.775
457.69	12.820
458.03	12.849
458.38	12.898
458.73	12.947
459.07	12.989
459.42	13.005
459.76	13.055
460.11	13.098
460.46	13.166
460.80	13.236
461.15	13.287
461.49	13.338
461.84	13.420
462.19	13.500
462.53	13.576
462.88	13.650
463.22	13.746
463.57	13.825
463.91	13.883
464.26	13.927
464.61	13.964
464.95	14.061
465.30	14.150
465.64	14.216
465.99	14.256
466.33	14.337
466.68	14.401
467.02	14.479
467.37	14.498
467.71	14.580
468.06	14.623
468.41	14.699
468.75	14.744
469.10	14.786
469.44	14.819
469.79	14.880
470.13	14.902
470.48	14.917
470.82	14.932
471.17	14.990
471.51	15.004
471.86	15.023
472.20	15.043
472.55	15.035
472.89	15.026
473.23	15.026
473.58	15.022
473.92	15.006
474.27	14.991
474.61	15.000
474.96	15.011
475.30	15.002
475.65	14.990
475.99	14.962
476.34	14.952
476.68	14.951
477.02	14.924
477.37	14.896
477.71	14.883
478.06	14.877
478.40	14.855
478.75	14.862
479.09	14.890
479.43	14.948
479.78	15.005
480.12	15.078
480.47	15.120
480.81	15.191
481.15	15.251
481.50	15.322
481.84	15.384
482.19	15.473
482.53	15.517
482.87	15.552
483.22	15.575
483.56	15.595
483.90	15.605
484.25	15.626
484.59	15.625
484.94	15.616
485.28	15.603
485.62	15.595
485.97	15.560
486.31	15.558
486.65	15.570
487.00	15.596
487.34	15.635
487.68	15.675
488.03	15.700
488.37	15.764
488.71	15.841
489.06	15.913
489.40	15.977
489.74	16.053
490.09	16.134
490.43	16.214
490.77	16.289
491.11	16.357
491.46	16.433
491.80	16.549
492.14	16.636
492.49	16.748
492.83	16.870
493.17	17.039
493.51	17.180
493.86	17.347
494.20	17.523
494.54	17.718
494.88	17.901
495.23	18.093
495.57	18.281
495.91	18.453
496.25	18.647
496.60	18.832
496.94	19.005
497.28	19.218
497.62	19.434
497.97	19.652
498.31	19.872
498.65	20.121
498.99	20.351
499.33	20.616
499.68	20.876
500.02	21.122
500.36	21.365
500.70	21.636
501.04	21.919
501.39	22.171
501.73	22.427
502.07	22.702
502.41	22.957
502.75	23.235
503.09	23.488
503.44	23.796
503.78	24.082
504.12	24.422
504.46	24.711
504.80	24.984
505.14	25.284
505.49	25.582
505.83	25.857
506.17	26.143
506.51	26.455
506.85	26.727
507.19	27.005
507.53	27.301
507.87	27.558
508.22	27.829
508.56	28.119
508.90	28.412
509.24	28.678
509.58	28.926
509.92	29.202
510.26	29.440
510.60	29.702
510.94	29.940
511.28	30.154
511.63	30.365
511.97	30.608
512.31	30.822
512.65	31.022
512.99	31.260
513.33	31.531
513.67	31.762
514.01	32.012
514.35	32.280
514.69	32.528
515.03	32.821
515.37	33.085
515.71	33.294
516.05	33.504
516.39	33.730
516.73	33.919
517.07	34.106
517.41	34.278
517.75	34.440
518.09	34.594
518.43	34.762
518.77	34.897
519.11	35.034
519.45	35.200
519.79	35.336
520.13	35.471
520.47	35.648
520.81	35.850
521.15	36.042
521.49	36.243
521.83	36.428
522.17	36.584
522.51	36.782
522.85	36.991
523.19	37.221
523.53	37.559
523.87	37.886
524.21	38.235
524.55	38.528
524.89	38.819
525.23	39.090
525.57	39.360
525.91	39.611
526.25	39.810
526.58	40.020
526.92	40.179
527.26	40.309
527.60	40.400
527.94	40.449
528.28	40.495
528.62	40.516
528.96	40.509
529.30	40.498
529.64	40.503
529.97	40.498
530.31	40.464
530.65	40.458
530.99	40.466
531.33	40.499
531.67	40.555
532.01	40.614
532.35	40.660
532.68	40.737
533.02	40.773
533.36	40.774
533.70	40.796
534.04	40.837
534.38	40.880
534.71	40.879
535.05	40.876
535.39	40.853
535.73	40.851
536.07	40.923
536.41	40.977
536.74	41.083
537.08	41.241
537.42	41.398
537.76	41.576
538.10	41.736
538.43	41.874
538.77	42.050
539.11	42.214
539.45	42.367
539.79	42.479
540.12	42.600
540.46	42.675
540.80	42.697
541.14	42.721
541.47	42.696
541.81	42.672
542.15	42.698
542.49	42.667
542.82	42.661
543.16	42.630
543.50	42.612
543.84	42.562
544.17	42.552
544.51	42.556
544.85	42.546
545.18	42.575
545.52	42.589
545.86	42.567
546.20	42.623
546.53	42.594
546.87	42.600
547.21	42.610
547.54	42.646
547.88	42.668
548.22	42.713
548.55	42.773
548.89	42.793
549.23	42.864
549.56	42.964
549.90	42.994
550.24	43.093
550.57	43.156
550.91	43.215
551.25	43.265
551.58	43.317
551.92	43.386
552.26	43.442
552.59	43.507
552.93	43.537
553.27	43.540
553.60	43.596
553.94	43.614
554.27	43.653
554.61	43.689
554.95	43.720
555.28	43.749
555.62	43.783
555.95	43.825
556.29	43.874
556.63	43.955
556.96	43.975
557.30	43.992
557.63	44.061
557.97	44.092
558.31	44.125
558.64	44.149
558.98	44.227
559.31	44.251
559.65	44.314
559.98	44.362
560.32	44.392
560.65	44.437
560.99	44.446
561.33	44.414
561.66	44.438
562.00	44.467
562.33	44.509
562.67	44.510
563.00	44.580
563.34	44.604
563.67	44.670
564.01	44.734
564.34	44.826
564.68	44.893
565.01	44.982
565.35	45.074
565.68	45.129
566.02	45.182
566.35	45.228
566.69	45.229
567.02	45.238
567.36	45.245
567.69	45.257
568.03	45.270
568.36	45.305
568.69	45.324
569.03	45.362
569.36	45.380
569.70	45.451
570.03	45.503
570.37	45.554
570.70	45.622
571.04	45.689
571.37	45.688
571.70	45.684
572.04	45.670
572.37	45.760
572.71	45.741
573.04	45.785
573.37	45.731
573.71	45.747
574.04	45.731
574.38	45.748
574.71	45.700
575.04	45.747
575.38	45.738
575.71	45.773
576.05	45.762
576.38	45.774
576.71	45.763
577.05	45.818
577.38	45.797
577.71	45.805
578.05	45.781
578.38	45.833
578.71	45.827
579.05	45.895
579.38	45.952
579.71	45.930
580.05	45.970
580.38	45.996
580.71	46.014
581.05	46.058
581.38	46.086
581.71	46.094
582.05	46.109
582.38	46.118
582.71	46.098
583.04	46.074
583.38	46.095
583.71	46.092
584.04	46.114
584.38	46.170
584.71	46.185
585.04	46.210
585.37	46.229
585.71	46.219
586.04	46.247
586.37	46.277
586.70	46.330
587.04	46.347
587.37	46.424
587.70	46.407
588.03	46.381
588.37	46.379
588.70	46.411
589.03	46.412
589.36	46.429
589.69	46.458
590.03	46.454
590.36	46.419
590.69	46.424
591.02	46.404
591.35	46.396
591.69	46.426
592.02	46.444
592.35	46.467
592.68	46.470
593.01	46.533
593.35	46.530
593.68	46.579
594.01	46.639
594.34	46.682
594.67	46.677
595.00	46.682
595.34	46.682
595.67	46.699
596.00	46.682
596.33	46.732
596.66	46.717
596.99	46.699
597.32	46.712
597.65	46.693
597.99	46.645
598.32	46.616
598.65	46.618
598.98	46.586
599.31	46.578
599.64	46.564
599.97	46.583
600.30	46.575
600.63	46.592
600.96	46.587
601.30	46.575
601.63	46.611
601.96	46.635
602.29	46.719
602.62	46.716
602.95	46.674
603.28	46.683
603.61	46.614
603.94	46.568
604.27	46.548
604.60	46.522
604.93	46.532
605.26	46.481
605.59	46.425
605.92	46.355
606.25	46.366
606.58	46.382
606.91	46.398
607.24	46.427
607.57	46.410
607.90	46.378
608.23	46.418
608.56	46.365
608.89	46.340
609.22	46.345
609.55	46.342
609.88	46.351
610.21	46.349
610.54	46.308
610.87	46.250
611.20	46.265
611.53	46.252
611.86	46.202
612.19	46.231
612.52	46.225
612.85	46.226
613.18	46.223
613.51	46.123
613.84	46.054
614.17	46.056
614.49	46.022
614.82	46.022
615.15	46.035
615.48	45.938
615.81	45.913
616.14	45.925
616.47	45.888
616.80	45.831
617.13	45.859
617.46	45.849
617.78	45.760
618.11	45.788
618.44	45.727
618.77	45.680
619.10	45.660
619.43	45.626
619.76	45.561
620.09	45.508
620.41	45.450
620.74	45.388
621.07	45.364
621.40	45.402
621.73	45.352
622.06	45.352
622.38	45.312
622.71	45.316
623.04	45.316
623.37	45.298
623.70	45.329
624.02	45.346
624.35	45.315
624.68	45.308
625.01	45.206
625.34	45.184
625.66	45.132
625.99	45.125
626.32	45.087
626.65	45.023
626.98	44.925
627.30	44.874
627.63	44.818
627.96	44.823
628.29	44.794
628.61	44.834
628.94	44.827
629.27	44.763
629.60	44.742
629.92	44.710
630.25	44.694
630.58	44.764
630.91	44.739
631.23	44.695
631.56	44.639
631.89	44.573
632.21	44.525
632.54	44.454
632.87	44.425
633.19	44.369
633.52	44.362
633.85	44.274
634.18	44.192
634.50	44.124
634.83	44.065
635.16	43.985
635.48	43.933
635.81	43.910
636.14	43.851
636.46	43.886
636.79	43.838
637.11	43.771
637.44	43.746
637.77	43.720
638.09	43.697
638.42	43.690
638.75	43.674
639.07	43.655
639.40	43.577
639.73	43.563
640.05	43.472
640.38	43.459
640.70	43.421
641.03	43.448
641.36	43.389
641.68	43.325
642.01	43.257
642.33	43.254
642.66	43.152
642.98	43.106
643.31	43.076
643.64	43.016
643.96	43.012
644.29	42.970
644.61	42.845
644.94	42.819
645.26	42.802
645.59	42.788
645.91	42.685
646.24	42.702
646.56	42.683
646.89	42.681
647.22	42.669
647.54	42.507
647.87	42.448
648.19	42.484
648.52	42.446
648.84	42.367
649.17	42.276
649.49	42.267
649.82	42.228
650.14	42.096
650.47	41.997
650.79	41.929
651.11	41.910
651.44	41.862
651.76	41.683
652.09	41.623
652.41	41.551
652.74	41.505
653.06	41.440
653.39	41.338
653.71	41.341
654.04	41.335
654.36	41.296
654.68	41.326
655.01	41.244
655.33	41.263
655.66	41.214
655.98	41.247
656.30	41.258
656.63	41.255
656.95	41.197
657.28	41.186
657.60	41.110
657.92	41.062
658.25	41.028
658.57	41.040
658.90	41.040
659.22	40.987
659.54	40.880
659.87	40.762
660.19	40.721
660.51	40.699
660.84	40.595
661.16	40.475
661.48	40.405
661.81	40.261
662.13	40.172
662.45	40.061
662.78	39.967
663.10	39.950
663.42	39.918
663.75	39.820
664.07	39.709
664.39	39.588
664.72	39.549
665.04	39.436
665.36	39.348
665.69	39.314
666.01	39.232
666.33	39.267
666.65	39.253
666.98	39.162
667.30	39.065
667.62	39.053
667.94	39.086
668.27	39.044
668.59	39.062
668.91	38.976
669.23	38.908
669.56	38.881
669.88	38.809
670.20	38.665
670.52	38.631
670.85	38.613
671.17	38.566
671.49	38.505
671.81	38.417
672.13	38.333
672.46	38.280
672.78	38.182
673.10	38.160
673.42	38.093
673.74	38.040
674.07	38.037
674.39	37.991
674.71	37.927
675.03	37.887
675.35	37.846
675.67	37.787
676.00	37.783
676.32	37.755
676.64	37.640
676.96	37.650
677.28	37.673
677.60	37.632
677.92	37.580
678.25	37.558
678.57	37.450
678.89	37.405
679.21	37.415
679.53	37.403
679.85	37.397
680.17	37.424
680.49	37.221
680.81	37.114
681.13	36.995
681.46	36.926
681.78	36.899
682.10	36.841
682.42	36.750
682.74	36.604
683.06	36.545
683.38	36.439
683.70	36.348
684.02	36.334
684.34	36.239
684.66	36.267
684.98	36.258
685.30	36.184
685.62	36.172
685.94	36.182
686.26	36.186
686.58	36.093
686.90	36.053
687.22	35.967
687.54	35.997
687.86	35.981
688.18	35.858
688.50	35.805
688.82	35.742
689.14	35.692
689.46	35.623
689.78	35.601
690.10	35.594
690.42	35.580
690.74	35.498
691.06	35.401
691.38	35.338
691.70	35.303
692.02	35.203
692.34	35.151
692.66	35.177
692.98	35.144
693.30	35.090
693.62	35.028
693.94	34.918
694.26	34.934
694.57	34.861
694.89	34.879
695.21	34.871
695.53	34.918
695.85	34.916
696.17	34.824
696.49	34.821
696.81	34.728
697.13	34.665
697.44	34.695
697.76	34.677
698.08	34.690
698.40	34.595
698.72	34.563
699.04	34.436
699.36	34.360
699.67	34.313
699.99	34.212
700.31	34.242
700.63	34.273
700.95	34.172
701.27	34.064
701.58	34.013
701.90	33.967
702.22	33.865
702.54	33.854
702.86	33.808
703.17	33.720
703.49	33.730
703.81	33.575
704.13	33.492
704.45	33.344
704.76	33.248
705.08	33.231
705.40	33.172
705.72	33.248
706.03	33.295
706.35	33.266
706.67	33.191
706.99	33.205
707.30	33.311
707.62	33.305
707.94	33.353
708.26	33.463
708.57	33.343
708.89	33.336
709.21	33.218
709.53	33.097
709.84	33.019
710.16	33.074
710.48	32.976
710.79	32.790
711.11	32.653
711.43	32.597
711.74	32.527
712.06	32.500
712.38	32.558
712.69	32.510
713.01	32.455
713.33	32.434
713.64	32.432
713.96	32.334
714.28	32.313
714.59	32.238
714.91	32.128
715.23	32.060
715.54	32.014
715.86	31.907
716.17	31.906
716.49	31.861
716.81	31.854
717.12	31.752
717.44	31.702
717.76	31.722
718.07	31.838
718.39	31.881
718.70	31.867
719.02	31.782
719.33	31.706
719.65	31.548
719.97	31.528
720.28	31.416
720.60	31.519
720.91	31.570
721.23	31.538
721.54	31.518
721.86	31.550
722.17	31.497
722.49	31.718
722.81	31.535
723.12	31.564
723.44	31.467
723.75	31.576
724.07	31.291
724.38	31.227
724.70	31.074
725.01	31.035
725.33	30.771
725.64	30.682
725.96	30.314
726.27	30.425
726.59	30.358
726.90	30.327
727.22	30.145
727.53	30.214
727.84	30.111
728.16	30.068
728.47	29.941
728.79	30.016
729.10	29.980
729.42	30.203
729.73	30.202
730.05	30.304
730.36	30.328
730.67	30.304
730.99	30.190
731.30	30.290
731.62	30.313
731.93	30.283
732.24	30.304
732.56	30.250
732.87	30.110
733.19	29.935
733.50	29.685
733.81	29.634
734.13	29.629
734.44	29.711
734.76	29.554
735.07	29.579
735.38	29.552
735.70	29.384
736.01	29.367
736.32	29.368
736.64	29.434
736.95	29.432
737.26	29.306
737.58	29.253
737.89	29.218
738.20	29.133
738.52	29.039
738.83	29.088
739.14	29.246
739.45	29.275
739.77	29.249
740.08	29.127
740.39	29.114
740.71	29.132
741.02	29.145
741.33	28.987
741.64	29.040
741.96	29.207
742.27	29.099
742.58	29.035
742.90	28.922
743.21	28.846
743.52	28.706
743.83	28.665
744.14	28.678
744.46	28.642
744.77	28.671
745.08	28.593
745.39	28.390
745.71	28.455
746.02	28.291
746.33	28.450
746.64	28.315
746.95	28.514
747.27	28.600
747.58	28.589
747.89	28.603
748.20	28.553
748.51	28.559
748.82	28.539
749.14	28.348
749.45	28.334
749.76	28.175
750.07	28.263
750.38	28.229
750.69	28.245
751.01	28.284
751.32	28.306
751.63	28.212
751.94	28.188
752.25	28.181
752.56	28.058
752.87	28.109
753.18	28.042
753.49	28.036
753.81	28.020
754.12	27.983
754.43	27.812
754.74	27.581
755.05	27.664
755.36	27.592
755.67	27.555
755.98	27.892
756.29	27.901
756.60	27.842
756.91	27.794
757.22	27.822
757.53	27.881
757.84	27.976
758.15	28.162
758.46	28.103
758.77	28.179
759.09	28.197
759.40	27.992
759.71	27.889
760.02	27.866
760.33	27.844
760.64	27.735
760.95	27.562
761.26	27.451
761.57	27.420
761.88	27.461
762.18	27.467
762.49	27.454
762.80	27.504
763.11	27.619
763.42	27.578
763.73	27.567
764.04	27.517
764.35	27.512
764.66	27.500
764.97	27.419
765.28	27.388
765.59	27.193
765.90	27.002
766.21	26.913
766.52	26.796
766.83	26.821
767.14	26.723
767.44	26.783
767.75	26.806
768.06	26.796
768.37	26.772
768.68	26.551
768.99	26.672
769.30	26.748
769.61	26.687
769.91	26.452
770.22	26.350
770.53	26.098
770.84	26.094
771.15	26.175
771.46	26.008
771.77	26.004
772.07	26.237
772.38	26.264
772.69	26.089
773.00	26.006
773.31	25.994
773.61	26.180
773.92	26.415
774.23	26.448
774.54	26.409
774.85	26.859
775.15	26.755
775.46	26.613
775.77	26.612
776.08	26.730
776.39	26.876
776.69	27.118
777.00	27.148
777.31	27.120
777.62	27.023
777.92	26.850
778.23	26.537
778.54	26.592
778.85	26.667
779.15	26.652
779.46	26.770
779.77	26.526
780.07	26.556
780.38	26.241
780.69	26.226
781.00	26.356
781.30	26.265
781.61	26.240
781.92	26.419
782.22	26.232
782.53	26.034
782.84	25.790
783.14	25.742
783.45	25.846
783.76	25.880
784.06	26.080
784.37	25.794
784.68	25.849
784.98	25.900
785.29	25.911
785.60	26.132
785.90	26.555
786.21	26.625
786.51	26.428
786.82	26.171
787.13	26.248
787.43	26.007
787.74	26.048
788.04	25.965
788.35	25.825
788.66	25.653
788.96	25.410
789.27	24.871
789.57	24.847
789.88	25.078
790.19	25.070
790.49	25.093
790.80	25.216
791.10	25.226
791.41	25.671
791.71	25.884
792.02	25.679
792.32	25.541
792.63	25.938
792.93	26.044
793.24	26.064
793.54	25.919
793.85	25.803
794.15	25.719
794.46	25.920
794.76	25.775
795.07	25.525
795.37	25.688
795.68	26.090
795.98	25.764
796.29	25.993
796.59	25.773
796.90	25.911
797.20	25.975
797.51	25.897
797.81	25.644
798.12	25.600
798.42	26.150
798.72	25.877
799.03	25.823
799.33	25.574
799.64	25.355
799.94	25.725
800.25	25.424
800.55	25.272
800.85	25.438
801.16	25.361
801.46	25.083
801.77	24.674
802.07	24.772
802.37	24.802
802.68	25.432
802.98	25.250
803.28	24.874
803.59	25.322
803.89	25.510
804.20	25.662
804.50	26.017
804.80	25.986
805.11	25.633
805.41	25.755
805.71	25.545
806.02	25.285
806.32	25.477
806.62	25.717
806.93	25.589
807.23	25.449
807.53	24.937
807.83	24.808
808.14	25.019
808.44	25.267
808.74	25.517
809.05	25.574
809.35	25.576
809.65	25.260
809.95	25.411
810.26	25.322
810.56	25.591
810.86	25.768
811.16	25.364
811.47	25.186
811.77	25.327
812.07	25.114
812.37	24.625
812.68	25.037
812.98	24.975
813.28	24.532
813.58	24.484
813.88	24.213
814.19	24.426
814.49	24.671
814.79	24.782
815.09	24.390
815.39	24.647
815.70	24.894
816.00	24.450
816.30	24.685
816.60	24.940
816.90	24.865
817.20	25.139
817.50	25.066
817.81	25.197
818.11	25.147
818.41	25.183
818.71	24.996
819.01	24.896
819.31	24.832
819.61	24.741
819.92	24.718
820.22	24.703
820.52	24.611
820.82	24.658
821.12	24.654
821.42	24.625
821.72	24.669
822.02	24.670
822.32	24.779
822.62	24.768
822.92	24.738
823.22	24.857
823.52	24.862
823.83	24.855
824.13	24.846
824.43	24.755
824.73	24.738
825.03	24.763
825.33	24.753
825.63	24.503
825.93	24.518
826.23	24.496
826.53	24.299
826.83	24.292
827.13	24.302
827.43	24.243
827.73	24.335
828.03	24.430
828.33	24.389
828.63	24.352
828.93	24.550
829.23	24.500
829.53	24.522
829.83	24.520
830.13	24.659
830.42	24.742
830.72	24.741
831.02	24.498
831.32	24.604
831.62	24.277
831.92	24.342
832.22	24.250
832.52	24.254
832.82	24.207
833.12	23.900
833.42	23.933
833.72	23.871
834.01	23.633
834.31	23.868
834.61	23.556
834.91	23.743
835.21	23.666
835.51	23.846
835.81	23.997
836.11	24.504
836.40	25.175
836.70	24.787
837.00	25.224
837.30	25.280
837.60	24.897
837.90	24.847
838.19	24.981
838.49	25.508
838.79	25.439
839.09	25.213
839.39	25.084
839.68	24.851
839.98	25.618
840.28	25.519
840.58	25.781
840.88	26.376
841.17	26.657
841.47	25.034
841.77	24.578
842.07	24.592
842.36	25.119
842.66	25.657
842.96	25.738
843.26	25.207
843.55	25.219
843.85	25.264
844.15	24.845
844.45	25.344
844.74	26.096
845.04	25.029
845.34	24.884
845.63	24.896
845.93	24.140
846.23	23.842
846.53	22.626
846.82	22.920
847.12	22.535
847.42	22.854
847.71	23.132
848.01	24.103
848.31	24.286
848.60	23.530
848.90	22.653
849.19	21.502
849.49	21.987
849.79	24.020
850.08	22.966
850.38	23.360
850.68	23.587
850.97	23.056
851.27	22.104
851.56	22.800
851.86	22.314
852.16	23.066
852.45	25.153
852.75	24.774
853.04	24.282
853.34	24.713
853.64	24.214
853.93	22.501
854.23	22.561
854.52	23.204
854.82	22.470
855.11	23.623
855.41	23.771
855.70	22.638
856.00	22.338
856.30	22.189
856.59	21.779
856.89	22.164
857.18	22.596
857.48	22.069
857.77	22.755
858.07	23.006
858.36	22.990
858.66	22.894
858.95	22.657
859.25	21.911
859.54	21.043
859.84	21.771
860.13	21.620
860.42	21.994
860.72	21.917
861.01	21.680
861.31	22.132
861.60	22.926
861.90	21.672
862.19	23.705
862.49	23.434
862.78	23.049
863.07	22.799
863.37	24.186
863.66	25.475
863.96	26.906
864.25	27.399
864.54	28.179
864.84	26.902
865.13	26.877
865.43	25.772
865.72	24.697
866.01	33.999
866.31	19.420
866.60	13.979
866.89	33.783
>>>>>End Spectral Data<<<<<
