180.30	0.000
180.67	0.000
181.03	245.679
181.40	36.566
181.77	87.032
182.14	199.376
182.51	80.501
182.88	200.718
183.25	1.610
183.62	56.260
183.99	141.726
184.36	66.516
184.73	94.580
185.10	31.038
185.46	-254.162
185.83	-27.796
186.20	-299.288
186.57	76.873
186.94	-85.970
187.31	45.937
187.68	-544.905
188.05	-365.953
188.42	-233.127
188.78	-45.133
189.15	-53.041
189.52	-36.475
189.89	-65.330
190.26	-35.098
190.63	-10.564
191.00	1.649
191.37	-39.981
191.73	-37.434
192.10	-24.883
192.47	32.568
192.84	-1.363
193.21	37.775
193.58	31.040
193.94	47.854
194.31	51.929
194.68	59.324
195.05	14.339
195.42	37.646
195.79	17.987
196.15	16.227
196.52	-5.021
196.89	-7.213
197.26	-14.334
197.63	-5.364
198.00	0.120
198.36	-23.118
198.73	-36.672
199.10	-3.137
199.47	-6.250
199.84	9.145
200.20	-1.273
200.57	-0.127
200.94	-12.919
201.31	-4.530
201.68	-15.323
202.04	-15.527
202.41	-14.539
202.78	-12.183
203.15	-36.245
203.51	-46.823
203.88	-22.158
204.25	-15.169
204.62	-15.887
204.98	4.294
205.35	-15.193
205.72	-11.971
206.09	-25.965
206.46	-24.525
206.82	-39.585
207.19	-23.309
207.56	-18.395
207.92	-15.306
208.29	-17.529
208.66	-11.936
209.03	-20.649
209.39	-9.112
209.76	-11.112
210.13	17.625
210.50	21.054
210.86	32.104
211.23	25.333
211.60	31.284
211.96	5.427
212.33	8.427
212.70	-11.035
213.07	-7.091
213.43	-20.614
213.80	-13.335
214.17	-7.666
214.53	-12.078
214.90	-22.595
215.27	-3.782
215.63	-12.189
216.00	-11.703
216.37	-11.178
216.74	-8.714
217.10	-17.665
217.47	-20.349
217.84	-30.217
218.20	-49.796
218.57	-44.507
218.94	-35.185
219.30	-41.661
219.67	-29.918
220.04	-20.819
220.40	-18.684
220.77	-16.337
221.13	-7.376
221.50	4.239
221.87	8.641
222.23	8.661
222.60	10.879
222.97	10.625
223.33	12.171
223.70	5.521
224.07	6.258
224.43	5.776
224.80	6.650
225.16	6.175
225.53	4.480
225.90	4.053
226.26	6.316
226.63	6.205
226.99	6.253
227.36	6.766
227.73	8.855
228.09	8.948
228.46	9.173
228.82	8.155
229.19	8.074
229.56	7.945
229.92	7.977
230.29	6.173
230.65	6.817
231.02	5.954
231.38	5.654
231.75	3.707
232.12	2.169
232.48	2.027
232.85	3.408
233.21	3.317
233.58	5.085
233.94	5.506
234.31	6.968
234.68	5.320
235.04	6.623
235.41	5.562
235.77	6.519
236.14	7.402
236.50	6.952
236.87	7.490
237.23	8.722
237.60	8.429
237.96	8.618
238.33	8.745
238.69	9.257
239.06	9.178
239.42	9.760
239.79	9.571
240.15	10.024
240.52	9.855
240.88	9.676
241.25	9.217
241.61	8.886
241.98	8.772
242.34	8.904
242.71	8.784
243.07	8.433
243.44	7.987
243.80	7.899
244.17	7.460
244.53	7.368
244.90	7.199
245.26	7.367
245.63	7.372
245.99	7.426
246.36	7.261
246.72	7.186
247.09	7.387
247.45	7.434
247.81	7.181
248.18	7.414
248.54	7.257
248.91	7.454
249.27	7.172
249.64	7.480
250.00	7.406
250.36	7.435
250.73	6.946
251.09	6.804
251.46	6.840
251.82	6.847
252.19	6.431
252.55	6.737
252.91	6.669
253.28	6.912
253.64	6.326
254.01	6.330
254.37	6.037
254.73	6.502
255.10	6.185
255.46	6.015
255.83	6.220
256.19	6.515
256.55	6.394
256.92	6.294
257.28	6.132
257.65	6.246
258.01	6.179
258.37	6.124
258.74	6.209
259.10	6.193
259.46	6.283
259.83	6.293
260.19	6.145
260.55	6.479
260.92	6.507
261.28	6.646
261.64	6.576
262.01	6.565
262.37	6.568
262.73	6.179
263.10	6.309
263.46	6.488
263.82	6.395
264.19	6.083
264.55	5.772
264.91	5.839
265.28	5.696
265.64	5.823
266.00	5.813
266.37	6.157
266.73	6.415
267.09	6.473
267.46	6.445
267.82	6.621
268.18	6.821
268.54	6.730
268.91	6.660
269.27	6.593
269.63	6.423
270.00	6.249
270.36	5.843
270.72	5.768
271.08	5.572
271.45	5.332
271.81	5.130
272.17	5.274
272.53	5.248
272.90	5.320
273.26	5.228
273.62	5.323
273.98	5.542
274.35	5.727
274.71	5.915
275.07	5.902
275.43	5.770
275.80	5.848
276.16	5.410
276.52	5.560
276.88	5.162
277.25	5.273
277.61	5.213
277.97	5.122
278.33	5.268
278.69	5.260
279.06	5.182
279.42	5.365
279.78	5.450
280.14	5.817
280.50	5.573
280.87	5.890
281.23	5.839
281.59	5.859
281.95	5.888
282.31	5.707
282.68	5.554
283.04	5.798
283.40	5.878
283.76	5.875
284.12	5.832
284.48	5.993
284.85	5.903
285.21	5.987
285.57	5.792
285.93	5.747
286.29	5.842
286.65	5.823
287.02	5.752
287.38	5.625
287.74	5.496
288.10	5.528
288.46	5.466
288.82	5.520
289.18	5.448
289.54	5.643
289.91	5.714
290.27	5.644
290.63	5.924
290.99	6.182
291.35	6.369
291.71	6.566
292.07	6.743
292.43	7.076
292.79	7.140
293.16	7.460
293.52	7.623
293.88	7.900
294.24	8.196
294.60	8.273
294.96	8.317
295.32	8.606
295.68	8.779
296.04	8.954
296.40	9.061
296.76	9.259
297.12	9.491
297.49	9.726
297.85	9.900
298.21	10.234
298.57	10.649
298.93	11.071
299.29	11.439
299.65	11.795
300.01	12.063
300.37	12.374
300.73	12.783
301.09	12.912
301.45	13.145
301.81	13.361
302.17	13.435
302.53	13.603
302.89	13.593
303.25	13.523
303.61	13.765
303.97	13.945
304.33	14.118
304.69	14.352
305.05	14.609
305.41	14.879
305.77	15.134
306.13	15.295
306.49	15.274
306.85	15.450
307.21	15.650
307.57	15.681
307.93	15.711
308.29	15.725
308.65	15.816
309.01	15.843
309.37	15.868
309.73	15.859
310.09	15.918
310.45	16.083
310.81	16.099
311.17	16.122
311.53	16.128
311.89	16.141
312.25	16.175
312.61	16.069
312.96	16.099
313.32	16.034
313.68	15.952
314.04	16.002
314.40	15.885
314.76	15.895
315.12	15.714
315.48	15.679
315.84	15.711
316.20	15.594
316.56	15.606
316.92	15.568
317.27	15.408
317.63	15.447
317.99	15.383
318.35	15.526
318.71	15.552
319.07	15.836
319.43	15.882
319.79	15.890
320.15	15.933
320.50	15.981
320.86	15.843
321.22	15.988
321.58	15.795
321.94	15.722
322.30	15.460
322.66	15.363
323.01	15.198
323.37	15.092
323.73	14.950
324.09	14.897
324.45	14.813
324.81	14.827
325.17	14.710
325.52	14.742
325.88	14.688
326.24	14.775
326.60	14.825
326.96	14.780
327.31	14.793
327.67	14.801
328.03	14.945
328.39	14.948
328.75	14.955
329.11	15.011
329.46	15.085
329.82	15.127
330.18	15.046
330.54	14.914
330.90	14.844
331.25	14.741
331.61	14.733
331.97	14.610
332.33	14.517
332.68	14.470
333.04	14.447
333.40	14.509
333.76	14.372
334.11	14.385
334.47	14.390
334.83	14.442
335.19	14.375
335.54	14.325
335.90	14.279
336.26	14.193
336.62	14.195
336.97	14.138
337.33	13.993
337.69	14.024
338.05	13.927
338.40	13.983
338.76	13.926
339.12	13.997
339.48	13.997
339.83	13.957
340.19	13.987
340.55	13.961
340.90	14.010
341.26	13.921
341.62	13.850
341.97	13.788
342.33	13.651
342.69	13.679
343.04	13.571
343.40	13.532
343.76	13.571
344.12	13.510
344.47	13.512
344.83	13.372
345.19	13.354
345.54	13.374
345.90	13.398
346.26	13.437
346.61	13.336
346.97	13.347
347.32	13.279
347.68	13.226
348.04	13.220
348.39	13.141
348.75	13.150
349.11	13.143
349.46	13.053
349.82	13.056
350.18	12.931
350.53	12.933
350.89	12.916
351.24	12.867
351.60	12.792
351.96	12.720
352.31	12.640
352.67	12.638
353.02	12.633
353.38	12.594
353.74	12.583
354.09	12.545
354.45	12.471
354.80	12.445
355.16	12.451
355.52	12.381
355.87	12.418
356.23	12.367
356.58	12.300
356.94	12.306
357.29	12.345
357.65	12.277
358.00	12.291
358.36	12.293
358.72	12.252
359.07	12.231
359.43	12.236
359.78	12.124
360.14	12.145
360.49	12.083
360.85	12.032
361.20	11.913
361.56	11.849
361.91	11.766
362.27	11.655
362.62	11.662
362.98	11.622
363.33	11.609
363.69	11.633
364.04	11.588
364.40	11.570
364.75	11.537
365.11	11.523
365.46	11.488
365.82	11.465
366.17	11.482
366.53	11.402
366.88	11.337
367.24	11.216
367.59	11.119
367.95	11.083
368.30	11.095
368.66	11.062
369.01	11.117
369.37	11.089
369.72	11.098
370.08	11.111
370.43	11.093
370.78	11.095
371.14	11.187
371.49	11.154
371.85	11.129
372.20	11.063
372.56	11.005
372.91	10.930
373.26	10.916
373.62	10.881
373.97	10.778
374.33	10.746
374.68	10.727
375.03	10.658
375.39	10.688
375.74	10.619
376.10	10.596
376.45	10.583
376.80	10.559
377.16	10.537
377.51	10.516
377.87	10.517
378.22	10.522
378.57	10.456
378.93	10.430
379.28	10.420
379.63	10.475
379.99	10.514
380.34	10.496
380.70	10.493
381.05	10.478
381.40	10.504
381.76	10.522
382.11	10.438
382.46	10.460
382.82	10.405
383.17	10.424
383.52	10.425
383.88	10.380
384.23	10.371
384.58	10.377
384.94	10.353
385.29	10.278
385.64	10.232
385.99	10.272
386.35	10.209
386.70	10.165
387.05	10.062
387.41	9.977
387.76	9.957
388.11	9.871
388.47	9.798
388.82	9.814
389.17	9.787
389.52	9.768
389.88	9.709
390.23	9.745
390.58	9.747
390.93	9.753
391.29	9.727
391.64	9.725
391.99	9.757
392.34	9.751
392.70	9.702
393.05	9.702
393.40	9.658
393.75	9.619
394.11	9.556
394.46	9.537
394.81	9.505
395.16	9.465
395.52	9.358
395.87	9.273
396.22	9.203
396.57	9.145
396.92	9.043
397.28	8.997
397.63	8.927
397.98	8.849
398.33	8.797
398.68	8.758
399.04	8.711
399.39	8.655
399.74	8.608
400.09	8.586
400.44	8.516
400.80	8.523
401.15	8.493
401.50	8.475
401.85	8.474
402.20	8.480
402.55	8.441
402.90	8.395
403.26	8.369
403.61	8.369
403.96	8.321
404.31	8.312
404.66	8.295
405.01	8.244
405.36	8.233
405.72	8.207
406.07	8.113
406.42	8.069
406.77	8.054
407.12	8.073
407.47	8.051
407.82	8.036
408.17	7.991
408.53	7.922
408.88	7.891
409.23	7.860
409.58	7.817
409.93	7.779
410.28	7.741
410.63	7.713
410.98	7.647
411.33	7.600
411.68	7.588
412.03	7.610
412.38	7.634
412.73	7.663
413.09	7.650
413.44	7.665
413.79	7.712
414.14	7.767
414.49	7.770
414.84	7.787
415.19	7.817
415.54	7.844
415.89	7.870
416.24	7.889
416.59	7.911
416.94	7.945
417.29	7.986
417.64	7.999
417.99	7.988
418.34	8.012
418.69	8.014
419.04	8.025
419.39	8.034
419.74	8.032
420.09	8.022
420.44	8.014
420.79	8.008
421.14	7.975
421.49	7.965
421.84	7.960
422.19	7.943
422.54	7.947
422.89	7.937
423.24	7.903
423.59	7.860
423.94	7.852
424.29	7.829
424.64	7.775
424.99	7.750
425.34	7.702
425.68	7.647
426.03	7.618
426.38	7.561
426.73	7.513
427.08	7.473
427.43	7.468
427.78	7.455
428.13	7.440
428.48	7.464
428.83	7.452
429.18	7.457
429.53	7.482
429.87	7.478
430.22	7.479
430.57	7.491
430.92	7.493
431.27	7.497
431.62	7.482
431.97	7.463
432.32	7.449
432.67	7.427
433.01	7.416
433.36	7.387
433.71	7.379
434.06	7.354
434.41	7.318
434.76	7.312
435.11	7.300
435.45	7.300
435.80	7.326
436.15	7.332
436.50	7.346
436.85	7.391
437.20	7.412
437.54	7.417
437.89	7.451
438.24	7.453
438.59	7.449
438.94	7.442
439.29	7.433
439.63	7.389
439.98	7.390
440.33	7.376
440.68	7.345
441.03	7.317
441.37	7.303
441.72	7.305
442.07	7.300
442.42	7.296
442.76	7.317
443.11	7.340
443.46	7.360
443.81	7.364
444.16	7.371
444.50	7.373
444.85	7.378
445.20	7.375
445.55	7.328
445.89	7.305
446.24	7.290
446.59	7.251
446.94	7.194
447.28	7.138
447.63	7.064
447.98	7.015
448.32	6.959
448.67	6.887
449.02	6.835
449.37	6.812
449.71	6.799
450.06	6.764
450.41	6.747
450.75	6.744
451.10	6.747
451.45	6.756
451.79	6.747
452.14	6.728
452.49	6.727
452.84	6.732
453.18	6.722
453.53	6.692
453.88	6.692
454.22	6.681
454.57	6.671
454.92	6.683
455.26	6.686
455.61	6.712
455.95	6.744
456.30	6.789
456.65	6.795
456.99	6.817
457.34	6.852
457.69	6.878
458.03	6.892
458.38	6.914
458.73	6.904
459.07	6.899
459.42	6.868
459.76	6.830
460.11	6.776
460.46	6.740
460.80	6.701
461.15	6.640
461.49	6.589
461.84	6.536
462.19	6.482
462.53	6.466
462.88	6.437
463.22	6.414
463.57	6.421
463.91	6.417
464.26	6.422
464.61	6.423
464.95	6.429
465.30	6.421
465.64	6.416
465.99	6.404
466.33	6.376
466.68	6.373
467.02	6.356
467.37	6.344
467.71	6.319
468.06	6.305
468.41	6.298
468.75	6.259
469.10	6.227
469.44	6.202
469.79	6.169
470.13	6.143
470.48	6.092
470.82	6.078
471.17	6.049
471.51	6.057
471.86	6.033
472.20	6.000
472.55	6.006
472.89	5.982
473.23	5.966
473.58	5.946
473.92	5.956
474.27	5.964
474.61	5.976
474.96	5.965
475.30	5.967
475.65	5.958
475.99	5.965
476.34	5.959
476.68	5.970
477.02	5.979
477.37	6.009
477.71	6.010
478.06	6.049
478.40	6.112
478.75	6.220
479.09	6.329
479.43	6.477
479.78	6.641
480.12	6.804
480.47	6.975
480.81	7.134
481.15	7.296
481.50	7.463
481.84	7.638
482.19	7.821
482.53	7.980
482.87	8.089
483.22	8.105
483.56	8.040
483.90	7.920
484.25	7.759
484.59	7.569
484.94	7.414
485.28	7.277
485.62	7.106
485.97	6.903
486.31	6.709
486.65	6.561
487.00	6.483
487.34	6.461
487.68	6.486
488.03	6.524
488.37	6.593
488.71	6.595
489.06	6.564
489.40	6.530
489.74	6.496
490.09	6.472
490.43	6.423
490.77	6.374
491.11	6.319
491.46	6.252
491.80	6.191
492.14	6.129
492.49	6.066
492.83	5.988
493.17	5.909
493.51	5.844
493.86	5.772
494.20	5.705
494.54	5.675
494.88	5.666
495.23	5.668
495.57	5.653
495.91	5.645
496.25	5.622
496.60	5.614
496.94	5.606
497.28	5.577
497.62	5.536
497.97	5.514
498.31	5.470
498.65	5.436
498.99	5.404
499.33	5.392
499.68	5.368
500.02	5.369
500.36	5.354
500.70	5.341
501.04	5.349
501.39	5.351
501.73	5.361
502.07	5.372
502.41	5.377
502.75	5.373
503.09	5.366
503.44	5.381
503.78	5.392
504.12	5.404
504.46	5.419
504.80	5.422
505.14	5.435
505.49	5.454
505.83	5.446
506.17	5.450
506.51	5.470
506.85	5.492
507.19	5.485
507.53	5.492
507.87	5.493
508.22	5.495
508.56	5.502
508.90	5.502
509.24	5.484
509.58	5.499
509.92	5.481
510.26	5.453
510.60	5.427
510.94	5.415
511.28	5.390
511.63	5.380
511.97	5.373
512.31	5.342
512.65	5.326
512.99	5.348
513.33	5.362
513.67	5.383
514.01	5.419
514.35	5.466
514.69	5.521
515.03	5.569
515.37	5.608
515.71	5.633
516.05	5.686
516.39	5.723
516.73	5.724
517.07	5.729
517.41	5.730
517.75	5.733
518.09	5.698
518.43	5.666
518.77	5.640
519.11	5.600
519.45	5.557
519.79	5.512
520.13	5.471
520.47	5.462
520.81	5.441
521.15	5.452
521.49	5.437
521.83	5.477
522.17	5.500
522.51	5.535
522.85	5.587
523.19	5.679
523.53	5.763
523.87	5.871
524.21	5.967
524.55	6.064
524.89	6.136
525.23	6.214
525.57	6.267
525.91	6.328
526.25	6.379
526.58	6.415
526.92	6.447
527.26	6.459
527.60	6.457
527.94	6.439
528.28	6.410
528.62	6.386
528.96	6.363
529.30	6.339
529.64	6.296
529.97	6.252
530.31	6.211
530.65	6.159
530.99	6.128
531.33	6.089
531.67	6.076
532.01	6.061
532.35	6.042
532.68	6.012
533.02	5.984
533.36	5.957
533.70	5.918
534.04	5.891
534.38	5.863
534.71	5.822
535.05	5.780
535.39	5.744
535.73	5.718
536.07	5.712
536.41	5.726
536.74	5.740
537.08	5.762
537.42	5.797
537.76	5.842
538.10	5.884
538.43	5.927
538.77	5.974
539.11	6.005
539.45	6.030
539.79	6.044
540.12	6.050
540.46	6.063
540.80	6.055
541.14	6.046
541.47	6.011
541.81	5.989
542.15	5.955
542.49	5.917
542.82	5.876
543.16	5.841
543.50	5.801
543.84	5.754
544.17	5.714
544.51	5.669
544.85	5.632
545.18	5.607
545.52	5.564
545.86	5.533
546.20	5.504
546.53	5.472
546.87	5.429
547.21	5.379
547.54	5.345
547.88	5.300
548.22	5.298
548.55	5.291
548.89	5.284
549.23	5.270
549.56	5.251
549.90	5.259
550.24	5.251
550.57	5.244
550.91	5.247
551.25	5.238
551.58	5.220
551.92	5.208
552.26	5.193
552.59	5.179
552.93	5.157
553.27	5.152
553.60	5.128
553.94	5.123
554.27	5.111
554.61	5.100
554.95	5.089
555.28	5.091
555.62	5.083
555.95	5.068
556.29	5.069
556.63	5.076
556.96	5.067
557.30	5.065
557.63	5.046
557.97	5.057
558.31	5.052
558.64	5.057
558.98	5.080
559.31	5.092
559.65	5.121
559.98	5.121
560.32	5.132
560.65	5.161
560.99	5.166
561.33	5.201
561.66	5.224
562.00	5.263
562.33	5.278
562.67	5.295
563.00	5.319
563.34	5.315
563.67	5.335
564.01	5.369
564.34	5.371
564.68	5.403
565.01	5.401
565.35	5.387
565.68	5.369
566.02	5.353
566.35	5.349
566.69	5.353
567.02	5.357
567.36	5.347
567.69	5.326
568.03	5.335
568.36	5.307
568.69	5.314
569.03	5.334
569.36	5.343
569.70	5.375
570.03	5.368
570.37	5.372
570.70	5.382
571.04	5.400
571.37	5.394
571.70	5.413
572.04	5.428
572.37	5.436
572.71	5.406
573.04	5.410
573.37	5.400
573.71	5.382
574.04	5.377
574.38	5.361
574.71	5.345
575.04	5.330
575.38	5.306
575.71	5.293
576.05	5.259
576.38	5.253
576.71	5.233
577.05	5.193
577.38	5.183
577.71	5.155
578.05	5.133
578.38	5.088
578.71	5.056
579.05	5.021
579.38	5.000
579.71	5.007
580.05	5.008
580.38	4.980
580.71	4.984
581.05	4.994
581.38	5.006
581.71	5.004
582.05	5.012
582.38	5.058
582.71	5.077
583.04	5.093
583.38	5.077
583.71	5.070
584.04	5.110
584.38	5.138
584.71	5.143
585.04	5.129
585.37	5.138
585.71	5.182
586.04	5.187
586.37	5.212
586.70	5.228
587.04	5.261
587.37	5.282
587.70	5.275
588.03	5.265
588.37	5.278
588.70	5.280
589.03	5.296
589.36	5.271
589.69	5.255
590.03	5.219
590.36	5.210
590.69	5.191
591.02	5.189
591.35	5.226
591.69	5.253
592.02	5.253
592.35	5.278
592.68	5.275
593.01	5.301
593.35	5.337
593.68	5.385
594.01	5.391
594.34	5.408
594.67	5.431
595.00	5.412
595.34	5.416
595.67	5.426
596.00	5.407
596.33	5.408
596.66	5.397
596.99	5.344
597.32	5.313
597.65	5.309
597.99	5.309
598.32	5.297
598.65	5.281
598.98	5.262
599.31	5.249
599.64	5.270
599.97	5.269
600.30	5.266
600.63	5.304
600.96	5.309
601.30	5.295
601.63	5.298
601.96	5.297
602.29	5.315
602.62	5.334
602.95	5.355
603.28	5.342
603.61	5.351
603.94	5.345
604.27	5.334
604.60	5.331
604.93	5.342
605.26	5.314
605.59	5.312
605.92	5.286
606.25	5.260
606.58	5.223
606.91	5.245
607.24	5.235
607.57	5.273
607.90	5.256
608.23	5.252
608.56	5.260
608.89	5.261
609.22	5.270
609.55	5.269
609.88	5.284
610.21	5.278
610.54	5.236
610.87	5.204
611.20	5.149
611.53	5.143
611.86	5.125
612.19	5.105
612.52	5.110
612.85	5.092
613.18	5.078
613.51	5.052
613.84	5.030
614.17	5.051
614.49	5.107
614.82	5.118
615.15	5.137
615.48	5.107
615.81	5.071
616.14	5.038
616.47	5.010
616.80	5.014
617.13	5.012
617.46	5.062
617.78	5.034
618.11	4.989
618.44	4.978
618.77	4.951
619.10	4.966
619.43	4.987
619.76	5.007
620.09	5.007
620.41	4.989
620.74	4.985
621.07	4.975
621.40	4.975
621.73	4.995
622.06	5.020
622.38	5.055
622.71	5.087
623.04	5.122
623.37	5.144
623.70	5.165
624.02	5.215
624.35	5.198
624.68	5.227
625.01	5.241
625.34	5.229
625.66	5.206
625.99	5.189
626.32	5.154
626.65	5.137
626.98	5.132
627.30	5.135
627.63	5.095
627.96	5.105
628.29	5.055
628.61	5.079
628.94	5.105
629.27	5.117
629.60	5.150
629.92	5.169
630.25	5.137
630.58	5.103
630.91	5.070
631.23	5.042
631.56	5.048
631.89	5.026
632.21	5.014
632.54	4.984
632.87	4.952
633.19	4.922
633.52	4.919
633.85	4.945
634.18	4.939
634.50	4.944
634.83	4.955
635.16	4.918
635.48	4.911
635.81	4.847
636.14	4.794
636.46	4.792
636.79	4.751
637.11	4.737
637.44	4.660
637.77	4.658
638.09	4.606
638.42	4.565
638.75	4.580
639.07	4.590
639.40	4.581
639.73	4.604
640.05	4.577
640.38	4.533
640.70	4.486
641.03	4.493
641.36	4.491
641.68	4.481
642.01	4.527
642.33	4.520
642.66	4.472
642.98	4.461
643.31	4.436
643.64	4.476
643.96	4.515
644.29	4.539
644.61	4.598
644.94	4.584
645.26	4.623
645.59	4.611
645.91	4.602
646.24	4.667
646.56	4.703
646.89	4.719
647.22	4.700
647.54	4.688
647.87	4.675
648.19	4.674
648.52	4.667
648.84	4.665
649.17	4.654
649.49	4.668
649.82	4.632
650.14	4.566
650.47	4.545
650.79	4.512
651.11	4.504
651.44	4.533
651.76	4.464
652.09	4.475
652.41	4.454
652.74	4.411
653.06	4.323
653.39	4.253
653.71	4.297
654.04	4.323
654.36	4.338
654.68	4.317
655.01	4.304
655.33	4.333
655.66	4.263
655.98	4.255
656.30	4.271
656.63	4.321
656.95	4.384
657.28	4.380
657.60	4.329
657.92	4.317
658.25	4.340
658.57	4.287
658.90	4.228
659.22	4.212
659.54	4.167
659.87	4.081
660.19	4.026
660.51	3.890
660.84	3.782
661.16	3.694
661.48	3.527
661.81	3.430
662.13	3.339
662.45	3.261
662.78	3.235
663.10	3.185
663.42	3.214
663.75	3.130
664.07	3.101
664.39	3.085
664.72	3.071
665.04	3.128
665.36	3.081
665.69	3.084
666.01	3.102
666.33	3.052
666.65	3.022
666.98	2.991
667.30	3.021
667.62	3.011
667.94	3.001
668.27	2.970
668.59	2.916
668.91	2.873
669.23	2.807
669.56	2.733
669.88	2.693
670.20	2.615
670.52	2.489
670.85	2.405
671.17	2.409
671.49	2.296
671.81	2.229
672.13	2.222
672.46	2.215
672.78	2.179
673.10	2.098
673.42	2.030
673.74	1.992
674.07	2.012
674.39	1.962
674.71	1.903
675.03	1.896
675.35	1.941
675.67	1.942
676.00	1.959
676.32	1.951
676.64	1.992
676.96	1.972
677.28	2.041
677.60	2.011
677.92	2.036
678.25	2.039
678.57	2.071
678.89	2.063
679.21	1.995
679.53	1.899
679.85	1.912
680.17	1.869
680.49	1.840
680.81	1.780
681.13	1.829
681.46	1.754
681.78	1.743
682.10	1.676
682.42	1.595
682.74	1.590
683.06	1.635
683.38	1.563
683.70	1.605
684.02	1.639
684.34	1.651
684.66	1.631
684.98	1.690
685.30	1.654
685.62	1.680
685.94	1.698
686.26	1.650
686.58	1.580
686.90	1.608
687.22	1.587
687.54	1.610
687.86	1.516
688.18	1.416
688.50	1.296
688.82	1.202
689.14	1.066
689.46	0.993
689.78	0.923
690.10	0.885
690.42	0.685
690.74	0.533
691.06	0.323
691.38	0.228
691.70	0.111
692.02	-0.004
692.34	-0.050
692.66	-0.070
692.98	-0.242
693.30	-0.288
693.62	-0.267
693.94	-0.152
694.26	-0.047
694.57	0.051
694.89	0.179
695.21	0.353
695.53	0.486
695.85	0.594
696.17	0.673
696.49	0.840
696.81	0.975
697.13	1.044
697.44	1.033
697.76	0.990
698.08	0.918
698.40	0.815
698.72	0.644
699.04	0.411
699.36	0.158
699.67	-0.069
699.99	-0.429
700.31	-0.807
700.63	-1.269
700.95	-1.592
701.27	-2.046
701.58	-2.390
701.90	-2.837
702.22	-3.164
702.54	-3.372
702.86	-3.585
703.17	-3.724
703.49	-3.756
703.81	-3.928
704.13	-4.055
704.45	-4.124
704.76	-4.160
705.08	-4.258
705.40	-4.193
705.72	-4.191
706.03	-4.146
706.35	-4.184
706.67	-4.316
706.99	-4.432
707.30	-4.438
707.62	-4.478
707.94	-4.565
708.26	-4.525
708.57	-4.421
708.89	-4.486
709.21	-4.528
709.53	-4.586
709.84	-4.587
710.16	-4.576
710.48	-4.479
710.79	-4.409
711.11	-4.227
711.43	-4.133
711.74	-4.003
712.06	-3.881
712.38	-3.643
712.69	-3.537
713.01	-3.287
713.33	-3.138
713.64	-2.817
713.96	-2.689
714.28	-2.436
714.59	-2.266
714.91	-1.975
715.23	-1.782
715.54	-1.576
715.86	-1.449
716.17	-1.273
716.49	-1.367
716.81	-1.256
717.12	-1.385
717.44	-1.446
717.76	-1.726
718.07	-1.830
718.39	-2.226
718.70	-2.557
719.02	-3.082
719.33	-3.475
719.65	-3.848
719.97	-4.100
720.28	-4.365
720.60	-4.443
720.91	-4.405
721.23	-4.348
721.54	-4.530
721.86	-4.449
722.17	-4.435
722.49	-4.163
722.81	-4.075
723.12	-3.977
723.44	-3.702
723.75	-3.613
724.07	-3.616
724.38	-3.709
724.70	-3.745
725.01	-3.753
725.33	-3.704
725.64	-3.572
725.96	-3.481
726.27	-3.511
726.59	-3.526
726.90	-3.513
727.22	-3.516
727.53	-3.508
727.84	-3.566
728.16	-3.623
728.47	-3.646
728.79	-3.822
729.10	-4.034
729.42	-4.374
729.73	-4.744
730.05	-5.127
730.36	-5.593
730.67	-5.978
730.99	-6.462
731.30	-6.853
731.62	-7.338
731.93	-7.699
732.24	-8.099
732.56	-8.608
732.87	-8.989
733.19	-9.292
733.50	-9.458
733.81	-9.792
734.13	-10.074
734.44	-10.585
734.76	-10.940
735.07	-11.257
735.38	-11.904
735.70	-12.353
736.01	-12.802
736.32	-13.153
736.64	-13.244
736.95	-13.577
737.26	-13.834
737.58	-14.189
737.89	-14.282
738.20	-14.575
738.52	-14.841
738.83	-14.991
739.14	-15.351
739.45	-15.736
739.77	-16.179
740.08	-16.979
740.39	-17.616
740.71	-18.197
741.02	-18.968
741.33	-19.565
741.64	-20.374
741.96	-21.101
742.27	-21.706
742.58	-22.135
742.90	-22.419
743.21	-23.051
743.52	-23.458
743.83	-23.809
744.14	-24.120
744.46	-24.439
744.77	-24.846
745.08	-24.976
745.39	-24.832
745.71	-24.664
746.02	-24.656
746.33	-24.759
746.64	-24.917
746.95	-24.800
747.27	-24.714
747.58	-24.520
747.89	-24.561
748.20	-24.430
748.51	-24.149
748.82	-24.143
749.14	-24.594
749.45	-24.721
749.76	-25.200
750.07	-24.972
750.38	-25.146
750.69	-25.206
751.01	-25.378
751.32	-25.262
751.63	-25.362
751.94	-25.618
752.25	-25.840
752.56	-25.692
752.87	-26.135
753.18	-25.744
753.49	-25.727
753.81	-25.602
754.12	-25.468
754.43	-25.103
754.74	-24.430
755.05	-23.253
755.36	-21.883
755.67	-20.523
755.98	-18.887
756.29	-17.131
756.60	-15.288
756.91	-13.583
757.22	-11.533
757.53	-9.625
757.84	-7.949
758.15	-6.098
758.46	-4.809
758.77	-3.588
759.09	-2.351
759.40	-1.287
759.71	-0.404
760.02	0.078
760.33	0.573
760.64	0.673
760.95	0.629
761.26	0.711
761.57	0.465
761.88	0.247
762.18	-0.141
762.49	-0.554
762.80	-1.339
763.11	-2.189
763.42	-3.189
763.73	-4.248
764.04	-5.209
764.35	-6.384
764.66	-8.001
764.97	-9.658
765.28	-11.571
765.59	-13.703
765.90	-16.191
766.21	-18.614
766.52	-20.473
766.83	-22.261
767.14	-24.019
767.44	-25.908
767.75	-27.885
768.06	-29.378
768.37	-30.893
768.68	-32.751
768.99	-33.855
769.30	-34.941
769.61	-36.022
769.91	-37.109
770.22	-37.926
770.53	-38.799
770.84	-40.057
771.15	-40.103
771.46	-40.801
771.77	-41.513
772.07	-40.765
772.38	-41.438
772.69	-42.018
773.00	-42.032
773.31	-42.569
773.61	-43.411
773.92	-44.105
774.23	-43.361
774.54	-44.386
774.85	-44.002
775.15	-44.120
775.46	-44.430
775.77	-43.907
776.08	-43.424
776.39	-43.422
776.69	-43.018
777.00	-42.598
777.31	-42.089
777.62	-42.377
777.92	-41.677
778.23	-42.447
778.54	-41.499
778.85	-41.824
779.15	-41.853
779.46	-41.979
779.77	-42.426
780.07	-42.973
780.38	-43.210
780.69	-43.793
781.00	-44.206
781.30	-44.229
781.61	-44.013
781.92	-45.281
782.22	-44.983
782.53	-44.727
782.84	-44.466
783.14	-43.397
783.45	-42.049
783.76	-40.894
784.06	-39.425
784.37	-37.789
784.68	-36.542
784.98	-35.170
785.29	-33.369
785.60	-32.362
785.90	-31.101
786.21	-30.035
786.51	-28.344
786.82	-27.265
787.13	-26.591
787.43	-25.889
787.74	-25.256
788.04	-25.339
788.35	-25.312
788.66	-25.590
788.96	-25.964
789.27	-26.368
789.57	-26.958
789.88	-28.617
790.19	-29.430
790.49	-30.194
790.80	-31.541
791.10	-32.568
791.41	-32.203
791.71	-32.203
792.02	-31.626
792.32	-31.141
792.63	-30.195
792.93	-28.966
793.24	-27.856
793.54	-27.715
793.85	-26.772
794.15	-25.198
794.46	-24.737
794.76	-24.984
795.07	-24.111
795.37	-24.453
795.68	-23.014
795.98	-23.603
796.29	-24.005
796.59	-23.867
796.90	-23.816
797.20	-23.222
797.51	-23.604
797.81	-23.742
798.12	-23.461
798.42	-24.109
798.72	-23.746
799.03	-25.194
799.33	-24.765
799.64	-24.927
799.94	-25.330
800.25	-25.248
800.55	-25.736
800.85	-25.802
801.16	-25.452
801.46	-25.311
801.77	-24.928
802.07	-25.052
802.37	-24.702
802.68	-25.743
802.98	-25.932
803.28	-25.647
803.59	-25.912
803.89	-26.184
804.20	-26.060
804.50	-26.444
804.80	-26.567
805.11	-26.836
805.41	-26.663
805.71	-26.459
806.02	-25.088
806.32	-24.914
806.62	-24.926
806.93	-25.138
807.23	-25.026
807.53	-25.297
807.83	-24.348
808.14	-24.486
808.44	-24.036
808.74	-24.032
809.05	-23.587
809.35	-22.953
809.65	-22.507
809.95	-21.847
810.26	-20.397
810.56	-19.715
810.86	-18.252
811.16	-18.147
811.47	-17.121
811.77	-16.492
812.07	-15.554
812.37	-14.716
812.68	-14.162
812.98	-13.357
813.28	-12.651
813.58	-12.331
813.88	-11.602
814.19	-11.387
814.49	-10.838
814.79	-10.411
815.09	-9.678
815.39	-8.998
815.70	-9.064
816.00	-8.995
816.30	-8.169
816.60	-8.036
816.90	-7.008
817.20	-5.794
817.50	-4.611
817.81	-2.587
818.11	-0.950
818.41	0.378
818.71	1.364
819.01	2.390
819.31	3.132
819.61	3.761
819.92	4.361
820.22	4.646
820.52	4.914
820.82	5.210
821.12	5.416
821.42	5.522
821.72	5.580
822.02	5.638
822.32	5.584
822.62	5.536
822.92	5.373
823.22	5.239
823.52	5.157
823.83	5.074
824.13	4.852
824.43	4.604
824.73	4.371
825.03	4.123
825.33	3.937
825.63	3.800
825.93	3.710
826.23	3.731
826.53	3.594
826.83	3.471
827.13	3.071
827.43	2.868
827.73	2.388
828.03	2.057
828.33	1.645
828.63	1.114
828.93	0.481
829.23	-0.267
829.53	-0.856
829.83	-1.440
830.13	-1.955
830.42	-2.349
830.72	-2.434
831.02	-2.317
831.32	-1.979
831.62	-1.809
831.92	-1.658
832.22	-1.621
832.52	-1.582
832.82	-1.929
833.12	-1.684
833.42	-1.772
833.72	-2.115
834.01	-2.726
834.31	-2.941
834.61	-3.909
834.91	-4.462
835.21	-4.863
835.51	-5.154
835.81	-6.412
836.11	-7.550
836.40	-10.057
836.70	-10.914
837.00	-12.148
837.30	-12.058
837.60	-13.455
837.90	-13.173
838.19	-14.485
838.49	-15.921
838.79	-17.288
839.09	-17.320
839.39	-17.456
839.68	-17.400
839.98	-18.649
840.28	-19.991
840.58	-23.512
840.88	-25.461
841.17	-27.640
841.47	-30.820
841.77	-33.291
842.07	-36.527
842.36	-41.074
842.66	-45.272
842.96	-49.066
843.26	-53.297
843.55	-52.474
843.85	-52.108
844.15	-54.549
844.45	-53.901
844.74	-51.647
845.04	-53.181
845.34	-54.256
845.63	-52.052
845.93	-53.877
846.23	-55.176
846.53	-59.218
846.82	-64.733
847.12	-68.743
847.42	-65.881
847.71	-69.872
848.01	-71.194
848.31	-67.047
848.60	-61.736
848.90	-63.708
849.19	-59.591
849.49	-60.816
849.79	-58.992
850.08	-62.976
850.38	-58.660
850.68	-60.877
850.97	-58.585
851.27	-57.462
851.56	-61.500
851.86	-66.119
852.16	-65.837
852.45	-69.809
852.75	-67.204
853.04	-69.936
853.34	-63.157
853.64	-65.143
853.93	-59.943
854.23	-64.181
854.52	-65.065
854.82	-62.227
855.11	-61.044
855.41	-60.680
855.70	-54.757
856.00	-57.127
856.30	-56.124
856.59	-54.626
856.89	-55.273
857.18	-61.660
857.48	-59.470
857.77	-59.255
858.07	-59.470
858.36	-64.587
858.66	-66.064
858.95	-71.466
859.25	-68.200
859.54	-66.569
859.84	-68.170
860.13	-63.433
860.42	-59.968
860.72	-60.920
861.01	-61.072
861.31	-62.449
861.60	-56.147
861.90	-55.042
862.19	-54.535
862.49	-54.342
862.78	-50.710
863.07	-46.617
863.37	-45.046
863.66	-47.459
863.96	-47.599
864.25	-43.957
864.54	-41.622
864.84	-41.341
865.13	-42.016
865.43	-39.382
865.72	-28.336
866.01	-39.296
866.31	-42.726
866.60	-77.807
866.89	-27.595
>>>>>End Spectral Data<<<<<
