180.30	0.000
180.67	0.000
181.03	141.413
181.40	85.255
181.77	211.843
182.14	116.631
182.51	-910.939
182.88	-42.574
183.25	5.116
183.62	62.327
183.99	173.726
184.36	12.169
184.73	31.086
185.10	322.992
185.46	46.024
185.83	126.856
186.20	62.179
186.57	-750.593
186.94	825.435
187.31	-37.762
187.68	34.589
188.05	-51.767
188.42	-34.507
188.78	7.924
189.15	57.877
189.52	16.725
189.89	52.711
190.26	74.462
190.63	64.953
191.00	33.863
191.37	40.584
191.73	76.200
192.10	158.292
192.47	258.577
192.84	170.343
193.21	8134.178
193.58	-148.367
193.94	16.614
194.31	65.078
194.68	53.773
195.05	23.332
195.42	-101.448
195.79	-41.283
196.15	74.182
196.52	147.656
196.89	225.116
197.26	2357.761
197.63	-324.417
198.00	-163.425
198.36	-330.648
198.73	-326.646
199.10	-198.803
199.47	-243.258
199.84	-180.735
200.20	-68.382
200.57	-17.776
200.94	9.031
201.31	22.219
201.68	52.619
202.04	52.218
202.41	66.848
202.78	62.918
203.15	74.357
203.51	32.306
203.88	-6.334
204.25	-19.976
204.62	-164.465
204.98	-140.923
205.35	-110.565
205.72	-101.788
206.09	-364.842
206.46	-135.379
206.82	-66.654
207.19	-42.350
207.56	-29.656
207.92	-26.155
208.29	-15.611
208.66	-2.796
209.03	10.558
209.39	-3.945
209.76	-26.625
210.13	-8.705
210.50	-27.585
210.86	-11.030
211.23	-11.777
211.60	-16.542
211.96	-24.865
212.33	-20.704
212.70	-17.666
213.07	-64.916
213.43	-43.370
213.80	-35.038
214.17	-47.376
214.53	-26.694
214.90	-26.169
215.27	-33.468
215.63	-28.121
216.00	-23.577
216.37	-22.582
216.74	-24.941
217.10	6.075
217.47	1.699
217.84	10.011
218.20	8.226
218.57	7.751
218.94	9.231
219.30	9.216
219.67	15.308
220.04	24.966
220.40	26.730
220.77	22.860
221.13	18.933
221.50	30.829
221.87	22.028
222.23	25.082
222.60	22.650
222.97	14.336
223.33	8.377
223.70	7.224
224.07	3.151
224.43	2.402
224.80	1.985
225.16	1.356
225.53	-2.820
225.90	0.481
226.26	0.738
226.63	1.061
226.99	1.695
227.36	2.252
227.73	1.802
228.09	2.714
228.46	2.480
228.82	2.860
229.19	3.015
229.56	4.045
229.92	2.213
230.29	2.060
230.65	1.936
231.02	2.116
231.38	2.670
231.75	2.031
232.12	1.230
232.48	2.238
232.85	1.247
233.21	0.121
233.58	0.568
233.94	3.189
234.31	4.766
234.68	5.505
235.04	5.820
235.41	6.502
235.77	6.405
236.14	5.804
236.50	4.441
236.87	4.998
237.23	5.804
237.60	5.642
237.96	4.746
238.33	3.742
238.69	4.082
239.06	3.266
239.42	2.793
239.79	3.248
240.15	3.161
240.52	3.378
240.88	3.252
241.25	2.958
241.61	3.298
241.98	2.972
242.34	2.687
242.71	2.203
243.07	2.398
243.44	2.255
243.80	2.243
244.17	2.410
244.53	2.405
244.90	2.444
245.26	2.369
245.63	2.169
245.99	2.478
246.36	2.816
246.72	2.861
247.09	2.844
247.45	3.078
247.81	3.220
248.18	3.315
248.54	3.374
248.91	3.602
249.27	3.908
249.64	3.843
250.00	3.667
250.36	3.596
250.73	3.514
251.09	3.919
251.46	4.146
251.82	4.214
252.19	4.109
252.55	4.620
252.91	4.113
253.28	4.144
253.64	4.503
254.01	4.650
254.37	4.330
254.73	4.312
255.10	3.787
255.46	3.582
255.83	3.286
256.19	3.155
256.55	3.069
256.92	3.031
257.28	2.975
257.65	2.850
258.01	2.825
258.37	2.892
258.74	2.931
259.10	3.032
259.46	3.014
259.83	2.978
260.19	3.005
260.55	2.821
260.92	2.804
261.28	2.765
261.64	2.826
262.01	2.630
262.37	2.682
262.73	2.523
263.10	2.218
263.46	2.147
263.82	2.599
264.19	2.690
264.55	2.574
264.91	3.076
265.28	2.929
265.64	3.062
266.00	3.288
266.37	3.342
266.73	3.650
267.09	3.754
267.46	3.646
267.82	3.224
268.18	3.148
268.54	3.177
268.91	2.973
269.27	2.673
269.63	2.503
270.00	2.109
270.36	1.980
270.72	1.780
271.08	1.759
271.45	1.764
271.81	1.669
272.17	1.814
272.53	2.081
272.90	2.135
273.26	2.473
273.62	2.330
273.98	2.192
274.35	2.016
274.71	1.982
275.07	2.090
275.43	2.099
275.80	2.218
276.16	2.164
276.52	1.912
276.88	1.832
277.25	1.669
277.61	2.130
277.97	2.643
278.33	2.780
278.69	2.783
279.06	2.616
279.42	2.498
279.78	2.636
280.14	2.451
280.50	2.554
280.87	2.427
281.23	2.534
281.59	2.515
281.95	2.410
282.31	2.264
282.68	2.275
283.04	2.537
283.40	2.729
283.76	2.824
284.12	2.925
284.48	2.987
284.85	3.017
285.21	2.838
285.57	2.520
285.93	2.446
286.29	2.719
286.65	2.918
287.02	2.741
287.38	2.760
287.74	2.639
288.10	2.612
288.46	2.461
288.82	2.529
289.18	2.869
289.54	3.183
289.91	3.391
290.27	3.285
290.63	3.096
290.99	3.230
291.35	3.223
291.71	3.311
292.07	3.543
292.43	3.519
292.79	3.441
293.16	3.368
293.52	3.335
293.88	3.404
294.24	3.420
294.60	3.411
294.96	3.408
295.32	3.428
295.68	3.309
296.04	3.070
296.40	3.188
296.76	3.230
297.12	3.178
297.49	3.181
297.85	3.166
298.21	3.126
298.57	3.442
298.93	3.498
299.29	3.658
299.65	3.989
300.01	4.230
300.37	4.139
300.73	4.270
301.09	4.322
301.45	4.450
301.81	4.411
302.17	4.446
302.53	4.206
302.89	4.354
303.25	4.237
303.61	4.076
303.97	4.118
304.33	4.359
304.69	4.363
305.05	4.554
305.41	4.590
305.77	4.667
306.13	4.872
306.49	4.860
306.85	4.782
307.21	4.880
307.57	4.968
307.93	5.013
308.29	5.058
308.65	5.065
309.01	4.920
309.37	4.910
309.73	4.924
310.09	4.926
310.45	5.177
310.81	5.181
311.17	5.297
311.53	5.356
311.89	5.574
312.25	5.521
312.61	5.637
312.96	5.863
313.32	6.000
313.68	6.060
314.04	6.201
314.40	6.197
314.76	6.318
315.12	6.279
315.48	6.378
315.84	6.163
316.20	6.318
316.56	6.332
316.92	6.306
317.27	6.359
317.63	6.466
317.99	6.349
318.35	6.330
318.71	6.295
319.07	6.381
319.43	6.362
319.79	6.490
320.15	6.465
320.50	6.543
320.86	6.636
321.22	6.624
321.58	6.791
321.94	7.027
322.30	7.075
322.66	7.170
323.01	7.115
323.37	7.201
323.73	7.280
324.09	7.482
324.45	7.638
324.81	7.815
325.17	8.025
325.52	8.139
325.88	8.222
326.24	8.403
326.60	8.628
326.96	8.815
327.31	9.055
327.67	9.238
328.03	9.327
328.39	9.526
328.75	9.629
329.11	9.722
329.46	9.772
329.82	9.771
330.18	9.877
330.54	10.004
330.90	10.251
331.25	10.315
331.61	10.454
331.97	10.607
332.33	10.643
332.68	10.712
333.04	10.766
333.40	10.870
333.76	10.930
334.11	11.011
334.47	11.020
334.83	10.940
335.19	10.940
335.54	10.872
335.90	10.871
336.26	10.880
336.62	10.966
336.97	10.921
337.33	10.971
337.69	11.104
338.05	11.083
338.40	11.107
338.76	11.181
339.12	11.238
339.48	11.198
339.83	11.171
340.19	11.136
340.55	11.012
340.90	11.159
341.26	11.213
341.62	11.129
341.97	11.216
342.33	11.268
342.69	11.239
343.04	11.259
343.40	11.285
343.76	11.357
344.12	11.450
344.47	11.562
344.83	11.571
345.19	11.494
345.54	11.548
345.90	11.464
346.26	11.495
346.61	11.540
346.97	11.484
347.32	11.627
347.68	11.538
348.04	11.535
348.39	11.430
348.75	11.401
349.11	11.385
349.46	11.442
349.82	11.374
350.18	11.290
350.53	11.197
350.89	11.234
351.24	11.196
351.60	11.330
351.96	11.240
352.31	11.380
352.67	11.371
353.02	11.383
353.38	11.374
353.74	11.497
354.09	11.563
354.45	11.672
354.80	11.591
355.16	11.563
355.52	11.550
355.87	11.612
356.23	11.507
356.58	11.440
356.94	11.476
357.29	11.428
357.65	11.411
358.00	11.386
358.36	11.319
358.72	11.421
359.07	11.401
359.43	11.312
359.78	11.314
360.14	11.392
360.49	11.415
360.85	11.420
361.20	11.444
361.56	11.366
361.91	11.396
362.27	11.412
362.62	11.337
362.98	11.408
363.33	11.478
363.69	11.489
364.04	11.431
364.40	11.489
364.75	11.486
365.11	11.492
365.46	11.604
365.82	11.588
366.17	11.618
366.53	11.645
366.88	11.521
367.24	11.460
367.59	11.476
367.95	11.497
368.30	11.460
368.66	11.455
369.01	11.487
369.37	11.462
369.72	11.455
370.08	11.453
370.43	11.497
370.78	11.614
371.14	11.654
371.49	11.640
371.85	11.782
372.20	11.849
372.56	11.852
372.91	11.850
373.26	11.836
373.62	11.846
373.97	11.934
374.33	12.002
374.68	11.973
375.03	12.010
375.39	11.983
375.74	11.905
376.10	11.882
376.45	11.880
376.80	11.916
377.16	12.051
377.51	12.087
377.87	12.050
378.22	12.042
378.57	12.130
378.93	12.181
379.28	12.253
379.63	12.300
379.99	12.367
380.34	12.440
380.70	12.490
381.05	12.491
381.40	12.575
381.76	12.660
382.11	12.694
382.46	12.753
382.82	12.813
383.17	12.880
383.52	12.943
383.88	12.998
384.23	13.016
384.58	13.008
384.94	13.044
385.29	13.055
385.64	13.091
385.99	13.132
386.35	13.125
386.70	13.112
387.05	13.121
387.41	13.090
387.76	13.107
388.11	13.157
388.47	13.234
388.82	13.226
389.17	13.262
389.52	13.242
389.88	13.258
390.23	13.282
390.58	13.283
390.93	13.339
391.29	13.423
391.64	13.435
391.99	13.482
392.34	13.476
392.70	13.483
393.05	13.502
393.40	13.501
393.75	13.519
394.11	13.542
394.46	13.561
394.81	13.566
395.16	13.539
395.52	13.492
395.87	13.459
396.22	13.425
396.57	13.421
396.92	13.395
397.28	13.433
397.63	13.412
397.98	13.366
398.33	13.341
398.68	13.291
399.04	13.268
399.39	13.322
399.74	13.340
400.09	13.338
400.44	13.353
400.80	13.342
401.15	13.309
401.50	13.321
401.85	13.339
402.20	13.367
402.55	13.407
402.90	13.410
403.26	13.392
403.61	13.356
403.96	13.381
404.31	13.394
404.66	13.423
405.01	13.436
405.36	13.416
405.72	13.439
406.07	13.435
406.42	13.404
406.77	13.404
407.12	13.423
407.47	13.436
407.82	13.462
408.17	13.442
408.53	13.433
408.88	13.424
409.23	13.442
409.58	13.420
409.93	13.426
410.28	13.428
410.63	13.426
410.98	13.378
411.33	13.373
411.68	13.318
412.03	13.249
412.38	13.215
412.73	13.157
413.09	13.111
413.44	13.037
413.79	13.006
414.14	12.987
414.49	12.939
414.84	12.919
415.19	12.864
415.54	12.804
415.89	12.804
416.24	12.755
416.59	12.750
416.94	12.696
417.29	12.669
417.64	12.613
417.99	12.565
418.34	12.518
418.69	12.487
419.04	12.454
419.39	12.433
419.74	12.387
420.09	12.336
420.44	12.293
420.79	12.274
421.14	12.264
421.49	12.227
421.84	12.196
422.19	12.166
422.54	12.132
422.89	12.111
423.24	12.098
423.59	12.093
423.94	12.113
424.29	12.108
424.64	12.084
424.99	12.054
425.34	12.075
425.68	12.060
426.03	12.087
426.38	12.075
426.73	12.066
427.08	12.049
427.43	12.039
427.78	12.043
428.13	12.050
428.48	12.054
428.83	12.056
429.18	12.052
429.53	12.065
429.87	12.069
430.22	12.103
430.57	12.118
430.92	12.139
431.27	12.164
431.62	12.157
431.97	12.153
432.32	12.197
432.67	12.203
433.01	12.202
433.36	12.206
433.71	12.198
434.06	12.206
434.41	12.194
434.76	12.198
435.11	12.176
435.45	12.189
435.80	12.195
436.15	12.176
436.50	12.161
436.85	12.159
437.20	12.180
437.54	12.209
437.89	12.196
438.24	12.204
438.59	12.184
438.94	12.159
439.29	12.137
439.63	12.105
439.98	12.074
440.33	12.057
440.68	12.064
441.03	11.993
441.37	11.926
441.72	11.868
442.07	11.831
442.42	11.789
442.76	11.762
443.11	11.720
443.46	11.689
443.81	11.655
444.16	11.620
444.50	11.570
444.85	11.537
445.20	11.496
445.55	11.456
445.89	11.424
446.24	11.389
446.59	11.349
446.94	11.293
447.28	11.249
447.63	11.181
447.98	11.136
448.32	11.071
448.67	11.042
449.02	11.021
449.37	10.979
449.71	10.925
450.06	10.907
450.41	10.883
450.75	10.898
451.10	10.887
451.45	10.897
451.79	10.869
452.14	10.847
452.49	10.837
452.84	10.822
453.18	10.818
453.53	10.820
453.88	10.784
454.22	10.814
454.57	10.794
454.92	10.799
455.26	10.836
455.61	10.892
455.95	10.928
456.30	10.976
456.65	11.015
456.99	11.050
457.34	11.067
457.69	11.125
458.03	11.136
458.38	11.166
458.73	11.201
459.07	11.228
459.42	11.243
459.76	11.264
460.11	11.300
460.46	11.333
460.80	11.384
461.15	11.470
461.49	11.518
461.84	11.575
462.19	11.642
462.53	11.680
462.88	11.721
463.22	11.772
463.57	11.873
463.91	11.919
464.26	11.959
464.61	12.029
464.95	12.054
465.30	12.092
465.64	12.141
465.99	12.207
466.33	12.278
466.68	12.337
467.02	12.380
467.37	12.402
467.71	12.436
468.06	12.480
468.41	12.499
468.75	12.541
469.10	12.578
469.44	12.614
469.79	12.608
470.13	12.621
470.48	12.652
470.82	12.675
471.17	12.688
471.51	12.675
471.86	12.649
472.20	12.663
472.55	12.638
472.89	12.637
473.23	12.598
473.58	12.587
473.92	12.567
474.27	12.522
474.61	12.511
474.96	12.481
475.30	12.440
475.65	12.443
475.99	12.370
476.34	12.356
476.68	12.317
477.02	12.295
477.37	12.264
477.71	12.240
478.06	12.210
478.40	12.188
478.75	12.208
479.09	12.281
479.43	12.330
479.78	12.427
480.12	12.505
480.47	12.576
480.81	12.643
481.15	12.718
481.50	12.793
481.84	12.916
482.19	13.051
482.53	13.148
482.87	13.165
483.22	13.087
483.56	13.027
483.90	13.001
484.25	12.983
484.59	12.969
484.94	12.945
485.28	12.902
485.62	12.803
485.97	12.692
486.31	12.611
486.65	12.619
487.00	12.746
487.34	12.843
487.68	12.889
488.03	12.943
488.37	12.999
488.71	13.054
489.06	13.112
489.40	13.180
489.74	13.255
490.09	13.311
490.43	13.358
490.77	13.412
491.11	13.474
491.46	13.547
491.80	13.617
492.14	13.680
492.49	13.768
492.83	13.884
493.17	14.023
493.51	14.143
493.86	14.314
494.20	14.482
494.54	14.668
494.88	14.843
495.23	15.016
495.57	15.177
495.91	15.354
496.25	15.533
496.60	15.736
496.94	15.911
497.28	16.114
497.62	16.322
497.97	16.544
498.31	16.782
498.65	17.042
498.99	17.304
499.33	17.585
499.68	17.860
500.02	18.127
500.36	18.380
500.70	18.674
501.04	18.964
501.39	19.226
501.73	19.535
502.07	19.824
502.41	20.093
502.75	20.401
503.09	20.726
503.44	21.085
503.78	21.448
504.12	21.805
504.46	22.128
504.80	22.451
505.14	22.842
505.49	23.164
505.83	23.506
506.17	23.831
506.51	24.149
506.85	24.467
507.19	24.755
507.53	25.061
507.87	25.387
508.22	25.712
508.56	26.056
508.90	26.376
509.24	26.676
509.58	26.976
509.92	27.328
510.26	27.658
510.60	27.982
510.94	28.301
511.28	28.640
511.63	28.947
511.97	29.269
512.31	29.598
512.65	29.922
512.99	30.292
513.33	30.654
513.67	30.979
514.01	31.333
514.35	31.639
514.69	31.966
515.03	32.240
515.37	32.525
515.71	32.786
516.05	33.028
516.39	33.216
516.73	33.418
517.07	33.601
517.41	33.796
517.75	33.961
518.09	34.171
518.43	34.360
518.77	34.526
519.11	34.684
519.45	34.871
519.79	35.048
520.13	35.271
520.47	35.480
520.81	35.742
521.15	35.979
521.49	36.222
521.83	36.393
522.17	36.594
522.51	36.827
522.85	37.065
523.19	37.351
523.53	37.667
523.87	37.993
524.21	38.350
524.55	38.637
524.89	38.916
525.23	39.168
525.57	39.450
525.91	39.654
526.25	39.849
526.58	40.035
526.92	40.173
527.26	40.282
527.60	40.382
527.94	40.424
528.28	40.468
528.62	40.485
528.96	40.490
529.30	40.475
529.64	40.482
529.97	40.472
530.31	40.455
530.65	40.461
530.99	40.481
531.33	40.497
531.67	40.520
532.01	40.573
532.35	40.615
532.68	40.679
533.02	40.727
533.36	40.771
533.70	40.794
534.04	40.821
534.38	40.838
534.71	40.870
535.05	40.858
535.39	40.896
535.73	40.921
536.07	40.993
536.41	41.012
536.74	41.068
537.08	41.190
537.42	41.290
537.76	41.407
538.10	41.547
538.43	41.631
538.77	41.755
539.11	41.848
539.45	41.927
539.79	41.976
540.12	42.068
540.46	42.092
540.80	42.093
541.14	42.132
541.47	42.111
541.81	42.083
542.15	42.076
542.49	42.064
542.82	42.044
543.16	41.997
543.50	41.993
543.84	41.964
544.17	41.965
544.51	41.951
544.85	41.913
545.18	41.949
545.52	41.954
545.86	41.970
546.20	41.944
546.53	41.949
546.87	41.991
547.21	41.975
547.54	41.975
547.88	42.012
548.22	42.044
548.55	42.069
548.89	42.113
549.23	42.142
549.56	42.141
549.90	42.181
550.24	42.203
550.57	42.210
550.91	42.246
551.25	42.260
551.58	42.258
551.92	42.262
552.26	42.287
552.59	42.290
552.93	42.292
553.27	42.255
553.60	42.298
553.94	42.308
554.27	42.314
554.61	42.354
554.95	42.375
555.28	42.436
555.62	42.421
555.95	42.379
556.29	42.367
556.63	42.424
556.96	42.513
557.30	42.502
557.63	42.480
557.97	42.478
558.31	42.419
558.64	42.390
558.98	42.331
559.31	42.392
559.65	42.426
559.98	42.413
560.32	42.372
560.65	42.354
560.99	42.306
561.33	42.309
561.66	42.293
562.00	42.331
562.33	42.326
562.67	42.365
563.00	42.357
563.34	42.427
563.67	42.470
564.01	42.472
564.34	42.474
564.68	42.540
565.01	42.560
565.35	42.606
565.68	42.613
566.02	42.632
566.35	42.627
566.69	42.599
567.02	42.516
567.36	42.503
567.69	42.512
568.03	42.505
568.36	42.452
568.69	42.415
569.03	42.347
569.36	42.306
569.70	42.319
570.03	42.261
570.37	42.263
570.70	42.280
571.04	42.235
571.37	42.183
571.70	42.142
572.04	42.147
572.37	42.168
572.71	42.197
573.04	42.250
573.37	42.243
573.71	42.294
574.04	42.279
574.38	42.271
574.71	42.254
575.04	42.264
575.38	42.287
575.71	42.289
576.05	42.296
576.38	42.270
576.71	42.177
577.05	42.128
577.38	42.029
577.71	42.011
578.05	41.964
578.38	41.985
578.71	41.941
579.05	41.923
579.38	41.868
579.71	41.759
580.05	41.707
580.38	41.673
580.71	41.661
581.05	41.694
581.38	41.640
581.71	41.622
582.05	41.577
582.38	41.552
582.71	41.504
583.04	41.463
583.38	41.501
583.71	41.488
584.04	41.471
584.38	41.402
584.71	41.340
585.04	41.331
585.37	41.302
585.71	41.283
586.04	41.292
586.37	41.225
586.70	41.199
587.04	41.150
587.37	41.147
587.70	41.123
588.03	41.146
588.37	41.116
588.70	41.064
589.03	41.043
589.36	41.047
589.69	40.959
590.03	40.977
590.36	40.936
590.69	40.896
591.02	40.867
591.35	40.809
591.69	40.771
592.02	40.749
592.35	40.736
592.68	40.647
593.01	40.564
593.35	40.568
593.68	40.515
594.01	40.512
594.34	40.492
594.67	40.458
595.00	40.463
595.34	40.391
595.67	40.366
596.00	40.287
596.33	40.303
596.66	40.231
596.99	40.214
597.32	40.196
597.65	40.112
597.99	40.054
598.32	39.938
598.65	39.787
598.98	39.755
599.31	39.688
599.64	39.626
599.97	39.505
600.30	39.456
600.63	39.307
600.96	39.227
601.30	39.198
601.63	39.161
601.96	39.193
602.29	39.235
602.62	39.194
602.95	39.144
603.28	39.136
603.61	39.156
603.94	39.142
604.27	39.145
604.60	39.104
604.93	39.037
605.26	38.941
605.59	38.833
605.92	38.731
606.25	38.613
606.58	38.550
606.91	38.497
607.24	38.425
607.57	38.374
607.90	38.354
608.23	38.310
608.56	38.290
608.89	38.323
609.22	38.306
609.55	38.298
609.88	38.340
610.21	38.277
610.54	38.211
610.87	38.147
611.20	38.086
611.53	37.987
611.86	37.933
612.19	37.874
612.52	37.800
612.85	37.712
613.18	37.643
613.51	37.597
613.84	37.606
614.17	37.527
614.49	37.476
614.82	37.368
615.15	37.346
615.48	37.259
615.81	37.179
616.14	37.080
616.47	37.035
616.80	36.976
617.13	36.910
617.46	36.829
617.78	36.857
618.11	36.779
618.44	36.760
618.77	36.638
619.10	36.627
619.43	36.602
619.76	36.575
620.09	36.499
620.41	36.459
620.74	36.395
621.07	36.331
621.40	36.240
621.73	36.179
622.06	36.174
622.38	36.116
622.71	36.063
623.04	35.973
623.37	35.933
623.70	35.866
624.02	35.758
624.35	35.640
624.68	35.609
625.01	35.530
625.34	35.528
625.66	35.467
625.99	35.451
626.32	35.402
626.65	35.351
626.98	35.220
627.30	35.156
627.63	35.110
627.96	35.051
628.29	34.967
628.61	34.871
628.94	34.737
629.27	34.622
629.60	34.561
629.92	34.460
630.25	34.421
630.58	34.402
630.91	34.322
631.23	34.262
631.56	34.206
631.89	34.142
632.21	34.073
632.54	34.045
632.87	33.975
633.19	33.917
633.52	33.850
633.85	33.720
634.18	33.626
634.50	33.535
634.83	33.460
635.16	33.434
635.48	33.308
635.81	33.280
636.14	33.287
636.46	33.246
636.79	33.171
637.11	33.127
637.44	33.119
637.77	33.024
638.09	33.012
638.42	32.949
638.75	32.837
639.07	32.826
639.40	32.764
639.73	32.649
640.05	32.553
640.38	32.449
640.70	32.333
641.03	32.263
641.36	32.230
641.68	32.204
642.01	32.215
642.33	32.196
642.66	32.079
642.98	32.009
643.31	31.954
643.64	31.944
643.96	32.002
644.29	31.990
644.61	31.955
644.94	31.973
645.26	31.952
645.59	31.845
645.91	31.841
646.24	31.828
646.56	31.792
646.89	31.686
647.22	31.629
647.54	31.495
647.87	31.421
648.19	31.321
648.52	31.179
648.84	31.033
649.17	31.006
649.49	30.889
649.82	30.850
650.14	30.761
650.47	30.699
650.79	30.618
651.11	30.518
651.44	30.518
651.76	30.498
652.09	30.467
652.41	30.466
652.74	30.334
653.06	30.289
653.39	30.204
653.71	30.163
654.04	30.075
654.36	30.050
654.68	30.057
655.01	29.936
655.33	29.812
655.66	29.762
655.98	29.681
656.30	29.637
656.63	29.607
656.95	29.614
657.28	29.601
657.60	29.653
657.92	29.561
658.25	29.494
658.57	29.422
658.90	29.475
659.22	29.424
659.54	29.390
659.87	29.394
660.19	29.298
660.51	29.226
660.84	29.164
661.16	29.032
661.48	28.987
661.81	28.935
662.13	28.893
662.45	28.787
662.78	28.678
663.10	28.615
663.42	28.497
663.75	28.472
664.07	28.393
664.39	28.297
664.72	28.222
665.04	28.175
665.36	28.097
665.69	28.052
666.01	28.015
666.33	28.020
666.65	27.996
666.98	27.959
667.30	27.884
667.62	27.798
667.94	27.801
668.27	27.793
668.59	27.738
668.91	27.640
669.23	27.618
669.56	27.532
669.88	27.485
670.20	27.462
670.52	27.404
670.85	27.375
671.17	27.361
671.49	27.263
671.81	27.210
672.13	27.209
672.46	27.251
672.78	27.236
673.10	27.131
673.42	27.122
673.74	27.016
674.07	27.052
674.39	27.019
674.71	26.899
675.03	26.848
675.35	26.799
675.67	26.695
676.00	26.610
676.32	26.589
676.64	26.637
676.96	26.643
677.28	26.567
677.60	26.515
677.92	26.473
678.25	26.522
678.57	26.497
678.89	26.501
679.21	26.476
679.53	26.479
679.85	26.361
680.17	26.335
680.49	26.287
680.81	26.320
681.13	26.285
681.46	26.238
681.78	26.194
682.10	26.266
682.42	26.216
682.74	26.206
683.06	26.140
683.38	26.109
683.70	26.084
684.02	25.924
684.34	25.874
684.66	25.890
684.98	25.882
685.30	25.879
685.62	25.721
685.94	25.729
686.26	25.729
686.58	25.788
686.90	25.866
687.22	25.769
687.54	25.786
687.86	25.805
688.18	25.745
688.50	25.699
688.82	25.651
689.14	25.723
689.46	25.632
689.78	25.497
690.10	25.475
690.42	25.371
690.74	25.340
691.06	25.387
691.38	25.295
691.70	25.178
692.02	25.128
692.34	25.040
692.66	24.943
692.98	24.932
693.30	24.887
693.62	24.736
693.94	24.757
694.26	24.770
694.57	24.681
694.89	24.682
695.21	24.712
695.53	24.768
695.85	24.744
696.17	24.789
696.49	24.764
696.81	24.770
697.13	24.763
697.44	24.778
697.76	24.770
698.08	24.743
698.40	24.735
698.72	24.695
699.04	24.594
699.36	24.645
699.67	24.505
699.99	24.473
700.31	24.485
700.63	24.433
700.95	24.293
701.27	24.259
701.58	24.323
701.90	24.291
702.22	24.300
702.54	24.303
702.86	24.232
703.17	24.239
703.49	24.223
703.81	24.159
704.13	24.013
704.45	24.011
704.76	23.925
705.08	23.815
705.40	23.652
705.72	23.522
706.03	23.438
706.35	23.353
706.67	23.303
706.99	23.213
707.30	23.155
707.62	23.220
707.94	23.224
708.26	23.117
708.57	23.050
708.89	23.091
709.21	23.054
709.53	23.122
709.84	23.180
710.16	23.110
710.48	23.042
710.79	23.001
711.11	23.042
711.43	23.013
711.74	23.010
712.06	23.066
712.38	23.180
712.69	23.239
713.01	23.085
713.33	23.027
713.64	23.024
713.96	23.123
714.28	23.249
714.59	23.298
714.91	23.272
715.23	23.353
715.54	23.302
715.86	23.218
716.17	23.262
716.49	23.332
716.81	23.314
717.12	23.363
717.44	23.393
717.76	23.450
718.07	23.360
718.39	23.483
718.70	23.412
719.02	23.378
719.33	23.329
719.65	23.252
719.97	23.229
720.28	23.148
720.60	23.126
720.91	22.870
721.23	22.706
721.54	22.652
721.86	22.475
722.17	22.559
722.49	22.640
722.81	22.656
723.12	22.667
723.44	22.688
723.75	22.669
724.07	22.685
724.38	22.712
724.70	22.673
725.01	22.713
725.33	22.676
725.64	22.683
725.96	22.574
726.27	22.479
726.59	22.341
726.90	22.308
727.22	22.346
727.53	22.349
727.84	22.460
728.16	22.447
728.47	22.331
728.79	22.238
729.10	22.099
729.42	22.118
729.73	22.135
730.05	22.085
730.36	22.106
730.67	21.957
730.99	21.748
731.30	21.637
731.62	21.568
731.93	21.637
732.24	21.696
732.56	21.836
732.87	21.816
733.19	21.726
733.50	21.825
733.81	21.725
734.13	21.847
734.44	21.846
734.76	21.831
735.07	21.773
735.38	21.537
735.70	21.387
736.01	21.293
736.32	21.245
736.64	21.303
736.95	21.178
737.26	21.092
737.58	20.953
737.89	21.036
738.20	20.964
738.52	21.030
738.83	21.158
739.14	21.139
739.45	21.032
739.77	20.914
740.08	20.784
740.39	20.887
740.71	20.861
741.02	20.828
741.33	20.592
741.64	20.487
741.96	20.340
742.27	20.188
742.58	20.340
742.90	20.210
743.21	20.233
743.52	20.279
743.83	20.243
744.14	20.200
744.46	20.170
744.77	20.237
745.08	20.179
745.39	20.281
745.71	20.232
746.02	20.008
746.33	20.073
746.64	19.905
746.95	19.886
747.27	19.698
747.58	19.593
747.89	19.417
748.20	19.387
748.51	19.351
748.82	19.200
749.14	19.327
749.45	19.330
749.76	19.223
750.07	19.193
750.38	19.027
750.69	18.952
751.01	19.152
751.32	19.316
751.63	19.328
751.94	19.443
752.25	19.359
752.56	19.346
752.87	19.272
753.18	19.164
753.49	19.100
753.81	19.252
754.12	19.328
754.43	19.180
754.74	19.281
755.05	19.406
755.36	19.443
755.67	19.544
755.98	19.517
756.29	19.511
756.60	19.789
756.91	20.065
757.22	20.164
757.53	20.217
757.84	20.372
758.15	20.537
758.46	20.736
758.77	20.702
759.09	20.845
759.40	20.775
759.71	21.103
760.02	21.211
760.33	21.227
760.64	21.199
760.95	21.245
761.26	21.131
761.57	20.963
761.88	20.863
762.18	20.909
762.49	20.761
762.80	20.900
763.11	20.634
763.42	20.586
763.73	20.464
764.04	20.332
764.35	20.246
764.66	20.154
764.97	20.087
765.28	19.977
765.59	19.822
765.90	19.852
766.21	19.639
766.52	19.763
766.83	19.366
767.14	19.254
767.44	19.079
767.75	18.821
768.06	18.829
768.37	18.520
768.68	18.269
768.99	18.086
769.30	18.052
769.61	17.979
769.91	17.646
770.22	17.772
770.53	17.953
770.84	17.942
771.15	17.937
771.46	17.876
771.77	17.976
772.07	18.047
772.38	18.108
772.69	17.849
773.00	17.996
773.31	18.262
773.61	18.182
773.92	17.722
774.23	17.677
774.54	17.700
774.85	17.896
775.15	18.024
775.46	18.038
775.77	18.118
776.08	18.562
776.39	18.494
776.69	18.284
777.00	18.129
777.31	18.374
777.62	18.679
777.92	18.769
778.23	18.534
778.54	18.724
778.85	18.542
779.15	18.550
779.46	18.029
779.77	17.798
780.07	18.154
780.38	18.111
780.69	18.414
781.00	18.028
781.30	17.986
781.61	17.989
781.92	17.879
782.22	18.168
782.53	18.000
782.84	18.074
783.14	18.384
783.45	18.073
783.76	18.152
784.06	17.997
784.37	18.318
784.68	18.282
784.98	18.214
785.29	18.060
785.60	17.981
785.90	18.014
786.21	18.102
786.51	17.877
786.82	17.889
787.13	17.880
787.43	17.987
787.74	17.855
788.04	17.941
788.35	17.869
788.66	17.729
788.96	17.644
789.27	17.839
789.57	17.805
789.88	18.119
790.19	17.898
790.49	18.184
790.80	17.764
791.10	17.852
791.41	17.730
791.71	17.758
792.02	17.738
792.32	17.566
792.63	17.299
792.93	17.316
793.24	16.916
793.54	17.236
793.85	16.726
794.15	16.835
794.46	16.945
794.76	17.054
795.07	17.383
795.37	17.579
795.68	17.990
795.98	18.274
796.29	18.325
796.59	18.715
796.90	18.413
797.20	18.804
797.51	18.797
797.81	18.626
798.12	18.592
798.42	18.402
798.72	18.318
799.03	18.196
799.33	17.953
799.64	17.760
799.94	17.361
800.25	17.530
800.55	17.386
800.85	17.408
801.16	17.375
801.46	17.345
801.77	17.370
802.07	17.605
802.37	17.438
802.68	17.526
802.98	17.568
803.28	17.733
803.59	17.680
803.89	17.906
804.20	17.828
804.50	17.701
804.80	17.607
805.11	17.289
805.41	17.032
805.71	17.204
806.02	17.442
806.32	17.679
806.62	17.492
806.93	17.587
807.23	17.192
807.53	17.495
807.83	17.788
808.14	18.092
808.44	18.731
808.74	19.045
809.05	19.176
809.35	18.516
809.65	18.400
809.95	18.367
810.26	18.110
810.56	18.130
810.86	17.938
811.16	17.724
811.47	17.944
811.77	17.799
812.07	17.614
812.37	17.479
812.68	17.755
812.98	17.993
813.28	18.005
813.58	18.367
813.88	18.316
814.19	18.657
814.49	18.843
814.79	18.349
815.09	18.175
815.39	17.955
815.70	18.011
816.00	18.597
816.30	18.214
816.60	18.924
816.90	18.947
817.20	19.323
817.50	19.086
817.81	18.998
818.11	19.008
818.41	19.067
818.71	19.253
819.01	19.263
819.31	19.272
819.61	19.292
819.92	19.165
820.22	19.234
820.52	19.244
820.82	19.256
821.12	19.332
821.42	19.401
821.72	19.485
822.02	19.470
822.32	19.556
822.62	19.525
822.92	19.512
823.22	19.552
823.52	19.540
823.83	19.474
824.13	19.508
824.43	19.598
824.73	19.693
825.03	19.631
825.33	19.715
825.63	19.551
825.93	19.581
826.23	19.645
826.53	19.627
826.83	19.537
827.13	19.649
827.43	19.782
827.73	19.588
828.03	19.579
828.33	19.453
828.63	19.250
828.93	19.225
829.23	19.128
829.53	19.148
829.83	19.170
830.13	19.179
830.42	18.853
830.72	18.689
831.02	18.436
831.32	18.172
831.62	18.153
831.92	18.385
832.22	18.485
832.52	18.634
832.82	18.741
833.12	18.620
833.42	18.841
833.72	18.997
834.01	18.975
834.31	19.044
834.61	19.033
834.91	19.223
835.21	19.060
835.51	18.799
835.81	18.416
836.11	18.148
836.40	17.879
836.70	17.502
837.00	16.983
837.30	16.597
837.60	16.423
837.90	15.705
838.19	15.484
838.49	15.737
838.79	16.083
839.09	16.125
839.39	15.781
839.68	15.752
839.98	15.492
840.28	16.137
840.58	16.800
840.88	16.803
841.17	17.342
841.47	17.250
841.77	16.945
842.07	16.311
842.36	15.392
842.66	15.968
842.96	16.556
843.26	17.222
843.55	17.043
843.85	14.773
844.15	15.126
844.45	14.757
844.74	14.795
845.04	14.746
845.34	15.340
845.63	15.370
845.93	15.863
846.23	15.159
846.53	13.504
846.82	13.775
847.12	14.842
847.42	14.266
847.71	14.004
848.01	12.480
848.31	11.346
848.60	11.201
848.90	13.787
849.19	12.877
849.49	13.097
849.79	14.478
850.08	13.670
850.38	13.955
850.68	14.659
850.97	15.450
851.27	17.425
851.56	18.749
851.86	17.997
852.16	16.866
852.45	18.168
852.75	18.251
853.04	19.462
853.34	19.883
853.64	20.783
853.93	20.662
854.23	19.960
854.52	19.001
854.82	18.380
855.11	19.290
855.41	19.694
855.70	17.304
856.00	16.995
856.30	15.557
856.59	15.460
856.89	12.376
857.18	10.452
857.48	10.217
857.77	10.428
858.07	10.437
858.36	9.440
858.66	7.866
858.95	9.337
859.25	8.390
859.54	7.420
859.84	8.197
860.13	9.737
860.42	11.426
860.72	12.422
861.01	11.453
861.31	9.898
861.60	10.022
861.90	10.139
862.19	11.059
862.49	11.571
862.78	10.625
863.07	9.730
863.37	10.673
863.66	9.607
863.96	8.017
864.25	9.987
864.54	12.453
864.84	14.909
865.13	15.084
865.43	15.060
865.72	21.804
866.01	27.921
866.31	33.293
866.60	10.171
866.89	28.015
>>>>>End Spectral Data<<<<<
