180.30	0.000
180.67	0.000
181.03	645.205
181.40	63.920
181.77	-404.301
182.14	131.408
182.51	-42.443
182.88	1487.228
183.25	557.437
183.62	89.328
183.99	49.073
184.36	-52.498
184.73	29.116
185.10	110.868
185.46	74.883
185.83	52.514
186.20	152.017
186.57	181.096
186.94	-126.345
187.31	94.009
187.68	539.928
188.05	37.664
188.42	27.082
188.78	40.682
189.15	38.645
189.52	28.941
189.89	37.943
190.26	42.248
190.63	39.181
191.00	57.155
191.37	56.651
191.73	65.219
192.10	61.151
192.47	61.233
192.84	51.174
193.21	64.097
193.58	57.861
193.94	51.895
194.31	43.377
194.68	50.668
195.05	34.957
195.42	37.687
195.79	26.162
196.15	15.746
196.52	23.425
196.89	28.891
197.26	23.694
197.63	6.733
198.00	24.586
198.36	27.155
198.73	15.375
199.10	14.053
199.47	11.486
199.84	6.627
200.20	18.678
200.57	11.444
200.94	19.752
201.31	17.458
201.68	29.496
202.04	28.865
202.41	26.963
202.78	34.707
203.15	40.742
203.51	35.497
203.88	52.224
204.25	52.505
204.62	61.613
204.98	67.317
205.35	79.945
205.72	93.390
206.09	81.889
206.46	85.183
206.82	73.330
207.19	91.506
207.56	105.547
207.92	79.886
208.29	74.690
208.66	66.314
209.03	29.048
209.39	20.647
209.76	-44.652
210.13	-19.190
210.50	-14.830
210.86	-21.435
211.23	-42.291
211.60	-32.199
211.96	-33.154
212.33	-12.031
212.70	-43.930
213.07	-1.726
213.43	20.767
213.80	42.572
214.17	34.665
214.53	42.367
214.90	43.134
215.27	32.602
215.63	23.175
216.00	30.096
216.37	27.221
216.74	39.863
217.10	25.270
217.47	11.108
217.84	12.184
218.20	19.876
218.57	16.952
218.94	24.521
219.30	35.415
219.67	40.869
220.04	39.440
220.40	40.122
220.77	42.489
221.13	50.180
221.50	52.354
221.87	45.107
222.23	33.595
222.60	32.443
222.97	31.294
223.33	21.979
223.70	21.478
224.07	21.018
224.43	16.502
224.80	15.790
225.16	14.591
225.53	13.517
225.90	15.087
226.26	14.401
226.63	14.046
226.99	11.714
227.36	11.864
227.73	11.616
228.09	12.257
228.46	12.700
228.82	11.372
229.19	11.755
229.56	11.157
229.92	10.464
230.29	11.150
230.65	12.773
231.02	14.357
231.38	11.949
231.75	9.927
232.12	7.557
232.48	9.292
232.85	9.350
233.21	7.398
233.58	10.057
233.94	11.323
234.31	10.576
234.68	8.098
235.04	6.543
235.41	8.772
235.77	11.517
236.14	13.523
236.50	12.011
236.87	12.079
237.23	13.495
237.60	11.564
237.96	10.535
238.33	9.108
238.69	8.965
239.06	8.867
239.42	8.496
239.79	6.870
240.15	5.762
240.52	5.187
240.88	5.455
241.25	5.087
241.61	5.061
241.98	5.088
242.34	5.561
242.71	6.072
243.07	6.267
243.44	6.325
243.80	6.674
244.17	6.613
244.53	6.313
244.90	6.168
245.26	6.238
245.63	6.278
245.99	6.193
246.36	6.195
246.72	6.124
247.09	5.762
247.45	5.300
247.81	5.116
248.18	4.937
248.54	5.236
248.91	5.187
249.27	5.184
249.64	5.172
250.00	5.127
250.36	4.983
250.73	4.896
251.09	5.299
251.46	6.458
251.82	6.887
252.19	7.100
252.55	7.295
252.91	7.562
253.28	7.137
253.64	6.971
254.01	6.784
254.37	6.239
254.73	6.123
255.10	5.429
255.46	4.970
255.83	4.661
256.19	5.161
256.55	5.207
256.92	5.322
257.28	5.019
257.65	5.199
258.01	5.325
258.37	5.429
258.74	5.185
259.10	5.150
259.46	5.154
259.83	5.318
260.19	5.198
260.55	5.198
260.92	4.766
261.28	5.266
261.64	5.143
262.01	5.307
262.37	5.616
262.73	6.137
263.10	6.527
263.46	6.613
263.82	6.546
264.19	6.503
264.55	6.199
264.91	6.440
265.28	5.797
265.64	5.720
266.00	5.647
266.37	5.209
266.73	5.021
267.09	4.879
267.46	4.898
267.82	4.836
268.18	4.760
268.54	4.616
268.91	4.460
269.27	4.889
269.63	4.737
270.00	4.761
270.36	4.932
270.72	4.719
271.08	4.612
271.45	4.400
271.81	4.300
272.17	4.368
272.53	4.631
272.90	4.751
273.26	4.536
273.62	4.589
273.98	4.134
274.35	4.102
274.71	4.201
275.07	4.557
275.43	4.439
275.80	4.656
276.16	4.734
276.52	4.739
276.88	4.679
277.25	4.895
277.61	4.799
277.97	4.827
278.33	4.789
278.69	4.619
279.06	4.163
279.42	4.081
279.78	3.853
280.14	3.751
280.50	3.546
280.87	3.690
281.23	3.855
281.59	3.995
281.95	4.022
282.31	3.979
282.68	4.230
283.04	4.556
283.40	4.781
283.76	4.922
284.12	4.849
284.48	5.024
284.85	4.876
285.21	4.778
285.57	4.804
285.93	4.813
286.29	5.073
286.65	4.895
287.02	4.642
287.38	4.559
287.74	4.350
288.10	4.639
288.46	4.566
288.82	4.715
289.18	4.682
289.54	4.793
289.91	4.860
290.27	4.556
290.63	4.687
290.99	4.961
291.35	5.037
291.71	5.398
292.07	5.249
292.43	5.331
292.79	5.375
293.16	5.223
293.52	4.934
293.88	4.866
294.24	4.938
294.60	4.918
294.96	4.808
295.32	4.923
295.68	4.910
296.04	4.850
296.40	4.793
296.76	4.751
297.12	4.820
297.49	4.996
297.85	4.976
298.21	5.078
298.57	5.171
298.93	5.306
299.29	5.324
299.65	5.156
300.01	5.235
300.37	5.253
300.73	5.170
301.09	4.946
301.45	4.909
301.81	5.026
302.17	5.105
302.53	5.126
302.89	4.895
303.25	4.786
303.61	4.742
303.97	4.878
304.33	5.039
304.69	5.131
305.05	5.259
305.41	5.264
305.77	5.247
306.13	5.169
306.49	4.989
306.85	5.139
307.21	5.146
307.57	5.254
307.93	5.062
308.29	4.991
308.65	5.045
309.01	5.293
309.37	5.304
309.73	5.317
310.09	5.258
310.45	5.382
310.81	5.518
311.17	5.555
311.53	5.530
311.89	5.527
312.25	5.636
312.61	5.613
312.96	5.415
313.32	5.395
313.68	5.383
314.04	5.409
314.40	5.451
314.76	5.336
315.12	5.208
315.48	5.312
315.84	5.463
316.20	5.357
316.56	5.345
316.92	5.385
317.27	5.335
317.63	5.298
317.99	5.276
318.35	5.180
318.71	5.058
319.07	5.137
319.43	5.027
319.79	5.121
320.15	4.943
320.50	4.945
320.86	4.847
321.22	4.918
321.58	4.979
321.94	5.009
322.30	5.083
322.66	5.218
323.01	5.181
323.37	5.168
323.73	4.978
324.09	5.093
324.45	5.089
324.81	5.108
325.17	5.018
325.52	4.994
325.88	4.943
326.24	4.789
326.60	4.753
326.96	4.776
327.31	4.794
327.67	4.750
328.03	4.736
328.39	4.681
328.75	4.637
329.11	4.703
329.46	4.712
329.82	4.882
330.18	4.943
330.54	4.887
330.90	4.991
331.25	4.793
331.61	4.810
331.97	4.867
332.33	4.965
332.68	5.161
333.04	5.232
333.40	5.270
333.76	5.196
334.11	5.249
334.47	5.252
334.83	5.034
335.19	5.094
335.54	5.153
335.90	4.962
336.26	4.979
336.62	4.812
336.97	4.822
337.33	4.764
337.69	4.718
338.05	4.709
338.40	4.748
338.76	4.848
339.12	4.858
339.48	4.722
339.83	4.707
340.19	4.464
340.55	4.455
340.90	4.373
341.26	4.392
341.62	4.344
341.97	4.186
342.33	4.138
342.69	4.190
343.04	4.299
343.40	4.410
343.76	4.497
344.12	4.507
344.47	4.528
344.83	4.470
345.19	4.353
345.54	4.309
345.90	4.378
346.26	4.361
346.61	4.298
346.97	4.212
347.32	4.144
347.68	4.213
348.04	4.355
348.39	4.364
348.75	4.416
349.11	4.501
349.46	4.577
349.82	4.634
350.18	4.589
350.53	4.538
350.89	4.507
351.24	4.525
351.60	4.478
351.96	4.379
352.31	4.311
352.67	4.266
353.02	4.271
353.38	4.183
353.74	4.025
354.09	4.062
354.45	4.055
354.80	4.040
355.16	3.985
355.52	3.976
355.87	3.980
356.23	3.981
356.58	3.967
356.94	3.925
357.29	3.959
357.65	4.070
358.00	3.964
358.36	3.950
358.72	3.974
359.07	3.966
359.43	3.889
359.78	3.866
360.14	3.853
360.49	3.832
360.85	3.825
361.20	3.809
361.56	3.785
361.91	3.869
362.27	3.903
362.62	3.898
362.98	3.930
363.33	3.949
363.69	3.954
364.04	3.931
364.40	3.915
364.75	3.911
365.11	3.862
365.46	3.850
365.82	3.785
366.17	3.781
366.53	3.737
366.88	3.678
367.24	3.675
367.59	3.635
367.95	3.663
368.30	3.682
368.66	3.688
369.01	3.736
369.37	3.768
369.72	3.817
370.08	3.764
370.43	3.789
370.78	3.793
371.14	3.834
371.49	3.862
371.85	3.827
372.20	3.789
372.56	3.779
372.91	3.769
373.26	3.734
373.62	3.707
373.97	3.701
374.33	3.672
374.68	3.674
375.03	3.616
375.39	3.571
375.74	3.608
376.10	3.583
376.45	3.546
376.80	3.476
377.16	3.406
377.51	3.421
377.87	3.457
378.22	3.450
378.57	3.449
378.93	3.475
379.28	3.507
379.63	3.463
379.99	3.469
380.34	3.462
380.70	3.498
381.05	3.519
381.40	3.521
381.76	3.513
382.11	3.522
382.46	3.538
382.82	3.480
383.17	3.420
383.52	3.450
383.88	3.473
384.23	3.498
384.58	3.535
384.94	3.551
385.29	3.508
385.64	3.499
385.99	3.502
386.35	3.492
386.70	3.542
387.05	3.598
387.41	3.558
387.76	3.562
388.11	3.535
388.47	3.502
388.82	3.498
389.17	3.524
389.52	3.502
389.88	3.513
390.23	3.495
390.58	3.449
390.93	3.408
391.29	3.418
391.64	3.440
391.99	3.419
392.34	3.431
392.70	3.398
393.05	3.360
393.40	3.373
393.75	3.343
394.11	3.299
394.46	3.309
394.81	3.310
395.16	3.314
395.52	3.288
395.87	3.336
396.22	3.321
396.57	3.312
396.92	3.307
397.28	3.252
397.63	3.236
397.98	3.261
398.33	3.252
398.68	3.318
399.04	3.284
399.39	3.309
399.74	3.300
400.09	3.292
400.44	3.327
400.80	3.329
401.15	3.386
401.50	3.373
401.85	3.409
402.20	3.420
402.55	3.379
402.90	3.389
403.26	3.362
403.61	3.327
403.96	3.318
404.31	3.300
404.66	3.277
405.01	3.264
405.36	3.263
405.72	3.214
406.07	3.223
406.42	3.199
406.77	3.175
407.12	3.157
407.47	3.154
407.82	3.124
408.17	3.126
408.53	3.133
408.88	3.134
409.23	3.170
409.58	3.167
409.93	3.131
410.28	3.140
410.63	3.171
410.98	3.173
411.33	3.199
411.68	3.207
412.03	3.211
412.38	3.261
412.73	3.261
413.09	3.230
413.44	3.248
413.79	3.250
414.14	3.254
414.49	3.216
414.84	3.236
415.19	3.206
415.54	3.222
415.89	3.219
416.24	3.180
416.59	3.144
416.94	3.135
417.29	3.125
417.64	3.138
417.99	3.127
418.34	3.145
418.69	3.125
419.04	3.133
419.39	3.120
419.74	3.112
420.09	3.111
420.44	3.121
420.79	3.116
421.14	3.122
421.49	3.096
421.84	3.091
422.19	3.082
422.54	3.076
422.89	3.074
423.24	3.078
423.59	3.072
423.94	3.067
424.29	3.085
424.64	3.104
424.99	3.095
425.34	3.107
425.68	3.107
426.03	3.108
426.38	3.108
426.73	3.082
427.08	3.089
427.43	3.104
427.78	3.125
428.13	3.111
428.48	3.104
428.83	3.098
429.18	3.095
429.53	3.087
429.87	3.085
430.22	3.082
430.57	3.095
430.92	3.071
431.27	3.055
431.62	3.033
431.97	3.008
432.32	2.996
432.67	2.981
433.01	2.972
433.36	2.971
433.71	2.977
434.06	2.971
434.41	2.981
434.76	2.998
435.11	3.009
435.45	3.019
435.80	3.037
436.15	3.056
436.50	3.068
436.85	3.089
437.20	3.103
437.54	3.110
437.89	3.119
438.24	3.112
438.59	3.114
438.94	3.085
439.29	3.078
439.63	3.088
439.98	3.066
440.33	3.065
440.68	3.054
441.03	3.050
441.37	3.033
441.72	3.034
442.07	3.038
442.42	3.044
442.76	3.065
443.11	3.048
443.46	3.019
443.81	3.034
444.16	3.047
444.50	3.045
444.85	3.027
445.20	3.039
445.55	3.050
445.89	3.046
446.24	3.028
446.59	3.021
446.94	3.051
447.28	3.060
447.63	3.056
447.98	3.044
448.32	3.052
448.67	3.073
449.02	3.070
449.37	3.061
449.71	3.070
450.06	3.081
450.41	3.072
450.75	3.058
451.10	3.070
451.45	3.057
451.79	3.056
452.14	3.039
452.49	3.029
452.84	3.050
453.18	3.028
453.53	3.015
453.88	3.017
454.22	3.003
454.57	3.007
454.92	3.013
455.26	3.021
455.61	3.021
455.95	3.033
456.30	3.049
456.65	3.026
456.99	3.033
457.34	3.054
457.69	3.051
458.03	3.069
458.38	3.060
458.73	3.031
459.07	3.026
459.42	3.005
459.76	2.988
460.11	2.966
460.46	2.967
460.80	2.974
461.15	2.946
461.49	2.929
461.84	2.933
462.19	2.935
462.53	2.950
462.88	2.974
463.22	3.002
463.57	3.018
463.91	3.027
464.26	3.028
464.61	2.996
464.95	2.990
465.30	2.975
465.64	2.971
465.99	2.997
466.33	3.000
466.68	2.981
467.02	2.964
467.37	2.950
467.71	2.950
468.06	2.931
468.41	2.945
468.75	2.973
469.10	2.989
469.44	2.958
469.79	2.934
470.13	2.933
470.48	2.943
470.82	2.963
471.17	2.970
471.51	2.940
471.86	2.947
472.20	2.954
472.55	2.923
472.89	2.942
473.23	2.975
473.58	2.950
473.92	2.955
474.27	2.923
474.61	2.913
474.96	2.904
475.30	2.939
475.65	2.925
475.99	2.907
476.34	2.898
476.68	2.880
477.02	2.858
477.37	2.869
477.71	2.859
478.06	2.877
478.40	2.901
478.75	2.929
479.09	2.938
479.43	2.980
479.78	3.008
480.12	3.024
480.47	3.036
480.81	3.057
481.15	3.067
481.50	3.077
481.84	3.088
482.19	3.090
482.53	3.101
482.87	3.102
483.22	3.092
483.56	3.084
483.90	3.079
484.25	3.076
484.59	3.069
484.94	3.068
485.28	3.053
485.62	3.035
485.97	3.019
486.31	3.001
486.65	2.991
487.00	2.987
487.34	2.989
487.68	2.992
488.03	2.986
488.37	2.974
488.71	2.961
489.06	2.974
489.40	2.989
489.74	2.991
490.09	2.981
490.43	2.982
490.77	2.963
491.11	2.944
491.46	2.936
491.80	2.925
492.14	2.920
492.49	2.922
492.83	2.899
493.17	2.878
493.51	2.865
493.86	2.857
494.20	2.843
494.54	2.853
494.88	2.855
495.23	2.857
495.57	2.863
495.91	2.858
496.25	2.852
496.60	2.841
496.94	2.836
497.28	2.831
497.62	2.829
497.97	2.823
498.31	2.827
498.65	2.838
498.99	2.847
499.33	2.838
499.68	2.858
500.02	2.864
500.36	2.884
500.70	2.895
501.04	2.899
501.39	2.907
501.73	2.908
502.07	2.922
502.41	2.908
502.75	2.898
503.09	2.910
503.44	2.903
503.78	2.888
504.12	2.881
504.46	2.881
504.80	2.901
505.14	2.899
505.49	2.931
505.83	2.925
506.17	2.935
506.51	2.909
506.85	2.915
507.19	2.918
507.53	2.924
507.87	2.929
508.22	2.924
508.56	2.909
508.90	2.904
509.24	2.890
509.58	2.882
509.92	2.873
510.26	2.890
510.60	2.872
510.94	2.858
511.28	2.874
511.63	2.871
511.97	2.889
512.31	2.885
512.65	2.887
512.99	2.868
513.33	2.860
513.67	2.872
514.01	2.879
514.35	2.910
514.69	2.916
515.03	2.898
515.37	2.892
515.71	2.880
516.05	2.877
516.39	2.873
516.73	2.869
517.07	2.877
517.41	2.874
517.75	2.878
518.09	2.863
518.43	2.872
518.77	2.877
519.11	2.882
519.45	2.885
519.79	2.894
520.13	2.885
520.47	2.900
520.81	2.914
521.15	2.898
521.49	2.890
521.83	2.886
522.17	2.881
522.51	2.877
522.85	2.874
523.19	2.880
523.53	2.886
523.87	2.917
524.21	2.937
524.55	2.941
524.89	2.962
525.23	2.970
525.57	2.975
525.91	2.981
526.25	2.988
526.58	2.989
526.92	2.985
527.26	2.985
527.60	2.970
527.94	2.958
528.28	2.942
528.62	2.931
528.96	2.912
529.30	2.903
529.64	2.891
529.97	2.883
530.31	2.879
530.65	2.872
530.99	2.856
531.33	2.854
531.67	2.848
532.01	2.848
532.35	2.845
532.68	2.857
533.02	2.841
533.36	2.833
533.70	2.837
534.04	2.828
534.38	2.831
534.71	2.839
535.05	2.833
535.39	2.835
535.73	2.835
536.07	2.839
536.41	2.842
536.74	2.877
537.08	2.890
537.42	2.876
537.76	2.882
538.10	2.875
538.43	2.882
538.77	2.893
539.11	2.911
539.45	2.912
539.79	2.904
540.12	2.888
540.46	2.875
540.80	2.870
541.14	2.859
541.47	2.865
541.81	2.863
542.15	2.858
542.49	2.848
542.82	2.825
543.16	2.823
543.50	2.819
543.84	2.826
544.17	2.817
544.51	2.813
544.85	2.832
545.18	2.815
545.52	2.820
545.86	2.805
546.20	2.797
546.53	2.787
546.87	2.766
547.21	2.758
547.54	2.767
547.88	2.777
548.22	2.776
548.55	2.772
548.89	2.784
549.23	2.785
549.56	2.785
549.90	2.791
550.24	2.790
550.57	2.820
550.91	2.828
551.25	2.836
551.58	2.828
551.92	2.822
552.26	2.808
552.59	2.807
552.93	2.826
553.27	2.823
553.60	2.840
553.94	2.860
554.27	2.843
554.61	2.847
554.95	2.850
555.28	2.856
555.62	2.865
555.95	2.883
556.29	2.895
556.63	2.858
556.96	2.874
557.30	2.846
557.63	2.840
557.97	2.838
558.31	2.829
558.64	2.799
558.98	2.809
559.31	2.811
559.65	2.818
559.98	2.795
560.32	2.788
560.65	2.788
560.99	2.808
561.33	2.813
561.66	2.845
562.00	2.857
562.33	2.855
562.67	2.852
563.00	2.831
563.34	2.811
563.67	2.809
564.01	2.833
564.34	2.825
564.68	2.817
565.01	2.811
565.35	2.778
565.68	2.783
566.02	2.783
566.35	2.774
566.69	2.797
567.02	2.807
567.36	2.825
567.69	2.819
568.03	2.819
568.36	2.808
568.69	2.792
569.03	2.802
569.36	2.787
569.70	2.811
570.03	2.802
570.37	2.792
570.70	2.796
571.04	2.792
571.37	2.786
571.70	2.809
572.04	2.812
572.37	2.823
572.71	2.812
573.04	2.806
573.37	2.782
573.71	2.794
574.04	2.798
574.38	2.788
574.71	2.806
575.04	2.808
575.38	2.761
575.71	2.781
576.05	2.769
576.38	2.768
576.71	2.798
577.05	2.819
577.38	2.831
577.71	2.835
578.05	2.853
578.38	2.824
578.71	2.815
579.05	2.853
579.38	2.861
579.71	2.884
580.05	2.894
580.38	2.842
580.71	2.817
581.05	2.815
581.38	2.779
581.71	2.752
582.05	2.755
582.38	2.766
582.71	2.754
583.04	2.749
583.38	2.741
583.71	2.752
584.04	2.793
584.38	2.816
584.71	2.809
585.04	2.828
585.37	2.819
585.71	2.817
586.04	2.801
586.37	2.817
586.70	2.800
587.04	2.803
587.37	2.775
587.70	2.776
588.03	2.783
588.37	2.762
588.70	2.779
589.03	2.803
589.36	2.805
589.69	2.833
590.03	2.809
590.36	2.831
590.69	2.839
591.02	2.855
591.35	2.837
591.69	2.845
592.02	2.858
592.35	2.849
592.68	2.872
593.01	2.922
593.35	2.908
593.68	2.921
594.01	2.898
594.34	2.887
594.67	2.892
595.00	2.891
595.34	2.871
595.67	2.890
596.00	2.893
596.33	2.874
596.66	2.820
596.99	2.833
597.32	2.829
597.65	2.839
597.99	2.824
598.32	2.823
598.65	2.818
598.98	2.811
599.31	2.789
599.64	2.770
599.97	2.780
600.30	2.805
600.63	2.807
600.96	2.811
601.30	2.801
601.63	2.827
601.96	2.825
602.29	2.838
602.62	2.842
602.95	2.842
603.28	2.853
603.61	2.827
603.94	2.819
604.27	2.827
604.60	2.834
604.93	2.846
605.26	2.818
605.59	2.835
605.92	2.827
606.25	2.832
606.58	2.844
606.91	2.880
607.24	2.909
607.57	2.913
607.90	2.898
608.23	2.871
608.56	2.859
608.89	2.868
609.22	2.852
609.55	2.844
609.88	2.808
610.21	2.805
610.54	2.795
610.87	2.777
611.20	2.764
611.53	2.753
611.86	2.762
612.19	2.755
612.52	2.786
612.85	2.821
613.18	2.851
613.51	2.881
613.84	2.900
614.17	2.856
614.49	2.874
614.82	2.875
615.15	2.874
615.48	2.914
615.81	2.913
616.14	2.886
616.47	2.881
616.80	2.887
617.13	2.914
617.46	2.877
617.78	2.900
618.11	2.898
618.44	2.890
618.77	2.876
619.10	2.867
619.43	2.887
619.76	2.932
620.09	2.890
620.41	2.848
620.74	2.836
621.07	2.881
621.40	2.915
621.73	2.929
622.06	2.939
622.38	2.976
622.71	2.995
623.04	2.992
623.37	2.951
623.70	2.950
624.02	2.962
624.35	2.934
624.68	2.917
625.01	2.865
625.34	2.852
625.66	2.873
625.99	2.857
626.32	2.844
626.65	2.846
626.98	2.850
627.30	2.879
627.63	2.884
627.96	2.947
628.29	2.953
628.61	3.009
628.94	3.031
629.27	3.011
629.60	3.013
629.92	2.978
630.25	2.974
630.58	2.991
630.91	2.962
631.23	2.973
631.56	2.955
631.89	2.940
632.21	2.895
632.54	2.876
632.87	2.892
633.19	2.883
633.52	2.870
633.85	2.842
634.18	2.817
634.50	2.834
634.83	2.858
635.16	2.832
635.48	2.845
635.81	2.889
636.14	2.896
636.46	2.893
636.79	2.869
637.11	2.923
637.44	2.942
637.77	2.951
638.09	2.963
638.42	2.927
638.75	2.933
639.07	2.938
639.40	2.896
639.73	2.888
640.05	2.836
640.38	2.879
640.70	2.873
641.03	2.885
641.36	2.917
641.68	2.899
642.01	2.936
642.33	2.948
642.66	2.949
642.98	3.001
643.31	2.962
643.64	3.015
643.96	2.993
644.29	2.998
644.61	3.004
644.94	2.987
645.26	2.954
645.59	2.978
645.91	2.950
646.24	2.919
646.56	2.894
646.89	2.917
647.22	2.899
647.54	2.929
647.87	2.930
648.19	2.906
648.52	2.901
648.84	2.912
649.17	2.878
649.49	2.886
649.82	2.883
650.14	2.880
650.47	2.887
650.79	2.889
651.11	2.839
651.44	2.821
651.76	2.825
652.09	2.802
652.41	2.836
652.74	2.813
653.06	2.846
653.39	2.859
653.71	2.827
654.04	2.821
654.36	2.796
654.68	2.845
655.01	2.817
655.33	2.868
655.66	2.895
655.98	2.893
656.30	2.902
656.63	2.894
656.95	2.883
657.28	2.910
657.60	2.887
657.92	2.923
658.25	2.930
658.57	2.961
658.90	2.931
659.22	2.936
659.54	2.942
659.87	2.947
660.19	2.895
660.51	2.939
660.84	2.930
661.16	2.980
661.48	2.970
661.81	2.914
662.13	2.884
662.45	2.869
662.78	2.873
663.10	2.893
663.42	2.887
663.75	2.923
664.07	2.857
664.39	2.862
664.72	2.864
665.04	2.830
665.36	2.862
665.69	2.857
666.01	2.851
666.33	2.850
666.65	2.837
666.98	2.842
667.30	2.815
667.62	2.873
667.94	2.882
668.27	2.881
668.59	2.860
668.91	2.843
669.23	2.832
669.56	2.822
669.88	2.809
670.20	2.804
670.52	2.803
670.85	2.851
671.17	2.839
671.49	2.837
671.81	2.817
672.13	2.918
672.46	2.937
672.78	2.925
673.10	2.944
673.42	2.994
673.74	2.976
674.07	2.979
674.39	2.950
674.71	2.960
675.03	2.913
675.35	2.922
675.67	2.895
676.00	2.926
676.32	3.044
676.64	3.124
676.96	3.107
677.28	3.118
677.60	3.107
677.92	3.127
678.25	3.072
678.57	3.072
678.89	3.063
679.21	3.023
679.53	3.023
679.85	2.978
680.17	2.908
680.49	2.878
680.81	2.849
681.13	2.857
681.46	2.851
681.78	2.869
682.10	2.913
682.42	2.928
682.74	2.983
683.06	2.971
683.38	2.975
683.70	2.996
684.02	3.019
684.34	3.118
684.66	3.131
684.98	3.102
685.30	3.083
685.62	3.042
685.94	2.993
686.26	2.964
686.58	2.943
686.90	2.946
687.22	2.963
687.54	2.930
687.86	2.859
688.18	2.851
688.50	2.880
688.82	2.987
689.14	3.064
689.46	3.075
689.78	3.105
690.10	3.121
690.42	3.086
690.74	3.097
691.06	3.110
691.38	3.129
691.70	3.111
692.02	3.104
692.34	3.039
692.66	3.018
692.98	3.091
693.30	3.144
693.62	3.191
693.94	3.188
694.26	3.112
694.57	3.125
694.89	3.119
695.21	3.104
695.53	3.143
695.85	3.179
696.17	3.141
696.49	3.108
696.81	3.010
697.13	3.011
697.44	3.028
697.76	3.023
698.08	2.979
698.40	2.957
698.72	2.974
699.04	2.897
699.36	2.768
699.67	2.740
699.99	2.718
700.31	2.842
700.63	2.881
700.95	2.873
701.27	2.918
701.58	3.013
701.90	3.071
702.22	3.047
702.54	3.096
702.86	3.239
703.17	3.318
703.49	3.377
703.81	3.292
704.13	3.221
704.45	3.210
704.76	3.251
705.08	3.213
705.40	3.199
705.72	3.202
706.03	3.250
706.35	3.268
706.67	3.323
706.99	3.227
707.30	3.227
707.62	3.299
707.94	3.300
708.26	3.268
708.57	3.216
708.89	3.144
709.21	3.220
709.53	3.148
709.84	3.122
710.16	3.036
710.48	3.095
710.79	3.121
711.11	3.114
711.43	3.118
711.74	3.150
712.06	3.239
712.38	3.332
712.69	3.300
713.01	3.285
713.33	3.266
713.64	3.289
713.96	3.343
714.28	3.309
714.59	3.331
714.91	3.377
715.23	3.316
715.54	3.283
715.86	3.289
716.17	3.332
716.49	3.382
716.81	3.414
717.12	3.401
717.44	3.419
717.76	3.365
718.07	3.256
718.39	3.266
718.70	3.269
719.02	3.281
719.33	3.263
719.65	3.359
719.97	3.262
720.28	3.163
720.60	3.214
720.91	3.035
721.23	3.126
721.54	3.146
721.86	3.062
722.17	3.147
722.49	3.103
722.81	3.043
723.12	2.858
723.44	3.000
723.75	3.120
724.07	3.030
724.38	3.259
724.70	3.310
725.01	3.264
725.33	3.332
725.64	3.369
725.96	3.454
726.27	3.506
726.59	3.644
726.90	3.590
727.22	3.581
727.53	3.653
727.84	3.634
728.16	3.591
728.47	3.664
728.79	3.716
729.10	3.723
729.42	3.592
729.73	3.466
730.05	3.362
730.36	3.498
730.67	3.496
730.99	3.369
731.30	3.270
731.62	3.359
731.93	3.376
732.24	3.321
732.56	3.162
732.87	3.235
733.19	3.238
733.50	3.153
733.81	3.084
734.13	3.080
734.44	3.136
734.76	3.214
735.07	3.106
735.38	2.935
735.70	2.999
736.01	3.128
736.32	3.130
736.64	3.177
736.95	3.370
737.26	3.314
737.58	3.264
737.89	3.307
738.20	3.250
738.52	3.284
738.83	3.345
739.14	3.303
739.45	3.291
739.77	3.269
740.08	3.350
740.39	3.326
740.71	3.209
741.02	3.309
741.33	3.375
741.64	3.238
741.96	3.100
742.27	3.124
742.58	3.037
742.90	2.955
743.21	2.991
743.52	2.923
743.83	2.926
744.14	3.100
744.46	3.135
744.77	3.134
745.08	3.194
745.39	3.301
745.71	3.364
746.02	3.541
746.33	3.536
746.64	3.497
746.95	3.506
747.27	3.460
747.58	3.321
747.89	3.336
748.20	3.304
748.51	3.503
748.82	3.498
749.14	3.371
749.45	3.143
749.76	3.389
750.07	3.444
750.38	3.523
750.69	3.489
751.01	3.639
751.32	3.571
751.63	3.606
751.94	3.610
752.25	3.621
752.56	3.735
752.87	3.894
753.18	3.699
753.49	3.765
753.81	3.754
754.12	3.760
754.43	3.588
754.74	3.605
755.05	3.715
755.36	3.599
755.67	3.767
755.98	3.657
756.29	3.611
756.60	3.601
756.91	3.602
757.22	3.666
757.53	3.738
757.84	3.940
758.15	3.924
758.46	3.789
758.77	3.876
759.09	3.742
759.40	3.951
759.71	3.944
760.02	4.041
760.33	4.069
760.64	3.963
760.95	3.937
761.26	4.055
761.57	4.076
761.88	4.148
762.18	4.099
762.49	4.155
762.80	4.088
763.11	4.122
763.42	4.055
763.73	3.995
764.04	4.022
764.35	4.075
764.66	4.099
764.97	4.159
765.28	4.151
765.59	4.226
765.90	3.965
766.21	3.884
766.52	3.833
766.83	3.711
767.14	3.635
767.44	3.747
767.75	3.563
768.06	3.309
768.37	3.183
768.68	3.190
768.99	3.048
769.30	3.365
769.61	3.739
769.91	3.854
770.22	4.063
770.53	4.301
770.84	4.054
771.15	4.155
771.46	4.159
771.77	4.218
772.07	4.093
772.38	4.247
772.69	4.115
773.00	3.916
773.31	3.801
773.61	3.620
773.92	3.627
774.23	3.800
774.54	3.613
774.85	3.740
775.15	3.518
775.46	3.349
775.77	3.205
776.08	3.325
776.39	3.308
776.69	3.167
777.00	3.662
777.31	3.544
777.62	3.577
777.92	3.719
778.23	3.505
778.54	3.647
778.85	3.744
779.15	3.812
779.46	3.943
779.77	3.898
780.07	3.825
780.38	3.862
780.69	3.713
781.00	3.937
781.30	3.592
781.61	3.461
781.92	3.569
782.22	3.806
782.53	3.594
782.84	3.717
783.14	3.537
783.45	3.841
783.76	3.485
784.06	3.596
784.37	3.344
784.68	3.464
784.98	3.545
785.29	3.462
785.60	3.708
785.90	3.747
786.21	3.451
786.51	3.876
786.82	4.028
787.13	3.993
787.43	3.998
787.74	4.180
788.04	4.574
788.35	4.771
788.66	5.127
788.96	4.544
789.27	4.704
789.57	4.940
789.88	4.778
790.19	4.756
790.49	4.675
790.80	4.933
791.10	4.792
791.41	4.864
791.71	4.924
792.02	4.294
792.32	4.562
792.63	4.831
792.93	4.152
793.24	3.809
793.54	3.804
793.85	3.967
794.15	3.760
794.46	3.981
794.76	3.467
795.07	3.127
795.37	3.441
795.68	3.539
795.98	3.266
796.29	3.872
796.59	3.968
796.90	4.051
797.20	4.001
797.51	4.226
797.81	3.986
798.12	4.328
798.42	4.731
798.72	4.870
799.03	4.965
799.33	4.969
799.64	4.666
799.94	4.897
800.25	4.685
800.55	4.640
800.85	4.437
801.16	4.479
801.46	4.332
801.77	3.827
802.07	3.477
802.37	3.472
802.68	3.277
802.98	3.396
803.28	3.597
803.59	3.685
803.89	3.843
804.20	3.850
804.50	3.517
804.80	3.550
805.11	3.971
805.41	4.347
805.71	3.984
806.02	3.782
806.32	3.907
806.62	3.571
806.93	3.391
807.23	3.732
807.53	3.681
807.83	4.500
808.14	4.721
808.44	5.194
808.74	5.206
809.05	5.355
809.35	5.680
809.65	5.777
809.95	5.701
810.26	5.182
810.56	4.637
810.86	4.164
811.16	4.076
811.47	4.304
811.77	3.774
812.07	3.436
812.37	3.837
812.68	4.134
812.98	3.958
813.28	4.273
813.58	5.245
813.88	5.499
814.19	5.680
814.49	5.236
814.79	4.917
815.09	5.200
815.39	5.142
815.70	4.731
816.00	4.593
816.30	4.763
816.60	4.574
816.90	4.560
817.20	4.016
817.50	4.023
817.81	4.310
818.11	4.455
818.41	4.301
818.71	4.412
819.01	4.451
819.31	4.525
819.61	4.349
819.92	4.323
820.22	4.330
820.52	4.458
820.82	4.489
821.12	4.408
821.42	4.300
821.72	4.248
822.02	4.283
822.32	4.300
822.62	4.255
822.92	4.303
823.22	4.359
823.52	4.314
823.83	4.254
824.13	4.294
824.43	4.308
824.73	4.326
825.03	4.490
825.33	4.456
825.63	4.437
825.93	4.457
826.23	4.352
826.53	4.187
826.83	4.199
827.13	4.146
827.43	3.989
827.73	4.157
828.03	4.249
828.33	4.158
828.63	3.931
828.93	3.761
829.23	3.848
829.53	4.044
829.83	4.262
830.13	4.179
830.42	4.400
830.72	4.455
831.02	4.295
831.32	4.487
831.62	4.372
831.92	4.779
832.22	4.696
832.52	4.575
832.82	4.786
833.12	4.731
833.42	4.642
833.72	4.686
834.01	4.731
834.31	4.827
834.61	4.720
834.91	4.926
835.21	4.872
835.51	5.267
835.81	5.435
836.11	5.326
836.40	5.342
836.70	5.558
837.00	5.816
837.30	6.299
837.60	5.589
837.90	5.902
838.19	5.908
838.49	5.517
838.79	5.581
839.09	5.759
839.39	5.461
839.68	6.425
839.98	6.912
840.28	7.160
840.58	6.687
840.88	7.371
841.17	7.415
841.47	7.637
841.77	8.640
842.07	8.359
842.36	7.196
842.66	8.345
842.96	7.502
843.26	7.380
843.55	7.699
843.85	8.079
844.15	8.447
844.45	8.024
844.74	7.215
845.04	6.697
845.34	7.359
845.63	8.593
845.93	7.456
846.23	6.124
846.53	6.396
846.82	7.208
847.12	8.119
847.42	7.185
847.71	7.000
848.01	6.224
848.31	4.566
848.60	3.888
848.90	5.168
849.19	6.217
849.49	7.726
849.79	7.462
850.08	6.321
850.38	5.387
850.68	6.110
850.97	5.772
851.27	6.490
851.56	9.341
851.86	8.351
852.16	8.348
852.45	7.948
852.75	8.257
853.04	6.777
853.34	6.494
853.64	7.635
853.93	8.877
854.23	9.975
854.52	10.322
854.82	8.487
855.11	11.010
855.41	10.374
855.70	10.211
856.00	8.715
856.30	10.389
856.59	9.422
856.89	8.008
857.18	7.398
857.48	7.294
857.77	7.799
858.07	7.637
858.36	6.024
858.66	5.325
858.95	4.510
859.25	4.297
859.54	2.819
859.84	2.790
860.13	2.709
860.42	2.725
860.72	1.264
861.01	0.968
861.31	0.806
861.60	1.311
861.90	0.568
862.19	-0.533
862.49	2.107
862.78	3.258
863.07	2.234
863.37	3.831
863.66	2.290
863.96	3.792
864.25	2.836
864.54	3.259
864.84	4.908
865.13	8.156
865.43	9.303
865.72	-2.868
866.01	4.710
866.31	21.116
866.60	26.784
866.89	3.141
>>>>>End Spectral Data<<<<<
