180.30	0.000
180.67	0.000
181.03	-127.961
181.40	102.669
181.77	-150.566
182.14	129.631
182.51	1112.421
182.88	49.010
183.25	157.018
183.62	234.045
183.99	32.941
184.36	340.061
184.73	116.143
185.10	-1479.225
185.46	246.217
185.83	-8.980
186.20	-3.862
186.57	693.038
186.94	72.748
187.31	6.536
187.68	154.480
188.05	283.926
188.42	277.564
188.78	36.408
189.15	41.191
189.52	35.978
189.89	31.794
190.26	38.362
190.63	19.379
191.00	-3.222
191.37	10.651
191.73	66.359
192.10	70.606
192.47	48.596
192.84	53.985
193.21	176.889
193.58	265.858
193.94	259.384
194.31	219.767
194.68	109.538
195.05	114.620
195.42	90.539
195.79	66.911
196.15	66.914
196.52	80.287
196.89	80.577
197.26	68.080
197.63	46.997
198.00	82.290
198.36	51.183
198.73	131.324
199.10	73.776
199.47	51.164
199.84	38.209
200.20	29.923
200.57	26.346
200.94	57.231
201.31	63.086
201.68	65.608
202.04	61.986
202.41	59.190
202.78	58.256
203.15	56.723
203.51	57.139
203.88	65.393
204.25	57.618
204.62	44.223
204.98	33.007
205.35	10.772
205.72	8.282
206.09	-65.689
206.46	-24.694
206.82	-41.630
207.19	-70.508
207.56	-68.260
207.92	-107.280
208.29	-64.065
208.66	-42.420
209.03	-52.777
209.39	-23.348
209.76	-24.211
210.13	3.910
210.50	-8.970
210.86	-40.570
211.23	-15.911
211.60	-38.280
211.96	-10.049
212.33	-20.120
212.70	1692.865
213.07	161.715
213.43	94.152
213.80	180.016
214.17	55.154
214.53	395.656
214.90	49.410
215.27	24.279
215.63	-0.709
216.00	-0.360
216.37	8.976
216.74	12.128
217.10	15.014
217.47	8.483
217.84	1.924
218.20	-11.613
218.57	5.241
218.94	-12.237
219.30	-3.549
219.67	15.846
220.04	9.124
220.40	13.466
220.77	13.901
221.13	17.501
221.50	19.877
221.87	24.600
222.23	33.509
222.60	32.086
222.97	30.575
223.33	27.543
223.70	22.806
224.07	21.930
224.43	14.215
224.80	16.559
225.16	12.359
225.53	11.837
225.90	9.958
226.26	9.546
226.63	6.663
226.99	6.275
227.36	5.213
227.73	4.614
228.09	4.406
228.46	5.213
228.82	3.616
229.19	4.248
229.56	2.969
229.92	2.503
230.29	1.610
230.65	0.999
231.02	-0.602
231.38	0.076
231.75	-0.232
232.12	-0.634
232.48	-2.237
232.85	0.082
233.21	-0.771
233.58	1.911
233.94	4.144
234.31	5.327
234.68	5.559
235.04	8.458
235.41	8.281
235.77	7.767
236.14	8.298
236.50	9.755
236.87	9.807
237.23	9.984
237.60	7.244
237.96	4.970
238.33	3.579
238.69	4.120
239.06	3.237
239.42	2.110
239.79	1.891
240.15	1.855
240.52	1.488
240.88	0.617
241.25	0.128
241.61	-0.040
241.98	0.461
242.34	0.469
242.71	0.271
243.07	0.439
243.44	0.938
243.80	1.375
244.17	1.294
244.53	1.319
244.90	1.691
245.26	2.196
245.63	2.858
245.99	2.938
246.36	3.115
246.72	2.939
247.09	2.700
247.45	2.869
247.81	2.845
248.18	3.335
248.54	3.658
248.91	3.498
249.27	3.060
249.64	2.760
250.00	2.679
250.36	2.522
250.73	2.626
251.09	2.203
251.46	2.107
251.82	2.332
252.19	1.776
252.55	1.731
252.91	1.637
253.28	1.447
253.64	1.113
254.01	0.981
254.37	1.635
254.73	2.114
255.10	2.468
255.46	2.542
255.83	2.474
256.19	2.673
256.55	2.707
256.92	2.681
257.28	2.768
257.65	3.050
258.01	3.030
258.37	2.861
258.74	2.771
259.10	3.268
259.46	3.292
259.83	3.162
260.19	3.115
260.55	2.969
260.92	3.001
261.28	2.762
261.64	2.891
262.01	2.791
262.37	2.355
262.73	1.923
263.10	0.969
263.46	1.258
263.82	1.235
264.19	1.265
264.55	1.509
264.91	2.049
265.28	2.880
265.64	2.459
266.00	2.599
266.37	3.262
266.73	3.583
267.09	3.791
267.46	3.366
267.82	3.611
268.18	3.744
268.54	3.557
268.91	3.317
269.27	2.951
269.63	2.863
270.00	2.787
270.36	2.523
270.72	2.440
271.08	2.518
271.45	2.560
271.81	2.622
272.17	2.461
272.53	2.556
272.90	2.511
273.26	2.471
273.62	2.771
273.98	3.149
274.35	3.338
274.71	3.131
275.07	3.223
275.43	3.535
275.80	3.486
276.16	3.476
276.52	3.360
276.88	3.348
277.25	3.363
277.61	3.511
277.97	3.243
278.33	3.294
278.69	3.667
279.06	3.363
279.42	3.136
279.78	2.981
280.14	2.999
280.50	3.107
280.87	3.037
281.23	3.024
281.59	2.757
281.95	2.617
282.31	2.406
282.68	2.460
283.04	2.490
283.40	2.218
283.76	2.299
284.12	2.298
284.48	2.273
284.85	2.274
285.21	2.291
285.57	2.376
285.93	2.501
286.29	2.541
286.65	2.309
287.02	2.539
287.38	2.749
287.74	2.767
288.10	2.711
288.46	2.630
288.82	2.493
289.18	2.152
289.54	1.861
289.91	1.700
290.27	1.932
290.63	2.188
290.99	1.993
291.35	2.046
291.71	1.758
292.07	1.735
292.43	1.717
292.79	1.845
293.16	2.275
293.52	2.583
293.88	2.632
294.24	2.291
294.60	2.266
294.96	2.283
295.32	2.366
295.68	2.371
296.04	2.477
296.40	2.396
296.76	2.310
297.12	2.323
297.49	2.239
297.85	2.404
298.21	2.555
298.57	2.570
298.93	2.685
299.29	2.555
299.65	2.748
300.01	2.605
300.37	2.670
300.73	2.833
301.09	2.841
301.45	2.783
301.81	2.787
302.17	2.694
302.53	2.656
302.89	2.560
303.25	2.491
303.61	2.459
303.97	2.622
304.33	2.790
304.69	2.911
305.05	2.928
305.41	3.045
305.77	2.902
306.13	3.050
306.49	3.192
306.85	3.330
307.21	3.377
307.57	3.284
307.93	3.188
308.29	3.085
308.65	2.821
309.01	2.801
309.37	2.710
309.73	2.714
310.09	2.624
310.45	2.456
310.81	2.468
311.17	2.389
311.53	2.486
311.89	2.522
312.25	2.490
312.61	2.662
312.96	2.775
313.32	2.896
313.68	2.988
314.04	3.137
314.40	3.163
314.76	3.008
315.12	3.227
315.48	3.131
315.84	2.906
316.20	2.819
316.56	2.817
316.92	2.660
317.27	2.618
317.63	2.451
317.99	2.493
318.35	2.685
318.71	2.849
319.07	2.945
319.43	2.932
319.79	3.084
320.15	3.233
320.50	3.241
320.86	3.242
321.22	3.263
321.58	3.213
321.94	3.116
322.30	3.192
322.66	3.138
323.01	3.104
323.37	3.269
323.73	3.244
324.09	3.411
324.45	3.383
324.81	3.401
325.17	3.486
325.52	3.703
325.88	3.638
326.24	3.401
326.60	3.351
326.96	3.306
327.31	3.072
327.67	3.273
328.03	3.068
328.39	2.942
328.75	3.021
329.11	2.841
329.46	2.825
329.82	2.917
330.18	3.011
330.54	2.995
330.90	2.953
331.25	3.131
331.61	2.982
331.97	3.034
332.33	3.135
332.68	3.040
333.04	3.054
333.40	2.975
333.76	2.968
334.11	2.983
334.47	3.073
334.83	3.035
335.19	3.018
335.54	3.059
335.90	3.071
336.26	3.055
336.62	3.221
336.97	3.242
337.33	3.269
337.69	3.208
338.05	3.322
338.40	3.259
338.76	3.387
339.12	3.399
339.48	3.348
339.83	3.386
340.19	3.471
340.55	3.418
340.90	3.489
341.26	3.486
341.62	3.594
341.97	3.552
342.33	3.576
342.69	3.494
343.04	3.463
343.40	3.584
343.76	3.551
344.12	3.443
344.47	3.393
344.83	3.382
345.19	3.394
345.54	3.346
345.90	3.260
346.26	3.230
346.61	3.148
346.97	3.186
347.32	3.102
347.68	3.105
348.04	3.201
348.39	3.154
348.75	3.115
349.11	3.097
349.46	3.104
349.82	3.133
350.18	3.202
350.53	3.348
350.89	3.331
351.24	3.389
351.60	3.376
351.96	3.398
352.31	3.424
352.67	3.466
353.02	3.513
353.38	3.540
353.74	3.577
354.09	3.567
354.45	3.466
354.80	3.428
355.16	3.418
355.52	3.455
355.87	3.418
356.23	3.473
356.58	3.483
356.94	3.488
357.29	3.446
357.65	3.346
358.00	3.332
358.36	3.387
358.72	3.371
359.07	3.294
359.43	3.290
359.78	3.343
360.14	3.291
360.49	3.263
360.85	3.238
361.20	3.291
361.56	3.327
361.91	3.344
362.27	3.399
362.62	3.492
362.98	3.591
363.33	3.593
363.69	3.566
364.04	3.604
364.40	3.610
364.75	3.616
365.11	3.593
365.46	3.583
365.82	3.534
366.17	3.439
366.53	3.378
366.88	3.384
367.24	3.423
367.59	3.409
367.95	3.373
368.30	3.401
368.66	3.426
369.01	3.462
369.37	3.525
369.72	3.568
370.08	3.650
370.43	3.693
370.78	3.681
371.14	3.646
371.49	3.637
371.85	3.668
372.20	3.687
372.56	3.721
372.91	3.687
373.26	3.730
373.62	3.711
373.97	3.692
374.33	3.700
374.68	3.712
375.03	3.688
375.39	3.687
375.74	3.709
376.10	3.749
376.45	3.759
376.80	3.773
377.16	3.706
377.51	3.728
377.87	3.811
378.22	3.876
378.57	3.889
378.93	3.939
379.28	4.013
379.63	4.077
379.99	4.083
380.34	4.073
380.70	4.100
381.05	4.172
381.40	4.176
381.76	4.200
382.11	4.152
382.46	4.159
382.82	4.167
383.17	4.157
383.52	4.136
383.88	4.171
384.23	4.211
384.58	4.241
384.94	4.251
385.29	4.307
385.64	4.283
385.99	4.320
386.35	4.348
386.70	4.419
387.05	4.459
387.41	4.510
387.76	4.491
388.11	4.496
388.47	4.528
388.82	4.559
389.17	4.618
389.52	4.653
389.88	4.705
390.23	4.786
390.58	4.776
390.93	4.827
391.29	4.881
391.64	4.954
391.99	5.029
392.34	5.066
392.70	5.109
393.05	5.129
393.40	5.174
393.75	5.213
394.11	5.220
394.46	5.270
394.81	5.284
395.16	5.284
395.52	5.331
395.87	5.354
396.22	5.422
396.57	5.449
396.92	5.468
397.28	5.452
397.63	5.451
397.98	5.495
398.33	5.587
398.68	5.643
399.04	5.670
399.39	5.662
399.74	5.696
400.09	5.712
400.44	5.723
400.80	5.764
401.15	5.811
401.50	5.873
401.85	5.894
402.20	5.884
402.55	5.918
402.90	5.986
403.26	6.020
403.61	6.048
403.96	6.058
404.31	6.144
404.66	6.163
405.01	6.237
405.36	6.284
405.72	6.319
406.07	6.343
406.42	6.391
406.77	6.409
407.12	6.480
407.47	6.514
407.82	6.562
408.17	6.554
408.53	6.608
408.88	6.616
409.23	6.638
409.58	6.721
409.93	6.837
410.28	6.864
410.63	6.893
410.98	6.935
411.33	6.981
411.68	7.036
412.03	7.100
412.38	7.123
412.73	7.175
413.09	7.172
413.44	7.140
413.79	7.145
414.14	7.192
414.49	7.218
414.84	7.230
415.19	7.266
415.54	7.282
415.89	7.265
416.24	7.291
416.59	7.304
416.94	7.350
417.29	7.379
417.64	7.388
417.99	7.397
418.34	7.421
418.69	7.417
419.04	7.420
419.39	7.460
419.74	7.500
420.09	7.536
420.44	7.550
420.79	7.565
421.14	7.579
421.49	7.614
421.84	7.634
422.19	7.658
422.54	7.707
422.89	7.749
423.24	7.752
423.59	7.800
423.94	7.835
424.29	7.889
424.64	7.953
424.99	8.051
425.34	8.099
425.68	8.171
426.03	8.257
426.38	8.337
426.73	8.395
427.08	8.477
427.43	8.520
427.78	8.547
428.13	8.605
428.48	8.661
428.83	8.667
429.18	8.685
429.53	8.723
429.87	8.729
430.22	8.746
430.57	8.781
430.92	8.796
431.27	8.824
431.62	8.844
431.97	8.854
432.32	8.869
432.67	8.901
433.01	8.943
433.36	8.963
433.71	8.995
434.06	9.040
434.41	9.090
434.76	9.145
435.11	9.205
435.45	9.261
435.80	9.281
436.15	9.312
436.50	9.326
436.85	9.363
437.20	9.383
437.54	9.413
437.89	9.418
438.24	9.413
438.59	9.421
438.94	9.426
439.29	9.442
439.63	9.464
439.98	9.489
440.33	9.527
440.68	9.529
441.03	9.555
441.37	9.545
441.72	9.558
442.07	9.584
442.42	9.600
442.76	9.617
443.11	9.613
443.46	9.640
443.81	9.654
444.16	9.657
444.50	9.661
444.85	9.685
445.20	9.747
445.55	9.772
445.89	9.785
446.24	9.811
446.59	9.830
446.94	9.892
447.28	9.921
447.63	9.953
447.98	9.991
448.32	10.038
448.67	10.058
449.02	10.056
449.37	10.122
449.71	10.162
450.06	10.227
450.41	10.252
450.75	10.268
451.10	10.301
451.45	10.313
451.79	10.364
452.14	10.407
452.49	10.440
452.84	10.480
453.18	10.489
453.53	10.518
453.88	10.519
454.22	10.565
454.57	10.562
454.92	10.578
455.26	10.612
455.61	10.596
455.95	10.587
456.30	10.591
456.65	10.610
456.99	10.621
457.34	10.636
457.69	10.648
458.03	10.656
458.38	10.686
458.73	10.722
459.07	10.735
459.42	10.781
459.76	10.835
460.11	10.882
460.46	10.926
460.80	10.951
461.15	10.990
461.49	11.020
461.84	11.080
462.19	11.150
462.53	11.190
462.88	11.239
463.22	11.267
463.57	11.300
463.91	11.361
464.26	11.392
464.61	11.434
464.95	11.500
465.30	11.549
465.64	11.574
465.99	11.599
466.33	11.634
466.68	11.657
467.02	11.694
467.37	11.735
467.71	11.736
468.06	11.771
468.41	11.816
468.75	11.838
469.10	11.863
469.44	11.900
469.79	11.934
470.13	11.958
470.48	12.002
470.82	12.034
471.17	12.050
471.51	12.085
471.86	12.107
472.20	12.095
472.55	12.102
472.89	12.128
473.23	12.114
473.58	12.103
473.92	12.085
474.27	12.074
474.61	12.072
474.96	12.070
475.30	12.088
475.65	12.097
475.99	12.149
476.34	12.152
476.68	12.151
477.02	12.183
477.37	12.203
477.71	12.240
478.06	12.250
478.40	12.260
478.75	12.298
479.09	12.334
479.43	12.374
479.78	12.441
480.12	12.550
480.47	12.668
480.81	12.789
481.15	12.917
481.50	13.039
481.84	13.209
482.19	13.384
482.53	13.513
482.87	13.555
483.22	13.511
483.56	13.382
483.90	13.214
484.25	13.097
484.59	13.029
484.94	12.947
485.28	12.847
485.62	12.710
485.97	12.551
486.31	12.438
486.65	12.421
487.00	12.504
487.34	12.676
487.68	12.866
488.03	12.985
488.37	13.018
488.71	13.061
489.06	13.096
489.40	13.138
489.74	13.187
490.09	13.228
490.43	13.255
490.77	13.295
491.11	13.334
491.46	13.382
491.80	13.428
492.14	13.481
492.49	13.529
492.83	13.596
493.17	13.644
493.51	13.677
493.86	13.713
494.20	13.767
494.54	13.789
494.88	13.823
495.23	13.841
495.57	13.875
495.91	13.924
496.25	13.944
496.60	13.982
496.94	14.027
497.28	14.095
497.62	14.157
497.97	14.218
498.31	14.301
498.65	14.378
498.99	14.484
499.33	14.575
499.68	14.619
500.02	14.691
500.36	14.761
500.70	14.820
501.04	14.863
501.39	14.916
501.73	14.951
502.07	14.991
502.41	15.019
502.75	15.025
503.09	15.070
503.44	15.136
503.78	15.162
504.12	15.197
504.46	15.231
504.80	15.290
505.14	15.322
505.49	15.375
505.83	15.390
506.17	15.424
506.51	15.480
506.85	15.489
507.19	15.517
507.53	15.568
507.87	15.608
508.22	15.656
508.56	15.701
508.90	15.746
509.24	15.761
509.58	15.821
509.92	15.843
510.26	15.879
510.60	15.926
510.94	15.970
511.28	16.028
511.63	16.099
511.97	16.145
512.31	16.182
512.65	16.250
512.99	16.321
513.33	16.385
513.67	16.439
514.01	16.489
514.35	16.547
514.69	16.601
515.03	16.623
515.37	16.627
515.71	16.635
516.05	16.657
516.39	16.674
516.73	16.689
517.07	16.709
517.41	16.756
517.75	16.811
518.09	16.841
518.43	16.884
518.77	16.926
519.11	16.977
519.45	17.036
519.79	17.086
520.13	17.128
520.47	17.192
520.81	17.254
521.15	17.298
521.49	17.332
521.83	17.355
522.17	17.363
522.51	17.373
522.85	17.400
523.19	17.419
523.53	17.450
523.87	17.519
524.21	17.602
524.55	17.695
524.89	17.764
525.23	17.828
525.57	17.895
525.91	17.969
526.25	18.043
526.58	18.106
526.92	18.180
527.26	18.251
527.60	18.280
527.94	18.294
528.28	18.287
528.62	18.289
528.96	18.278
529.30	18.271
529.64	18.273
529.97	18.276
530.31	18.277
530.65	18.271
530.99	18.261
531.33	18.281
531.67	18.306
532.01	18.324
532.35	18.358
532.68	18.415
533.02	18.470
533.36	18.483
533.70	18.519
534.04	18.556
534.38	18.589
534.71	18.619
535.05	18.626
535.39	18.628
535.73	18.670
536.07	18.694
536.41	18.728
536.74	18.764
537.08	18.804
537.42	18.826
537.76	18.868
538.10	18.910
538.43	18.943
538.77	19.003
539.11	19.085
539.45	19.115
539.79	19.146
540.12	19.169
540.46	19.195
540.80	19.222
541.14	19.254
541.47	19.275
541.81	19.293
542.15	19.321
542.49	19.347
542.82	19.335
543.16	19.367
543.50	19.434
543.84	19.458
544.17	19.500
544.51	19.548
544.85	19.597
545.18	19.609
545.52	19.659
545.86	19.732
546.20	19.783
546.53	19.862
546.87	19.925
547.21	19.980
547.54	20.046
547.88	20.103
548.22	20.190
548.55	20.228
548.89	20.314
549.23	20.371
549.56	20.394
549.90	20.444
550.24	20.453
550.57	20.496
550.91	20.523
551.25	20.571
551.58	20.610
551.92	20.626
552.26	20.675
552.59	20.700
552.93	20.745
553.27	20.787
553.60	20.813
553.94	20.878
554.27	20.918
554.61	20.951
554.95	21.014
555.28	21.044
555.62	21.058
555.95	21.103
556.29	21.170
556.63	21.210
556.96	21.227
557.30	21.269
557.63	21.288
557.97	21.328
558.31	21.373
558.64	21.395
558.98	21.437
559.31	21.511
559.65	21.532
559.98	21.540
560.32	21.562
560.65	21.585
560.99	21.636
561.33	21.670
561.66	21.685
562.00	21.672
562.33	21.669
562.67	21.653
563.00	21.628
563.34	21.664
563.67	21.703
564.01	21.697
564.34	21.756
564.68	21.772
565.01	21.770
565.35	21.814
565.68	21.866
566.02	21.899
566.35	21.971
566.69	21.978
567.02	21.977
567.36	22.014
567.69	22.043
568.03	22.041
568.36	22.050
568.69	22.108
569.03	22.114
569.36	22.119
569.70	22.112
570.03	22.111
570.37	22.173
570.70	22.220
571.04	22.210
571.37	22.231
571.70	22.290
572.04	22.294
572.37	22.319
572.71	22.353
573.04	22.428
573.37	22.512
573.71	22.573
574.04	22.627
574.38	22.674
574.71	22.750
575.04	22.825
575.38	22.887
575.71	22.984
576.05	23.068
576.38	23.160
576.71	23.208
577.05	23.271
577.38	23.323
577.71	23.392
578.05	23.438
578.38	23.487
578.71	23.552
579.05	23.577
579.38	23.597
579.71	23.622
580.05	23.613
580.38	23.633
580.71	23.674
581.05	23.707
581.38	23.732
581.71	23.810
582.05	23.883
582.38	23.857
582.71	23.900
583.04	23.954
583.38	24.003
583.71	24.024
584.04	24.064
584.38	24.053
584.71	24.055
585.04	24.067
585.37	24.021
585.71	23.983
586.04	24.059
586.37	24.051
586.70	24.031
587.04	24.034
587.37	24.062
587.70	24.019
588.03	24.052
588.37	24.071
588.70	24.097
589.03	24.133
589.36	24.154
589.69	24.137
590.03	24.146
590.36	24.182
590.69	24.140
591.02	24.157
591.35	24.178
591.69	24.154
592.02	24.142
592.35	24.096
592.68	24.054
593.01	24.025
593.35	24.012
593.68	23.963
594.01	23.917
594.34	23.910
594.67	23.892
595.00	23.877
595.34	23.876
595.67	23.914
596.00	23.922
596.33	23.969
596.66	24.024
596.99	24.015
597.32	24.110
597.65	24.121
597.99	24.138
598.32	24.146
598.65	24.196
598.98	24.209
599.31	24.168
599.64	24.178
599.97	24.162
600.30	24.089
600.63	24.061
600.96	24.029
601.30	24.049
601.63	24.052
601.96	24.033
602.29	24.007
602.62	24.005
602.95	24.027
603.28	24.027
603.61	23.989
603.94	23.985
604.27	24.045
604.60	24.033
604.93	24.099
605.26	24.128
605.59	24.120
605.92	24.160
606.25	24.218
606.58	24.190
606.91	24.175
607.24	24.209
607.57	24.288
607.90	24.291
608.23	24.318
608.56	24.293
608.89	24.301
609.22	24.340
609.55	24.358
609.88	24.375
610.21	24.430
610.54	24.495
610.87	24.547
611.20	24.565
611.53	24.598
611.86	24.631
612.19	24.668
612.52	24.664
612.85	24.748
613.18	24.773
613.51	24.723
613.84	24.790
614.17	24.843
614.49	24.847
614.82	24.848
615.15	24.891
615.48	24.870
615.81	24.881
616.14	24.906
616.47	24.871
616.80	24.879
617.13	24.897
617.46	24.853
617.78	24.796
618.11	24.841
618.44	24.867
618.77	24.826
619.10	24.891
619.43	24.893
619.76	24.905
620.09	24.890
620.41	24.875
620.74	24.913
621.07	24.899
621.40	24.935
621.73	24.888
622.06	24.870
622.38	24.888
622.71	24.798
623.04	24.759
623.37	24.774
623.70	24.778
624.02	24.780
624.35	24.748
624.68	24.754
625.01	24.715
625.34	24.716
625.66	24.709
625.99	24.686
626.32	24.751
626.65	24.789
626.98	24.806
627.30	24.843
627.63	24.911
627.96	24.940
628.29	25.010
628.61	25.053
628.94	25.097
629.27	25.109
629.60	25.170
629.92	25.175
630.25	25.168
630.58	25.163
630.91	25.116
631.23	25.055
631.56	25.055
631.89	25.012
632.21	25.026
632.54	25.001
632.87	25.046
633.19	25.043
633.52	25.021
633.85	25.007
634.18	25.021
634.50	25.049
634.83	25.063
635.16	25.092
635.48	25.092
635.81	25.090
636.14	25.112
636.46	25.114
636.79	25.109
637.11	25.107
637.44	25.091
637.77	25.095
638.09	25.117
638.42	25.123
638.75	25.076
639.07	25.073
639.40	25.063
639.73	25.008
640.05	24.974
640.38	24.908
640.70	24.906
641.03	24.925
641.36	24.902
641.68	24.884
642.01	24.860
642.33	24.898
642.66	24.889
642.98	24.908
643.31	24.970
643.64	24.990
643.96	25.084
644.29	25.105
644.61	25.155
644.94	25.156
645.26	25.209
645.59	25.293
645.91	25.250
646.24	25.258
646.56	25.280
646.89	25.290
647.22	25.301
647.54	25.257
647.87	25.253
648.19	25.222
648.52	25.209
648.84	25.155
649.17	25.103
649.49	25.113
649.82	25.119
650.14	25.092
650.47	25.066
650.79	25.035
651.11	25.018
651.44	25.011
651.76	25.023
652.09	25.055
652.41	25.109
652.74	25.086
653.06	25.058
653.39	25.019
653.71	24.995
654.04	24.987
654.36	24.934
654.68	24.927
655.01	24.881
655.33	24.835
655.66	24.758
655.98	24.675
656.30	24.648
656.63	24.597
656.95	24.581
657.28	24.549
657.60	24.554
657.92	24.563
658.25	24.534
658.57	24.504
658.90	24.473
659.22	24.463
659.54	24.435
659.87	24.423
660.19	24.435
660.51	24.423
660.84	24.409
661.16	24.402
661.48	24.450
661.81	24.472
662.13	24.476
662.45	24.531
662.78	24.544
663.10	24.502
663.42	24.439
663.75	24.447
664.07	24.445
664.39	24.448
664.72	24.389
665.04	24.291
665.36	24.215
665.69	24.234
666.01	24.183
666.33	24.176
666.65	24.221
666.98	24.252
667.30	24.291
667.62	24.270
667.94	24.317
668.27	24.334
668.59	24.308
668.91	24.344
669.23	24.339
669.56	24.399
669.88	24.389
670.20	24.318
670.52	24.304
670.85	24.259
671.17	24.322
671.49	24.185
671.81	24.078
672.13	24.078
672.46	24.045
672.78	23.989
673.10	23.879
673.42	23.866
673.74	23.904
674.07	23.897
674.39	23.858
674.71	23.761
675.03	23.751
675.35	23.813
675.67	23.739
676.00	23.796
676.32	23.784
676.64	23.801
676.96	23.785
677.28	23.788
677.60	23.711
677.92	23.696
678.25	23.755
678.57	23.806
678.89	23.777
679.21	23.825
679.53	23.718
679.85	23.729
680.17	23.745
680.49	23.705
680.81	23.677
681.13	23.789
681.46	23.789
681.78	23.744
682.10	23.741
682.42	23.752
682.74	23.712
683.06	23.695
683.38	23.658
683.70	23.616
684.02	23.696
684.34	23.739
684.66	23.690
684.98	23.651
685.30	23.649
685.62	23.669
685.94	23.670
686.26	23.668
686.58	23.755
686.90	23.736
687.22	23.754
687.54	23.745
687.86	23.675
688.18	23.637
688.50	23.654
688.82	23.693
689.14	23.626
689.46	23.615
689.78	23.627
690.10	23.585
690.42	23.600
690.74	23.548
691.06	23.479
691.38	23.445
691.70	23.385
692.02	23.298
692.34	23.140
692.66	23.046
692.98	22.922
693.30	22.878
693.62	22.764
693.94	22.790
694.26	22.679
694.57	22.654
694.89	22.557
695.21	22.514
695.53	22.581
695.85	22.591
696.17	22.610
696.49	22.558
696.81	22.542
697.13	22.549
697.44	22.488
697.76	22.531
698.08	22.478
698.40	22.479
698.72	22.397
699.04	22.294
699.36	22.220
699.67	22.070
699.99	22.047
700.31	21.987
700.63	21.910
700.95	21.812
701.27	21.738
701.58	21.581
701.90	21.476
702.22	21.502
702.54	21.540
702.86	21.428
703.17	21.472
703.49	21.400
703.81	21.352
704.13	21.332
704.45	21.379
704.76	21.275
705.08	21.309
705.40	21.286
705.72	21.315
706.03	21.365
706.35	21.468
706.67	21.482
706.99	21.549
707.30	21.502
707.62	21.526
707.94	21.542
708.26	21.623
708.57	21.583
708.89	21.658
709.21	21.651
709.53	21.467
709.84	21.538
710.16	21.547
710.48	21.511
710.79	21.532
711.11	21.462
711.43	21.384
711.74	21.318
712.06	21.332
712.38	21.416
712.69	21.407
713.01	21.452
713.33	21.350
713.64	21.428
713.96	21.477
714.28	21.643
714.59	21.722
714.91	21.815
715.23	21.944
715.54	21.968
715.86	21.962
716.17	22.004
716.49	21.974
716.81	21.969
717.12	21.835
717.44	21.813
717.76	21.607
718.07	21.588
718.39	21.495
718.70	21.357
719.02	21.400
719.33	21.214
719.65	21.154
719.97	21.125
720.28	21.086
720.60	21.127
720.91	21.163
721.23	21.157
721.54	21.115
721.86	21.066
722.17	21.094
722.49	21.057
722.81	21.230
723.12	21.246
723.44	21.388
723.75	21.432
724.07	21.478
724.38	21.323
724.70	21.362
725.01	21.366
725.33	21.459
725.64	21.420
725.96	21.360
726.27	21.211
726.59	21.280
726.90	21.070
727.22	21.071
727.53	20.956
727.84	20.986
728.16	20.882
728.47	20.853
728.79	20.703
729.10	20.713
729.42	20.666
729.73	20.661
730.05	20.480
730.36	20.531
730.67	20.434
730.99	20.355
731.30	20.243
731.62	20.251
731.93	20.237
732.24	20.035
732.56	19.841
732.87	19.760
733.19	19.667
733.50	19.542
733.81	19.397
734.13	19.331
734.44	19.310
734.76	19.318
735.07	19.055
735.38	18.954
735.70	19.053
736.01	19.193
736.32	19.230
736.64	19.212
736.95	19.173
737.26	19.303
737.58	19.277
737.89	19.287
738.20	19.114
738.52	19.190
738.83	19.041
739.14	18.971
739.45	18.750
739.77	18.591
740.08	18.443
740.39	18.414
740.71	18.198
741.02	18.016
741.33	17.819
741.64	17.764
741.96	17.654
742.27	17.671
742.58	17.563
742.90	17.577
743.21	17.714
743.52	17.893
743.83	17.955
744.14	17.791
744.46	17.692
744.77	17.630
745.08	17.806
745.39	17.903
745.71	17.855
746.02	17.897
746.33	17.808
746.64	17.686
746.95	17.468
747.27	17.425
747.58	17.452
747.89	17.646
748.20	17.549
748.51	17.430
748.82	17.415
749.14	17.335
749.45	17.169
749.76	17.258
750.07	17.324
750.38	17.339
750.69	17.379
751.01	17.595
751.32	17.384
751.63	17.362
751.94	17.440
752.25	17.399
752.56	17.286
752.87	17.486
753.18	17.245
753.49	17.042
753.81	17.055
754.12	16.973
754.43	16.900
754.74	16.924
755.05	17.079
755.36	17.120
755.67	17.303
755.98	17.780
756.29	17.910
756.60	18.239
756.91	18.576
757.22	18.912
757.53	19.193
757.84	19.405
758.15	19.770
758.46	20.033
758.77	20.166
759.09	20.367
759.40	20.452
759.71	20.551
760.02	20.582
760.33	20.649
760.64	20.503
760.95	20.520
761.26	20.496
761.57	20.437
761.88	20.396
762.18	20.341
762.49	20.176
762.80	20.120
763.11	20.061
763.42	19.945
763.73	19.697
764.04	19.503
764.35	19.236
764.66	19.039
764.97	18.911
765.28	18.540
765.59	18.176
765.90	17.906
766.21	17.447
766.52	16.944
766.83	16.750
767.14	16.480
767.44	16.403
767.75	16.155
768.06	15.817
768.37	15.385
768.68	15.530
768.99	15.695
769.30	15.488
769.61	15.159
769.91	15.348
770.22	15.196
770.53	15.085
770.84	15.110
771.15	15.061
771.46	15.170
771.77	15.384
772.07	15.069
772.38	14.856
772.69	14.921
773.00	15.022
773.31	14.913
773.61	14.854
773.92	15.003
774.23	14.827
774.54	14.782
774.85	14.892
775.15	14.891
775.46	14.997
775.77	14.919
776.08	14.739
776.39	14.843
776.69	14.863
777.00	14.772
777.31	14.698
777.62	14.511
777.92	14.764
778.23	14.532
778.54	14.372
778.85	14.470
779.15	14.483
779.46	14.626
779.77	14.631
780.07	14.483
780.38	14.688
780.69	14.477
781.00	14.781
781.30	14.550
781.61	14.510
781.92	14.584
782.22	14.441
782.53	14.409
782.84	14.628
783.14	14.474
783.45	14.669
783.76	14.507
784.06	14.876
784.37	15.056
784.68	15.037
784.98	15.348
785.29	15.402
785.60	15.574
785.90	16.030
786.21	16.212
786.51	16.666
786.82	16.578
787.13	16.952
787.43	16.855
787.74	16.991
788.04	17.331
788.35	17.440
788.66	17.545
788.96	17.473
789.27	17.192
789.57	16.995
789.88	16.727
790.19	16.820
790.49	16.773
790.80	16.883
791.10	16.570
791.41	16.437
791.71	16.067
792.02	15.812
792.32	15.778
792.63	15.776
792.93	15.644
793.24	15.543
793.54	15.634
793.85	15.396
794.15	15.558
794.46	15.527
794.76	15.362
795.07	15.537
795.37	15.591
795.68	15.942
795.98	15.861
796.29	16.043
796.59	16.042
796.90	16.068
797.20	16.136
797.51	16.091
797.81	16.193
798.12	16.319
798.42	16.621
798.72	16.622
799.03	16.278
799.33	16.490
799.64	16.337
799.94	16.479
800.25	16.345
800.55	16.574
800.85	16.520
801.16	16.438
801.46	16.336
801.77	16.089
802.07	16.307
802.37	16.683
802.68	16.854
802.98	16.965
803.28	16.896
803.59	17.081
803.89	16.838
804.20	16.911
804.50	17.140
804.80	17.335
805.11	17.133
805.41	16.771
805.71	16.704
806.02	16.341
806.32	16.118
806.62	16.244
806.93	16.005
807.23	16.111
807.53	16.249
807.83	16.298
808.14	16.091
808.44	16.263
808.74	16.863
809.05	16.778
809.35	17.150
809.65	17.492
809.95	17.589
810.26	17.654
810.56	18.176
810.86	18.068
811.16	17.912
811.47	18.082
811.77	18.280
812.07	18.249
812.37	18.447
812.68	18.566
812.98	18.425
813.28	18.546
813.58	19.193
813.88	18.828
814.19	19.745
814.49	20.251
814.79	20.516
815.09	20.359
815.39	20.802
815.70	20.573
816.00	20.461
816.30	20.908
816.60	21.087
816.90	20.523
817.20	20.739
817.50	20.205
817.81	20.185
818.11	20.298
818.41	20.336
818.71	20.115
819.01	20.268
819.31	20.241
819.61	20.146
819.92	20.182
820.22	20.321
820.52	20.306
820.82	20.323
821.12	20.352
821.42	20.269
821.72	20.233
822.02	20.245
822.32	20.237
822.62	20.297
822.92	20.342
823.22	20.306
823.52	20.333
823.83	20.281
824.13	20.253
824.43	20.143
824.73	20.215
825.03	20.371
825.33	20.376
825.63	20.237
825.93	20.186
826.23	20.066
826.53	20.037
826.83	19.846
827.13	19.805
827.43	19.865
827.73	19.907
828.03	19.779
828.33	19.646
828.63	19.541
828.93	19.742
829.23	19.750
829.53	19.915
829.83	19.891
830.13	19.990
830.42	19.823
830.72	19.488
831.02	19.624
831.32	19.500
831.62	19.494
831.92	19.766
832.22	19.665
832.52	19.606
832.82	19.602
833.12	19.313
833.42	19.128
833.72	19.291
834.01	19.277
834.31	18.796
834.61	18.982
834.91	18.738
835.21	18.269
835.51	17.891
835.81	17.366
836.11	17.171
836.40	17.414
836.70	17.365
837.00	17.350
837.30	17.739
837.60	18.330
837.90	18.632
838.19	18.979
838.49	19.375
838.79	20.242
839.09	20.849
839.39	20.848
839.68	20.815
839.98	20.975
840.28	20.918
840.58	20.443
840.88	20.152
841.17	19.606
841.47	19.947
841.77	19.533
842.07	19.530
842.36	19.603
842.66	19.473
842.96	19.492
843.26	19.354
843.55	18.700
843.85	18.181
844.15	19.142
844.45	18.769
844.74	18.545
845.04	19.186
845.34	17.983
845.63	17.177
845.93	17.265
846.23	17.407
846.53	17.219
846.82	16.963
847.12	18.041
847.42	17.601
847.71	18.639
848.01	18.191
848.31	18.320
848.60	19.421
848.90	20.028
849.19	19.736
849.49	18.316
849.79	18.274
850.08	20.155
850.38	19.312
850.68	17.946
850.97	18.196
851.27	17.741
851.56	16.928
851.86	15.045
852.16	14.964
852.45	15.262
852.75	16.296
853.04	15.156
853.34	14.412
853.64	15.143
853.93	16.214
854.23	16.027
854.52	16.880
854.82	16.985
855.11	19.863
855.41	19.451
855.70	19.415
856.00	19.107
856.30	20.369
856.59	19.130
856.89	18.113
857.18	17.747
857.48	16.822
857.77	16.438
858.07	16.706
858.36	15.239
858.66	15.513
858.95	15.536
859.25	15.414
859.54	15.597
859.84	17.297
860.13	18.005
860.42	18.974
860.72	19.568
861.01	18.739
861.31	18.785
861.60	19.871
861.90	20.808
862.19	20.190
862.49	20.524
862.78	20.694
863.07	19.026
863.37	19.522
863.66	19.540
863.96	18.886
864.25	20.326
864.54	21.256
864.84	20.477
865.13	19.598
865.43	20.652
865.72	26.467
866.01	26.308
866.31	27.240
866.60	15.431
866.89	26.255
>>>>>End Spectral Data<<<<<
