180.30	0.000
180.67	0.000
181.03	-123.882
181.40	202.253
181.77	101.539
182.14	-188.711
182.51	526.697
182.88	-106.165
183.25	166.942
183.62	558.216
183.99	-6.368
184.36	30.351
184.73	44.309
185.10	-687.136
185.46	166.229
185.83	-19.445
186.20	50.668
186.57	294.325
186.94	108.965
187.31	53.115
187.68	-3171.499
188.05	-694.812
188.42	-516.957
188.78	550.914
189.15	235.832
189.52	193.787
189.89	141.990
190.26	106.883
190.63	117.055
191.00	103.774
191.37	58.484
191.73	52.315
192.10	-8.656
192.47	-41.643
192.84	-238.744
193.21	-384.523
193.58	-487.464
193.94	-287.467
194.31	-114.516
194.68	-42.860
195.05	-49.788
195.42	-62.216
195.79	-58.419
196.15	-17.142
196.52	20.424
196.89	2.990
197.26	-19.892
197.63	-22.985
198.00	-70.462
198.36	-133.391
198.73	-129.105
199.10	-95.605
199.47	9.924
199.84	14.643
200.20	-20.170
200.57	-20.946
200.94	30.484
201.31	58.039
201.68	69.137
202.04	71.014
202.41	68.526
202.78	66.437
203.15	75.343
203.51	76.052
203.88	97.878
204.25	86.969
204.62	75.416
204.98	65.323
205.35	53.249
205.72	46.994
206.09	-18.085
206.46	-15.293
206.82	-43.211
207.19	-60.993
207.56	-78.426
207.92	-144.994
208.29	-90.755
208.66	-87.867
209.03	-97.778
209.39	-47.890
209.76	-49.886
210.13	-7.791
210.50	-10.859
210.86	-48.268
211.23	-86.839
211.60	-120.709
211.96	-129.413
212.33	-196.555
212.70	5356.953
213.07	506.980
213.43	508.377
213.80	1357.540
214.17	268.894
214.53	1429.809
214.90	-143.218
215.27	-41.922
215.63	-57.698
216.00	-15.641
216.37	-13.711
216.74	-11.915
217.10	-10.357
217.47	-13.337
217.84	1.236
218.20	6.042
218.57	19.740
218.94	24.502
219.30	21.782
219.67	23.917
220.04	25.824
220.40	21.359
220.77	25.286
221.13	24.721
221.50	31.268
221.87	24.471
222.23	26.465
222.60	20.197
222.97	12.109
223.33	3.538
223.70	-1.102
224.07	1.349
224.43	1.186
224.80	4.349
225.16	2.650
225.53	2.029
225.90	0.975
226.26	0.191
226.63	-0.855
226.99	1.572
227.36	4.623
227.73	7.367
228.09	5.917
228.46	8.189
228.82	6.656
229.19	8.659
229.56	7.907
229.92	8.783
230.29	9.895
230.65	11.074
231.02	7.507
231.38	6.662
231.75	5.099
232.12	6.166
232.48	3.750
232.85	5.176
233.21	2.609
233.58	3.915
233.94	4.250
234.31	5.397
234.68	4.265
235.04	6.598
235.41	6.948
235.77	6.504
236.14	7.007
236.50	8.856
236.87	9.166
237.23	10.187
237.60	8.244
237.96	7.345
238.33	5.440
238.69	6.473
239.06	6.135
239.42	5.489
239.79	5.657
240.15	5.854
240.52	5.452
240.88	4.578
241.25	4.541
241.61	5.112
241.98	5.547
242.34	5.747
242.71	5.548
243.07	6.049
243.44	6.756
243.80	7.251
244.17	6.665
244.53	6.165
244.90	6.482
245.26	6.772
245.63	6.643
245.99	6.537
246.36	6.725
246.72	6.488
247.09	6.550
247.45	6.503
247.81	6.658
248.18	7.206
248.54	7.923
248.91	7.546
249.27	6.688
249.64	6.830
250.00	7.198
250.36	7.090
250.73	7.609
251.09	7.177
251.46	6.895
251.82	6.544
252.19	6.019
252.55	5.886
252.91	6.334
253.28	7.034
253.64	7.382
254.01	6.869
254.37	7.255
254.73	7.240
255.10	7.190
255.46	7.441
255.83	7.289
256.19	7.123
256.55	6.828
256.92	6.783
257.28	6.687
257.65	6.597
258.01	6.648
258.37	6.364
258.74	6.138
259.10	6.289
259.46	5.910
259.83	5.969
260.19	6.146
260.55	6.147
260.92	6.216
261.28	6.029
261.64	5.740
262.01	5.479
262.37	5.258
262.73	5.489
263.10	4.872
263.46	5.137
263.82	4.684
264.19	4.463
264.55	4.905
264.91	5.198
265.28	5.513
265.64	5.536
266.00	5.618
266.37	6.004
266.73	6.157
267.09	6.568
267.46	6.199
267.82	6.365
268.18	6.403
268.54	6.162
268.91	6.225
269.27	6.104
269.63	6.132
270.00	6.081
270.36	5.925
270.72	5.607
271.08	5.461
271.45	5.847
271.81	5.962
272.17	6.165
272.53	6.141
272.90	5.836
273.26	5.677
273.62	5.723
273.98	6.078
274.35	6.257
274.71	6.254
275.07	6.342
275.43	6.421
275.80	6.165
276.16	6.075
276.52	5.886
276.88	6.108
277.25	6.327
277.61	6.722
277.97	6.442
278.33	6.522
278.69	6.635
279.06	6.579
279.42	6.486
279.78	6.536
280.14	6.294
280.50	6.520
280.87	6.502
281.23	6.622
281.59	6.503
281.95	6.448
282.31	6.174
282.68	6.118
283.04	5.927
283.40	5.645
283.76	5.668
284.12	5.817
284.48	5.808
284.85	5.813
285.21	5.761
285.57	5.775
285.93	5.895
286.29	6.074
286.65	6.077
287.02	6.309
287.38	6.446
287.74	6.496
288.10	6.283
288.46	6.105
288.82	5.794
289.18	5.431
289.54	5.113
289.91	4.952
290.27	4.714
290.63	4.805
290.99	4.543
291.35	4.657
291.71	4.410
292.07	4.493
292.43	4.536
292.79	4.790
293.16	5.118
293.52	5.228
293.88	5.340
294.24	5.387
294.60	5.289
294.96	5.501
295.32	5.452
295.68	5.451
296.04	5.560
296.40	5.657
296.76	5.554
297.12	5.623
297.49	5.723
297.85	5.833
298.21	5.961
298.57	6.000
298.93	6.054
299.29	6.057
299.65	6.097
300.01	5.992
300.37	6.011
300.73	6.150
301.09	6.180
301.45	6.128
301.81	6.067
302.17	5.882
302.53	5.904
302.89	5.748
303.25	5.718
303.61	5.927
303.97	6.021
304.33	6.097
304.69	6.244
305.05	6.252
305.41	6.443
305.77	6.431
306.13	6.580
306.49	6.665
306.85	6.914
307.21	6.952
307.57	6.817
307.93	6.726
308.29	6.711
308.65	6.505
309.01	6.307
309.37	6.096
309.73	6.131
310.09	6.168
310.45	6.133
310.81	6.011
311.17	6.067
311.53	6.219
311.89	6.248
312.25	6.199
312.61	6.193
312.96	6.384
313.32	6.464
313.68	6.302
314.04	6.302
314.40	6.196
314.76	6.148
315.12	6.109
315.48	6.092
315.84	5.983
316.20	5.837
316.56	5.915
316.92	5.867
317.27	5.879
317.63	5.921
317.99	5.869
318.35	5.949
318.71	5.970
319.07	6.115
319.43	6.111
319.79	6.279
320.15	6.434
320.50	6.433
320.86	6.493
321.22	6.446
321.58	6.429
321.94	6.374
322.30	6.462
322.66	6.540
323.01	6.365
323.37	6.347
323.73	6.266
324.09	6.311
324.45	6.356
324.81	6.410
325.17	6.566
325.52	6.684
325.88	6.784
326.24	6.677
326.60	6.521
326.96	6.599
327.31	6.498
327.67	6.588
328.03	6.564
328.39	6.458
328.75	6.392
329.11	6.287
329.46	6.280
329.82	6.263
330.18	6.350
330.54	6.473
330.90	6.422
331.25	6.394
331.61	6.345
331.97	6.330
332.33	6.368
332.68	6.342
333.04	6.330
333.40	6.327
333.76	6.384
334.11	6.288
334.47	6.432
334.83	6.448
335.19	6.584
335.54	6.544
335.90	6.458
336.26	6.490
336.62	6.474
336.97	6.514
337.33	6.525
337.69	6.410
338.05	6.625
338.40	6.512
338.76	6.534
339.12	6.463
339.48	6.352
339.83	6.487
340.19	6.524
340.55	6.482
340.90	6.492
341.26	6.475
341.62	6.478
341.97	6.366
342.33	6.332
342.69	6.318
343.04	6.329
343.40	6.484
343.76	6.353
344.12	6.359
344.47	6.364
344.83	6.324
345.19	6.299
345.54	6.364
345.90	6.302
346.26	6.250
346.61	6.142
346.97	6.166
347.32	6.120
347.68	6.248
348.04	6.184
348.39	6.245
348.75	6.215
349.11	6.194
349.46	6.101
349.82	6.182
350.18	6.291
350.53	6.482
350.89	6.500
351.24	6.554
351.60	6.472
351.96	6.503
352.31	6.567
352.67	6.562
353.02	6.666
353.38	6.750
353.74	6.747
354.09	6.739
354.45	6.628
354.80	6.569
355.16	6.554
355.52	6.533
355.87	6.514
356.23	6.472
356.58	6.537
356.94	6.444
357.29	6.391
357.65	6.342
358.00	6.327
358.36	6.349
358.72	6.295
359.07	6.292
359.43	6.270
359.78	6.271
360.14	6.254
360.49	6.246
360.85	6.213
361.20	6.234
361.56	6.240
361.91	6.221
362.27	6.229
362.62	6.343
362.98	6.350
363.33	6.479
363.69	6.519
364.04	6.465
364.40	6.431
364.75	6.442
365.11	6.429
365.46	6.445
365.82	6.419
366.17	6.393
366.53	6.303
366.88	6.319
367.24	6.280
367.59	6.222
367.95	6.305
368.30	6.318
368.66	6.412
369.01	6.442
369.37	6.414
369.72	6.389
370.08	6.412
370.43	6.465
370.78	6.439
371.14	6.412
371.49	6.422
371.85	6.408
372.20	6.452
372.56	6.395
372.91	6.376
373.26	6.463
373.62	6.482
373.97	6.505
374.33	6.512
374.68	6.511
375.03	6.512
375.39	6.484
375.74	6.489
376.10	6.474
376.45	6.496
376.80	6.483
377.16	6.349
377.51	6.360
377.87	6.366
378.22	6.362
378.57	6.386
378.93	6.410
379.28	6.448
379.63	6.429
379.99	6.441
380.34	6.423
380.70	6.483
381.05	6.573
381.40	6.622
381.76	6.617
382.11	6.642
382.46	6.639
382.82	6.601
383.17	6.643
383.52	6.669
383.88	6.658
384.23	6.707
384.58	6.738
384.94	6.758
385.29	6.762
385.64	6.785
385.99	6.778
386.35	6.791
386.70	6.808
387.05	6.812
387.41	6.852
387.76	6.824
388.11	6.770
388.47	6.730
388.82	6.776
389.17	6.785
389.52	6.768
389.88	6.794
390.23	6.832
390.58	6.838
390.93	6.871
391.29	6.912
391.64	7.012
391.99	7.118
392.34	7.149
392.70	7.137
393.05	7.174
393.40	7.207
393.75	7.216
394.11	7.231
394.46	7.264
394.81	7.227
395.16	7.198
395.52	7.197
395.87	7.205
396.22	7.238
396.57	7.251
396.92	7.258
397.28	7.269
397.63	7.285
397.98	7.307
398.33	7.380
398.68	7.455
399.04	7.465
399.39	7.448
399.74	7.441
400.09	7.469
400.44	7.498
400.80	7.561
401.15	7.606
401.50	7.678
401.85	7.715
402.20	7.718
402.55	7.763
402.90	7.821
403.26	7.899
403.61	7.936
403.96	7.962
404.31	8.027
404.66	8.023
405.01	8.071
405.36	8.121
405.72	8.171
406.07	8.229
406.42	8.294
406.77	8.368
407.12	8.392
407.47	8.463
407.82	8.498
408.17	8.503
408.53	8.562
408.88	8.620
409.23	8.630
409.58	8.699
409.93	8.754
410.28	8.767
410.63	8.785
410.98	8.855
411.33	8.880
411.68	8.952
412.03	9.001
412.38	9.036
412.73	9.064
413.09	9.109
413.44	9.104
413.79	9.134
414.14	9.184
414.49	9.211
414.84	9.239
415.19	9.260
415.54	9.275
415.89	9.275
416.24	9.305
416.59	9.312
416.94	9.323
417.29	9.316
417.64	9.314
417.99	9.315
418.34	9.331
418.69	9.316
419.04	9.329
419.39	9.373
419.74	9.430
420.09	9.453
420.44	9.480
420.79	9.509
421.14	9.562
421.49	9.623
421.84	9.656
422.19	9.703
422.54	9.771
422.89	9.835
423.24	9.862
423.59	9.910
423.94	9.972
424.29	10.042
424.64	10.129
424.99	10.230
425.34	10.276
425.68	10.345
426.03	10.440
426.38	10.513
426.73	10.601
427.08	10.660
427.43	10.717
427.78	10.771
428.13	10.810
428.48	10.837
428.83	10.830
429.18	10.905
429.53	10.964
429.87	10.979
430.22	11.005
430.57	11.035
430.92	11.078
431.27	11.105
431.62	11.148
431.97	11.183
432.32	11.204
432.67	11.257
433.01	11.284
433.36	11.342
433.71	11.387
434.06	11.443
434.41	11.461
434.76	11.505
435.11	11.558
435.45	11.589
435.80	11.610
436.15	11.656
436.50	11.683
436.85	11.707
437.20	11.695
437.54	11.699
437.89	11.714
438.24	11.750
438.59	11.768
438.94	11.772
439.29	11.772
439.63	11.799
439.98	11.825
440.33	11.854
440.68	11.873
441.03	11.933
441.37	11.957
441.72	11.989
442.07	12.013
442.42	12.034
442.76	12.075
443.11	12.101
443.46	12.124
443.81	12.151
444.16	12.180
444.50	12.210
444.85	12.230
445.20	12.285
445.55	12.316
445.89	12.335
446.24	12.389
446.59	12.437
446.94	12.502
447.28	12.567
447.63	12.606
447.98	12.647
448.32	12.691
448.67	12.726
449.02	12.762
449.37	12.813
449.71	12.892
450.06	12.938
450.41	12.947
450.75	12.984
451.10	13.010
451.45	13.056
451.79	13.094
452.14	13.146
452.49	13.193
452.84	13.214
453.18	13.260
453.53	13.280
453.88	13.322
454.22	13.353
454.57	13.351
454.92	13.390
455.26	13.408
455.61	13.418
455.95	13.415
456.30	13.398
456.65	13.408
456.99	13.414
457.34	13.428
457.69	13.444
458.03	13.467
458.38	13.516
458.73	13.574
459.07	13.623
459.42	13.689
459.76	13.746
460.11	13.847
460.46	13.938
460.80	14.008
461.15	14.094
461.49	14.152
461.84	14.243
462.19	14.326
462.53	14.363
462.88	14.418
463.22	14.465
463.57	14.529
463.91	14.571
464.26	14.637
464.61	14.677
464.95	14.734
465.30	14.813
465.64	14.870
465.99	14.926
466.33	14.980
466.68	15.027
467.02	15.078
467.37	15.123
467.71	15.168
468.06	15.203
468.41	15.260
468.75	15.303
469.10	15.332
469.44	15.393
469.79	15.396
470.13	15.413
470.48	15.482
470.82	15.531
471.17	15.562
471.51	15.584
471.86	15.617
472.20	15.647
472.55	15.669
472.89	15.671
473.23	15.674
473.58	15.704
473.92	15.727
474.27	15.706
474.61	15.698
474.96	15.714
475.30	15.729
475.65	15.757
475.99	15.778
476.34	15.799
476.68	15.816
477.02	15.833
477.37	15.844
477.71	15.874
478.06	15.900
478.40	15.924
478.75	15.988
479.09	16.072
479.43	16.127
479.78	16.219
480.12	16.337
480.47	16.482
480.81	16.628
481.15	16.801
481.50	16.976
481.84	17.192
482.19	17.419
482.53	17.577
482.87	17.628
483.22	17.565
483.56	17.387
483.90	17.185
484.25	17.047
484.59	16.975
484.94	16.860
485.28	16.714
485.62	16.530
485.97	16.326
486.31	16.174
486.65	16.130
487.00	16.232
487.34	16.465
487.68	16.715
488.03	16.866
488.37	16.909
488.71	16.967
489.06	17.033
489.40	17.090
489.74	17.141
490.09	17.192
490.43	17.240
490.77	17.289
491.11	17.340
491.46	17.408
491.80	17.472
492.14	17.527
492.49	17.599
492.83	17.666
493.17	17.726
493.51	17.779
493.86	17.853
494.20	17.942
494.54	17.998
494.88	18.065
495.23	18.114
495.57	18.162
495.91	18.248
496.25	18.311
496.60	18.395
496.94	18.483
497.28	18.598
497.62	18.701
497.97	18.828
498.31	18.946
498.65	19.062
498.99	19.195
499.33	19.326
499.68	19.445
500.02	19.586
500.36	19.686
500.70	19.824
501.04	19.938
501.39	20.042
501.73	20.115
502.07	20.226
502.41	20.332
502.75	20.404
503.09	20.532
503.44	20.635
503.78	20.697
504.12	20.823
504.46	20.902
504.80	21.016
505.14	21.126
505.49	21.247
505.83	21.359
506.17	21.466
506.51	21.599
506.85	21.698
507.19	21.802
507.53	21.947
507.87	22.066
508.22	22.177
508.56	22.289
508.90	22.395
509.24	22.522
509.58	22.647
509.92	22.773
510.26	22.908
510.60	23.049
510.94	23.178
511.28	23.308
511.63	23.457
511.97	23.610
512.31	23.755
512.65	23.924
512.99	24.051
513.33	24.176
513.67	24.307
514.01	24.425
514.35	24.514
514.69	24.620
515.03	24.699
515.37	24.757
515.71	24.823
516.05	24.892
516.39	24.972
516.73	25.034
517.07	25.105
517.41	25.200
517.75	25.303
518.09	25.411
518.43	25.526
518.77	25.658
519.11	25.759
519.45	25.891
519.79	26.030
520.13	26.139
520.47	26.264
520.81	26.414
521.15	26.502
521.49	26.538
521.83	26.584
522.17	26.635
522.51	26.666
522.85	26.727
523.19	26.802
523.53	26.893
523.87	27.008
524.21	27.140
524.55	27.269
524.89	27.384
525.23	27.534
525.57	27.674
525.91	27.796
526.25	27.936
526.58	28.051
526.92	28.156
527.26	28.238
527.60	28.296
527.94	28.330
528.28	28.363
528.62	28.391
528.96	28.398
529.30	28.403
529.64	28.422
529.97	28.409
530.31	28.420
530.65	28.415
530.99	28.416
531.33	28.437
531.67	28.502
532.01	28.548
532.35	28.613
532.68	28.677
533.02	28.722
533.36	28.733
533.70	28.788
534.04	28.825
534.38	28.881
534.71	28.942
535.05	28.986
535.39	28.999
535.73	29.008
536.07	29.021
536.41	29.064
536.74	29.116
537.08	29.195
537.42	29.242
537.76	29.294
538.10	29.362
538.43	29.427
538.77	29.487
539.11	29.554
539.45	29.617
539.79	29.678
540.12	29.712
540.46	29.753
540.80	29.769
541.14	29.790
541.47	29.813
541.81	29.810
542.15	29.823
542.49	29.843
542.82	29.878
543.16	29.896
543.50	29.933
543.84	29.951
544.17	29.985
544.51	30.053
544.85	30.115
545.18	30.167
545.52	30.256
545.86	30.310
546.20	30.416
546.53	30.468
546.87	30.568
547.21	30.633
547.54	30.735
547.88	30.820
548.22	30.884
548.55	30.937
548.89	31.035
549.23	31.082
549.56	31.160
549.90	31.178
550.24	31.234
550.57	31.244
550.91	31.257
551.25	31.289
551.58	31.291
551.92	31.333
552.26	31.413
552.59	31.456
552.93	31.514
553.27	31.531
553.60	31.562
553.94	31.608
554.27	31.670
554.61	31.757
554.95	31.810
555.28	31.905
555.62	31.933
555.95	31.964
556.29	31.974
556.63	31.992
556.96	32.031
557.30	32.079
557.63	32.075
557.97	32.099
558.31	32.100
558.64	32.122
558.98	32.128
559.31	32.186
559.65	32.196
559.98	32.206
560.32	32.232
560.65	32.241
560.99	32.225
561.33	32.231
561.66	32.220
562.00	32.206
562.33	32.220
562.67	32.230
563.00	32.195
563.34	32.207
563.67	32.235
564.01	32.223
564.34	32.213
564.68	32.249
565.01	32.255
565.35	32.279
565.68	32.307
566.02	32.279
566.35	32.300
566.69	32.350
567.02	32.317
567.36	32.339
567.69	32.334
568.03	32.339
568.36	32.325
568.69	32.338
569.03	32.329
569.36	32.342
569.70	32.363
570.03	32.359
570.37	32.331
570.70	32.393
571.04	32.364
571.37	32.358
571.70	32.402
572.04	32.424
572.37	32.456
572.71	32.484
573.04	32.516
573.37	32.546
573.71	32.567
574.04	32.617
574.38	32.632
574.71	32.704
575.04	32.826
575.38	32.869
575.71	32.947
576.05	33.035
576.38	33.123
576.71	33.194
577.05	33.281
577.38	33.361
577.71	33.439
578.05	33.488
578.38	33.532
578.71	33.526
579.05	33.535
579.38	33.533
579.71	33.544
580.05	33.560
580.38	33.562
580.71	33.597
581.05	33.627
581.38	33.647
581.71	33.660
582.05	33.688
582.38	33.666
582.71	33.698
583.04	33.761
583.38	33.761
583.71	33.770
584.04	33.771
584.38	33.767
584.71	33.737
585.04	33.735
585.37	33.714
585.71	33.681
586.04	33.680
586.37	33.675
586.70	33.638
587.04	33.646
587.37	33.635
587.70	33.616
588.03	33.578
588.37	33.605
588.70	33.580
589.03	33.584
589.36	33.606
589.69	33.630
590.03	33.606
590.36	33.603
590.69	33.543
591.02	33.524
591.35	33.507
591.69	33.457
592.02	33.341
592.35	33.300
592.68	33.246
593.01	33.151
593.35	33.115
593.68	33.061
594.01	32.983
594.34	32.938
594.67	32.913
595.00	32.832
595.34	32.800
595.67	32.792
596.00	32.785
596.33	32.808
596.66	32.825
596.99	32.832
597.32	32.912
597.65	32.921
597.99	32.936
598.32	32.907
598.65	32.922
598.98	32.920
599.31	32.904
599.64	32.838
599.97	32.791
600.30	32.768
600.63	32.701
600.96	32.605
601.30	32.572
601.63	32.464
601.96	32.430
602.29	32.435
602.62	32.417
602.95	32.427
603.28	32.429
603.61	32.400
603.94	32.341
604.27	32.324
604.60	32.313
604.93	32.327
605.26	32.366
605.59	32.353
605.92	32.343
606.25	32.347
606.58	32.303
606.91	32.267
607.24	32.257
607.57	32.275
607.90	32.284
608.23	32.263
608.56	32.232
608.89	32.247
609.22	32.227
609.55	32.241
609.88	32.264
610.21	32.341
610.54	32.389
610.87	32.393
611.20	32.415
611.53	32.447
611.86	32.498
612.19	32.520
612.52	32.537
612.85	32.580
613.18	32.603
613.51	32.569
613.84	32.501
614.17	32.512
614.49	32.475
614.82	32.463
615.15	32.393
615.48	32.368
615.81	32.357
616.14	32.328
616.47	32.309
616.80	32.244
617.13	32.241
617.46	32.215
617.78	32.149
618.11	32.154
618.44	32.168
618.77	32.159
619.10	32.124
619.43	32.108
619.76	32.089
620.09	32.043
620.41	32.003
620.74	31.955
621.07	31.954
621.40	31.926
621.73	31.883
622.06	31.807
622.38	31.781
622.71	31.689
623.04	31.610
623.37	31.581
623.70	31.552
624.02	31.508
624.35	31.420
624.68	31.381
625.01	31.302
625.34	31.280
625.66	31.229
625.99	31.159
626.32	31.188
626.65	31.211
626.98	31.186
627.30	31.227
627.63	31.209
627.96	31.208
628.29	31.216
628.61	31.227
628.94	31.210
629.27	31.155
629.60	31.173
629.92	31.141
630.25	31.081
630.58	31.006
630.91	30.851
631.23	30.821
631.56	30.814
631.89	30.738
632.21	30.699
632.54	30.684
632.87	30.740
633.19	30.701
633.52	30.639
633.85	30.608
634.18	30.591
634.50	30.639
634.83	30.619
635.16	30.584
635.48	30.572
635.81	30.584
636.14	30.538
636.46	30.491
636.79	30.522
637.11	30.512
637.44	30.486
637.77	30.524
638.09	30.484
638.42	30.441
638.75	30.463
639.07	30.451
639.40	30.445
639.73	30.391
640.05	30.328
640.38	30.224
640.70	30.159
641.03	30.155
641.36	30.090
641.68	30.070
642.01	30.077
642.33	29.992
642.66	29.904
642.98	29.866
643.31	29.806
643.64	29.826
643.96	29.843
644.29	29.843
644.61	29.764
644.94	29.744
645.26	29.701
645.59	29.694
645.91	29.664
646.24	29.621
646.56	29.569
646.89	29.569
647.22	29.488
647.54	29.386
647.87	29.371
648.19	29.362
648.52	29.371
648.84	29.292
649.17	29.192
649.49	29.149
649.82	29.110
650.14	29.059
650.47	29.026
650.79	28.989
651.11	28.938
651.44	28.873
651.76	28.838
652.09	28.720
652.41	28.722
652.74	28.719
653.06	28.667
653.39	28.670
653.71	28.561
654.04	28.544
654.36	28.474
654.68	28.396
655.01	28.401
655.33	28.314
655.66	28.236
655.98	28.141
656.30	28.055
656.63	27.989
656.95	27.914
657.28	27.878
657.60	27.788
657.92	27.752
658.25	27.785
658.57	27.654
658.90	27.655
659.22	27.666
659.54	27.610
659.87	27.565
660.19	27.567
660.51	27.543
660.84	27.518
661.16	27.528
661.48	27.567
661.81	27.474
662.13	27.422
662.45	27.411
662.78	27.336
663.10	27.300
663.42	27.281
663.75	27.231
664.07	27.228
664.39	27.238
664.72	27.192
665.04	27.144
665.36	27.118
665.69	27.139
666.01	27.034
666.33	27.022
666.65	26.998
666.98	26.930
667.30	26.953
667.62	26.853
667.94	26.784
668.27	26.759
668.59	26.619
668.91	26.678
669.23	26.672
669.56	26.702
669.88	26.576
670.20	26.535
670.52	26.500
670.85	26.485
671.17	26.436
671.49	26.425
671.81	26.353
672.13	26.355
672.46	26.195
672.78	26.119
673.10	25.908
673.42	25.922
673.74	25.861
674.07	25.852
674.39	25.714
674.71	25.696
675.03	25.579
675.35	25.515
675.67	25.434
676.00	25.417
676.32	25.404
676.64	25.451
676.96	25.485
677.28	25.551
677.60	25.466
677.92	25.394
678.25	25.301
678.57	25.274
678.89	25.251
679.21	25.295
679.53	25.300
679.85	25.280
680.17	25.257
680.49	25.134
680.81	25.027
681.13	25.063
681.46	25.040
681.78	25.061
682.10	25.094
682.42	25.081
682.74	25.031
683.06	24.944
683.38	24.934
683.70	24.919
684.02	24.927
684.34	24.957
684.66	24.941
684.98	24.973
685.30	24.960
685.62	24.943
685.94	24.945
686.26	24.943
686.58	24.922
686.90	24.804
687.22	24.758
687.54	24.680
687.86	24.576
688.18	24.507
688.50	24.468
688.82	24.445
689.14	24.379
689.46	24.312
689.78	24.236
690.10	24.187
690.42	24.163
690.74	24.067
691.06	24.057
691.38	24.034
691.70	23.916
692.02	23.778
692.34	23.635
692.66	23.560
692.98	23.413
693.30	23.306
693.62	23.264
693.94	23.274
694.26	23.232
694.57	23.185
694.89	23.107
695.21	23.070
695.53	23.075
695.85	23.055
696.17	23.016
696.49	22.973
696.81	23.013
697.13	23.035
697.44	23.000
697.76	23.048
698.08	23.021
698.40	23.016
698.72	22.971
699.04	22.900
699.36	22.911
699.67	22.811
699.99	22.741
700.31	22.550
700.63	22.349
700.95	22.156
701.27	21.946
701.58	21.882
701.90	21.801
702.22	21.712
702.54	21.727
702.86	21.639
703.17	21.585
703.49	21.533
703.81	21.563
704.13	21.501
704.45	21.566
704.76	21.550
705.08	21.433
705.40	21.305
705.72	21.339
706.03	21.303
706.35	21.310
706.67	21.337
706.99	21.386
707.30	21.351
707.62	21.466
707.94	21.419
708.26	21.378
708.57	21.413
708.89	21.525
709.21	21.507
709.53	21.432
709.84	21.404
710.16	21.356
710.48	21.394
710.79	21.422
711.11	21.293
711.43	21.303
711.74	21.313
712.06	21.335
712.38	21.336
712.69	21.338
713.01	21.398
713.33	21.383
713.64	21.497
713.96	21.508
714.28	21.528
714.59	21.732
714.91	21.772
715.23	21.863
715.54	21.810
715.86	21.784
716.17	21.851
716.49	21.805
716.81	21.729
717.12	21.670
717.44	21.700
717.76	21.677
718.07	21.495
718.39	21.398
718.70	21.390
719.02	21.400
719.33	21.350
719.65	21.226
719.97	21.128
720.28	21.132
720.60	21.176
720.91	21.033
721.23	20.919
721.54	20.938
721.86	20.994
722.17	20.940
722.49	20.961
722.81	21.089
723.12	21.132
723.44	21.313
723.75	21.379
724.07	21.260
724.38	21.290
724.70	21.321
725.01	21.333
725.33	21.337
725.64	21.252
725.96	21.168
726.27	21.006
726.59	21.002
726.90	20.810
727.22	20.784
727.53	20.925
727.84	20.851
728.16	20.872
728.47	20.914
728.79	20.835
729.10	20.807
729.42	20.720
729.73	20.751
730.05	20.693
730.36	20.677
730.67	20.600
730.99	20.329
731.30	20.255
731.62	20.234
731.93	20.085
732.24	19.868
732.56	19.885
732.87	19.965
733.19	19.817
733.50	19.898
733.81	19.859
734.13	19.749
734.44	19.832
734.76	19.818
735.07	19.548
735.38	19.423
735.70	19.419
736.01	19.378
736.32	19.287
736.64	19.218
736.95	18.865
737.26	18.821
737.58	18.824
737.89	18.893
738.20	18.836
738.52	18.871
738.83	18.774
739.14	18.766
739.45	18.674
739.77	18.498
740.08	18.542
740.39	18.559
740.71	18.506
741.02	18.300
741.33	17.987
741.64	17.866
741.96	17.845
742.27	17.919
742.58	17.819
742.90	17.704
743.21	17.705
743.52	17.634
743.83	17.472
744.14	17.286
744.46	17.377
744.77	17.518
745.08	17.587
745.39	17.589
745.71	17.505
746.02	17.486
746.33	17.673
746.64	17.707
746.95	17.632
747.27	17.640
747.58	17.809
747.89	17.845
748.20	17.691
748.51	17.601
748.82	17.542
749.14	17.574
749.45	17.556
749.76	17.415
750.07	17.465
750.38	17.448
750.69	17.662
751.01	17.602
751.32	17.606
751.63	17.342
751.94	17.201
752.25	17.149
752.56	17.021
752.87	17.108
753.18	16.958
753.49	16.859
753.81	16.883
754.12	16.885
754.43	16.965
754.74	16.857
755.05	17.204
755.36	17.461
755.67	17.707
755.98	18.091
756.29	18.256
756.60	18.623
756.91	19.014
757.22	19.329
757.53	19.490
757.84	19.718
758.15	20.188
758.46	20.342
758.77	20.642
759.09	20.832
759.40	20.927
759.71	21.029
760.02	21.021
760.33	20.955
760.64	20.870
760.95	20.895
761.26	20.831
761.57	20.734
761.88	20.746
762.18	20.684
762.49	20.613
762.80	20.503
763.11	20.493
763.42	20.368
763.73	20.250
764.04	20.118
764.35	19.885
764.66	19.623
764.97	19.405
765.28	19.098
765.59	18.800
765.90	18.446
766.21	18.177
766.52	17.735
766.83	17.571
767.14	17.405
767.44	17.213
767.75	17.063
768.06	16.828
768.37	16.690
768.68	16.507
768.99	16.234
769.30	16.144
769.61	15.873
769.91	15.664
770.22	15.367
770.53	15.337
770.84	15.138
771.15	15.068
771.46	15.377
771.77	15.362
772.07	15.310
772.38	15.272
772.69	15.178
773.00	15.119
773.31	15.422
773.61	15.333
773.92	15.166
774.23	15.282
774.54	15.130
774.85	14.982
775.15	14.767
775.46	14.570
775.77	14.515
776.08	14.643
776.39	14.677
776.69	14.641
777.00	14.898
777.31	14.820
777.62	14.838
777.92	15.413
778.23	15.296
778.54	15.230
778.85	15.710
779.15	15.735
779.46	15.871
779.77	15.989
780.07	15.918
780.38	15.781
780.69	15.949
781.00	16.102
781.30	15.741
781.61	15.990
781.92	16.105
782.22	15.945
782.53	15.988
782.84	15.701
783.14	15.746
783.45	15.728
783.76	15.871
784.06	15.741
784.37	15.872
784.68	15.971
784.98	16.048
785.29	16.461
785.60	16.512
785.90	16.940
786.21	17.247
786.51	17.545
786.82	17.710
787.13	17.963
787.43	18.042
787.74	17.923
788.04	18.004
788.35	17.935
788.66	17.739
788.96	17.762
789.27	17.510
789.57	17.380
789.88	17.156
790.19	17.033
790.49	16.809
790.80	16.645
791.10	16.606
791.41	16.506
791.71	16.443
792.02	16.223
792.32	16.098
792.63	16.214
792.93	16.026
793.24	15.882
793.54	15.792
793.85	16.036
794.15	16.258
794.46	16.291
794.76	16.209
795.07	16.210
795.37	16.431
795.68	16.812
795.98	16.737
796.29	16.903
796.59	17.064
796.90	17.213
797.20	16.882
797.51	16.901
797.81	16.991
798.12	17.171
798.42	17.498
798.72	17.794
799.03	17.658
799.33	17.660
799.64	17.823
799.94	18.058
800.25	18.147
800.55	18.251
800.85	18.249
801.16	18.050
801.46	18.007
801.77	17.769
802.07	17.740
802.37	17.642
802.68	17.835
802.98	17.872
803.28	17.552
803.59	17.763
803.89	17.730
804.20	18.074
804.50	18.124
804.80	18.041
805.11	18.054
805.41	17.778
805.71	17.720
806.02	17.453
806.32	16.977
806.62	16.953
806.93	16.512
807.23	16.785
807.53	16.483
807.83	16.609
808.14	16.700
808.44	16.677
808.74	16.847
809.05	17.019
809.35	17.068
809.65	17.603
809.95	17.857
810.26	18.389
810.56	18.380
810.86	18.746
811.16	19.146
811.47	19.314
811.77	19.656
812.07	19.957
812.37	19.979
812.68	20.841
812.98	21.049
813.28	21.268
813.58	21.348
813.88	21.140
814.19	21.458
814.49	21.450
814.79	21.542
815.09	21.269
815.39	21.014
815.70	21.422
816.00	20.708
816.30	20.577
816.60	20.164
816.90	20.088
817.20	20.564
817.50	20.258
817.81	20.362
818.11	20.533
818.41	20.715
818.71	20.839
819.01	20.767
819.31	20.978
819.61	21.083
819.92	21.209
820.22	21.276
820.52	21.229
820.82	21.284
821.12	21.287
821.42	21.276
821.72	21.284
822.02	21.277
822.32	21.322
822.62	21.364
822.92	21.362
823.22	21.355
823.52	21.365
823.83	21.391
824.13	21.362
824.43	21.306
824.73	21.382
825.03	21.443
825.33	21.536
825.63	21.476
825.93	21.295
826.23	21.220
826.53	21.252
826.83	21.158
827.13	21.079
827.43	21.144
827.73	21.203
828.03	21.025
828.33	20.971
828.63	20.709
828.93	20.950
829.23	21.117
829.53	21.200
829.83	21.250
830.13	21.277
830.42	21.384
830.72	21.167
831.02	21.094
831.32	21.098
831.62	20.932
831.92	20.886
832.22	20.572
832.52	20.399
832.82	20.319
833.12	20.133
833.42	20.180
833.72	20.098
834.01	20.057
834.31	19.820
834.61	19.845
834.91	19.787
835.21	19.870
835.51	19.661
835.81	19.474
836.11	19.403
836.40	19.633
836.70	19.505
837.00	19.327
837.30	19.651
837.60	19.945
837.90	20.002
838.19	20.410
838.49	20.298
838.79	20.500
839.09	20.584
839.39	20.413
839.68	19.657
839.98	19.552
840.28	19.878
840.58	19.332
840.88	19.630
841.17	19.072
841.47	18.953
841.77	18.833
842.07	18.816
842.36	18.801
842.66	18.441
842.96	19.108
843.26	18.534
843.55	17.295
843.85	16.497
844.15	15.124
844.45	14.902
844.74	14.320
845.04	14.302
845.34	14.823
845.63	15.280
845.93	15.827
846.23	16.502
846.53	17.018
846.82	17.561
847.12	18.043
847.42	19.233
847.71	20.092
848.01	19.215
848.31	19.579
848.60	18.837
848.90	17.762
849.19	18.136
849.49	17.008
849.79	17.024
850.08	17.563
850.38	18.290
850.68	18.110
850.97	18.450
851.27	19.432
851.56	18.165
851.86	17.318
852.16	18.184
852.45	17.987
852.75	17.717
853.04	16.287
853.34	15.872
853.64	15.258
853.93	15.521
854.23	14.555
854.52	13.608
854.82	14.812
855.11	15.962
855.41	15.166
855.70	14.248
856.00	14.021
856.30	14.884
856.59	13.522
856.89	13.343
857.18	12.469
857.48	12.091
857.77	13.086
858.07	14.272
858.36	14.685
858.66	14.884
858.95	15.660
859.25	16.416
859.54	17.149
859.84	18.228
860.13	17.654
860.42	18.662
860.72	19.397
861.01	19.071
861.31	17.906
861.60	18.387
861.90	19.280
862.19	18.984
862.49	18.648
862.78	18.999
863.07	18.394
863.37	20.473
863.66	20.340
863.96	20.534
864.25	21.582
864.54	21.578
864.84	20.937
865.13	20.270
865.43	20.827
865.72	30.146
866.01	18.537
866.31	22.131
866.60	12.185
866.89	20.203
>>>>>End Spectral Data<<<<<
