180.30	0.000
180.67	0.000
181.03	-100.726
181.40	-50.480
181.77	-83.191
182.14	57.375
182.51	499.155
182.88	-82.234
183.25	64.170
183.62	355.742
183.99	72.685
184.36	269.566
184.73	-112.968
185.10	1329.657
185.46	-79.582
185.83	111.923
186.20	-34.773
186.57	277.431
186.94	87.678
187.31	-29.139
187.68	-85.727
188.05	-76.738
188.42	-18.808
188.78	273.727
189.15	137.904
189.52	100.851
189.89	87.770
190.26	84.966
190.63	96.198
191.00	87.784
191.37	81.080
191.73	114.675
192.10	73.858
192.47	24.455
192.84	-156.977
193.21	-198.277
193.58	-225.224
193.94	-186.832
194.31	-55.458
194.68	-17.025
195.05	-10.002
195.42	2.719
195.79	-7.965
196.15	17.070
196.52	47.141
196.89	60.890
197.26	41.465
197.63	35.427
198.00	45.673
198.36	29.310
198.73	74.032
199.10	-8.211
199.47	2.830
199.84	24.742
200.20	-28.999
200.57	-28.569
200.94	4.879
201.31	19.591
201.68	36.357
202.04	39.375
202.41	29.056
202.78	32.033
203.15	37.154
203.51	37.867
203.88	39.999
204.25	33.896
204.62	18.513
204.98	7.308
205.35	-26.385
205.72	-66.606
206.09	-125.145
206.46	-60.499
206.82	-95.529
207.19	-92.747
207.56	-110.823
207.92	-142.845
208.29	-30.237
208.66	19.549
209.03	2.789
209.39	52.229
209.76	50.459
210.13	44.945
210.50	50.981
210.86	32.322
211.23	-1.669
211.60	-37.243
211.96	-44.716
212.33	-171.509
212.70	7258.099
213.07	560.433
213.43	513.705
213.80	1572.602
214.17	274.345
214.53	1430.030
214.90	-142.686
215.27	-28.804
215.63	-23.018
216.00	12.261
216.37	13.345
216.74	6.945
217.10	-2.236
217.47	-8.306
217.84	-13.649
218.20	-5.441
218.57	12.013
218.94	2.327
219.30	-0.046
219.67	8.925
220.04	6.450
220.40	13.307
220.77	18.354
221.13	23.576
221.50	18.161
221.87	23.188
222.23	22.807
222.60	12.737
222.97	13.570
223.33	14.732
223.70	6.374
224.07	6.468
224.43	3.992
224.80	7.788
225.16	4.663
225.53	6.581
225.90	4.337
226.26	4.200
226.63	4.104
226.99	2.982
227.36	1.575
227.73	2.453
228.09	1.943
228.46	2.442
228.82	-0.267
229.19	0.722
229.56	-1.770
229.92	-0.048
230.29	-0.735
230.65	1.433
231.02	0.564
231.38	2.964
231.75	2.404
232.12	2.596
232.48	-0.218
232.85	0.990
233.21	1.680
233.58	4.524
233.94	2.844
234.31	3.781
234.68	1.290
235.04	4.573
235.41	3.431
235.77	3.558
236.14	5.174
236.50	8.418
236.87	9.665
237.23	8.532
237.60	5.978
237.96	6.115
238.33	4.672
238.69	4.985
239.06	3.807
239.42	3.415
239.79	4.454
240.15	4.760
240.52	4.189
240.88	3.327
241.25	3.506
241.61	3.589
241.98	3.387
242.34	3.697
242.71	4.102
243.07	4.010
243.44	4.191
243.80	4.151
244.17	3.515
244.53	3.257
244.90	3.525
245.26	3.922
245.63	4.390
245.99	4.479
246.36	4.519
246.72	4.260
247.09	4.368
247.45	4.487
247.81	4.478
248.18	4.672
248.54	5.104
248.91	5.126
249.27	4.185
249.64	4.322
250.00	4.516
250.36	4.663
250.73	4.432
251.09	4.241
251.46	3.449
251.82	3.321
252.19	3.070
252.55	2.830
252.91	2.985
253.28	3.880
253.64	3.584
254.01	3.040
254.37	3.375
254.73	3.836
255.10	4.357
255.46	4.941
255.83	5.024
256.19	5.230
256.55	5.110
256.92	5.045
257.28	5.282
257.65	5.669
258.01	5.660
258.37	5.612
258.74	5.547
259.10	5.500
259.46	5.401
259.83	5.434
260.19	5.467
260.55	5.474
260.92	5.562
261.28	5.003
261.64	4.470
262.01	4.378
262.37	3.837
262.73	3.845
263.10	3.510
263.46	4.111
263.82	3.604
264.19	3.134
264.55	3.489
264.91	3.592
265.28	3.991
265.64	3.906
266.00	3.724
266.37	4.245
266.73	4.243
267.09	4.478
267.46	3.670
267.82	3.794
268.18	4.132
268.54	4.080
268.91	4.181
269.27	3.926
269.63	3.727
270.00	4.009
270.36	3.623
270.72	3.521
271.08	3.280
271.45	3.796
271.81	4.025
272.17	4.250
272.53	4.554
272.90	4.477
273.26	4.551
273.62	4.872
273.98	5.034
274.35	5.450
274.71	5.294
275.07	5.811
275.43	5.799
275.80	5.792
276.16	5.436
276.52	4.874
276.88	4.672
277.25	4.519
277.61	4.531
277.97	4.388
278.33	4.175
278.69	4.374
279.06	3.847
279.42	3.913
279.78	3.975
280.14	4.108
280.50	4.180
280.87	4.271
281.23	4.321
281.59	4.306
281.95	4.333
282.31	4.430
282.68	4.461
283.04	4.485
283.40	4.049
283.76	3.938
284.12	3.885
284.48	3.762
284.85	3.576
285.21	3.713
285.57	3.729
285.93	3.655
286.29	3.551
286.65	3.434
287.02	3.436
287.38	3.618
287.74	3.680
288.10	3.521
288.46	3.553
288.82	3.508
289.18	3.237
289.54	3.117
289.91	3.126
290.27	3.316
290.63	3.541
290.99	3.652
291.35	3.569
291.71	3.352
292.07	3.529
292.43	3.549
292.79	3.737
293.16	4.081
293.52	4.095
293.88	4.085
294.24	3.897
294.60	3.799
294.96	3.850
295.32	3.847
295.68	3.770
296.04	3.843
296.40	3.885
296.76	3.824
297.12	3.719
297.49	3.825
297.85	4.019
298.21	4.154
298.57	4.131
298.93	4.149
299.29	4.383
299.65	4.892
300.01	4.853
300.37	4.993
300.73	5.134
301.09	5.108
301.45	4.948
301.81	4.847
302.17	4.731
302.53	4.602
302.89	4.579
303.25	4.498
303.61	4.142
303.97	4.342
304.33	4.437
304.69	4.688
305.05	4.818
305.41	5.101
305.77	5.110
306.13	5.226
306.49	5.543
306.85	5.682
307.21	5.606
307.57	5.617
307.93	5.413
308.29	5.268
308.65	4.901
309.01	4.769
309.37	4.598
309.73	4.670
310.09	4.539
310.45	4.403
310.81	4.376
311.17	4.445
311.53	4.516
311.89	4.635
312.25	4.699
312.61	4.923
312.96	5.108
313.32	5.154
313.68	5.024
314.04	5.248
314.40	5.223
314.76	5.138
315.12	5.106
315.48	5.064
315.84	4.770
316.20	4.624
316.56	4.555
316.92	4.427
317.27	4.526
317.63	4.453
317.99	4.269
318.35	4.262
318.71	4.390
319.07	4.557
319.43	4.474
319.79	4.631
320.15	4.746
320.50	4.822
320.86	4.902
321.22	4.933
321.58	4.954
321.94	5.063
322.30	5.258
322.66	5.181
323.01	5.031
323.37	5.251
323.73	5.286
324.09	5.442
324.45	5.426
324.81	5.485
325.17	5.458
325.52	5.574
325.88	5.504
326.24	5.318
326.60	5.336
326.96	5.556
327.31	5.463
327.67	5.542
328.03	5.444
328.39	5.439
328.75	5.470
329.11	5.579
329.46	5.640
329.82	5.768
330.18	5.920
330.54	5.919
330.90	5.833
331.25	5.867
331.61	5.899
331.97	5.897
332.33	5.895
332.68	5.878
333.04	5.796
333.40	5.720
333.76	5.630
334.11	5.615
334.47	5.731
334.83	5.665
335.19	5.684
335.54	5.585
335.90	5.626
336.26	5.547
336.62	5.577
336.97	5.478
337.33	5.592
337.69	5.686
338.05	5.778
338.40	5.655
338.76	5.685
339.12	5.694
339.48	5.718
339.83	5.715
340.19	5.858
340.55	5.814
340.90	5.948
341.26	5.893
341.62	5.832
341.97	5.828
342.33	5.824
342.69	5.881
343.04	5.852
343.40	5.943
343.76	5.963
344.12	5.887
344.47	5.861
344.83	5.861
345.19	5.910
345.54	5.893
345.90	5.743
346.26	5.850
346.61	5.745
346.97	5.747
347.32	5.657
347.68	5.663
348.04	5.686
348.39	5.766
348.75	5.746
349.11	5.654
349.46	5.722
349.82	5.767
350.18	5.659
350.53	5.877
350.89	5.903
351.24	6.002
351.60	5.964
351.96	6.007
352.31	6.001
352.67	5.984
353.02	5.996
353.38	6.064
353.74	6.149
354.09	6.216
354.45	6.011
354.80	6.038
355.16	6.008
355.52	5.997
355.87	6.043
356.23	6.072
356.58	6.093
356.94	6.149
357.29	6.051
357.65	6.066
358.00	6.085
358.36	6.167
358.72	6.148
359.07	6.134
359.43	6.197
359.78	6.148
360.14	6.145
360.49	6.093
360.85	6.097
361.20	6.158
361.56	6.182
361.91	6.221
362.27	6.283
362.62	6.340
362.98	6.357
363.33	6.414
363.69	6.502
364.04	6.541
364.40	6.651
364.75	6.652
365.11	6.683
365.46	6.603
365.82	6.506
366.17	6.409
366.53	6.337
366.88	6.355
367.24	6.302
367.59	6.246
367.95	6.268
368.30	6.277
368.66	6.362
369.01	6.392
369.37	6.454
369.72	6.598
370.08	6.688
370.43	6.756
370.78	6.810
371.14	6.817
371.49	6.870
371.85	6.853
372.20	6.861
372.56	6.857
372.91	6.834
373.26	6.965
373.62	6.923
373.97	6.946
374.33	6.925
374.68	6.965
375.03	7.008
375.39	6.982
375.74	7.032
376.10	7.087
376.45	7.128
376.80	7.222
377.16	7.157
377.51	7.232
377.87	7.328
378.22	7.438
378.57	7.500
378.93	7.549
379.28	7.625
379.63	7.693
379.99	7.719
380.34	7.733
380.70	7.733
381.05	7.817
381.40	7.858
381.76	7.881
382.11	7.893
382.46	7.875
382.82	7.894
383.17	7.955
383.52	7.992
383.88	8.028
384.23	8.097
384.58	8.196
384.94	8.235
385.29	8.312
385.64	8.325
385.99	8.359
386.35	8.426
386.70	8.524
387.05	8.607
387.41	8.645
387.76	8.687
388.11	8.727
388.47	8.731
388.82	8.773
389.17	8.825
389.52	8.847
389.88	8.942
390.23	9.034
390.58	9.047
390.93	9.113
391.29	9.208
391.64	9.297
391.99	9.361
392.34	9.418
392.70	9.470
393.05	9.471
393.40	9.549
393.75	9.575
394.11	9.555
394.46	9.569
394.81	9.592
395.16	9.602
395.52	9.658
395.87	9.697
396.22	9.730
396.57	9.753
396.92	9.782
397.28	9.803
397.63	9.808
397.98	9.904
398.33	10.016
398.68	10.034
399.04	10.025
399.39	10.029
399.74	10.085
400.09	10.152
400.44	10.215
400.80	10.281
401.15	10.283
401.50	10.332
401.85	10.307
402.20	10.341
402.55	10.365
402.90	10.442
403.26	10.465
403.61	10.466
403.96	10.481
404.31	10.515
404.66	10.544
405.01	10.663
405.36	10.699
405.72	10.769
406.07	10.778
406.42	10.870
406.77	10.873
407.12	10.934
407.47	10.981
407.82	11.034
408.17	11.027
408.53	11.078
408.88	11.077
409.23	11.107
409.58	11.148
409.93	11.183
410.28	11.186
410.63	11.254
410.98	11.265
411.33	11.285
411.68	11.321
412.03	11.332
412.38	11.338
412.73	11.355
413.09	11.328
413.44	11.326
413.79	11.313
414.14	11.297
414.49	11.259
414.84	11.258
415.19	11.213
415.54	11.158
415.89	11.138
416.24	11.095
416.59	11.075
416.94	11.058
417.29	11.024
417.64	11.029
417.99	11.009
418.34	11.003
418.69	10.981
419.04	10.996
419.39	11.025
419.74	11.056
420.09	11.059
420.44	11.055
420.79	11.098
421.14	11.129
421.49	11.153
421.84	11.167
422.19	11.196
422.54	11.239
422.89	11.271
423.24	11.271
423.59	11.309
423.94	11.381
424.29	11.437
424.64	11.484
424.99	11.549
425.34	11.591
425.68	11.636
426.03	11.708
426.38	11.768
426.73	11.816
427.08	11.880
427.43	11.935
427.78	11.916
428.13	11.932
428.48	11.952
428.83	11.962
429.18	11.983
429.53	12.027
429.87	12.007
430.22	12.016
430.57	12.047
430.92	12.049
431.27	12.036
431.62	12.069
431.97	12.084
432.32	12.075
432.67	12.080
433.01	12.083
433.36	12.106
433.71	12.124
434.06	12.148
434.41	12.167
434.76	12.202
435.11	12.227
435.45	12.250
435.80	12.245
436.15	12.242
436.50	12.234
436.85	12.254
437.20	12.248
437.54	12.253
437.89	12.254
438.24	12.232
438.59	12.251
438.94	12.256
439.29	12.266
439.63	12.284
439.98	12.322
440.33	12.350
440.68	12.352
441.03	12.355
441.37	12.361
441.72	12.353
442.07	12.387
442.42	12.378
442.76	12.382
443.11	12.371
443.46	12.383
443.81	12.394
444.16	12.398
444.50	12.404
444.85	12.423
445.20	12.465
445.55	12.485
445.89	12.495
446.24	12.524
446.59	12.557
446.94	12.616
447.28	12.652
447.63	12.685
447.98	12.706
448.32	12.738
448.67	12.781
449.02	12.806
449.37	12.854
449.71	12.892
450.06	12.938
450.41	12.952
450.75	12.955
451.10	12.979
451.45	12.986
451.79	13.042
452.14	13.084
452.49	13.107
452.84	13.124
453.18	13.144
453.53	13.150
453.88	13.158
454.22	13.161
454.57	13.147
454.92	13.146
455.26	13.137
455.61	13.118
455.95	13.110
456.30	13.088
456.65	13.088
456.99	13.089
457.34	13.100
457.69	13.097
458.03	13.117
458.38	13.157
458.73	13.205
459.07	13.254
459.42	13.316
459.76	13.369
460.11	13.450
460.46	13.525
460.80	13.592
461.15	13.672
461.49	13.758
461.84	13.835
462.19	13.912
462.53	13.981
462.88	14.069
463.22	14.107
463.57	14.158
463.91	14.181
464.26	14.216
464.61	14.254
464.95	14.296
465.30	14.333
465.64	14.379
465.99	14.421
466.33	14.455
466.68	14.472
467.02	14.516
467.37	14.555
467.71	14.596
468.06	14.626
468.41	14.649
468.75	14.665
469.10	14.697
469.44	14.740
469.79	14.756
470.13	14.766
470.48	14.805
470.82	14.851
471.17	14.873
471.51	14.899
471.86	14.914
472.20	14.928
472.55	14.956
472.89	14.959
473.23	14.951
473.58	14.947
473.92	14.925
474.27	14.888
474.61	14.854
474.96	14.863
475.30	14.868
475.65	14.872
475.99	14.890
476.34	14.891
476.68	14.892
477.02	14.909
477.37	14.914
477.71	14.932
478.06	14.949
478.40	14.920
478.75	14.923
479.09	14.940
479.43	14.973
479.78	15.013
480.12	15.092
480.47	15.215
480.81	15.323
481.15	15.458
481.50	15.601
481.84	15.783
482.19	15.993
482.53	16.131
482.87	16.185
483.22	16.120
483.56	15.953
483.90	15.769
484.25	15.622
484.59	15.546
484.94	15.451
485.28	15.331
485.62	15.162
485.97	14.956
486.31	14.814
486.65	14.767
487.00	14.861
487.34	15.077
487.68	15.299
488.03	15.457
488.37	15.511
488.71	15.555
489.06	15.620
489.40	15.662
489.74	15.727
490.09	15.777
490.43	15.841
490.77	15.893
491.11	15.963
491.46	16.027
491.80	16.070
492.14	16.130
492.49	16.200
492.83	16.243
493.17	16.334
493.51	16.409
493.86	16.491
494.20	16.546
494.54	16.615
494.88	16.671
495.23	16.732
495.57	16.786
495.91	16.847
496.25	16.908
496.60	16.981
496.94	17.060
497.28	17.154
497.62	17.250
497.97	17.359
498.31	17.473
498.65	17.574
498.99	17.700
499.33	17.841
499.68	17.950
500.02	18.052
500.36	18.171
500.70	18.274
501.04	18.377
501.39	18.487
501.73	18.576
502.07	18.644
502.41	18.750
502.75	18.817
503.09	18.887
503.44	18.984
503.78	19.080
504.12	19.184
504.46	19.263
504.80	19.365
505.14	19.436
505.49	19.535
505.83	19.628
506.17	19.716
506.51	19.820
506.85	19.924
507.19	20.012
507.53	20.125
507.87	20.222
508.22	20.324
508.56	20.418
508.90	20.524
509.24	20.624
509.58	20.746
509.92	20.844
510.26	20.932
510.60	21.041
510.94	21.170
511.28	21.257
511.63	21.359
511.97	21.461
512.31	21.556
512.65	21.679
512.99	21.789
513.33	21.898
513.67	21.970
514.01	22.086
514.35	22.152
514.69	22.206
515.03	22.304
515.37	22.344
515.71	22.428
516.05	22.484
516.39	22.541
516.73	22.589
517.07	22.652
517.41	22.760
517.75	22.836
518.09	22.937
518.43	23.042
518.77	23.115
519.11	23.236
519.45	23.306
519.79	23.419
520.13	23.505
520.47	23.604
520.81	23.682
521.15	23.734
521.49	23.777
521.83	23.795
522.17	23.827
522.51	23.849
522.85	23.855
523.19	23.900
523.53	23.939
523.87	24.026
524.21	24.120
524.55	24.233
524.89	24.310
525.23	24.413
525.57	24.531
525.91	24.613
526.25	24.723
526.58	24.838
526.92	24.935
527.26	25.024
527.60	25.080
527.94	25.125
528.28	25.148
528.62	25.189
528.96	25.206
529.30	25.207
529.64	25.242
529.97	25.256
530.31	25.249
530.65	25.251
530.99	25.258
531.33	25.269
531.67	25.305
532.01	25.356
532.35	25.407
532.68	25.471
533.02	25.539
533.36	25.567
533.70	25.600
534.04	25.648
534.38	25.704
534.71	25.779
535.05	25.839
535.39	25.891
535.73	25.930
536.07	25.968
536.41	26.011
536.74	26.034
537.08	26.104
537.42	26.156
537.76	26.231
538.10	26.281
538.43	26.326
538.77	26.390
539.11	26.440
539.45	26.475
539.79	26.526
540.12	26.566
540.46	26.619
540.80	26.662
541.14	26.711
541.47	26.753
541.81	26.794
542.15	26.832
542.49	26.878
542.82	26.933
543.16	27.011
543.50	27.087
543.84	27.163
544.17	27.231
544.51	27.286
544.85	27.358
545.18	27.409
545.52	27.510
545.86	27.638
546.20	27.741
546.53	27.839
546.87	27.929
547.21	28.023
547.54	28.151
547.88	28.288
548.22	28.398
548.55	28.514
548.89	28.619
549.23	28.691
549.56	28.736
549.90	28.788
550.24	28.836
550.57	28.872
550.91	28.911
551.25	28.941
551.58	28.939
551.92	29.012
552.26	29.089
552.59	29.197
552.93	29.300
553.27	29.352
553.60	29.429
553.94	29.534
554.27	29.613
554.61	29.727
554.95	29.840
555.28	29.943
555.62	29.964
555.95	30.012
556.29	30.046
556.63	30.090
556.96	30.159
557.30	30.225
557.63	30.237
557.97	30.301
558.31	30.327
558.64	30.357
558.98	30.392
559.31	30.454
559.65	30.493
559.98	30.510
560.32	30.537
560.65	30.566
560.99	30.588
561.33	30.636
561.66	30.632
562.00	30.642
562.33	30.657
562.67	30.680
563.00	30.696
563.34	30.692
563.67	30.719
564.01	30.706
564.34	30.684
564.68	30.703
565.01	30.700
565.35	30.762
565.68	30.797
566.02	30.807
566.35	30.855
566.69	30.902
567.02	30.940
567.36	31.001
567.69	31.034
568.03	31.085
568.36	31.110
568.69	31.158
569.03	31.189
569.36	31.222
569.70	31.252
570.03	31.277
570.37	31.288
570.70	31.324
571.04	31.342
571.37	31.361
571.70	31.425
572.04	31.454
572.37	31.536
572.71	31.600
573.04	31.649
573.37	31.696
573.71	31.763
574.04	31.868
574.38	31.966
574.71	32.051
575.04	32.212
575.38	32.294
575.71	32.422
576.05	32.499
576.38	32.583
576.71	32.704
577.05	32.843
577.38	32.960
577.71	33.051
578.05	33.155
578.38	33.252
578.71	33.266
579.05	33.329
579.38	33.362
579.71	33.434
580.05	33.513
580.38	33.553
580.71	33.568
581.05	33.587
581.38	33.639
581.71	33.646
582.05	33.677
582.38	33.719
582.71	33.785
583.04	33.865
583.38	33.876
583.71	33.899
584.04	33.929
584.38	33.961
584.71	33.982
585.04	33.988
585.37	34.011
585.71	34.045
586.04	34.059
586.37	34.070
586.70	34.063
587.04	34.058
587.37	34.069
587.70	34.057
588.03	34.069
588.37	34.086
588.70	34.143
589.03	34.149
589.36	34.126
589.69	34.158
590.03	34.135
590.36	34.170
590.69	34.158
591.02	34.149
591.35	34.159
591.69	34.148
592.02	34.160
592.35	34.088
592.68	34.056
593.01	33.985
593.35	33.931
593.68	33.906
594.01	33.810
594.34	33.815
594.67	33.792
595.00	33.795
595.34	33.784
595.67	33.772
596.00	33.810
596.33	33.866
596.66	33.970
596.99	34.070
597.32	34.119
597.65	34.225
597.99	34.276
598.32	34.311
598.65	34.339
598.98	34.357
599.31	34.347
599.64	34.310
599.97	34.287
600.30	34.208
600.63	34.134
600.96	34.123
601.30	34.055
601.63	34.002
601.96	33.968
602.29	33.961
602.62	33.980
602.95	33.989
603.28	34.020
603.61	34.008
603.94	34.026
604.27	34.062
604.60	34.058
604.93	34.167
605.26	34.213
605.59	34.262
605.92	34.307
606.25	34.346
606.58	34.353
606.91	34.356
607.24	34.361
607.57	34.421
607.90	34.446
608.23	34.487
608.56	34.457
608.89	34.513
609.22	34.510
609.55	34.564
609.88	34.624
610.21	34.763
610.54	34.891
610.87	34.981
611.20	35.026
611.53	35.075
611.86	35.198
612.19	35.275
612.52	35.318
612.85	35.462
613.18	35.494
613.51	35.459
613.84	35.482
614.17	35.487
614.49	35.489
614.82	35.571
615.15	35.594
615.48	35.569
615.81	35.591
616.14	35.621
616.47	35.627
616.80	35.650
617.13	35.702
617.46	35.646
617.78	35.583
618.11	35.653
618.44	35.622
618.77	35.668
619.10	35.633
619.43	35.631
619.76	35.597
620.09	35.593
620.41	35.543
620.74	35.536
621.07	35.513
621.40	35.552
621.73	35.486
622.06	35.448
622.38	35.372
622.71	35.361
623.04	35.315
623.37	35.321
623.70	35.257
624.02	35.259
624.35	35.222
624.68	35.265
625.01	35.201
625.34	35.205
625.66	35.224
625.99	35.213
626.32	35.238
626.65	35.266
626.98	35.293
627.30	35.377
627.63	35.411
627.96	35.467
628.29	35.445
628.61	35.501
628.94	35.485
629.27	35.521
629.60	35.567
629.92	35.555
630.25	35.525
630.58	35.499
630.91	35.423
631.23	35.369
631.56	35.339
631.89	35.358
632.21	35.404
632.54	35.425
632.87	35.427
633.19	35.423
633.52	35.426
633.85	35.453
634.18	35.496
634.50	35.575
634.83	35.620
635.16	35.664
635.48	35.641
635.81	35.655
636.14	35.694
636.46	35.687
636.79	35.763
637.11	35.814
637.44	35.847
637.77	35.848
638.09	35.795
638.42	35.829
638.75	35.816
639.07	35.865
639.40	35.866
639.73	35.898
640.05	35.872
640.38	35.819
640.70	35.805
641.03	35.851
641.36	35.851
641.68	35.857
642.01	35.845
642.33	35.890
642.66	35.888
642.98	35.845
643.31	35.830
643.64	35.908
643.96	35.820
644.29	35.856
644.61	35.765
644.94	35.724
645.26	35.770
645.59	35.795
645.91	35.751
646.24	35.786
646.56	35.745
646.89	35.732
647.22	35.665
647.54	35.716
647.87	35.679
648.19	35.624
648.52	35.582
648.84	35.503
649.17	35.412
649.49	35.406
649.82	35.278
650.14	35.295
650.47	35.248
650.79	35.258
651.11	35.220
651.44	35.160
651.76	35.243
652.09	35.322
652.41	35.375
652.74	35.355
653.06	35.289
653.39	35.344
653.71	35.269
654.04	35.222
654.36	35.069
654.68	35.039
655.01	34.965
655.33	34.920
655.66	34.756
655.98	34.628
656.30	34.585
656.63	34.504
656.95	34.408
657.28	34.363
657.60	34.369
657.92	34.377
658.25	34.397
658.57	34.438
658.90	34.358
659.22	34.400
659.54	34.352
659.87	34.338
660.19	34.332
660.51	34.320
660.84	34.288
661.16	34.298
661.48	34.344
661.81	34.319
662.13	34.258
662.45	34.302
662.78	34.260
663.10	34.314
663.42	34.334
663.75	34.422
664.07	34.423
664.39	34.470
664.72	34.416
665.04	34.374
665.36	34.319
665.69	34.361
666.01	34.355
666.33	34.331
666.65	34.317
666.98	34.290
667.30	34.258
667.62	34.271
667.94	34.267
668.27	34.207
668.59	34.184
668.91	34.196
669.23	34.163
669.56	34.096
669.88	34.086
670.20	34.057
670.52	34.063
670.85	34.018
671.17	33.995
671.49	34.000
671.81	33.984
672.13	33.952
672.46	33.977
672.78	33.962
673.10	33.981
673.42	33.968
673.74	33.948
674.07	33.934
674.39	33.871
674.71	33.821
675.03	33.765
675.35	33.716
675.67	33.617
676.00	33.510
676.32	33.418
676.64	33.316
676.96	33.290
677.28	33.279
677.60	33.158
677.92	33.201
678.25	33.155
678.57	33.131
678.89	33.087
679.21	33.155
679.53	33.160
679.85	33.214
680.17	33.232
680.49	33.237
680.81	33.263
681.13	33.362
681.46	33.317
681.78	33.337
682.10	33.419
682.42	33.510
682.74	33.510
683.06	33.498
683.38	33.503
683.70	33.601
684.02	33.599
684.34	33.617
684.66	33.660
684.98	33.656
685.30	33.724
685.62	33.765
685.94	33.744
686.26	33.700
686.58	33.792
686.90	33.751
687.22	33.689
687.54	33.632
687.86	33.582
688.18	33.569
688.50	33.555
688.82	33.525
689.14	33.344
689.46	33.311
689.78	33.349
690.10	33.283
690.42	33.269
690.74	33.303
691.06	33.351
691.38	33.300
691.70	33.132
692.02	33.102
692.34	33.045
692.66	33.024
692.98	32.976
693.30	32.919
693.62	32.811
693.94	32.744
694.26	32.568
694.57	32.530
694.89	32.427
695.21	32.436
695.53	32.310
695.85	32.201
696.17	32.157
696.49	32.062
696.81	32.031
697.13	32.045
697.44	31.994
697.76	32.004
698.08	31.957
698.40	31.933
698.72	31.846
699.04	31.877
699.36	31.886
699.67	31.839
699.99	31.786
700.31	31.711
700.63	31.599
700.95	31.608
701.27	31.591
701.58	31.533
701.90	31.606
702.22	31.610
702.54	31.599
702.86	31.594
703.17	31.572
703.49	31.651
703.81	31.622
704.13	31.577
704.45	31.530
704.76	31.502
705.08	31.369
705.40	31.215
705.72	31.195
706.03	31.261
706.35	31.202
706.67	31.202
706.99	31.164
707.30	31.192
707.62	31.259
707.94	31.274
708.26	31.266
708.57	31.317
708.89	31.387
709.21	31.434
709.53	31.342
709.84	31.397
710.16	31.351
710.48	31.418
710.79	31.270
711.11	31.118
711.43	31.064
711.74	31.022
712.06	31.088
712.38	31.121
712.69	30.979
713.01	31.023
713.33	30.924
713.64	30.974
713.96	30.898
714.28	31.039
714.59	31.192
714.91	31.296
715.23	31.324
715.54	31.240
715.86	31.130
716.17	31.267
716.49	31.214
716.81	31.263
717.12	31.212
717.44	31.245
717.76	31.189
718.07	31.180
718.39	31.110
718.70	31.057
719.02	31.026
719.33	31.091
719.65	30.949
719.97	30.929
720.28	30.874
720.60	30.912
720.91	30.869
721.23	30.824
721.54	30.713
721.86	30.726
722.17	30.797
722.49	30.884
722.81	30.947
723.12	30.934
723.44	30.935
723.75	30.971
724.07	30.880
724.38	30.830
724.70	30.850
725.01	30.818
725.33	30.814
725.64	30.724
725.96	30.618
726.27	30.479
726.59	30.570
726.90	30.506
727.22	30.542
727.53	30.563
727.84	30.430
728.16	30.347
728.47	30.357
728.79	30.273
729.10	30.214
729.42	30.169
729.73	30.087
730.05	29.921
730.36	29.875
730.67	29.806
730.99	29.678
731.30	29.661
731.62	29.686
731.93	29.658
732.24	29.386
732.56	29.257
732.87	29.117
733.19	29.174
733.50	29.139
733.81	29.021
734.13	28.773
734.44	28.858
734.76	28.865
735.07	28.634
735.38	28.509
735.70	28.728
736.01	28.770
736.32	28.859
736.64	28.665
736.95	28.503
737.26	28.569
737.58	28.566
737.89	28.470
738.20	28.468
738.52	28.614
738.83	28.548
739.14	28.459
739.45	28.392
739.77	28.301
740.08	28.236
740.39	28.179
740.71	27.906
741.02	27.619
741.33	27.317
741.64	27.081
741.96	26.997
742.27	26.946
742.58	26.819
742.90	26.736
743.21	26.738
743.52	26.838
743.83	26.958
744.14	26.814
744.46	26.844
744.77	26.914
745.08	27.015
745.39	26.836
745.71	26.813
746.02	26.726
746.33	26.661
746.64	26.654
746.95	26.429
747.27	26.268
747.58	26.487
747.89	26.739
748.20	26.877
748.51	26.900
748.82	26.878
749.14	26.681
749.45	26.612
749.76	26.502
750.07	26.373
750.38	26.337
750.69	26.427
751.01	26.562
751.32	26.343
751.63	26.018
751.94	26.007
752.25	26.044
752.56	26.138
752.87	26.208
753.18	26.194
753.49	26.271
753.81	26.299
754.12	26.328
754.43	26.243
754.74	26.424
755.05	26.630
755.36	26.618
755.67	26.851
755.98	27.003
756.29	27.093
756.60	27.253
756.91	27.540
757.22	27.912
757.53	27.936
757.84	28.005
758.15	28.217
758.46	28.403
758.77	28.775
759.09	28.938
759.40	29.223
759.71	29.217
760.02	29.433
760.33	29.359
760.64	29.307
760.95	29.476
761.26	29.428
761.57	29.416
761.88	29.382
762.18	29.290
762.49	29.220
762.80	29.058
763.11	29.136
763.42	28.946
763.73	28.804
764.04	28.661
764.35	28.463
764.66	28.376
764.97	28.121
765.28	27.945
765.59	27.495
765.90	27.038
766.21	26.778
766.52	26.331
766.83	26.169
767.14	25.865
767.44	25.555
767.75	25.368
768.06	25.145
768.37	25.034
768.68	24.973
768.99	24.960
769.30	25.083
769.61	24.882
769.91	25.000
770.22	24.820
770.53	24.797
770.84	24.730
771.15	24.671
771.46	24.769
771.77	24.760
772.07	24.575
772.38	24.456
772.69	24.138
773.00	23.929
773.31	23.755
773.61	23.776
773.92	23.855
774.23	23.876
774.54	23.858
774.85	23.781
775.15	23.720
775.46	23.687
775.77	23.682
776.08	23.784
776.39	23.973
776.69	23.878
777.00	23.734
777.31	23.693
777.62	23.709
777.92	23.691
778.23	23.572
778.54	23.465
778.85	23.627
779.15	23.761
779.46	23.696
779.77	23.725
780.07	23.869
780.38	23.995
780.69	23.910
781.00	24.284
781.30	24.058
781.61	24.113
781.92	24.323
782.22	24.263
782.53	24.184
782.84	24.362
783.14	24.517
783.45	24.427
783.76	24.697
784.06	24.994
784.37	24.784
784.68	24.959
784.98	24.931
785.29	25.232
785.60	25.390
785.90	25.611
786.21	25.797
786.51	25.750
786.82	25.945
787.13	25.785
787.43	25.764
787.74	25.810
788.04	26.095
788.35	26.401
788.66	26.107
788.96	26.045
789.27	26.000
789.57	25.851
789.88	25.743
790.19	25.769
790.49	25.650
790.80	25.440
791.10	25.502
791.41	25.461
791.71	25.118
792.02	25.119
792.32	24.905
792.63	24.994
792.93	25.230
793.24	25.324
793.54	25.328
793.85	25.513
794.15	25.657
794.46	25.633
794.76	25.402
795.07	25.593
795.37	25.691
795.68	25.930
795.98	25.676
796.29	25.683
796.59	25.605
796.90	25.332
797.20	25.310
797.51	25.258
797.81	25.184
798.12	25.170
798.42	25.375
798.72	25.291
799.03	25.214
799.33	25.429
799.64	25.006
799.94	24.993
800.25	24.983
800.55	24.933
800.85	24.812
801.16	24.544
801.46	24.206
801.77	23.852
802.07	23.834
802.37	23.803
802.68	24.087
802.98	24.164
803.28	24.158
803.59	24.267
803.89	24.133
804.20	24.168
804.50	24.406
804.80	24.913
805.11	24.601
805.41	24.429
805.71	24.636
806.02	24.151
806.32	24.130
806.62	24.013
806.93	24.128
807.23	24.618
807.53	24.902
807.83	25.075
808.14	25.128
808.44	25.520
808.74	25.869
809.05	25.941
809.35	26.217
809.65	26.466
809.95	26.783
810.26	26.923
810.56	26.904
810.86	27.090
811.16	27.046
811.47	27.291
811.77	27.530
812.07	27.483
812.37	27.200
812.68	27.854
812.98	27.767
813.28	28.033
813.58	28.179
813.88	27.970
814.19	28.290
814.49	28.846
814.79	28.705
815.09	28.473
815.39	28.299
815.70	28.728
816.00	28.093
816.30	28.467
816.60	28.206
816.90	28.214
817.20	28.239
817.50	27.647
817.81	27.596
818.11	27.731
818.41	27.962
818.71	28.155
819.01	28.203
819.31	28.412
819.61	28.479
819.92	28.591
820.22	28.694
820.52	28.756
820.82	28.927
821.12	28.966
821.42	28.978
821.72	28.975
822.02	29.028
822.32	29.106
822.62	29.100
822.92	29.095
823.22	29.058
823.52	29.065
823.83	29.083
824.13	29.128
824.43	29.107
824.73	29.127
825.03	29.132
825.33	29.145
825.63	28.954
825.93	28.892
826.23	28.774
826.53	28.917
826.83	28.776
827.13	28.727
827.43	28.536
827.73	28.518
828.03	28.434
828.33	28.410
828.63	28.110
828.93	28.103
829.23	28.176
829.53	28.258
829.83	28.166
830.13	28.295
830.42	28.210
830.72	27.981
831.02	27.806
831.32	27.588
831.62	27.582
831.92	27.872
832.22	27.966
832.52	27.712
832.82	27.791
833.12	27.573
833.42	27.375
833.72	27.357
834.01	27.374
834.31	27.235
834.61	27.629
834.91	27.439
835.21	27.326
835.51	27.093
835.81	26.968
836.11	26.605
836.40	26.812
836.70	26.552
837.00	26.230
837.30	26.494
837.60	26.832
837.90	26.518
838.19	26.507
838.49	26.553
838.79	26.533
839.09	26.486
839.39	26.563
839.68	26.235
839.98	27.108
840.28	27.632
840.58	27.550
840.88	27.207
841.17	27.050
841.47	27.877
841.77	27.193
842.07	27.394
842.36	27.578
842.66	27.571
842.96	26.937
843.26	25.184
843.55	24.022
843.85	22.981
844.15	22.871
844.45	22.475
844.74	21.817
845.04	23.104
845.34	23.345
845.63	23.501
845.93	23.534
846.23	24.715
846.53	25.239
846.82	25.537
847.12	25.917
847.42	25.875
847.71	26.320
848.01	24.675
848.31	23.728
848.60	24.625
848.90	24.524
849.19	23.891
849.49	22.693
849.79	22.546
850.08	23.344
850.38	23.107
850.68	22.166
850.97	22.393
851.27	23.146
851.56	22.739
851.86	20.928
852.16	21.859
852.45	22.998
852.75	23.797
853.04	23.743
853.34	23.935
853.64	23.754
853.93	23.577
854.23	23.127
854.52	24.270
854.82	24.383
855.11	25.956
855.41	25.143
855.70	23.903
856.00	22.220
856.30	21.954
856.59	21.095
856.89	21.593
857.18	21.985
857.48	22.141
857.77	22.213
858.07	24.551
858.36	23.222
858.66	23.502
858.95	24.725
859.25	26.801
859.54	28.008
859.84	28.186
860.13	27.796
860.42	29.629
860.72	30.559
861.01	29.761
861.31	27.848
861.60	28.827
861.90	28.940
862.19	27.599
862.49	27.405
862.78	28.138
863.07	26.715
863.37	28.104
863.66	27.821
863.96	26.278
864.25	26.779
864.54	26.725
864.84	26.329
865.13	26.020
865.43	26.711
865.72	28.669
866.01	22.241
866.31	32.330
866.60	23.541
866.89	22.906
>>>>>End Spectral Data<<<<<
