180.30	0.000
180.67	0.000
181.03	37.659
181.40	-170.909
181.77	11715.200
182.14	-12.887
182.51	152.431
182.88	-4020.869
183.25	471.064
183.62	-46.557
183.99	72.970
184.36	-189.630
184.73	95.027
185.10	121.858
185.46	18.353
185.83	125.346
186.20	134.057
186.57	-456.661
186.94	164.232
187.31	140.066
187.68	-294.890
188.05	71.422
188.42	73.255
188.78	67.153
189.15	67.528
189.52	70.448
189.89	47.207
190.26	29.664
190.63	26.763
191.00	24.035
191.37	26.623
191.73	13.416
192.10	16.885
192.47	20.511
192.84	14.269
193.21	10.661
193.58	10.007
193.94	13.368
194.31	18.018
194.68	15.286
195.05	5.597
195.42	-2.788
195.79	-6.603
196.15	-7.327
196.52	-14.110
196.89	-27.668
197.26	-20.540
197.63	-28.880
198.00	-30.072
198.36	-35.163
198.73	-39.393
199.10	-31.206
199.47	-16.630
199.84	-17.958
200.20	-2.484
200.57	-22.445
200.94	-7.640
201.31	-23.365
201.68	-2.078
202.04	-4.315
202.41	14.893
202.78	14.865
203.15	21.374
203.51	2.088
203.88	5.441
204.25	-17.462
204.62	4.936
204.98	6.145
205.35	18.684
205.72	23.036
206.09	27.879
206.46	25.123
206.82	37.904
207.19	34.454
207.56	39.427
207.92	36.798
208.29	38.498
208.66	36.068
209.03	31.674
209.39	27.241
209.76	15.855
210.13	11.411
210.50	-7.697
210.86	-14.003
211.23	2.820
211.60	-4.860
211.96	2.911
212.33	3.405
212.70	12.474
213.07	15.673
213.43	15.662
213.80	11.246
214.17	5.489
214.53	14.276
214.90	12.583
215.27	-0.734
215.63	3.414
216.00	2.742
216.37	2.621
216.74	-11.553
217.10	-18.081
217.47	-18.592
217.84	-7.787
218.20	3.249
218.57	10.214
218.94	16.872
219.30	17.282
219.67	11.446
220.04	11.364
220.40	9.160
220.77	15.456
221.13	10.253
221.50	8.199
221.87	7.811
222.23	5.192
222.60	-0.243
222.97	-7.837
223.33	-8.478
223.70	-5.656
224.07	-0.144
224.43	3.095
224.80	3.345
225.16	5.168
225.53	6.603
225.90	2.930
226.26	2.040
226.63	0.653
226.99	0.687
227.36	1.416
227.73	2.404
228.09	-2.638
228.46	-4.282
228.82	-4.837
229.19	-4.789
229.56	-7.374
229.92	-5.163
230.29	-4.069
230.65	-1.733
231.02	0.501
231.38	1.110
231.75	1.270
232.12	5.913
232.48	6.017
232.85	5.575
233.21	6.782
233.58	7.407
233.94	8.703
234.31	7.162
234.68	5.783
235.04	4.554
235.41	5.005
235.77	3.797
236.14	1.595
236.50	0.724
236.87	1.100
237.23	-0.560
237.60	0.597
237.96	-0.350
238.33	0.543
238.69	0.526
239.06	0.875
239.42	0.060
239.79	0.874
240.15	1.668
240.52	2.116
240.88	2.403
241.25	3.116
241.61	3.311
241.98	3.781
242.34	3.538
242.71	3.919
243.07	4.115
243.44	4.534
243.80	4.201
244.17	4.127
244.53	4.567
244.90	4.418
245.26	4.235
245.63	3.839
245.99	3.535
246.36	4.004
246.72	3.476
247.09	3.352
247.45	3.095
247.81	3.123
248.18	2.957
248.54	2.985
248.91	2.825
249.27	3.387
249.64	3.453
250.00	3.785
250.36	3.211
250.73	3.934
251.09	4.083
251.46	4.129
251.82	4.230
252.19	4.912
252.55	4.042
252.91	4.666
253.28	3.999
253.64	4.282
254.01	4.052
254.37	3.520
254.73	3.192
255.10	2.830
255.46	2.870
255.83	2.616
256.19	2.464
256.55	2.817
256.92	2.599
257.28	2.708
257.65	2.977
258.01	3.248
258.37	3.423
258.74	3.468
259.10	3.617
259.46	3.653
259.83	3.802
260.19	3.768
260.55	3.455
260.92	3.506
261.28	3.365
261.64	3.002
262.01	2.766
262.37	2.757
262.73	2.696
263.10	2.838
263.46	3.155
263.82	3.158
264.19	2.938
264.55	3.484
264.91	3.503
265.28	4.150
265.64	4.183
266.00	3.696
266.37	3.520
266.73	3.628
267.09	3.407
267.46	3.450
267.82	3.539
268.18	3.816
268.54	3.352
268.91	3.499
269.27	3.153
269.63	3.103
270.00	3.363
270.36	3.561
270.72	3.291
271.08	3.008
271.45	2.564
271.81	2.632
272.17	2.434
272.53	2.704
272.90	2.566
273.26	2.534
273.62	2.445
273.98	2.414
274.35	2.230
274.71	2.596
275.07	2.955
275.43	3.399
275.80	3.430
276.16	3.831
276.52	3.591
276.88	3.527
277.25	3.425
277.61	3.516
277.97	3.318
278.33	3.309
278.69	2.885
279.06	3.014
279.42	2.758
279.78	2.463
280.14	2.151
280.50	2.256
280.87	2.291
281.23	2.395
281.59	2.513
281.95	2.706
282.31	2.966
282.68	3.338
283.04	3.226
283.40	3.328
283.76	3.217
284.12	3.318
284.48	3.343
284.85	3.393
285.21	3.354
285.57	3.362
285.93	3.502
286.29	3.277
286.65	3.187
287.02	3.033
287.38	3.143
287.74	3.396
288.10	3.268
288.46	3.195
288.82	2.980
289.18	2.900
289.54	2.777
289.91	2.783
290.27	3.000
290.63	2.968
290.99	3.066
291.35	2.989
291.71	3.098
292.07	3.049
292.43	3.193
292.79	3.520
293.16	3.452
293.52	3.475
293.88	3.467
294.24	3.375
294.60	3.272
294.96	3.316
295.32	3.289
295.68	2.916
296.04	3.144
296.40	3.177
296.76	3.098
297.12	3.313
297.49	3.348
297.85	3.373
298.21	3.489
298.57	3.702
298.93	3.750
299.29	3.684
299.65	3.892
300.01	3.811
300.37	3.619
300.73	3.816
301.09	3.727
301.45	3.883
301.81	3.831
302.17	3.657
302.53	3.417
302.89	3.370
303.25	3.220
303.61	3.367
303.97	3.206
304.33	3.239
304.69	3.023
305.05	3.042
305.41	2.824
305.77	2.822
306.13	2.915
306.49	3.171
306.85	3.238
307.21	3.472
307.57	3.396
307.93	3.485
308.29	3.638
308.65	3.700
309.01	3.772
309.37	3.919
309.73	3.880
310.09	3.813
310.45	3.718
310.81	3.719
311.17	3.562
311.53	3.563
311.89	3.608
312.25	3.449
312.61	3.316
312.96	3.226
313.32	3.147
313.68	3.105
314.04	3.181
314.40	3.212
314.76	3.147
315.12	3.316
315.48	3.417
315.84	3.345
316.20	3.497
316.56	3.688
316.92	3.671
317.27	3.580
317.63	3.568
317.99	3.495
318.35	3.381
318.71	3.392
319.07	3.308
319.43	3.219
319.79	3.273
320.15	3.204
320.50	3.024
320.86	3.095
321.22	3.219
321.58	3.224
321.94	3.249
322.30	3.336
322.66	3.367
323.01	3.411
323.37	3.458
323.73	3.490
324.09	3.526
324.45	3.583
324.81	3.522
325.17	3.421
325.52	3.414
325.88	3.420
326.24	3.418
326.60	3.453
326.96	3.561
327.31	3.554
327.67	3.416
328.03	3.340
328.39	3.277
328.75	3.317
329.11	3.350
329.46	3.397
329.82	3.464
330.18	3.487
330.54	3.459
330.90	3.432
331.25	3.354
331.61	3.340
331.97	3.337
332.33	3.418
332.68	3.189
333.04	3.109
333.40	3.098
333.76	3.074
334.11	2.954
334.47	2.845
334.83	2.626
335.19	2.659
335.54	2.800
335.90	2.887
336.26	2.843
336.62	3.043
336.97	3.055
337.33	3.001
337.69	2.886
338.05	2.959
338.40	3.052
338.76	3.184
339.12	3.154
339.48	3.143
339.83	3.072
340.19	3.086
340.55	2.995
340.90	3.014
341.26	2.955
341.62	2.984
341.97	3.094
342.33	3.162
342.69	3.060
343.04	3.114
343.40	3.023
343.76	3.032
344.12	3.055
344.47	3.137
344.83	3.161
345.19	3.203
345.54	3.263
345.90	3.183
346.26	3.033
346.61	3.193
346.97	3.124
347.32	3.167
347.68	3.121
348.04	3.093
348.39	3.056
348.75	3.129
349.11	3.083
349.46	3.082
349.82	2.985
350.18	3.069
350.53	2.978
350.89	3.040
351.24	3.002
351.60	3.052
351.96	3.006
352.31	3.050
352.67	2.916
353.02	2.966
353.38	2.901
353.74	2.867
354.09	2.817
354.45	2.884
354.80	2.827
355.16	2.788
355.52	2.781
355.87	2.760
356.23	2.689
356.58	2.785
356.94	2.780
357.29	2.808
357.65	2.839
358.00	2.793
358.36	2.717
358.72	2.740
359.07	2.825
359.43	2.815
359.78	2.883
360.14	2.877
360.49	2.791
360.85	2.808
361.20	2.824
361.56	2.844
361.91	2.913
362.27	2.926
362.62	2.840
362.98	2.777
363.33	2.745
363.69	2.636
364.04	2.662
364.40	2.656
364.75	2.598
365.11	2.586
365.46	2.599
365.82	2.557
366.17	2.529
366.53	2.600
366.88	2.593
367.24	2.688
367.59	2.755
367.95	2.812
368.30	2.848
368.66	2.891
369.01	2.888
369.37	2.924
369.72	2.933
370.08	2.982
370.43	2.971
370.78	2.993
371.14	2.913
371.49	2.941
371.85	2.897
372.20	2.938
372.56	2.939
372.91	2.913
373.26	2.834
373.62	2.790
373.97	2.775
374.33	2.798
374.68	2.777
375.03	2.794
375.39	2.764
375.74	2.755
376.10	2.683
376.45	2.735
376.80	2.754
377.16	2.782
377.51	2.835
377.87	2.800
378.22	2.828
378.57	2.882
378.93	2.894
379.28	2.969
379.63	2.965
379.99	3.039
380.34	3.034
380.70	3.025
381.05	3.067
381.40	3.057
381.76	3.095
382.11	3.106
382.46	3.068
382.82	3.077
383.17	3.045
383.52	3.052
383.88	2.997
384.23	2.980
384.58	2.995
384.94	2.976
385.29	3.003
385.64	3.007
385.99	2.965
386.35	3.011
386.70	3.023
387.05	3.008
387.41	3.004
387.76	3.069
388.11	3.062
388.47	3.074
388.82	3.039
389.17	3.020
389.52	3.009
389.88	3.034
390.23	3.037
390.58	3.053
390.93	3.060
391.29	3.096
391.64	3.072
391.99	3.097
392.34	3.096
392.70	3.129
393.05	3.140
393.40	3.167
393.75	3.160
394.11	3.130
394.46	3.119
394.81	3.103
395.16	3.058
395.52	3.069
395.87	3.021
396.22	2.993
396.57	3.004
396.92	3.037
397.28	3.032
397.63	3.018
397.98	3.064
398.33	3.075
398.68	3.092
399.04	3.149
399.39	3.165
399.74	3.215
400.09	3.240
400.44	3.246
400.80	3.236
401.15	3.234
401.50	3.258
401.85	3.292
402.20	3.303
402.55	3.347
402.90	3.336
403.26	3.344
403.61	3.378
403.96	3.424
404.31	3.441
404.66	3.460
405.01	3.518
405.36	3.535
405.72	3.501
406.07	3.539
406.42	3.538
406.77	3.588
407.12	3.609
407.47	3.600
407.82	3.600
408.17	3.627
408.53	3.669
408.88	3.678
409.23	3.738
409.58	3.752
409.93	3.749
410.28	3.794
410.63	3.806
410.98	3.846
411.33	3.868
411.68	3.897
412.03	3.931
412.38	3.944
412.73	3.965
413.09	3.997
413.44	4.059
413.79	4.119
414.14	4.155
414.49	4.205
414.84	4.225
415.19	4.284
415.54	4.331
415.89	4.382
416.24	4.412
416.59	4.468
416.94	4.491
417.29	4.529
417.64	4.557
417.99	4.589
418.34	4.613
418.69	4.637
419.04	4.666
419.39	4.721
419.74	4.752
420.09	4.792
420.44	4.818
420.79	4.860
421.14	4.880
421.49	4.906
421.84	4.928
422.19	4.963
422.54	5.011
422.89	5.032
423.24	5.030
423.59	5.058
423.94	5.081
424.29	5.102
424.64	5.107
424.99	5.142
425.34	5.183
425.68	5.230
426.03	5.265
426.38	5.310
426.73	5.377
427.08	5.432
427.43	5.473
427.78	5.518
428.13	5.548
428.48	5.613
428.83	5.678
429.18	5.713
429.53	5.759
429.87	5.793
430.22	5.804
430.57	5.820
430.92	5.847
431.27	5.882
431.62	5.915
431.97	5.955
432.32	5.979
432.67	5.989
433.01	6.003
433.36	6.048
433.71	6.084
434.06	6.149
434.41	6.200
434.76	6.258
435.11	6.295
435.45	6.348
435.80	6.397
436.15	6.437
436.50	6.493
436.85	6.531
437.20	6.537
437.54	6.588
437.89	6.604
438.24	6.644
438.59	6.660
438.94	6.687
439.29	6.726
439.63	6.747
439.98	6.793
440.33	6.817
440.68	6.869
441.03	6.919
441.37	6.956
441.72	7.017
442.07	7.031
442.42	7.074
442.76	7.115
443.11	7.139
443.46	7.184
443.81	7.200
444.16	7.224
444.50	7.237
444.85	7.266
445.20	7.270
445.55	7.276
445.89	7.311
446.24	7.316
446.59	7.332
446.94	7.347
447.28	7.373
447.63	7.401
447.98	7.423
448.32	7.472
448.67	7.495
449.02	7.525
449.37	7.555
449.71	7.581
450.06	7.620
450.41	7.638
450.75	7.684
451.10	7.699
451.45	7.743
451.79	7.759
452.14	7.763
452.49	7.805
452.84	7.855
453.18	7.866
453.53	7.886
453.88	7.936
454.22	7.998
454.57	8.026
454.92	8.083
455.26	8.114
455.61	8.181
455.95	8.233
456.30	8.259
456.65	8.276
456.99	8.320
457.34	8.365
457.69	8.398
458.03	8.431
458.38	8.459
458.73	8.478
459.07	8.501
459.42	8.522
459.76	8.528
460.11	8.544
460.46	8.582
460.80	8.637
461.15	8.680
461.49	8.712
461.84	8.762
462.19	8.807
462.53	8.867
462.88	8.919
463.22	8.982
463.57	9.085
463.91	9.159
464.26	9.216
464.61	9.237
464.95	9.274
465.30	9.317
465.64	9.359
465.99	9.407
466.33	9.451
466.68	9.490
467.02	9.528
467.37	9.557
467.71	9.582
468.06	9.624
468.41	9.670
468.75	9.714
469.10	9.727
469.44	9.731
469.79	9.760
470.13	9.795
470.48	9.799
470.82	9.811
471.17	9.822
471.51	9.861
471.86	9.871
472.20	9.901
472.55	9.927
472.89	9.946
473.23	9.969
473.58	9.993
473.92	9.992
474.27	10.039
474.61	10.068
474.96	10.084
475.30	10.077
475.65	10.100
475.99	10.108
476.34	10.127
476.68	10.175
477.02	10.204
477.37	10.214
477.71	10.224
478.06	10.257
478.40	10.311
478.75	10.415
479.09	10.544
479.43	10.651
479.78	10.798
480.12	10.948
480.47	11.121
480.81	11.295
481.15	11.488
481.50	11.687
481.84	11.917
482.19	12.165
482.53	12.348
482.87	12.436
483.22	12.443
483.56	12.334
483.90	12.171
484.25	11.962
484.59	11.763
484.94	11.608
485.28	11.467
485.62	11.265
485.97	11.035
486.31	10.853
486.65	10.757
487.00	10.755
487.34	10.846
487.68	10.985
488.03	11.147
488.37	11.297
488.71	11.367
489.06	11.396
489.40	11.427
489.74	11.446
490.09	11.480
490.43	11.499
490.77	11.519
491.11	11.543
491.46	11.559
491.80	11.576
492.14	11.578
492.49	11.595
492.83	11.626
493.17	11.660
493.51	11.724
493.86	11.775
494.20	11.836
494.54	11.908
494.88	11.970
495.23	12.032
495.57	12.112
495.91	12.207
496.25	12.282
496.60	12.344
496.94	12.424
497.28	12.495
497.62	12.556
497.97	12.633
498.31	12.716
498.65	12.793
498.99	12.892
499.33	12.984
499.68	13.069
500.02	13.154
500.36	13.242
500.70	13.320
501.04	13.413
501.39	13.511
501.73	13.621
502.07	13.723
502.41	13.829
502.75	13.914
503.09	14.035
503.44	14.141
503.78	14.242
504.12	14.358
504.46	14.493
504.80	14.617
505.14	14.742
505.49	14.861
505.83	14.968
506.17	15.097
506.51	15.224
506.85	15.305
507.19	15.435
507.53	15.572
507.87	15.688
508.22	15.785
508.56	15.874
508.90	15.983
509.24	16.093
509.58	16.206
509.92	16.310
510.26	16.426
510.60	16.558
510.94	16.656
511.28	16.767
511.63	16.887
511.97	17.011
512.31	17.141
512.65	17.262
512.99	17.399
513.33	17.567
513.67	17.738
514.01	17.896
514.35	18.048
514.69	18.191
515.03	18.340
515.37	18.472
515.71	18.605
516.05	18.722
516.39	18.842
516.73	18.943
517.07	19.018
517.41	19.087
517.75	19.185
518.09	19.270
518.43	19.359
518.77	19.444
519.11	19.550
519.45	19.654
519.79	19.756
520.13	19.883
520.47	20.011
520.81	20.155
521.15	20.306
521.49	20.422
521.83	20.567
522.17	20.706
522.51	20.841
522.85	20.967
523.19	21.162
523.53	21.415
523.87	21.648
524.21	21.876
524.55	22.083
524.89	22.276
525.23	22.468
525.57	22.633
525.91	22.783
526.25	22.932
526.58	23.083
526.92	23.163
527.26	23.208
527.60	23.232
527.94	23.253
528.28	23.262
528.62	23.269
528.96	23.257
529.30	23.251
529.64	23.248
529.97	23.232
530.31	23.206
530.65	23.224
530.99	23.263
531.33	23.320
531.67	23.389
532.01	23.429
532.35	23.479
532.68	23.517
533.02	23.548
533.36	23.592
533.70	23.620
534.04	23.645
534.38	23.682
534.71	23.717
535.05	23.762
535.39	23.758
535.73	23.840
536.07	23.923
536.41	24.049
536.74	24.160
537.08	24.257
537.42	24.365
537.76	24.491
538.10	24.607
538.43	24.714
538.77	24.789
539.11	24.899
539.45	24.971
539.79	25.017
540.12	25.050
540.46	25.075
540.80	25.080
541.14	25.096
541.47	25.095
541.81	25.083
542.15	25.075
542.49	25.074
542.82	25.043
543.16	25.042
543.50	25.032
543.84	25.029
544.17	25.052
544.51	25.097
544.85	25.122
545.18	25.147
545.52	25.191
545.86	25.201
546.20	25.229
546.53	25.279
546.87	25.295
547.21	25.335
547.54	25.378
547.88	25.440
548.22	25.482
548.55	25.532
548.89	25.595
549.23	25.619
549.56	25.673
549.90	25.730
550.24	25.784
550.57	25.803
550.91	25.831
551.25	25.854
551.58	25.829
551.92	25.843
552.26	25.844
552.59	25.850
552.93	25.902
553.27	25.947
553.60	25.963
553.94	25.990
554.27	26.048
554.61	26.103
554.95	26.155
555.28	26.223
555.62	26.276
555.95	26.350
556.29	26.439
556.63	26.458
556.96	26.465
557.30	26.507
557.63	26.527
557.97	26.559
558.31	26.592
558.64	26.652
558.98	26.708
559.31	26.750
559.65	26.782
559.98	26.757
560.32	26.776
560.65	26.792
560.99	26.816
561.33	26.836
561.66	26.843
562.00	26.903
562.33	26.904
562.67	26.923
563.00	26.961
563.34	26.996
563.67	27.031
564.01	27.049
564.34	27.076
564.68	27.107
565.01	27.132
565.35	27.164
565.68	27.146
566.02	27.172
566.35	27.199
566.69	27.221
567.02	27.218
567.36	27.252
567.69	27.285
568.03	27.332
568.36	27.345
568.69	27.361
569.03	27.394
569.36	27.442
569.70	27.441
570.03	27.458
570.37	27.435
570.70	27.476
571.04	27.479
571.37	27.482
571.70	27.520
572.04	27.549
572.37	27.558
572.71	27.579
573.04	27.579
573.37	27.620
573.71	27.607
574.04	27.619
574.38	27.624
574.71	27.645
575.04	27.695
575.38	27.693
575.71	27.705
576.05	27.780
576.38	27.803
576.71	27.813
577.05	27.802
577.38	27.853
577.71	27.945
578.05	27.962
578.38	27.988
578.71	28.019
579.05	28.031
579.38	28.069
579.71	28.080
580.05	28.084
580.38	28.111
580.71	28.176
581.05	28.188
581.38	28.172
581.71	28.215
582.05	28.260
582.38	28.254
582.71	28.295
583.04	28.294
583.38	28.318
583.71	28.358
584.04	28.367
584.38	28.369
584.71	28.377
585.04	28.410
585.37	28.418
585.71	28.449
586.04	28.464
586.37	28.462
586.70	28.466
587.04	28.451
587.37	28.446
587.70	28.473
588.03	28.478
588.37	28.457
588.70	28.429
589.03	28.397
589.36	28.389
589.69	28.397
590.03	28.377
590.36	28.359
590.69	28.381
591.02	28.398
591.35	28.387
591.69	28.392
592.02	28.412
592.35	28.401
592.68	28.395
593.01	28.350
593.35	28.344
593.68	28.352
594.01	28.344
594.34	28.320
594.67	28.283
595.00	28.305
595.34	28.270
595.67	28.266
596.00	28.264
596.33	28.252
596.66	28.261
596.99	28.270
597.32	28.273
597.65	28.314
597.99	28.294
598.32	28.312
598.65	28.313
598.98	28.345
599.31	28.360
599.64	28.407
599.97	28.479
600.30	28.465
600.63	28.439
600.96	28.398
601.30	28.354
601.63	28.391
601.96	28.380
602.29	28.337
602.62	28.304
602.95	28.282
603.28	28.248
603.61	28.214
603.94	28.198
604.27	28.177
604.60	28.171
604.93	28.201
605.26	28.165
605.59	28.147
605.92	28.156
606.25	28.160
606.58	28.179
606.91	28.201
607.24	28.209
607.57	28.210
607.90	28.207
608.23	28.223
608.56	28.202
608.89	28.208
609.22	28.207
609.55	28.181
609.88	28.160
610.21	28.130
610.54	28.098
610.87	28.039
611.20	28.020
611.53	28.059
611.86	28.060
612.19	28.038
612.52	28.032
612.85	28.022
613.18	28.025
613.51	27.983
613.84	27.962
614.17	27.952
614.49	27.939
614.82	27.939
615.15	27.913
615.48	27.910
615.81	27.901
616.14	27.844
616.47	27.808
616.80	27.781
617.13	27.801
617.46	27.821
617.78	27.807
618.11	27.761
618.44	27.752
618.77	27.710
619.10	27.669
619.43	27.658
619.76	27.663
620.09	27.687
620.41	27.716
620.74	27.710
621.07	27.668
621.40	27.615
621.73	27.638
622.06	27.599
622.38	27.569
622.71	27.519
623.04	27.452
623.37	27.432
623.70	27.410
624.02	27.352
624.35	27.350
624.68	27.337
625.01	27.325
625.34	27.304
625.66	27.308
625.99	27.292
626.32	27.305
626.65	27.294
626.98	27.305
627.30	27.286
627.63	27.291
627.96	27.268
628.29	27.247
628.61	27.228
628.94	27.187
629.27	27.142
629.60	27.155
629.92	27.109
630.25	27.154
630.58	27.115
630.91	27.063
631.23	27.031
631.56	26.983
631.89	26.966
632.21	26.971
632.54	26.922
632.87	26.938
633.19	26.870
633.52	26.885
633.85	26.839
634.18	26.741
634.50	26.712
634.83	26.638
635.16	26.617
635.48	26.581
635.81	26.527
636.14	26.575
636.46	26.491
636.79	26.509
637.11	26.441
637.44	26.419
637.77	26.466
638.09	26.436
638.42	26.434
638.75	26.451
639.07	26.418
639.40	26.356
639.73	26.305
640.05	26.382
640.38	26.323
640.70	26.303
641.03	26.282
641.36	26.206
641.68	26.183
642.01	26.148
642.33	26.100
642.66	26.106
642.98	26.096
643.31	26.037
643.64	25.929
643.96	25.918
644.29	25.900
644.61	25.859
644.94	25.882
645.26	25.884
645.59	25.890
645.91	25.877
646.24	25.880
646.56	25.879
646.89	25.880
647.22	25.884
647.54	25.842
647.87	25.835
648.19	25.809
648.52	25.795
648.84	25.727
649.17	25.708
649.49	25.654
649.82	25.601
650.14	25.597
650.47	25.537
650.79	25.505
651.11	25.483
651.44	25.448
651.76	25.366
652.09	25.329
652.41	25.347
652.74	25.317
653.06	25.264
653.39	25.229
653.71	25.193
654.04	25.226
654.36	25.225
654.68	25.164
655.01	25.164
655.33	25.164
655.66	25.128
655.98	25.068
656.30	25.039
656.63	25.067
656.95	25.004
657.28	24.985
657.60	24.940
657.92	24.828
658.25	24.779
658.57	24.716
658.90	24.719
659.22	24.640
659.54	24.637
659.87	24.555
660.19	24.462
660.51	24.459
660.84	24.394
661.16	24.327
661.48	24.373
661.81	24.337
662.13	24.324
662.45	24.283
662.78	24.292
663.10	24.247
663.42	24.308
663.75	24.259
664.07	24.194
664.39	24.146
664.72	24.124
665.04	24.022
665.36	24.017
665.69	23.957
666.01	23.866
666.33	23.885
666.65	23.846
666.98	23.801
667.30	23.816
667.62	23.753
667.94	23.765
668.27	23.780
668.59	23.758
668.91	23.736
669.23	23.749
669.56	23.753
669.88	23.655
670.20	23.557
670.52	23.471
670.85	23.494
671.17	23.482
671.49	23.448
671.81	23.415
672.13	23.398
672.46	23.382
672.78	23.284
673.10	23.225
673.42	23.174
673.74	23.242
674.07	23.160
674.39	23.070
674.71	23.068
675.03	23.087
675.35	23.003
675.67	23.028
676.00	23.030
676.32	23.030
676.64	23.042
676.96	23.100
677.28	23.060
677.60	23.122
677.92	23.149
678.25	23.131
678.57	23.070
678.89	23.093
679.21	23.032
679.53	23.073
679.85	23.057
680.17	23.031
680.49	22.967
680.81	22.975
681.13	22.977
681.46	22.949
681.78	22.987
682.10	22.959
682.42	22.967
682.74	22.960
683.06	22.795
683.38	22.810
683.70	22.865
684.02	22.828
684.34	22.807
684.66	22.794
684.98	22.747
685.30	22.733
685.62	22.641
685.94	22.561
686.26	22.556
686.58	22.605
686.90	22.572
687.22	22.484
687.54	22.509
687.86	22.476
688.18	22.385
688.50	22.340
688.82	22.245
689.14	22.245
689.46	22.191
689.78	22.138
690.10	22.095
690.42	22.064
690.74	22.007
691.06	21.982
691.38	21.945
691.70	21.951
692.02	21.886
692.34	21.890
692.66	21.903
692.98	21.913
693.30	21.888
693.62	21.833
693.94	21.732
694.26	21.752
694.57	21.673
694.89	21.626
695.21	21.651
695.53	21.687
695.85	21.667
696.17	21.652
696.49	21.687
696.81	21.716
697.13	21.753
697.44	21.800
697.76	21.759
698.08	21.761
698.40	21.789
698.72	21.684
699.04	21.617
699.36	21.562
699.67	21.486
699.99	21.334
700.31	21.204
700.63	21.072
700.95	20.965
701.27	20.864
701.58	20.729
701.90	20.583
702.22	20.553
702.54	20.485
702.86	20.408
703.17	20.339
703.49	20.360
703.81	20.399
704.13	20.386
704.45	20.372
704.76	20.332
705.08	20.368
705.40	20.366
705.72	20.306
706.03	20.232
706.35	20.234
706.67	20.255
706.99	20.180
707.30	20.101
707.62	20.084
707.94	20.088
708.26	20.075
708.57	20.073
708.89	20.101
709.21	20.122
709.53	20.209
709.84	20.154
710.16	20.158
710.48	20.228
710.79	20.239
711.11	20.208
711.43	20.062
711.74	20.062
712.06	20.086
712.38	20.000
712.69	19.965
713.01	19.950
713.33	19.919
713.64	19.920
713.96	19.924
714.28	20.006
714.59	20.078
714.91	20.280
715.23	20.387
715.54	20.395
715.86	20.487
716.17	20.662
716.49	20.674
716.81	20.795
717.12	20.694
717.44	20.638
717.76	20.565
718.07	20.536
718.39	20.426
718.70	20.404
719.02	20.311
719.33	20.285
719.65	20.047
719.97	20.015
720.28	19.924
720.60	19.940
720.91	20.033
721.23	19.998
721.54	19.994
721.86	20.103
722.17	19.995
722.49	20.036
722.81	19.949
723.12	19.949
723.44	19.968
723.75	19.944
724.07	20.041
724.38	19.907
724.70	19.857
725.01	19.876
725.33	19.702
725.64	19.745
725.96	19.648
726.27	19.706
726.59	19.756
726.90	19.743
727.22	19.762
727.53	19.770
727.84	19.674
728.16	19.671
728.47	19.574
728.79	19.559
729.10	19.511
729.42	19.565
729.73	19.485
730.05	19.377
730.36	19.365
730.67	19.261
730.99	19.135
731.30	19.102
731.62	19.077
731.93	18.966
732.24	18.931
732.56	18.850
732.87	18.616
733.19	18.472
733.50	18.437
733.81	18.257
734.13	18.105
734.44	18.025
734.76	18.072
735.07	17.847
735.38	17.784
735.70	17.685
736.01	17.547
736.32	17.592
736.64	17.597
736.95	17.535
737.26	17.483
737.58	17.606
737.89	17.640
738.20	17.458
738.52	17.437
738.83	17.406
739.14	17.351
739.45	17.420
739.77	17.437
740.08	17.423
740.39	17.313
740.71	17.272
741.02	17.251
741.33	17.136
741.64	17.253
741.96	17.137
742.27	17.152
742.58	17.012
742.90	16.900
743.21	16.736
743.52	16.776
743.83	16.793
744.14	16.724
744.46	16.520
744.77	16.468
745.08	16.372
745.39	16.356
745.71	16.205
746.02	16.340
746.33	16.304
746.64	16.353
746.95	16.212
747.27	16.267
747.58	16.144
747.89	16.308
748.20	16.205
748.51	16.017
748.82	16.152
749.14	16.132
749.45	16.031
749.76	16.046
750.07	15.972
750.38	15.878
750.69	15.964
751.01	16.116
751.32	15.895
751.63	15.937
751.94	16.075
752.25	16.099
752.56	16.272
752.87	16.340
753.18	16.323
753.49	16.355
753.81	16.369
754.12	16.290
754.43	16.298
754.74	16.581
755.05	16.616
755.36	16.819
755.67	16.915
755.98	16.916
756.29	17.050
756.60	17.233
756.91	17.564
757.22	17.895
757.53	18.040
757.84	18.269
758.15	18.404
758.46	18.770
758.77	18.888
759.09	19.081
759.40	19.287
759.71	19.567
760.02	19.618
760.33	19.562
760.64	19.629
760.95	19.714
761.26	19.732
761.57	19.762
761.88	19.622
762.18	19.595
762.49	19.480
762.80	19.351
763.11	19.134
763.42	19.007
763.73	18.962
764.04	18.732
764.35	18.547
764.66	18.201
764.97	17.935
765.28	17.827
765.59	17.512
765.90	17.309
766.21	17.248
766.52	16.987
766.83	16.739
767.14	16.520
767.44	16.245
767.75	15.921
768.06	15.817
768.37	15.748
768.68	15.535
768.99	15.362
769.30	15.082
769.61	14.710
769.91	14.610
770.22	14.487
770.53	14.291
770.84	14.480
771.15	14.620
771.46	14.780
771.77	14.361
772.07	14.403
772.38	14.234
772.69	14.288
773.00	14.089
773.31	14.315
773.61	14.380
773.92	14.350
774.23	14.108
774.54	13.943
774.85	13.685
775.15	14.104
775.46	13.954
775.77	14.115
776.08	13.795
776.39	13.703
776.69	13.729
777.00	13.789
777.31	13.833
777.62	13.989
777.92	13.822
778.23	13.908
778.54	13.549
778.85	13.607
779.15	13.416
779.46	13.779
779.77	14.155
780.07	13.896
780.38	13.704
780.69	13.676
781.00	13.347
781.30	13.360
781.61	13.348
781.92	13.561
782.22	13.335
782.53	13.591
782.84	13.560
783.14	13.551
783.45	13.552
783.76	13.905
784.06	13.776
784.37	14.139
784.68	14.391
784.98	14.565
785.29	14.615
785.60	15.118
785.90	15.098
786.21	15.055
786.51	15.188
786.82	15.129
787.13	15.177
787.43	15.324
787.74	15.444
788.04	15.455
788.35	15.301
788.66	15.170
788.96	15.082
789.27	15.608
789.57	15.718
789.88	15.576
790.19	15.651
790.49	15.611
790.80	15.854
791.10	15.701
791.41	15.723
791.71	16.127
792.02	16.149
792.32	16.079
792.63	15.618
792.93	15.604
793.24	15.287
793.54	15.390
793.85	15.526
794.15	15.403
794.46	15.341
794.76	15.401
795.07	15.225
795.37	15.313
795.68	15.103
795.98	15.165
796.29	15.432
796.59	15.997
796.90	15.842
797.20	15.923
797.51	15.952
797.81	16.020
798.12	16.307
798.42	16.356
798.72	16.370
799.03	16.427
799.33	16.411
799.64	16.481
799.94	16.222
800.25	16.414
800.55	16.369
800.85	16.183
801.16	16.221
801.46	15.901
801.77	15.598
802.07	15.401
802.37	15.322
802.68	15.202
802.98	14.770
803.28	14.880
803.59	14.759
803.89	14.377
804.20	14.613
804.50	14.607
804.80	14.241
805.11	14.285
805.41	14.608
805.71	14.952
806.02	14.971
806.32	15.661
806.62	15.385
806.93	15.416
807.23	15.638
807.53	15.479
807.83	15.684
808.14	16.054
808.44	16.278
808.74	16.622
809.05	16.704
809.35	17.141
809.65	16.461
809.95	17.088
810.26	17.201
810.56	17.550
810.86	17.657
811.16	17.565
811.47	17.554
811.77	18.042
812.07	17.738
812.37	17.575
812.68	17.230
812.98	17.893
813.28	17.645
813.58	17.712
813.88	17.573
814.19	17.535
814.49	17.222
814.79	17.401
815.09	17.295
815.39	17.166
815.70	17.281
816.00	17.435
816.30	17.102
816.60	17.125
816.90	17.529
817.20	17.784
817.50	18.348
817.81	19.037
818.11	19.191
818.41	19.289
818.71	19.415
819.01	19.635
819.31	19.734
819.61	19.863
819.92	19.973
820.22	19.998
820.52	20.046
820.82	20.084
821.12	20.099
821.42	20.159
821.72	20.201
822.02	20.168
822.32	20.081
822.62	20.088
822.92	20.089
823.22	20.059
823.52	20.003
823.83	19.926
824.13	19.836
824.43	19.692
824.73	19.570
825.03	19.557
825.33	19.580
825.63	19.644
825.93	19.621
826.23	19.584
826.53	19.591
826.83	19.619
827.13	19.579
827.43	19.600
827.73	19.677
828.03	19.742
828.33	19.372
828.63	19.487
828.93	19.363
829.23	19.331
829.53	19.068
829.83	19.189
830.13	19.115
830.42	19.298
830.72	19.491
831.02	19.608
831.32	19.498
831.62	19.640
831.92	19.442
832.22	19.594
832.52	19.392
832.82	19.627
833.12	19.511
833.42	19.668
833.72	19.678
834.01	19.463
834.31	19.329
834.61	19.484
834.91	19.695
835.21	19.664
835.51	19.506
835.81	19.726
836.11	19.805
836.40	19.567
836.70	19.405
837.00	19.096
837.30	18.523
837.60	18.265
837.90	17.818
838.19	17.179
838.49	17.281
838.79	17.078
839.09	17.039
839.39	16.205
839.68	16.116
839.98	15.646
840.28	15.265
840.58	15.869
840.88	15.842
841.17	15.767
841.47	16.028
841.77	15.500
842.07	15.552
842.36	14.862
842.66	14.830
842.96	14.710
843.26	13.654
843.55	12.673
843.85	11.453
844.15	10.588
844.45	10.308
844.74	10.886
845.04	11.417
845.34	11.007
845.63	10.461
845.93	10.610
846.23	10.701
846.53	12.442
846.82	13.573
847.12	13.547
847.42	12.036
847.71	10.444
848.01	8.577
848.31	9.612
848.60	8.770
848.90	8.276
849.19	8.428
849.49	8.156
849.79	7.555
850.08	8.031
850.38	7.767
850.68	9.246
850.97	11.382
851.27	12.308
851.56	10.337
851.86	10.621
852.16	12.240
852.45	12.725
852.75	12.347
853.04	12.048
853.34	12.156
853.64	11.265
853.93	11.125
854.23	10.601
854.52	10.849
854.82	12.505
855.11	12.381
855.41	12.310
855.70	12.133
856.00	13.258
856.30	12.740
856.59	12.004
856.89	14.526
857.18	16.212
857.48	16.464
857.77	14.464
858.07	13.808
858.36	14.439
858.66	13.831
858.95	14.317
859.25	11.931
859.54	12.308
859.84	12.414
860.13	11.597
860.42	10.471
860.72	9.808
861.01	11.484
861.31	10.314
861.60	9.757
861.90	9.828
862.19	6.147
862.49	6.319
862.78	8.100
863.07	9.097
863.37	8.158
863.66	7.398
863.96	8.747
864.25	8.852
864.54	9.597
864.84	10.555
865.13	9.288
865.43	10.193
865.72	14.601
866.01	11.879
866.31	16.376
866.60	-5.034
866.89	-5.978
>>>>>End Spectral Data<<<<<
