180.30	0.000
180.67	0.000
181.03	256.013
181.40	61.462
181.77	-4044.133
182.14	100.286
182.51	51.704
182.88	1500.583
183.25	91.082
183.62	-71.689
183.99	49.122
184.36	-126.887
184.73	231.551
185.10	54.635
185.46	33.336
185.83	112.493
186.20	70.076
186.57	753.750
186.94	-37.946
187.31	159.321
187.68	-130.420
188.05	2.190
188.42	22.039
188.78	46.481
189.15	32.442
189.52	38.834
189.89	31.494
190.26	12.437
190.63	22.354
191.00	21.892
191.37	26.688
191.73	21.215
192.10	33.325
192.47	21.791
192.84	20.718
193.21	20.016
193.58	18.242
193.94	16.306
194.31	19.021
194.68	23.316
195.05	22.775
195.42	17.836
195.79	12.856
196.15	9.550
196.52	15.606
196.89	8.718
197.26	17.247
197.63	9.554
198.00	24.278
198.36	25.734
198.73	12.458
199.10	14.530
199.47	12.194
199.84	12.174
200.20	16.434
200.57	1.157
200.94	8.144
201.31	-3.495
201.68	14.795
202.04	8.775
202.41	12.453
202.78	10.713
203.15	2.615
203.51	-17.899
203.88	-8.107
204.25	-9.814
204.62	22.123
204.98	23.157
205.35	31.531
205.72	35.936
206.09	30.054
206.46	34.445
206.82	37.985
207.19	35.266
207.56	37.579
207.92	33.894
208.29	33.563
208.66	20.022
209.03	20.236
209.39	3.137
209.76	-4.252
210.13	-8.578
210.50	-13.647
210.86	-1.841
211.23	11.131
211.60	12.106
211.96	15.545
212.33	13.525
212.70	18.814
213.07	10.013
213.43	20.347
213.80	17.248
214.17	14.387
214.53	14.713
214.90	5.023
215.27	-3.476
215.63	-5.591
216.00	-8.416
216.37	-2.316
216.74	-12.610
217.10	-6.592
217.47	-8.577
217.84	1.703
218.20	11.384
218.57	10.268
218.94	6.780
219.30	9.430
219.67	11.993
220.04	18.721
220.40	17.594
220.77	9.283
221.13	9.259
221.50	5.808
221.87	2.106
222.23	3.798
222.60	10.294
222.97	10.302
223.33	11.731
223.70	8.504
224.07	8.997
224.43	12.118
224.80	17.315
225.16	15.280
225.53	14.656
225.90	11.815
226.26	7.318
226.63	4.278
226.99	6.813
227.36	7.486
227.73	7.431
228.09	4.719
228.46	3.359
228.82	1.996
229.19	2.759
229.56	2.474
229.92	4.941
230.29	8.705
230.65	11.318
231.02	10.568
231.38	8.263
231.75	8.396
232.12	10.291
232.48	10.691
232.85	10.133
233.21	11.871
233.58	11.351
233.94	12.366
234.31	9.538
234.68	8.281
235.04	7.531
235.41	8.859
235.77	9.533
236.14	10.217
236.50	8.313
236.87	9.012
237.23	6.953
237.60	7.535
237.96	5.773
238.33	8.093
238.69	8.009
239.06	7.824
239.42	8.043
239.79	8.019
240.15	7.642
240.52	7.714
240.88	7.083
241.25	7.518
241.61	7.458
241.98	8.056
242.34	7.309
242.71	7.947
243.07	8.552
243.44	8.502
243.80	8.559
244.17	8.765
244.53	9.018
244.90	9.271
245.26	9.389
245.63	9.500
245.99	9.194
246.36	9.306
246.72	8.561
247.09	8.396
247.45	8.475
247.81	8.478
248.18	8.151
248.54	8.146
248.91	8.070
249.27	8.099
249.64	7.984
250.00	8.167
250.36	8.368
250.73	9.255
251.09	9.412
251.46	9.046
251.82	9.224
252.19	9.374
252.55	9.399
252.91	9.145
253.28	8.934
253.64	8.856
254.01	8.730
254.37	8.559
254.73	8.767
255.10	8.569
255.46	8.942
255.83	8.675
256.19	8.607
256.55	8.627
256.92	8.768
257.28	8.828
257.65	9.031
258.01	9.222
258.37	9.147
258.74	8.943
259.10	8.910
259.46	8.661
259.83	8.601
260.19	8.536
260.55	8.479
260.92	8.209
261.28	7.992
261.64	7.724
262.01	7.447
262.37	7.316
262.73	7.083
263.10	7.130
263.46	7.603
263.82	7.647
264.19	7.425
264.55	7.660
264.91	7.891
265.28	7.937
265.64	7.786
266.00	7.717
266.37	7.599
266.73	7.708
267.09	7.534
267.46	7.468
267.82	7.482
268.18	7.580
268.54	7.251
268.91	7.475
269.27	7.581
269.63	7.596
270.00	7.757
270.36	7.760
270.72	7.511
271.08	7.125
271.45	6.934
271.81	7.071
272.17	7.241
272.53	7.071
272.90	6.576
273.26	6.360
273.62	6.387
273.98	6.279
274.35	6.345
274.71	6.728
275.07	7.323
275.43	7.387
275.80	7.426
276.16	7.595
276.52	7.771
276.88	7.959
277.25	7.907
277.61	7.833
277.97	7.889
278.33	7.766
278.69	7.454
279.06	7.546
279.42	7.254
279.78	7.112
280.14	6.941
280.50	6.961
280.87	7.035
281.23	7.125
281.59	6.959
281.95	6.827
282.31	6.854
282.68	7.066
283.04	6.893
283.40	7.151
283.76	7.118
284.12	7.160
284.48	7.137
284.85	6.969
285.21	6.858
285.57	7.035
285.93	7.081
286.29	7.102
286.65	7.048
287.02	7.045
287.38	7.014
287.74	7.141
288.10	7.053
288.46	7.044
288.82	7.057
289.18	7.022
289.54	7.148
289.91	7.385
290.27	7.387
290.63	7.607
290.99	7.505
291.35	7.395
291.71	7.443
292.07	7.398
292.43	7.471
292.79	7.690
293.16	7.796
293.52	7.684
293.88	7.530
294.24	7.534
294.60	7.282
294.96	7.338
295.32	7.509
295.68	7.340
296.04	7.564
296.40	7.611
296.76	7.713
297.12	7.803
297.49	7.950
297.85	8.057
298.21	8.106
298.57	8.244
298.93	8.472
299.29	8.519
299.65	8.437
300.01	8.363
300.37	8.141
300.73	8.194
301.09	8.342
301.45	8.424
301.81	8.392
302.17	8.448
302.53	8.471
302.89	8.324
303.25	8.207
303.61	8.517
303.97	8.455
304.33	8.612
304.69	8.439
305.05	8.182
305.41	7.941
305.77	7.955
306.13	7.971
306.49	8.051
306.85	8.077
307.21	8.209
307.57	8.198
307.93	8.334
308.29	8.418
308.65	8.425
309.01	8.520
309.37	8.668
309.73	8.638
310.09	8.648
310.45	8.618
310.81	8.704
311.17	8.558
311.53	8.531
311.89	8.557
312.25	8.625
312.61	8.753
312.96	8.808
313.32	8.811
313.68	8.762
314.04	8.860
314.40	8.770
314.76	8.787
315.12	8.924
315.48	9.025
315.84	8.855
316.20	8.911
316.56	8.874
316.92	8.890
317.27	8.771
317.63	8.829
317.99	8.704
318.35	8.769
318.71	8.684
319.07	8.703
319.43	8.700
319.79	8.705
320.15	8.613
320.50	8.552
320.86	8.646
321.22	8.775
321.58	8.880
321.94	8.828
322.30	8.874
322.66	8.946
323.01	9.007
323.37	9.011
323.73	9.133
324.09	9.161
324.45	9.297
324.81	9.194
325.17	9.164
325.52	9.157
325.88	9.224
326.24	9.304
326.60	9.427
326.96	9.473
327.31	9.464
327.67	9.459
328.03	9.560
328.39	9.473
328.75	9.522
329.11	9.669
329.46	9.707
329.82	9.771
330.18	9.766
330.54	9.849
330.90	9.827
331.25	9.855
331.61	9.844
331.97	9.780
332.33	9.991
332.68	10.004
333.04	9.955
333.40	10.065
333.76	10.048
334.11	10.014
334.47	9.927
334.83	9.951
335.19	10.015
335.54	10.086
335.90	10.156
336.26	10.069
336.62	10.051
336.97	9.963
337.33	9.884
337.69	9.836
338.05	9.807
338.40	9.769
338.76	9.766
339.12	9.693
339.48	9.695
339.83	9.608
340.19	9.608
340.55	9.619
340.90	9.691
341.26	9.671
341.62	9.740
341.97	9.846
342.33	9.874
342.69	9.951
343.04	9.968
343.40	9.924
343.76	9.875
344.12	9.836
344.47	9.877
344.83	9.876
345.19	9.933
345.54	9.945
345.90	9.896
346.26	9.791
346.61	9.742
346.97	9.683
347.32	9.829
347.68	9.892
348.04	9.906
348.39	9.936
348.75	9.942
349.11	9.828
349.46	9.812
349.82	9.840
350.18	9.908
350.53	9.839
350.89	9.892
351.24	9.768
351.60	9.747
351.96	9.718
352.31	9.667
352.67	9.598
353.02	9.752
353.38	9.705
353.74	9.704
354.09	9.742
354.45	9.759
354.80	9.685
355.16	9.687
355.52	9.737
355.87	9.743
356.23	9.781
356.58	9.821
356.94	9.656
357.29	9.666
357.65	9.622
358.00	9.607
358.36	9.604
358.72	9.728
359.07	9.701
359.43	9.703
359.78	9.712
360.14	9.689
360.49	9.669
360.85	9.717
361.20	9.799
361.56	9.837
361.91	9.844
362.27	9.868
362.62	9.792
362.98	9.816
363.33	9.793
363.69	9.765
364.04	9.754
364.40	9.800
364.75	9.740
365.11	9.735
365.46	9.749
365.82	9.751
366.17	9.796
366.53	9.866
366.88	9.911
367.24	9.949
367.59	10.059
367.95	10.105
368.30	10.078
368.66	10.169
369.01	10.151
369.37	10.127
369.72	10.177
370.08	10.181
370.43	10.178
370.78	10.154
371.14	10.168
371.49	10.201
371.85	10.206
372.20	10.236
372.56	10.298
372.91	10.348
373.26	10.377
373.62	10.370
373.97	10.420
374.33	10.468
374.68	10.526
375.03	10.560
375.39	10.536
375.74	10.544
376.10	10.578
376.45	10.597
376.80	10.638
377.16	10.702
377.51	10.783
377.87	10.752
378.22	10.759
378.57	10.824
378.93	10.848
379.28	10.909
379.63	11.007
379.99	11.073
380.34	11.115
380.70	11.123
381.05	11.219
381.40	11.226
381.76	11.259
382.11	11.321
382.46	11.303
382.82	11.347
383.17	11.376
383.52	11.407
383.88	11.453
384.23	11.499
384.58	11.537
384.94	11.552
385.29	11.621
385.64	11.752
385.99	11.808
386.35	11.936
386.70	11.978
387.05	12.024
387.41	12.054
387.76	12.113
388.11	12.139
388.47	12.228
388.82	12.260
389.17	12.291
389.52	12.303
389.88	12.348
390.23	12.361
390.58	12.469
390.93	12.529
391.29	12.600
391.64	12.647
391.99	12.727
392.34	12.769
392.70	12.849
393.05	12.923
393.40	13.002
393.75	13.087
394.11	13.139
394.46	13.162
394.81	13.211
395.16	13.228
395.52	13.278
395.87	13.313
396.22	13.348
396.57	13.378
396.92	13.408
397.28	13.472
397.63	13.472
397.98	13.548
398.33	13.612
398.68	13.675
399.04	13.770
399.39	13.860
399.74	13.973
400.09	14.036
400.44	14.083
400.80	14.130
401.15	14.177
401.50	14.236
401.85	14.291
402.20	14.370
402.55	14.448
402.90	14.502
403.26	14.579
403.61	14.606
403.96	14.696
404.31	14.765
404.66	14.834
405.01	14.885
405.36	14.977
405.72	15.021
406.07	15.082
406.42	15.134
406.77	15.216
407.12	15.220
407.47	15.289
407.82	15.347
408.17	15.386
408.53	15.471
408.88	15.562
409.23	15.657
409.58	15.705
409.93	15.718
410.28	15.790
410.63	15.826
410.98	15.914
411.33	15.977
411.68	16.023
412.03	16.109
412.38	16.146
412.73	16.152
413.09	16.153
413.44	16.212
413.79	16.281
414.14	16.295
414.49	16.341
414.84	16.342
415.19	16.362
415.54	16.384
415.89	16.370
416.24	16.385
416.59	16.411
416.94	16.414
417.29	16.404
417.64	16.412
417.99	16.432
418.34	16.433
418.69	16.464
419.04	16.481
419.39	16.526
419.74	16.573
420.09	16.614
420.44	16.651
420.79	16.712
421.14	16.769
421.49	16.811
421.84	16.859
422.19	16.899
422.54	16.963
422.89	17.008
423.24	17.048
423.59	17.121
423.94	17.184
424.29	17.245
424.64	17.310
424.99	17.397
425.34	17.482
425.68	17.579
426.03	17.700
426.38	17.774
426.73	17.894
427.08	17.987
427.43	18.080
427.78	18.132
428.13	18.204
428.48	18.267
428.83	18.298
429.18	18.327
429.53	18.357
429.87	18.383
430.22	18.363
430.57	18.372
430.92	18.380
431.27	18.384
431.62	18.402
431.97	18.396
432.32	18.403
432.67	18.422
433.01	18.455
433.36	18.488
433.71	18.536
434.06	18.581
434.41	18.635
434.76	18.682
435.11	18.694
435.45	18.749
435.80	18.785
436.15	18.811
436.50	18.861
436.85	18.892
437.20	18.906
437.54	18.931
437.89	18.984
438.24	19.016
438.59	19.037
438.94	19.108
439.29	19.150
439.63	19.194
439.98	19.264
440.33	19.297
440.68	19.364
441.03	19.432
441.37	19.480
441.72	19.554
442.07	19.596
442.42	19.663
442.76	19.695
443.11	19.707
443.46	19.739
443.81	19.785
444.16	19.852
444.50	19.873
444.85	19.907
445.20	19.948
445.55	19.986
445.89	20.062
446.24	20.108
446.59	20.190
446.94	20.311
447.28	20.452
447.63	20.570
447.98	20.687
448.32	20.838
448.67	20.984
449.02	21.142
449.37	21.274
449.71	21.364
450.06	21.483
450.41	21.579
450.75	21.660
451.10	21.756
451.45	21.838
451.79	21.875
452.14	21.938
452.49	22.015
452.84	22.076
453.18	22.162
453.53	22.252
453.88	22.366
454.22	22.426
454.57	22.498
454.92	22.577
455.26	22.657
455.61	22.757
455.95	22.839
456.30	22.902
456.65	22.962
456.99	23.009
457.34	23.058
457.69	23.113
458.03	23.186
458.38	23.254
458.73	23.299
459.07	23.351
459.42	23.437
459.76	23.491
460.11	23.581
460.46	23.699
460.80	23.849
461.15	23.972
461.49	24.088
461.84	24.221
462.19	24.375
462.53	24.541
462.88	24.673
463.22	24.793
463.57	24.945
463.91	25.062
464.26	25.140
464.61	25.189
464.95	25.314
465.30	25.421
465.64	25.506
465.99	25.574
466.33	25.630
466.68	25.721
467.02	25.789
467.37	25.837
467.71	25.895
468.06	25.973
468.41	26.068
468.75	26.117
469.10	26.176
469.44	26.253
469.79	26.340
470.13	26.453
470.48	26.513
470.82	26.612
471.17	26.677
471.51	26.782
471.86	26.828
472.20	26.900
472.55	26.972
472.89	27.025
473.23	27.057
473.58	27.083
473.92	27.079
474.27	27.149
474.61	27.169
474.96	27.250
475.30	27.278
475.65	27.373
475.99	27.444
476.34	27.509
476.68	27.592
477.02	27.674
477.37	27.785
477.71	27.904
478.06	27.984
478.40	28.139
478.75	28.336
479.09	28.569
479.43	28.835
479.78	29.137
480.12	29.504
480.47	29.916
480.81	30.347
481.15	30.771
481.50	31.223
481.84	31.787
482.19	32.376
482.53	32.850
482.87	33.094
483.22	33.064
483.56	32.766
483.90	32.315
484.25	31.726
484.59	31.175
484.94	30.775
485.28	30.384
485.62	29.882
485.97	29.301
486.31	28.823
486.65	28.581
487.00	28.582
487.34	28.837
487.68	29.195
488.03	29.657
488.37	30.046
488.71	30.229
489.06	30.323
489.40	30.376
489.74	30.459
490.09	30.551
490.43	30.572
490.77	30.635
491.11	30.693
491.46	30.781
491.80	30.843
492.14	30.898
492.49	30.944
492.83	31.016
493.17	31.098
493.51	31.179
493.86	31.248
494.20	31.388
494.54	31.488
494.88	31.581
495.23	31.652
495.57	31.751
495.91	31.849
496.25	31.950
496.60	32.012
496.94	32.106
497.28	32.209
497.62	32.287
497.97	32.380
498.31	32.513
498.65	32.620
498.99	32.740
499.33	32.872
499.68	33.014
500.02	33.117
500.36	33.222
500.70	33.295
501.04	33.381
501.39	33.515
501.73	33.620
502.07	33.706
502.41	33.831
502.75	33.913
503.09	33.980
503.44	34.044
503.78	34.162
504.12	34.269
504.46	34.406
504.80	34.497
505.14	34.582
505.49	34.655
505.83	34.741
506.17	34.792
506.51	34.856
506.85	34.936
507.19	35.051
507.53	35.118
507.87	35.211
508.22	35.288
508.56	35.383
508.90	35.463
509.24	35.572
509.58	35.685
509.92	35.830
510.26	35.986
510.60	36.122
510.94	36.259
511.28	36.394
511.63	36.545
511.97	36.667
512.31	36.798
512.65	36.943
512.99	37.077
513.33	37.205
513.67	37.320
514.01	37.429
514.35	37.552
514.69	37.641
515.03	37.764
515.37	37.831
515.71	37.935
516.05	38.028
516.39	38.103
516.73	38.181
517.07	38.247
517.41	38.325
517.75	38.409
518.09	38.510
518.43	38.579
518.77	38.698
519.11	38.841
519.45	38.962
519.79	39.073
520.13	39.196
520.47	39.339
520.81	39.487
521.15	39.639
521.49	39.773
521.83	39.880
522.17	39.997
522.51	40.053
522.85	40.129
523.19	40.291
523.53	40.528
523.87	40.794
524.21	41.045
524.55	41.265
524.89	41.485
525.23	41.728
525.57	41.914
525.91	42.112
526.25	42.290
526.58	42.469
526.92	42.595
527.26	42.670
527.60	42.711
527.94	42.743
528.28	42.758
528.62	42.762
528.96	42.741
529.30	42.747
529.64	42.744
529.97	42.747
530.31	42.735
530.65	42.756
530.99	42.798
531.33	42.863
531.67	42.945
532.01	43.052
532.35	43.118
532.68	43.194
533.02	43.263
533.36	43.357
533.70	43.457
534.04	43.582
534.38	43.674
534.71	43.819
535.05	43.929
535.39	44.015
535.73	44.170
536.07	44.359
536.41	44.562
536.74	44.734
537.08	44.910
537.42	45.082
537.76	45.250
538.10	45.404
538.43	45.514
538.77	45.654
539.11	45.819
539.45	45.929
539.79	46.002
540.12	46.060
540.46	46.115
540.80	46.139
541.14	46.140
541.47	46.168
541.81	46.228
542.15	46.307
542.49	46.364
542.82	46.398
543.16	46.437
543.50	46.521
543.84	46.635
544.17	46.770
544.51	46.940
544.85	47.113
545.18	47.201
545.52	47.335
545.86	47.451
546.20	47.602
546.53	47.775
546.87	47.959
547.21	48.129
547.54	48.258
547.88	48.445
548.22	48.557
548.55	48.744
548.89	48.948
549.23	49.083
549.56	49.180
549.90	49.303
550.24	49.413
550.57	49.494
550.91	49.610
551.25	49.752
551.58	49.804
551.92	49.936
552.26	49.990
552.59	50.098
552.93	50.245
553.27	50.392
553.60	50.530
553.94	50.667
554.27	50.809
554.61	50.954
554.95	51.053
555.28	51.220
555.62	51.378
555.95	51.552
556.29	51.688
556.63	51.789
556.96	51.913
557.30	51.985
557.63	52.092
557.97	52.178
558.31	52.256
558.64	52.405
558.98	52.488
559.31	52.537
559.65	52.605
559.98	52.710
560.32	52.772
560.65	52.810
560.99	52.898
561.33	52.955
561.66	52.975
562.00	53.062
562.33	53.048
562.67	53.141
563.00	53.211
563.34	53.267
563.67	53.278
564.01	53.317
564.34	53.361
564.68	53.387
565.01	53.400
565.35	53.486
565.68	53.506
566.02	53.576
566.35	53.639
566.69	53.710
567.02	53.795
567.36	53.890
567.69	53.942
568.03	54.048
568.36	54.116
568.69	54.170
569.03	54.205
569.36	54.255
569.70	54.296
570.03	54.276
570.37	54.278
570.70	54.295
571.04	54.322
571.37	54.397
571.70	54.450
572.04	54.511
572.37	54.627
572.71	54.694
573.04	54.794
573.37	54.882
573.71	54.989
574.04	55.085
574.38	55.219
574.71	55.327
575.04	55.433
575.38	55.547
575.71	55.690
576.05	55.796
576.38	55.985
576.71	56.119
577.05	56.282
577.38	56.471
577.71	56.634
578.05	56.752
578.38	56.887
578.71	57.004
579.05	57.062
579.38	57.129
579.71	57.203
580.05	57.207
580.38	57.244
580.71	57.287
581.05	57.311
581.38	57.389
581.71	57.406
582.05	57.431
582.38	57.476
582.71	57.601
583.04	57.622
583.38	57.646
583.71	57.684
584.04	57.708
584.38	57.740
584.71	57.713
585.04	57.691
585.37	57.726
585.71	57.738
586.04	57.681
586.37	57.595
586.70	57.594
587.04	57.587
587.37	57.640
587.70	57.643
588.03	57.649
588.37	57.670
588.70	57.664
589.03	57.654
589.36	57.705
589.69	57.761
590.03	57.808
590.36	57.799
590.69	57.844
591.02	57.832
591.35	57.807
591.69	57.762
592.02	57.745
592.35	57.685
592.68	57.641
593.01	57.574
593.35	57.556
593.68	57.530
594.01	57.501
594.34	57.521
594.67	57.487
595.00	57.498
595.34	57.509
595.67	57.501
596.00	57.518
596.33	57.528
596.66	57.541
596.99	57.573
597.32	57.607
597.65	57.664
597.99	57.640
598.32	57.705
598.65	57.773
598.98	57.803
599.31	57.864
599.64	57.916
599.97	57.939
600.30	57.884
600.63	57.822
600.96	57.727
601.30	57.662
601.63	57.598
601.96	57.507
602.29	57.434
602.62	57.377
602.95	57.348
603.28	57.275
603.61	57.244
603.94	57.294
604.27	57.303
604.60	57.349
604.93	57.372
605.26	57.405
605.59	57.449
605.92	57.514
606.25	57.604
606.58	57.632
606.91	57.687
607.24	57.690
607.57	57.636
607.90	57.635
608.23	57.614
608.56	57.645
608.89	57.626
609.22	57.672
609.55	57.715
609.88	57.726
610.21	57.755
610.54	57.859
610.87	57.978
611.20	58.124
611.53	58.222
611.86	58.327
612.19	58.446
612.52	58.552
612.85	58.616
613.18	58.566
613.51	58.524
613.84	58.503
614.17	58.506
614.49	58.461
614.82	58.437
615.15	58.450
615.48	58.454
615.81	58.449
616.14	58.422
616.47	58.423
616.80	58.442
617.13	58.448
617.46	58.432
617.78	58.417
618.11	58.458
618.44	58.507
618.77	58.511
619.10	58.537
619.43	58.526
619.76	58.560
620.09	58.531
620.41	58.530
620.74	58.524
621.07	58.512
621.40	58.446
621.73	58.337
622.06	58.228
622.38	58.159
622.71	58.015
623.04	57.874
623.37	57.735
623.70	57.652
624.02	57.581
624.35	57.544
624.68	57.431
625.01	57.327
625.34	57.297
625.66	57.237
625.99	57.182
626.32	57.184
626.65	57.238
626.98	57.255
627.30	57.323
627.63	57.275
627.96	57.316
628.29	57.465
628.61	57.562
628.94	57.575
629.27	57.596
629.60	57.623
629.92	57.597
630.25	57.533
630.58	57.498
630.91	57.370
631.23	57.406
631.56	57.303
631.89	57.229
632.21	57.190
632.54	57.079
632.87	57.008
633.19	56.949
633.52	56.934
633.85	56.928
634.18	56.921
634.50	56.924
634.83	56.925
635.16	56.887
635.48	56.870
635.81	56.836
636.14	56.950
636.46	56.992
636.79	57.005
637.11	57.013
637.44	57.035
637.77	57.059
638.09	56.997
638.42	56.987
638.75	57.002
639.07	56.954
639.40	56.898
639.73	56.881
640.05	56.910
640.38	56.907
640.70	56.929
641.03	56.886
641.36	56.874
641.68	56.874
642.01	56.801
642.33	56.837
642.66	56.831
642.98	56.858
643.31	56.808
643.64	56.733
643.96	56.651
644.29	56.518
644.61	56.458
644.94	56.355
645.26	56.257
645.59	56.257
645.91	56.182
646.24	56.217
646.56	56.139
646.89	56.081
647.22	56.050
647.54	55.999
647.87	55.976
648.19	55.881
648.52	55.843
648.84	55.874
649.17	55.766
649.49	55.707
649.82	55.528
650.14	55.438
650.47	55.317
650.79	55.206
651.11	55.097
651.44	55.098
651.76	55.090
652.09	55.009
652.41	54.941
652.74	54.898
653.06	54.831
653.39	54.807
653.71	54.768
654.04	54.708
654.36	54.627
654.68	54.510
655.01	54.276
655.33	54.141
655.66	53.979
655.98	53.823
656.30	53.642
656.63	53.445
656.95	53.305
657.28	53.171
657.60	53.088
657.92	52.976
658.25	52.955
658.57	52.968
658.90	52.950
659.22	52.957
659.54	52.969
659.87	52.895
660.19	52.901
660.51	52.917
660.84	52.976
661.16	52.950
661.48	53.025
661.81	53.040
662.13	53.003
662.45	52.945
662.78	52.938
663.10	52.853
663.42	52.968
663.75	52.923
664.07	52.843
664.39	52.658
664.72	52.606
665.04	52.411
665.36	52.278
665.69	52.194
666.01	52.110
666.33	52.073
666.65	52.036
666.98	51.950
667.30	51.894
667.62	51.804
667.94	51.770
668.27	51.762
668.59	51.766
668.91	51.807
669.23	51.787
669.56	51.758
669.88	51.629
670.20	51.524
670.52	51.427
670.85	51.454
671.17	51.482
671.49	51.477
671.81	51.386
672.13	51.328
672.46	51.201
672.78	51.111
673.10	51.000
673.42	50.921
673.74	50.941
674.07	50.874
674.39	50.710
674.71	50.538
675.03	50.416
675.35	50.329
675.67	50.143
676.00	50.016
676.32	49.818
676.64	49.642
676.96	49.509
677.28	49.348
677.60	49.194
677.92	49.076
678.25	48.956
678.57	48.880
678.89	48.696
679.21	48.685
679.53	48.642
679.85	48.669
680.17	48.770
680.49	48.796
680.81	48.794
681.13	48.814
681.46	48.884
681.78	49.010
682.10	48.987
682.42	49.048
682.74	48.944
683.06	48.899
683.38	48.839
683.70	48.778
684.02	48.750
684.34	48.700
684.66	48.675
684.98	48.488
685.30	48.377
685.62	48.259
685.94	48.161
686.26	48.118
686.58	48.070
686.90	48.033
687.22	47.965
687.54	47.834
687.86	47.699
688.18	47.602
688.50	47.559
688.82	47.331
689.14	47.233
689.46	47.117
689.78	47.059
690.10	46.889
690.42	46.732
690.74	46.603
691.06	46.439
691.38	46.349
691.70	46.232
692.02	46.177
692.34	46.198
692.66	46.126
692.98	46.061
693.30	45.984
693.62	45.917
693.94	45.710
694.26	45.506
694.57	45.319
694.89	45.112
695.21	44.933
695.53	44.729
695.85	44.590
696.17	44.433
696.49	44.252
696.81	44.102
697.13	43.953
697.44	43.928
697.76	43.781
698.08	43.809
698.40	43.803
698.72	43.745
699.04	43.678
699.36	43.646
699.67	43.598
699.99	43.553
700.31	43.450
700.63	43.402
700.95	43.371
701.27	43.330
701.58	43.295
701.90	43.197
702.22	43.196
702.54	43.140
702.86	42.973
703.17	42.994
703.49	43.033
703.81	42.997
704.13	42.983
704.45	42.918
704.76	42.862
705.08	42.840
705.40	42.794
705.72	42.612
706.03	42.585
706.35	42.590
706.67	42.370
706.99	42.235
707.30	42.230
707.62	42.189
707.94	42.155
708.26	42.120
708.57	41.960
708.89	41.856
709.21	41.829
709.53	41.830
709.84	41.641
710.16	41.645
710.48	41.642
710.79	41.464
711.11	41.369
711.43	41.206
711.74	41.103
712.06	41.054
712.38	41.006
712.69	40.988
713.01	40.838
713.33	40.800
713.64	40.716
713.96	40.658
714.28	40.759
714.59	40.734
714.91	40.723
715.23	40.805
715.54	40.732
715.86	40.762
716.17	40.764
716.49	40.750
716.81	40.749
717.12	40.733
717.44	40.640
717.76	40.565
718.07	40.458
718.39	40.446
718.70	40.319
719.02	40.277
719.33	40.201
719.65	40.048
719.97	40.015
720.28	40.091
720.60	40.222
720.91	40.283
721.23	40.026
721.54	40.034
721.86	39.982
722.17	39.778
722.49	39.682
722.81	39.597
723.12	39.540
723.44	39.533
723.75	39.386
724.07	39.195
724.38	39.044
724.70	39.159
725.01	39.098
725.33	39.061
725.64	39.172
725.96	39.094
726.27	38.936
726.59	38.833
726.90	38.748
727.22	38.580
727.53	38.546
727.84	38.397
728.16	38.312
728.47	38.209
728.79	38.165
729.10	38.113
729.42	38.075
729.73	37.991
730.05	38.006
730.36	37.850
730.67	37.826
730.99	37.716
731.30	37.692
731.62	37.456
731.93	37.374
732.24	37.292
732.56	37.083
732.87	36.866
733.19	36.919
733.50	36.777
733.81	36.748
734.13	36.654
734.44	36.546
734.76	36.517
735.07	36.522
735.38	36.306
735.70	36.112
736.01	36.091
736.32	36.310
736.64	36.310
736.95	36.176
737.26	36.050
737.58	35.970
737.89	35.976
738.20	35.793
738.52	35.637
738.83	35.680
739.14	35.658
739.45	35.623
739.77	35.456
740.08	35.190
740.39	35.201
740.71	35.112
741.02	35.111
741.33	35.083
741.64	35.047
741.96	35.151
742.27	34.943
742.58	34.846
742.90	34.863
743.21	34.594
743.52	34.711
743.83	34.795
744.14	34.704
744.46	34.418
744.77	34.233
745.08	34.239
745.39	34.064
745.71	34.062
746.02	34.030
746.33	33.902
746.64	34.011
746.95	33.804
747.27	33.677
747.58	33.732
747.89	33.827
748.20	33.705
748.51	33.733
748.82	33.711
749.14	33.635
749.45	33.556
749.76	33.358
750.07	33.127
750.38	33.113
750.69	33.062
751.01	32.989
751.32	33.000
751.63	32.899
751.94	32.742
752.25	32.755
752.56	32.985
752.87	32.948
753.18	33.020
753.49	32.999
753.81	32.853
754.12	32.850
754.43	32.887
754.74	32.822
755.05	33.052
755.36	33.088
755.67	33.239
755.98	33.103
756.29	33.216
756.60	33.419
756.91	33.787
757.22	34.097
757.53	34.311
757.84	34.385
758.15	34.608
758.46	34.752
758.77	34.992
759.09	35.187
759.40	35.418
759.71	35.615
760.02	35.575
760.33	35.558
760.64	35.588
760.95	35.530
761.26	35.547
761.57	35.514
761.88	35.355
762.18	35.258
762.49	35.141
762.80	34.965
763.11	34.677
763.42	34.554
763.73	34.390
764.04	34.107
764.35	33.817
764.66	33.484
764.97	33.232
765.28	33.115
765.59	32.767
765.90	32.539
766.21	32.326
766.52	32.088
766.83	31.889
767.14	31.605
767.44	31.387
767.75	31.231
768.06	31.221
768.37	31.020
768.68	30.796
768.99	30.727
769.30	30.371
769.61	30.012
769.91	29.990
770.22	29.735
770.53	29.727
770.84	29.910
771.15	30.049
771.46	29.726
771.77	29.480
772.07	29.628
772.38	29.304
772.69	29.084
773.00	29.141
773.31	29.338
773.61	29.386
773.92	29.214
774.23	28.707
774.54	28.586
774.85	28.728
775.15	28.756
775.46	28.226
775.77	28.309
776.08	28.233
776.39	28.190
776.69	27.943
777.00	27.929
777.31	27.925
777.62	28.289
777.92	27.939
778.23	28.065
778.54	28.105
778.85	28.334
779.15	28.545
779.46	28.648
779.77	28.802
780.07	28.704
780.38	28.380
780.69	28.318
781.00	27.881
781.30	28.058
781.61	27.913
781.92	28.096
782.22	28.001
782.53	27.979
782.84	28.088
783.14	27.969
783.45	28.126
783.76	28.498
784.06	28.633
784.37	29.063
784.68	29.030
784.98	29.181
785.29	29.250
785.60	29.403
785.90	29.638
786.21	29.771
786.51	30.090
786.82	30.206
787.13	30.439
787.43	30.651
787.74	30.683
788.04	30.813
788.35	30.631
788.66	30.458
788.96	30.472
789.27	30.516
789.57	30.345
789.88	30.087
790.19	29.992
790.49	29.954
790.80	29.658
791.10	29.380
791.41	29.347
791.71	29.471
792.02	29.525
792.32	29.516
792.63	29.304
792.93	29.387
793.24	29.453
793.54	29.206
793.85	29.093
794.15	28.959
794.46	29.064
794.76	29.089
795.07	29.040
795.37	28.870
795.68	28.790
795.98	28.740
796.29	28.794
796.59	28.793
796.90	28.681
797.20	28.537
797.51	28.906
797.81	29.005
798.12	28.965
798.42	28.916
798.72	28.851
799.03	28.836
799.33	28.895
799.64	29.029
799.94	28.761
800.25	28.925
800.55	28.821
800.85	28.482
801.16	28.402
801.46	28.149
801.77	27.957
802.07	28.074
802.37	27.942
802.68	27.927
802.98	27.562
803.28	27.786
803.59	27.599
803.89	27.991
804.20	28.113
804.50	28.142
804.80	28.004
805.11	28.217
805.41	28.228
805.71	28.326
806.02	28.095
806.32	28.367
806.62	28.192
806.93	28.600
807.23	28.267
807.53	28.080
807.83	27.998
808.14	28.086
808.44	28.054
808.74	28.222
809.05	28.577
809.35	28.909
809.65	28.569
809.95	28.785
810.26	28.493
810.56	28.541
810.86	28.717
811.16	28.718
811.47	29.025
811.77	29.453
812.07	29.500
812.37	29.100
812.68	28.843
812.98	29.527
813.28	29.423
813.58	29.570
813.88	29.395
814.19	29.771
814.49	29.711
814.79	29.370
815.09	28.902
815.39	29.028
815.70	29.362
816.00	29.512
816.30	29.617
816.60	29.791
816.90	30.204
817.20	30.444
817.50	30.336
817.81	30.675
818.11	31.322
818.41	31.786
818.71	31.731
819.01	31.915
819.31	31.964
819.61	31.713
819.92	31.787
820.22	31.762
820.52	31.885
820.82	31.979
821.12	31.982
821.42	31.968
821.72	31.881
822.02	31.815
822.32	31.688
822.62	31.535
822.92	31.558
823.22	31.509
823.52	31.451
823.83	31.360
824.13	31.307
824.43	31.219
824.73	31.069
825.03	30.945
825.33	31.012
825.63	31.052
825.93	31.178
826.23	31.202
826.53	31.044
826.83	31.054
827.13	30.977
827.43	30.753
827.73	30.674
828.03	30.472
828.33	30.275
828.63	30.194
828.93	29.810
829.23	29.810
829.53	29.579
829.83	29.797
830.13	29.835
830.42	29.525
830.72	29.764
831.02	29.697
831.32	29.869
831.62	29.945
831.92	29.952
832.22	30.300
832.52	30.210
832.82	30.513
833.12	30.383
833.42	30.221
833.72	30.331
834.01	29.926
834.31	30.046
834.61	29.928
834.91	30.022
835.21	29.873
835.51	29.580
835.81	29.214
836.11	28.913
836.40	28.698
836.70	28.828
837.00	28.912
837.30	28.978
837.60	28.818
837.90	28.900
838.19	28.846
838.49	28.593
838.79	28.170
839.09	28.628
839.39	27.877
839.68	27.554
839.98	27.045
840.28	26.153
840.58	26.231
840.88	25.916
841.17	25.569
841.47	24.989
841.77	25.034
842.07	25.202
842.36	25.336
842.66	25.910
842.96	25.877
843.26	24.889
843.55	25.363
843.85	24.983
844.15	24.509
844.45	24.996
844.74	25.480
845.04	25.763
845.34	25.866
845.63	24.152
845.93	25.588
846.23	25.422
846.53	26.539
846.82	26.681
847.12	25.396
847.42	23.984
847.71	22.499
848.01	21.271
848.31	21.816
848.60	21.280
848.90	20.751
849.19	18.932
849.49	18.716
849.79	18.124
850.08	19.015
850.38	20.372
850.68	23.180
850.97	23.969
851.27	25.186
851.56	23.803
851.86	24.011
852.16	24.664
852.45	24.909
852.75	27.510
853.04	26.533
853.34	25.631
853.64	25.260
853.93	22.599
854.23	22.997
854.52	22.368
854.82	22.531
855.11	20.717
855.41	21.229
855.70	21.803
856.00	20.446
856.30	21.215
856.59	20.842
856.89	21.077
857.18	22.932
857.48	22.702
857.77	22.194
858.07	21.759
858.36	22.685
858.66	21.763
858.95	21.335
859.25	21.074
859.54	20.849
859.84	20.488
860.13	22.113
860.42	21.776
860.72	21.265
861.01	21.709
861.31	22.453
861.60	23.877
861.90	25.509
862.19	24.009
862.49	22.851
862.78	24.626
863.07	25.171
863.37	22.557
863.66	21.618
863.96	21.590
864.25	22.587
864.54	23.351
864.84	22.317
865.13	19.576
865.43	20.484
865.72	31.052
866.01	33.575
866.31	18.897
866.60	-1.465
866.89	21.028
>>>>>End Spectral Data<<<<<
