180.30	0.000
180.67	0.000
181.03	96.583
181.40	-35.399
181.77	14.372
182.14	-0.893
182.51	9.042
182.88	95.255
183.25	125.790
183.62	73.965
183.99	-380.869
184.36	191.732
184.73	4.273
185.10	230.153
185.46	71.525
185.83	103.817
186.20	-418.049
186.57	171.814
186.94	115.859
187.31	-60.109
187.68	39.957
188.05	49.385
188.42	39.094
188.78	19.699
189.15	7.269
189.52	27.639
189.89	21.914
190.26	16.774
190.63	21.803
191.00	20.831
191.37	25.318
191.73	25.456
192.10	10.660
192.47	-0.151
192.84	5.091
193.21	2.147
193.58	-25.814
193.94	-35.393
194.31	-40.085
194.68	-29.821
195.05	-48.820
195.42	-50.858
195.79	-55.141
196.15	-29.384
196.52	-25.215
196.89	-26.313
197.26	-20.492
197.63	-21.988
198.00	-14.288
198.36	-8.735
198.73	-22.688
199.10	-15.433
199.47	-20.902
199.84	-11.763
200.20	-7.820
200.57	-8.833
200.94	10.120
201.31	12.325
201.68	18.003
202.04	17.633
202.41	14.181
202.78	26.351
203.15	39.616
203.51	46.010
203.88	42.538
204.25	52.617
204.62	47.110
204.98	36.150
205.35	31.434
205.72	26.638
206.09	17.855
206.46	16.680
206.82	7.141
207.19	-10.742
207.56	-44.614
207.92	-55.518
208.29	-88.820
208.66	-98.811
209.03	-84.100
209.39	-90.175
209.76	-52.039
210.13	-38.999
210.50	-25.744
210.86	-19.424
211.23	-5.680
211.60	10.943
211.96	17.856
212.33	25.819
212.70	28.570
213.07	23.094
213.43	32.356
213.80	21.337
214.17	19.867
214.53	9.789
214.90	13.489
215.27	8.148
215.63	7.210
216.00	1.244
216.37	-9.046
216.74	-11.515
217.10	-14.801
217.47	-21.359
217.84	-13.822
218.20	-9.058
218.57	-8.936
218.94	-16.828
219.30	-24.092
219.67	-27.464
220.04	-27.989
220.40	-24.335
220.77	-25.672
221.13	-21.619
221.50	-26.562
221.87	-30.196
222.23	-31.897
222.60	-25.220
222.97	-21.641
223.33	-12.432
223.70	-7.675
224.07	-7.600
224.43	-6.342
224.80	-3.225
225.16	-1.032
225.53	2.291
225.90	4.132
226.26	5.148
226.63	4.170
226.99	5.053
227.36	4.619
227.73	3.841
228.09	3.833
228.46	4.449
228.82	4.953
229.19	4.495
229.56	3.245
229.92	2.481
230.29	1.215
230.65	2.243
231.02	1.527
231.38	1.012
231.75	0.498
232.12	0.702
232.48	1.521
232.85	1.925
233.21	1.929
233.58	0.919
233.94	0.644
234.31	1.382
234.68	-0.137
235.04	0.456
235.41	0.135
235.77	0.442
236.14	1.646
236.50	0.895
236.87	0.175
237.23	0.201
237.60	1.130
237.96	0.939
238.33	1.647
238.69	2.681
239.06	2.246
239.42	2.453
239.79	2.590
240.15	2.592
240.52	2.224
240.88	1.948
241.25	2.064
241.61	2.021
241.98	2.218
242.34	1.653
242.71	1.430
243.07	1.552
243.44	1.717
243.80	1.816
244.17	1.673
244.53	1.818
244.90	1.971
245.26	1.825
245.63	1.875
245.99	1.957
246.36	2.230
246.72	2.098
247.09	2.345
247.45	2.381
247.81	2.231
248.18	2.024
248.54	2.124
248.91	2.141
249.27	2.095
249.64	2.137
250.00	2.285
250.36	2.020
250.73	1.862
251.09	1.486
251.46	1.675
251.82	1.906
252.19	2.155
252.55	1.614
252.91	1.453
253.28	1.889
253.64	2.054
254.01	1.874
254.37	1.823
254.73	2.023
255.10	1.975
255.46	1.638
255.83	1.425
256.19	1.484
256.55	1.849
256.92	1.922
257.28	1.689
257.65	1.584
258.01	1.801
258.37	1.939
258.74	1.962
259.10	1.988
259.46	2.065
259.83	2.193
260.19	2.181
260.55	2.086
260.92	2.177
261.28	2.247
261.64	2.216
262.01	1.989
262.37	1.764
262.73	1.856
263.10	1.755
263.46	1.665
263.82	1.422
264.19	1.175
264.55	1.476
264.91	1.424
265.28	1.643
265.64	1.747
266.00	1.589
266.37	1.633
266.73	1.613
267.09	1.725
267.46	1.454
267.82	1.763
268.18	1.799
268.54	1.543
268.91	1.450
269.27	1.261
269.63	1.242
270.00	1.470
270.36	1.473
270.72	1.441
271.08	1.469
271.45	1.778
271.81	1.741
272.17	2.212
272.53	2.409
272.90	2.407
273.26	2.327
273.62	2.188
273.98	2.095
274.35	2.083
274.71	2.265
275.07	2.048
275.43	1.774
275.80	1.883
276.16	1.481
276.52	1.298
276.88	1.465
277.25	1.649
277.61	1.932
277.97	1.937
278.33	1.953
278.69	1.791
279.06	1.881
279.42	2.146
279.78	1.887
280.14	1.867
280.50	2.021
280.87	2.081
281.23	2.042
281.59	1.921
281.95	1.988
282.31	2.096
282.68	2.014
283.04	1.890
283.40	1.736
283.76	1.729
284.12	1.955
284.48	1.778
284.85	1.509
285.21	1.484
285.57	1.486
285.93	1.239
286.29	1.034
286.65	1.197
287.02	1.411
287.38	1.342
287.74	1.438
288.10	1.340
288.46	1.549
288.82	1.766
289.18	1.891
289.54	1.813
289.91	2.045
290.27	2.147
290.63	2.063
290.99	2.023
291.35	2.061
291.71	2.169
292.07	2.035
292.43	1.848
292.79	1.884
293.16	1.867
293.52	2.045
293.88	2.034
294.24	2.334
294.60	2.389
294.96	2.547
295.32	2.725
295.68	2.587
296.04	2.764
296.40	2.897
296.76	2.953
297.12	3.125
297.49	3.366
297.85	3.578
298.21	3.716
298.57	3.971
298.93	4.142
299.29	4.255
299.65	4.577
300.01	4.962
300.37	5.369
300.73	5.695
301.09	5.728
301.45	5.935
301.81	6.121
302.17	6.317
302.53	6.576
302.89	6.830
303.25	7.178
303.61	7.382
303.97	7.659
304.33	7.934
304.69	8.108
305.05	8.671
305.41	8.881
305.77	9.406
306.13	9.765
306.49	10.114
306.85	10.384
307.21	10.801
307.57	11.185
307.93	11.388
308.29	11.618
308.65	12.053
309.01	12.273
309.37	12.630
309.73	12.693
310.09	12.776
310.45	12.921
310.81	13.210
311.17	13.441
311.53	13.635
311.89	13.723
312.25	13.947
312.61	14.247
312.96	14.401
313.32	14.546
313.68	14.733
314.04	14.944
314.40	15.180
314.76	15.289
315.12	15.355
315.48	15.519
315.84	15.672
316.20	15.816
316.56	15.799
316.92	16.049
317.27	16.143
317.63	16.294
317.99	16.564
318.35	16.618
318.71	16.598
319.07	16.512
319.43	16.526
319.79	16.499
320.15	16.585
320.50	16.464
320.86	16.303
321.22	16.299
321.58	16.210
321.94	15.998
322.30	15.907
322.66	15.893
323.01	16.087
323.37	16.106
323.73	16.195
324.09	15.917
324.45	15.863
324.81	15.819
325.17	15.671
325.52	15.718
325.88	15.684
326.24	15.691
326.60	15.725
326.96	15.633
327.31	15.526
327.67	15.431
328.03	15.602
328.39	15.575
328.75	15.602
329.11	15.503
329.46	15.449
329.82	15.456
330.18	15.475
330.54	15.413
330.90	15.264
331.25	15.240
331.61	15.285
331.97	15.195
332.33	15.159
332.68	14.973
333.04	15.025
333.40	14.979
333.76	14.993
334.11	14.742
334.47	14.657
334.83	14.659
335.19	14.587
335.54	14.407
335.90	14.322
336.26	14.222
336.62	14.196
336.97	14.166
337.33	14.154
337.69	13.995
338.05	14.098
338.40	14.009
338.76	13.852
339.12	13.830
339.48	13.669
339.83	13.700
340.19	13.702
340.55	13.706
340.90	13.588
341.26	13.448
341.62	13.438
341.97	13.256
342.33	13.154
342.69	13.089
343.04	13.045
343.40	13.197
343.76	13.092
344.12	13.023
344.47	12.859
344.83	12.885
345.19	12.796
345.54	12.700
345.90	12.720
346.26	12.692
346.61	12.664
346.97	12.572
347.32	12.433
347.68	12.332
348.04	12.269
348.39	12.287
348.75	12.237
349.11	12.218
349.46	12.171
349.82	12.059
350.18	11.954
350.53	11.910
350.89	11.918
351.24	11.916
351.60	11.880
351.96	11.734
352.31	11.699
352.67	11.667
353.02	11.635
353.38	11.553
353.74	11.555
354.09	11.602
354.45	11.521
354.80	11.364
355.16	11.304
355.52	11.236
355.87	11.244
356.23	11.181
356.58	11.037
356.94	10.955
357.29	10.863
357.65	10.786
358.00	10.658
358.36	10.651
358.72	10.601
359.07	10.439
359.43	10.313
359.78	10.227
360.14	10.135
360.49	10.125
360.85	10.106
361.20	10.161
361.56	10.145
361.91	10.150
362.27	10.076
362.62	10.033
362.98	10.066
363.33	10.092
363.69	10.137
364.04	10.065
364.40	9.975
364.75	9.955
365.11	9.845
365.46	9.775
365.82	9.740
366.17	9.716
366.53	9.732
366.88	9.672
367.24	9.656
367.59	9.552
367.95	9.665
368.30	9.684
368.66	9.611
369.01	9.579
369.37	9.565
369.72	9.518
370.08	9.500
370.43	9.466
370.78	9.431
371.14	9.418
371.49	9.422
371.85	9.293
372.20	9.243
372.56	9.220
372.91	9.181
373.26	9.143
373.62	9.125
373.97	9.082
374.33	9.025
374.68	8.993
375.03	8.905
375.39	8.846
375.74	8.805
376.10	8.743
376.45	8.691
376.80	8.647
377.16	8.572
377.51	8.506
377.87	8.419
378.22	8.342
378.57	8.257
378.93	8.190
379.28	8.181
379.63	8.143
379.99	8.112
380.34	8.083
380.70	8.055
381.05	8.048
381.40	8.023
381.76	8.004
382.11	7.978
382.46	7.987
382.82	7.969
383.17	7.850
383.52	7.802
383.88	7.758
384.23	7.678
384.58	7.651
384.94	7.618
385.29	7.593
385.64	7.551
385.99	7.549
386.35	7.449
386.70	7.417
387.05	7.402
387.41	7.351
387.76	7.281
388.11	7.269
388.47	7.156
388.82	7.054
389.17	6.990
389.52	6.907
389.88	6.815
390.23	6.785
390.58	6.706
390.93	6.673
391.29	6.625
391.64	6.581
391.99	6.521
392.34	6.507
392.70	6.492
393.05	6.416
393.40	6.400
393.75	6.377
394.11	6.343
394.46	6.315
394.81	6.230
395.16	6.177
395.52	6.145
395.87	6.080
396.22	6.034
396.57	6.026
396.92	6.004
397.28	5.986
397.63	5.928
397.98	5.864
398.33	5.815
398.68	5.801
399.04	5.751
399.39	5.696
399.74	5.612
400.09	5.537
400.44	5.469
400.80	5.424
401.15	5.359
401.50	5.344
401.85	5.349
402.20	5.272
402.55	5.233
402.90	5.183
403.26	5.122
403.61	5.136
403.96	5.129
404.31	5.104
404.66	5.072
405.01	5.043
405.36	4.998
405.72	4.972
406.07	4.961
406.42	4.936
406.77	4.953
407.12	4.967
407.47	4.950
407.82	4.939
408.17	4.897
408.53	4.886
408.88	4.850
409.23	4.802
409.58	4.733
409.93	4.709
410.28	4.688
410.63	4.630
410.98	4.579
411.33	4.570
411.68	4.531
412.03	4.496
412.38	4.456
412.73	4.451
413.09	4.430
413.44	4.419
413.79	4.386
414.14	4.328
414.49	4.304
414.84	4.286
415.19	4.228
415.54	4.204
415.89	4.171
416.24	4.131
416.59	4.097
416.94	4.085
417.29	4.060
417.64	4.042
417.99	4.027
418.34	4.018
418.69	3.988
419.04	3.967
419.39	3.945
419.74	3.935
420.09	3.934
420.44	3.922
420.79	3.903
421.14	3.904
421.49	3.894
421.84	3.897
422.19	3.872
422.54	3.870
422.89	3.866
423.24	3.869
423.59	3.856
423.94	3.840
424.29	3.832
424.64	3.832
424.99	3.816
425.34	3.821
425.68	3.807
426.03	3.817
426.38	3.808
426.73	3.803
427.08	3.802
427.43	3.812
427.78	3.816
428.13	3.826
428.48	3.849
428.83	3.857
429.18	3.848
429.53	3.847
429.87	3.845
430.22	3.852
430.57	3.860
430.92	3.862
431.27	3.862
431.62	3.873
431.97	3.876
432.32	3.869
432.67	3.864
433.01	3.886
433.36	3.882
433.71	3.891
434.06	3.899
434.41	3.915
434.76	3.922
435.11	3.945
435.45	3.948
435.80	3.955
436.15	3.946
436.50	3.952
436.85	3.939
437.20	3.960
437.54	3.960
437.89	3.988
438.24	3.994
438.59	3.998
438.94	3.994
439.29	4.009
439.63	4.020
439.98	4.028
440.33	4.047
440.68	4.060
441.03	4.080
441.37	4.114
441.72	4.119
442.07	4.133
442.42	4.148
442.76	4.159
443.11	4.170
443.46	4.175
443.81	4.193
444.16	4.201
444.50	4.214
444.85	4.223
445.20	4.219
445.55	4.225
445.89	4.235
446.24	4.248
446.59	4.266
446.94	4.270
447.28	4.281
447.63	4.302
447.98	4.324
448.32	4.353
448.67	4.353
449.02	4.367
449.37	4.375
449.71	4.380
450.06	4.388
450.41	4.390
450.75	4.401
451.10	4.412
451.45	4.406
451.79	4.416
452.14	4.408
452.49	4.408
452.84	4.415
453.18	4.424
453.53	4.423
453.88	4.420
454.22	4.424
454.57	4.435
454.92	4.440
455.26	4.448
455.61	4.441
455.95	4.437
456.30	4.441
456.65	4.452
456.99	4.459
457.34	4.473
457.69	4.490
458.03	4.503
458.38	4.512
458.73	4.519
459.07	4.524
459.42	4.537
459.76	4.563
460.11	4.595
460.46	4.618
460.80	4.630
461.15	4.653
461.49	4.668
461.84	4.680
462.19	4.710
462.53	4.733
462.88	4.766
463.22	4.792
463.57	4.816
463.91	4.827
464.26	4.845
464.61	4.853
464.95	4.857
465.30	4.872
465.64	4.896
465.99	4.913
466.33	4.938
466.68	4.956
467.02	4.966
467.37	4.979
467.71	4.992
468.06	4.990
468.41	5.018
468.75	5.023
469.10	5.050
469.44	5.052
469.79	5.053
470.13	5.064
470.48	5.057
470.82	5.052
471.17	5.054
471.51	5.055
471.86	5.070
472.20	5.074
472.55	5.093
472.89	5.084
473.23	5.090
473.58	5.091
473.92	5.080
474.27	5.067
474.61	5.073
474.96	5.060
475.30	5.054
475.65	5.037
475.99	5.035
476.34	5.024
476.68	5.007
477.02	4.996
477.37	4.971
477.71	4.956
478.06	4.948
478.40	4.937
478.75	4.950
479.09	4.977
479.43	5.056
479.78	5.158
480.12	5.266
480.47	5.372
480.81	5.475
481.15	5.589
481.50	5.699
481.84	5.833
482.19	5.974
482.53	6.099
482.87	6.198
483.22	6.211
483.56	6.156
483.90	6.064
484.25	5.951
484.59	5.831
484.94	5.689
485.28	5.543
485.62	5.373
485.97	5.189
486.31	5.022
486.65	4.888
487.00	4.799
487.34	4.753
487.68	4.748
488.03	4.764
488.37	4.786
488.71	4.814
489.06	4.839
489.40	4.857
489.74	4.881
490.09	4.916
490.43	4.932
490.77	4.951
491.11	4.982
491.46	4.995
491.80	5.000
492.14	5.008
492.49	5.021
492.83	5.037
493.17	5.066
493.51	5.109
493.86	5.137
494.20	5.187
494.54	5.238
494.88	5.262
495.23	5.300
495.57	5.340
495.91	5.362
496.25	5.388
496.60	5.430
496.94	5.469
497.28	5.514
497.62	5.545
497.97	5.593
498.31	5.631
498.65	5.683
498.99	5.727
499.33	5.766
499.68	5.825
500.02	5.880
500.36	5.923
500.70	5.975
501.04	6.008
501.39	6.078
501.73	6.115
502.07	6.178
502.41	6.239
502.75	6.288
503.09	6.354
503.44	6.394
503.78	6.455
504.12	6.513
504.46	6.584
504.80	6.639
505.14	6.680
505.49	6.734
505.83	6.776
506.17	6.828
506.51	6.886
506.85	6.936
507.19	6.996
507.53	7.049
507.87	7.111
508.22	7.156
508.56	7.216
508.90	7.268
509.24	7.311
509.58	7.363
509.92	7.408
510.26	7.466
510.60	7.527
510.94	7.593
511.28	7.651
511.63	7.719
511.97	7.783
512.31	7.850
512.65	7.918
512.99	7.998
513.33	8.067
513.67	8.144
514.01	8.214
514.35	8.257
514.69	8.310
515.03	8.354
515.37	8.394
515.71	8.426
516.05	8.448
516.39	8.491
516.73	8.518
517.07	8.553
517.41	8.578
517.75	8.604
518.09	8.641
518.43	8.676
518.77	8.703
519.11	8.735
519.45	8.765
519.79	8.805
520.13	8.818
520.47	8.865
520.81	8.894
521.15	8.918
521.49	8.939
521.83	8.957
522.17	8.967
522.51	8.990
522.85	8.990
523.19	9.019
523.53	9.052
523.87	9.089
524.21	9.141
524.55	9.221
524.89	9.320
525.23	9.416
525.57	9.513
525.91	9.608
526.25	9.699
526.58	9.795
526.92	9.883
527.26	9.928
527.60	9.920
527.94	9.842
528.28	9.701
528.62	9.524
528.96	9.340
529.30	9.249
529.64	9.149
529.97	9.046
530.31	8.923
530.65	8.809
530.99	8.726
531.33	8.712
531.67	8.745
532.01	8.832
532.35	8.933
532.68	9.040
533.02	9.027
533.36	9.015
533.70	9.003
534.04	8.998
534.38	8.988
534.71	8.976
535.05	8.967
535.39	8.958
535.73	8.936
536.07	8.941
536.41	8.945
536.74	8.941
537.08	8.942
537.42	8.938
537.76	8.929
538.10	8.915
538.43	8.903
538.77	8.882
539.11	8.880
539.45	8.884
539.79	8.871
540.12	8.861
540.46	8.851
540.80	8.832
541.14	8.814
541.47	8.792
541.81	8.776
542.15	8.765
542.49	8.751
542.82	8.725
543.16	8.701
543.50	8.681
543.84	8.646
544.17	8.631
544.51	8.627
544.85	8.611
545.18	8.626
545.52	8.618
545.86	8.615
546.20	8.631
546.53	8.631
546.87	8.630
547.21	8.639
547.54	8.645
547.88	8.653
548.22	8.636
548.55	8.633
548.89	8.636
549.23	8.629
549.56	8.626
549.90	8.613
550.24	8.606
550.57	8.603
550.91	8.596
551.25	8.597
551.58	8.595
551.92	8.604
552.26	8.624
552.59	8.599
552.93	8.615
553.27	8.614
553.60	8.618
553.94	8.640
554.27	8.667
554.61	8.676
554.95	8.699
555.28	8.701
555.62	8.707
555.95	8.702
556.29	8.714
556.63	8.713
556.96	8.732
557.30	8.733
557.63	8.712
557.97	8.693
558.31	8.686
558.64	8.669
558.98	8.681
559.31	8.683
559.65	8.692
559.98	8.722
560.32	8.757
560.65	8.747
560.99	8.736
561.33	8.766
561.66	8.778
562.00	8.791
562.33	8.812
562.67	8.806
563.00	8.819
563.34	8.827
563.67	8.827
564.01	8.807
564.34	8.814
564.68	8.832
565.01	8.834
565.35	8.833
565.68	8.839
566.02	8.835
566.35	8.855
566.69	8.868
567.02	8.865
567.36	8.845
567.69	8.862
568.03	8.874
568.36	8.890
568.69	8.887
569.03	8.903
569.36	8.903
569.70	8.910
570.03	8.894
570.37	8.882
570.70	8.886
571.04	8.918
571.37	8.907
571.70	8.918
572.04	8.920
572.37	8.936
572.71	8.940
573.04	8.957
573.37	8.965
573.71	8.998
574.04	9.020
574.38	9.050
574.71	9.068
575.04	9.097
575.38	9.118
575.71	9.146
576.05	9.172
576.38	9.196
576.71	9.238
577.05	9.281
577.38	9.300
577.71	9.353
578.05	9.372
578.38	9.400
578.71	9.432
579.05	9.451
579.38	9.457
579.71	9.476
580.05	9.507
580.38	9.513
580.71	9.515
581.05	9.539
581.38	9.540
581.71	9.555
582.05	9.568
582.38	9.594
582.71	9.631
583.04	9.648
583.38	9.672
583.71	9.688
584.04	9.695
584.38	9.717
584.71	9.719
585.04	9.725
585.37	9.731
585.71	9.736
586.04	9.738
586.37	9.720
586.70	9.742
587.04	9.750
587.37	9.759
587.70	9.788
588.03	9.811
588.37	9.828
588.70	9.890
589.03	9.911
589.36	9.951
589.69	9.972
590.03	10.036
590.36	10.071
590.69	10.097
591.02	10.140
591.35	10.152
591.69	10.184
592.02	10.196
592.35	10.185
592.68	10.199
593.01	10.220
593.35	10.239
593.68	10.224
594.01	10.222
594.34	10.243
594.67	10.235
595.00	10.253
595.34	10.270
595.67	10.305
596.00	10.325
596.33	10.361
596.66	10.381
596.99	10.415
597.32	10.455
597.65	10.520
597.99	10.589
598.32	10.638
598.65	10.682
598.98	10.735
599.31	10.752
599.64	10.757
599.97	10.775
600.30	10.777
600.63	10.780
600.96	10.764
601.30	10.738
601.63	10.719
601.96	10.714
602.29	10.707
602.62	10.692
602.95	10.713
603.28	10.760
603.61	10.768
603.94	10.793
604.27	10.821
604.60	10.874
604.93	10.904
605.26	10.912
605.59	10.933
605.92	10.976
606.25	11.002
606.58	11.050
606.91	11.047
607.24	11.081
607.57	11.097
607.90	11.082
608.23	11.099
608.56	11.117
608.89	11.149
609.22	11.170
609.55	11.171
609.88	11.191
610.21	11.219
610.54	11.241
610.87	11.277
611.20	11.329
611.53	11.394
611.86	11.408
612.19	11.455
612.52	11.490
612.85	11.539
613.18	11.557
613.51	11.579
613.84	11.586
614.17	11.605
614.49	11.609
614.82	11.614
615.15	11.632
615.48	11.623
615.81	11.604
616.14	11.569
616.47	11.557
616.80	11.579
617.13	11.577
617.46	11.557
617.78	11.573
618.11	11.575
618.44	11.584
618.77	11.586
619.10	11.626
619.43	11.661
619.76	11.674
620.09	11.690
620.41	11.700
620.74	11.697
621.07	11.697
621.40	11.677
621.73	11.667
622.06	11.625
622.38	11.609
622.71	11.587
623.04	11.551
623.37	11.540
623.70	11.520
624.02	11.487
624.35	11.461
624.68	11.450
625.01	11.444
625.34	11.402
625.66	11.377
625.99	11.349
626.32	11.352
626.65	11.358
626.98	11.349
627.30	11.352
627.63	11.390
627.96	11.418
628.29	11.432
628.61	11.427
628.94	11.475
629.27	11.529
629.60	11.579
629.92	11.582
630.25	11.610
630.58	11.651
630.91	11.639
631.23	11.629
631.56	11.624
631.89	11.625
632.21	11.640
632.54	11.648
632.87	11.625
633.19	11.608
633.52	11.610
633.85	11.617
634.18	11.620
634.50	11.647
634.83	11.617
635.16	11.629
635.48	11.623
635.81	11.642
636.14	11.664
636.46	11.682
636.79	11.707
637.11	11.692
637.44	11.652
637.77	11.639
638.09	11.661
638.42	11.682
638.75	11.680
639.07	11.682
639.40	11.663
639.73	11.643
640.05	11.655
640.38	11.634
640.70	11.679
641.03	11.718
641.36	11.753
641.68	11.759
642.01	11.792
642.33	11.780
642.66	11.812
642.98	11.824
643.31	11.827
643.64	11.814
643.96	11.807
644.29	11.757
644.61	11.740
644.94	11.696
645.26	11.687
645.59	11.656
645.91	11.687
646.24	11.662
646.56	11.637
646.89	11.616
647.22	11.589
647.54	11.613
647.87	11.624
648.19	11.625
648.52	11.617
648.84	11.582
649.17	11.565
649.49	11.551
649.82	11.549
650.14	11.572
650.47	11.598
650.79	11.606
651.11	11.535
651.44	11.565
651.76	11.577
652.09	11.588
652.41	11.586
652.74	11.625
653.06	11.637
653.39	11.637
653.71	11.630
654.04	11.565
654.36	11.537
654.68	11.543
655.01	11.456
655.33	11.401
655.66	11.367
655.98	11.346
656.30	11.291
656.63	11.223
656.95	11.162
657.28	11.136
657.60	11.133
657.92	11.139
658.25	11.152
658.57	11.199
658.90	11.216
659.22	11.235
659.54	11.227
659.87	11.264
660.19	11.289
660.51	11.287
660.84	11.309
661.16	11.370
661.48	11.413
661.81	11.420
662.13	11.416
662.45	11.456
662.78	11.426
663.10	11.406
663.42	11.376
663.75	11.379
664.07	11.430
664.39	11.427
664.72	11.402
665.04	11.344
665.36	11.310
665.69	11.298
666.01	11.229
666.33	11.251
666.65	11.291
666.98	11.317
667.30	11.323
667.62	11.307
667.94	11.287
668.27	11.284
668.59	11.291
668.91	11.331
669.23	11.322
669.56	11.293
669.88	11.299
670.20	11.275
670.52	11.244
670.85	11.281
671.17	11.318
671.49	11.348
671.81	11.294
672.13	11.337
672.46	11.341
672.78	11.338
673.10	11.410
673.42	11.425
673.74	11.462
674.07	11.457
674.39	11.401
674.71	11.365
675.03	11.284
675.35	11.348
675.67	11.310
676.00	11.276
676.32	11.267
676.64	11.245
676.96	11.214
677.28	11.144
677.60	11.046
677.92	11.049
678.25	11.012
678.57	11.045
678.89	10.989
679.21	10.944
679.53	10.919
679.85	10.921
680.17	10.906
680.49	10.885
680.81	10.898
681.13	10.966
681.46	10.943
681.78	10.976
682.10	10.977
682.42	11.015
682.74	11.063
683.06	11.118
683.38	11.112
683.70	11.104
684.02	11.060
684.34	11.079
684.66	11.110
684.98	11.110
685.30	11.100
685.62	11.141
685.94	11.086
686.26	11.100
686.58	11.068
686.90	11.039
687.22	11.057
687.54	11.092
687.86	11.100
688.18	11.077
688.50	11.080
688.82	11.110
689.14	11.014
689.46	11.076
689.78	11.035
690.10	11.105
690.42	11.105
690.74	11.118
691.06	11.120
691.38	11.134
691.70	11.108
692.02	11.087
692.34	11.080
692.66	11.159
692.98	11.071
693.30	11.057
693.62	10.981
693.94	10.957
694.26	10.923
694.57	10.913
694.89	10.851
695.21	10.863
695.53	10.843
695.85	10.828
696.17	10.809
696.49	10.866
696.81	10.860
697.13	10.784
697.44	10.806
697.76	10.814
698.08	10.802
698.40	10.810
698.72	10.796
699.04	10.890
699.36	10.924
699.67	10.896
699.99	10.910
700.31	10.945
700.63	11.158
700.95	11.194
701.27	11.215
701.58	11.356
701.90	11.377
702.22	11.474
702.54	11.461
702.86	11.436
703.17	11.506
703.49	11.516
703.81	11.486
704.13	11.419
704.45	11.424
704.76	11.416
705.08	11.277
705.40	11.281
705.72	11.221
706.03	11.211
706.35	11.216
706.67	11.207
706.99	11.156
707.30	11.226
707.62	11.162
707.94	11.159
708.26	11.071
708.57	11.064
708.89	11.082
709.21	11.034
709.53	11.057
709.84	11.019
710.16	10.922
710.48	10.849
710.79	10.804
711.11	10.755
711.43	10.798
711.74	10.822
712.06	10.797
712.38	10.808
712.69	10.930
713.01	10.834
713.33	10.825
713.64	10.876
713.96	10.914
714.28	10.874
714.59	10.856
714.91	10.798
715.23	10.854
715.54	10.905
715.86	10.856
716.17	10.800
716.49	10.810
716.81	10.769
717.12	10.780
717.44	10.745
717.76	10.744
718.07	10.868
718.39	10.877
718.70	10.881
719.02	10.936
719.33	10.880
719.65	10.784
719.97	10.776
720.28	10.884
720.60	10.886
720.91	10.935
721.23	10.895
721.54	10.758
721.86	10.787
722.17	10.781
722.49	10.755
722.81	10.844
723.12	10.922
723.44	10.914
723.75	10.822
724.07	10.741
724.38	10.822
724.70	10.918
725.01	10.970
725.33	10.867
725.64	10.866
725.96	10.873
726.27	10.891
726.59	10.906
726.90	10.854
727.22	10.880
727.53	10.990
727.84	10.978
728.16	10.947
728.47	11.015
728.79	11.034
729.10	10.978
729.42	10.947
729.73	10.885
730.05	10.793
730.36	10.814
730.67	10.836
730.99	10.804
731.30	10.785
731.62	10.817
731.93	10.776
732.24	10.800
732.56	10.839
732.87	10.769
733.19	10.844
733.50	10.973
733.81	11.073
734.13	11.054
734.44	11.038
734.76	11.018
735.07	11.083
735.38	11.021
735.70	11.046
736.01	11.098
736.32	11.223
736.64	11.229
736.95	11.159
737.26	11.171
737.58	11.334
737.89	11.280
738.20	11.338
738.52	11.353
738.83	11.470
739.14	11.502
739.45	11.437
739.77	11.375
740.08	11.382
740.39	11.356
740.71	11.323
741.02	11.145
741.33	11.183
741.64	11.232
741.96	11.190
742.27	11.142
742.58	11.202
742.90	11.322
743.21	11.552
743.52	11.585
743.83	11.612
744.14	11.574
744.46	11.564
744.77	11.842
745.08	11.864
745.39	11.811
745.71	11.782
746.02	11.736
746.33	11.658
746.64	11.481
746.95	11.383
747.27	11.371
747.58	11.531
747.89	11.632
748.20	11.373
748.51	11.208
748.82	11.246
749.14	11.335
749.45	11.221
749.76	11.195
750.07	11.165
750.38	11.192
750.69	11.327
751.01	11.337
751.32	11.288
751.63	11.366
751.94	11.467
752.25	11.362
752.56	11.168
752.87	11.374
753.18	11.427
753.49	11.511
753.81	11.465
754.12	11.291
754.43	11.017
754.74	10.977
755.05	11.013
755.36	10.933
755.67	10.945
755.98	11.014
756.29	10.774
756.60	10.501
756.91	10.402
757.22	10.367
757.53	10.416
757.84	10.566
758.15	10.422
758.46	10.305
758.77	10.338
759.09	10.258
759.40	10.182
759.71	10.282
760.02	10.341
760.33	10.422
760.64	10.356
760.95	10.392
761.26	10.355
761.57	10.383
761.88	10.310
762.18	10.244
762.49	10.250
762.80	10.396
763.11	10.361
763.42	10.403
763.73	10.340
764.04	10.492
764.35	10.522
764.66	10.462
764.97	10.611
765.28	10.763
765.59	10.819
765.90	10.979
766.21	10.898
766.52	10.973
766.83	11.128
767.14	11.064
767.44	11.194
767.75	11.066
768.06	11.004
768.37	11.004
768.68	11.059
768.99	11.230
769.30	11.254
769.61	11.472
769.91	11.491
770.22	11.559
770.53	11.667
770.84	11.593
771.15	11.915
771.46	12.094
771.77	12.214
772.07	12.109
772.38	12.016
772.69	12.074
773.00	11.982
773.31	11.882
773.61	11.718
773.92	11.858
774.23	11.740
774.54	11.416
774.85	11.572
775.15	11.418
775.46	11.417
775.77	11.572
776.08	11.622
776.39	11.679
776.69	11.804
777.00	11.837
777.31	11.679
777.62	11.614
777.92	11.607
778.23	11.587
778.54	11.628
778.85	11.687
779.15	11.499
779.46	11.225
779.77	11.229
780.07	11.343
780.38	11.661
780.69	11.771
781.00	12.269
781.30	12.502
781.61	12.448
781.92	12.391
782.22	12.433
782.53	12.444
782.84	12.548
783.14	12.641
783.45	12.244
783.76	11.917
784.06	12.003
784.37	11.572
784.68	11.382
784.98	11.453
785.29	11.383
785.60	11.294
785.90	11.428
786.21	11.517
786.51	11.302
786.82	11.450
787.13	11.557
787.43	11.499
787.74	11.610
788.04	11.656
788.35	11.637
788.66	12.051
788.96	11.861
789.27	11.703
789.57	11.560
789.88	11.716
790.19	11.726
790.49	11.422
790.80	11.401
791.10	11.391
791.41	11.392
791.71	11.245
792.02	10.837
792.32	11.135
792.63	11.325
792.93	11.281
793.24	11.232
793.54	11.332
793.85	11.505
794.15	11.526
794.46	11.538
794.76	11.668
795.07	11.712
795.37	11.832
795.68	12.013
795.98	11.741
796.29	11.896
796.59	11.791
796.90	11.874
797.20	11.898
797.51	11.953
797.81	11.776
798.12	11.833
798.42	11.847
798.72	11.880
799.03	11.598
799.33	11.538
799.64	11.513
799.94	11.676
800.25	11.692
800.55	11.752
800.85	11.663
801.16	11.691
801.46	11.526
801.77	11.750
802.07	11.827
802.37	11.993
802.68	12.083
802.98	11.893
803.28	11.788
803.59	11.570
803.89	11.696
804.20	11.784
804.50	11.620
804.80	11.512
805.11	11.312
805.41	11.366
805.71	11.327
806.02	11.418
806.32	11.971
806.62	11.865
806.93	11.882
807.23	11.792
807.53	11.714
807.83	12.092
808.14	12.377
808.44	12.651
808.74	12.736
809.05	12.636
809.35	12.668
809.65	12.507
809.95	12.490
810.26	12.940
810.56	12.707
810.86	12.505
811.16	12.409
811.47	12.217
811.77	11.960
812.07	11.919
812.37	12.416
812.68	12.480
812.98	12.321
813.28	12.579
813.58	12.284
813.88	12.339
814.19	12.193
814.49	11.685
814.79	11.601
815.09	11.524
815.39	11.137
815.70	10.829
816.00	10.796
816.30	11.036
816.60	11.009
816.90	10.958
817.20	10.907
817.50	10.994
817.81	11.156
818.11	11.100
818.41	10.855
818.71	10.593
819.01	10.375
819.31	10.125
819.61	9.889
819.92	9.673
820.22	9.554
820.52	9.472
820.82	9.417
821.12	9.322
821.42	9.252
821.72	9.185
822.02	9.172
822.32	9.163
822.62	9.142
822.92	9.187
823.22	9.270
823.52	9.331
823.83	9.368
824.13	9.392
824.43	9.412
824.73	9.489
825.03	9.583
825.33	9.692
825.63	9.738
825.93	9.860
826.23	9.918
826.53	9.837
826.83	9.791
827.13	9.917
827.43	10.008
827.73	10.144
828.03	10.096
828.33	10.180
828.63	10.285
828.93	10.427
829.23	10.750
829.53	10.855
829.83	11.066
830.13	11.284
830.42	11.134
830.72	11.035
831.02	11.213
831.32	10.966
831.62	10.756
831.92	10.610
832.22	10.434
832.52	10.362
832.82	10.104
833.12	9.981
833.42	9.982
833.72	9.971
834.01	9.819
834.31	9.448
834.61	9.727
834.91	10.173
835.21	10.160
835.51	10.353
835.81	10.335
836.11	10.565
836.40	11.154
836.70	11.612
837.00	12.016
837.30	12.387
837.60	13.036
837.90	12.927
838.19	12.293
838.49	12.808
838.79	13.002
839.09	13.229
839.39	12.916
839.68	13.002
839.98	12.634
840.28	12.711
840.58	13.722
840.88	13.754
841.17	14.569
841.47	15.411
841.77	15.617
842.07	15.425
842.36	15.736
842.66	16.678
842.96	16.922
843.26	17.637
843.55	17.315
843.85	17.040
844.15	17.455
844.45	17.229
844.74	17.382
845.04	17.081
845.34	18.170
845.63	17.774
845.93	17.533
846.23	16.475
846.53	15.550
846.82	17.098
847.12	17.782
847.42	17.244
847.71	16.741
848.01	15.640
848.31	16.175
848.60	15.856
848.90	16.618
849.19	17.062
849.49	17.786
849.79	18.164
850.08	17.871
850.38	16.244
850.68	18.250
850.97	18.782
851.27	18.506
851.56	16.487
851.86	16.950
852.16	16.225
852.45	16.105
852.75	16.553
853.04	16.779
853.34	15.987
853.64	17.510
853.93	16.291
854.23	16.279
854.52	16.590
854.82	17.140
855.11	15.160
855.41	14.578
855.70	14.472
856.00	14.814
856.30	15.017
856.59	15.513
856.89	14.803
857.18	13.914
857.48	13.355
857.77	15.751
858.07	16.805
858.36	18.413
858.66	18.738
858.95	18.441
859.25	17.187
859.54	18.138
859.84	17.409
860.13	16.172
860.42	16.132
860.72	16.857
861.01	15.822
861.31	15.367
861.60	14.821
861.90	15.977
862.19	17.232
862.49	19.091
862.78	18.471
863.07	19.663
863.37	20.706
863.66	22.372
863.96	22.301
864.25	21.854
864.54	23.174
864.84	23.687
865.13	23.896
865.43	23.871
865.72	19.259
866.01	28.439
866.31	22.628
866.60	28.077
866.89	23.380
>>>>>End Spectral Data<<<<<
