180.30	0.000
180.67	0.000
181.03	66.431
181.40	2.613
181.77	103.346
182.14	-129.274
182.51	105.685
182.88	170.002
183.25	197.931
183.62	-60.587
183.99	-333.757
184.36	98.918
184.73	199.045
185.10	204.577
185.46	71.994
185.83	231.066
186.20	-268.212
186.57	141.014
186.94	129.422
187.31	-80.407
187.68	45.839
188.05	36.862
188.42	33.492
188.78	21.662
189.15	11.506
189.52	12.838
189.89	-7.953
190.26	-11.116
190.63	-6.134
191.00	-13.634
191.37	-1.652
191.73	8.663
192.10	-3.507
192.47	-22.191
192.84	-18.724
193.21	-9.723
193.58	-13.524
193.94	1.662
194.31	2.612
194.68	3.240
195.05	4.915
195.42	-18.396
195.79	-28.362
196.15	-7.780
196.52	2.773
196.89	8.111
197.26	-4.947
197.63	-8.774
198.00	-4.273
198.36	2.598
198.73	-9.532
199.10	-6.155
199.47	11.882
199.84	9.135
200.20	6.479
200.57	4.286
200.94	15.292
201.31	18.953
201.68	18.870
202.04	11.455
202.41	4.211
202.78	5.007
203.15	17.774
203.51	5.499
203.88	10.770
204.25	11.034
204.62	14.930
204.98	2.598
205.35	2.495
205.72	7.737
206.09	9.126
206.46	30.471
206.82	31.802
207.19	16.556
207.56	-0.209
207.92	16.967
208.29	2.405
208.66	8.391
209.03	14.222
209.39	17.164
209.76	3.679
210.13	10.942
210.50	9.833
210.86	16.569
211.23	18.859
211.60	29.117
211.96	14.021
212.33	27.898
212.70	24.213
213.07	23.172
213.43	23.683
213.80	20.017
214.17	12.800
214.53	1.618
214.90	-7.684
215.27	-5.718
215.63	-7.316
216.00	-11.265
216.37	-22.561
216.74	-22.860
217.10	-30.210
217.47	-28.661
217.84	-21.276
218.20	-12.111
218.57	-8.044
218.94	-5.717
219.30	-10.469
219.67	-9.727
220.04	-7.445
220.40	-6.701
220.77	-5.028
221.13	-4.875
221.50	-7.165
221.87	-6.618
222.23	-10.982
222.60	-11.313
222.97	-14.980
223.33	-7.444
223.70	-7.000
224.07	-4.837
224.43	-1.969
224.80	-2.376
225.16	0.491
225.53	1.862
225.90	1.408
226.26	3.745
226.63	3.890
226.99	4.884
227.36	4.316
227.73	4.230
228.09	2.752
228.46	2.043
228.82	2.093
229.19	0.909
229.56	-1.357
229.92	-1.164
230.29	-2.259
230.65	-1.258
231.02	-1.343
231.38	-1.787
231.75	-1.858
232.12	-0.220
232.48	1.860
232.85	4.167
233.21	4.904
233.58	5.609
233.94	6.032
234.31	6.287
234.68	3.979
235.04	4.846
235.41	4.466
235.77	4.109
236.14	3.774
236.50	2.783
236.87	0.503
237.23	0.585
237.60	1.606
237.96	1.988
238.33	2.252
238.69	3.360
239.06	2.961
239.42	2.906
239.79	3.325
240.15	3.379
240.52	3.115
240.88	3.144
241.25	2.979
241.61	2.630
241.98	2.079
242.34	1.550
242.71	1.363
243.07	1.309
243.44	1.712
243.80	1.601
244.17	1.606
244.53	1.820
244.90	1.662
245.26	1.708
245.63	1.743
245.99	1.884
246.36	2.164
246.72	2.149
247.09	2.392
247.45	2.083
247.81	1.997
248.18	2.041
248.54	1.820
248.91	2.301
249.27	2.240
249.64	2.530
250.00	2.836
250.36	2.549
250.73	2.296
251.09	2.389
251.46	2.568
251.82	2.388
252.19	2.037
252.55	2.006
252.91	1.890
253.28	2.248
253.64	2.142
254.01	2.066
254.37	2.295
254.73	2.717
255.10	2.009
255.46	2.171
255.83	2.108
256.19	2.546
256.55	2.523
256.92	2.719
257.28	2.623
257.65	2.487
258.01	2.529
258.37	2.593
258.74	2.461
259.10	2.451
259.46	2.477
259.83	2.822
260.19	2.735
260.55	2.904
260.92	2.592
261.28	2.523
261.64	2.700
262.01	2.669
262.37	2.421
262.73	2.536
263.10	2.776
263.46	2.765
263.82	2.597
264.19	2.327
264.55	2.246
264.91	2.453
265.28	2.877
265.64	2.807
266.00	2.484
266.37	2.505
266.73	2.607
267.09	2.585
267.46	2.320
267.82	2.204
268.18	2.095
268.54	1.804
268.91	1.852
269.27	1.581
269.63	1.451
270.00	1.736
270.36	1.881
270.72	1.806
271.08	1.772
271.45	2.041
271.81	2.209
272.17	2.622
272.53	2.955
272.90	2.846
273.26	2.832
273.62	2.916
273.98	2.887
274.35	2.803
274.71	2.817
275.07	2.578
275.43	2.390
275.80	2.267
276.16	2.111
276.52	2.100
276.88	2.057
277.25	1.969
277.61	1.998
277.97	1.916
278.33	1.983
278.69	1.937
279.06	2.226
279.42	2.510
279.78	2.446
280.14	2.451
280.50	2.406
280.87	2.517
281.23	2.479
281.59	2.534
281.95	2.553
282.31	2.555
282.68	2.542
283.04	2.334
283.40	2.126
283.76	2.216
284.12	2.313
284.48	2.347
284.85	2.215
285.21	2.126
285.57	2.072
285.93	1.891
286.29	1.747
286.65	1.877
287.02	1.932
287.38	1.818
287.74	1.805
288.10	1.869
288.46	1.764
288.82	1.921
289.18	2.216
289.54	2.204
289.91	2.402
290.27	2.369
290.63	2.190
290.99	2.260
291.35	2.437
291.71	2.506
292.07	2.094
292.43	2.161
292.79	2.052
293.16	2.126
293.52	2.019
293.88	2.028
294.24	2.112
294.60	2.077
294.96	2.007
295.32	1.923
295.68	1.810
296.04	2.003
296.40	1.806
296.76	1.791
297.12	1.650
297.49	1.984
297.85	1.972
298.21	2.137
298.57	2.302
298.93	2.371
299.29	2.495
299.65	2.478
300.01	2.423
300.37	2.689
300.73	2.789
301.09	2.800
301.45	2.603
301.81	2.483
302.17	2.388
302.53	2.221
302.89	2.234
303.25	2.262
303.61	2.121
303.97	2.144
304.33	2.144
304.69	2.113
305.05	2.113
305.41	2.061
305.77	2.363
306.13	2.423
306.49	2.618
306.85	2.528
307.21	2.410
307.57	2.576
307.93	2.607
308.29	2.589
308.65	2.608
309.01	2.673
309.37	2.720
309.73	2.645
310.09	2.480
310.45	2.460
310.81	2.566
311.17	2.725
311.53	2.748
311.89	2.769
312.25	2.859
312.61	2.965
312.96	2.861
313.32	2.953
313.68	2.774
314.04	2.883
314.40	2.911
314.76	2.963
315.12	2.888
315.48	2.915
315.84	2.821
316.20	2.806
316.56	2.658
316.92	2.891
317.27	2.715
317.63	2.942
317.99	3.146
318.35	3.155
318.71	3.092
319.07	2.994
319.43	3.068
319.79	3.062
320.15	3.073
320.50	3.183
320.86	2.983
321.22	3.071
321.58	2.946
321.94	2.851
322.30	2.792
322.66	2.880
323.01	2.998
323.37	3.015
323.73	3.077
324.09	3.058
324.45	2.922
324.81	3.050
325.17	2.975
325.52	2.975
325.88	2.878
326.24	2.910
326.60	2.815
326.96	2.817
327.31	2.697
327.67	2.599
328.03	2.486
328.39	2.674
328.75	2.575
329.11	2.545
329.46	2.601
329.82	2.635
330.18	2.559
330.54	2.621
330.90	2.604
331.25	2.596
331.61	2.806
331.97	2.944
332.33	2.771
332.68	2.679
333.04	2.814
333.40	2.878
333.76	2.998
334.11	2.994
334.47	3.065
334.83	3.114
335.19	3.183
335.54	3.127
335.90	3.064
336.26	3.101
336.62	3.250
336.97	3.204
337.33	3.217
337.69	3.148
338.05	3.193
338.40	3.058
338.76	2.920
339.12	2.902
339.48	2.791
339.83	2.927
340.19	2.935
340.55	2.930
340.90	2.870
341.26	2.852
341.62	2.836
341.97	2.842
342.33	2.873
342.69	2.977
343.04	3.054
343.40	3.166
343.76	3.090
344.12	3.184
344.47	3.048
344.83	3.157
345.19	3.106
345.54	3.222
345.90	3.299
346.26	3.325
346.61	3.349
346.97	3.351
347.32	3.287
347.68	3.275
348.04	3.276
348.39	3.435
348.75	3.367
349.11	3.404
349.46	3.339
349.82	3.274
350.18	3.280
350.53	3.276
350.89	3.208
351.24	3.284
351.60	3.319
351.96	3.254
352.31	3.230
352.67	3.301
353.02	3.324
353.38	3.293
353.74	3.302
354.09	3.326
354.45	3.288
354.80	3.297
355.16	3.307
355.52	3.364
355.87	3.312
356.23	3.340
356.58	3.295
356.94	3.278
357.29	3.284
357.65	3.370
358.00	3.361
358.36	3.412
358.72	3.390
359.07	3.283
359.43	3.203
359.78	3.260
360.14	3.245
360.49	3.309
360.85	3.300
361.20	3.343
361.56	3.303
361.91	3.292
362.27	3.247
362.62	3.294
362.98	3.412
363.33	3.456
363.69	3.477
364.04	3.457
364.40	3.428
364.75	3.454
365.11	3.440
365.46	3.452
365.82	3.545
366.17	3.558
366.53	3.547
366.88	3.527
367.24	3.543
367.59	3.522
367.95	3.561
368.30	3.616
368.66	3.571
369.01	3.587
369.37	3.640
369.72	3.557
370.08	3.549
370.43	3.562
370.78	3.593
371.14	3.585
371.49	3.558
371.85	3.565
372.20	3.517
372.56	3.545
372.91	3.535
373.26	3.535
373.62	3.563
373.97	3.646
374.33	3.677
374.68	3.602
375.03	3.588
375.39	3.650
375.74	3.687
376.10	3.738
376.45	3.738
376.80	3.774
377.16	3.751
377.51	3.750
377.87	3.710
378.22	3.692
378.57	3.738
378.93	3.749
379.28	3.823
379.63	3.795
379.99	3.753
380.34	3.812
380.70	3.799
381.05	3.820
381.40	3.861
381.76	3.891
382.11	3.864
382.46	3.885
382.82	3.910
383.17	3.812
383.52	3.817
383.88	3.860
384.23	3.790
384.58	3.776
384.94	3.755
385.29	3.753
385.64	3.717
385.99	3.766
386.35	3.767
386.70	3.749
387.05	3.787
387.41	3.783
387.76	3.766
388.11	3.831
388.47	3.858
388.82	3.861
389.17	3.861
389.52	3.869
389.88	3.871
390.23	3.854
390.58	3.855
390.93	3.855
391.29	3.855
391.64	3.820
391.99	3.792
392.34	3.807
392.70	3.824
393.05	3.847
393.40	3.869
393.75	3.887
394.11	3.909
394.46	3.919
394.81	3.904
395.16	3.915
395.52	3.980
395.87	3.991
396.22	3.979
396.57	4.008
396.92	4.014
397.28	4.025
397.63	4.000
397.98	3.993
398.33	4.020
398.68	4.046
399.04	4.043
399.39	4.051
399.74	4.029
400.09	4.021
400.44	4.028
400.80	4.016
401.15	4.013
401.50	4.032
401.85	4.061
402.20	4.011
402.55	4.020
402.90	4.034
403.26	4.000
403.61	4.037
403.96	4.039
404.31	4.027
404.66	4.060
405.01	4.080
405.36	4.102
405.72	4.112
406.07	4.180
406.42	4.191
406.77	4.212
407.12	4.244
407.47	4.261
407.82	4.294
408.17	4.281
408.53	4.270
408.88	4.270
409.23	4.245
409.58	4.215
409.93	4.208
410.28	4.200
410.63	4.204
410.98	4.178
411.33	4.194
411.68	4.168
412.03	4.182
412.38	4.168
412.73	4.174
413.09	4.187
413.44	4.195
413.79	4.183
414.14	4.156
414.49	4.146
414.84	4.158
415.19	4.131
415.54	4.138
415.89	4.121
416.24	4.126
416.59	4.113
416.94	4.114
417.29	4.118
417.64	4.130
417.99	4.160
418.34	4.164
418.69	4.170
419.04	4.184
419.39	4.179
419.74	4.188
420.09	4.185
420.44	4.203
420.79	4.220
421.14	4.236
421.49	4.239
421.84	4.246
422.19	4.240
422.54	4.245
422.89	4.259
423.24	4.281
423.59	4.292
423.94	4.318
424.29	4.336
424.64	4.344
424.99	4.340
425.34	4.365
425.68	4.393
426.03	4.453
426.38	4.479
426.73	4.500
427.08	4.517
427.43	4.553
427.78	4.567
428.13	4.569
428.48	4.587
428.83	4.620
429.18	4.611
429.53	4.608
429.87	4.588
430.22	4.598
430.57	4.601
430.92	4.605
431.27	4.611
431.62	4.599
431.97	4.599
432.32	4.612
432.67	4.604
433.01	4.627
433.36	4.628
433.71	4.665
434.06	4.666
434.41	4.663
434.76	4.683
435.11	4.703
435.45	4.712
435.80	4.727
436.15	4.723
436.50	4.729
436.85	4.731
437.20	4.743
437.54	4.718
437.89	4.729
438.24	4.744
438.59	4.741
438.94	4.732
439.29	4.747
439.63	4.766
439.98	4.763
440.33	4.772
440.68	4.773
441.03	4.780
441.37	4.803
441.72	4.809
442.07	4.818
442.42	4.831
442.76	4.837
443.11	4.841
443.46	4.836
443.81	4.859
444.16	4.873
444.50	4.871
444.85	4.883
445.20	4.885
445.55	4.907
445.89	4.908
446.24	4.924
446.59	4.950
446.94	4.975
447.28	4.986
447.63	5.011
447.98	5.051
448.32	5.100
448.67	5.109
449.02	5.139
449.37	5.147
449.71	5.181
450.06	5.200
450.41	5.207
450.75	5.223
451.10	5.252
451.45	5.260
451.79	5.270
452.14	5.267
452.49	5.284
452.84	5.297
453.18	5.322
453.53	5.330
453.88	5.333
454.22	5.362
454.57	5.351
454.92	5.368
455.26	5.361
455.61	5.352
455.95	5.362
456.30	5.369
456.65	5.368
456.99	5.359
457.34	5.374
457.69	5.388
458.03	5.389
458.38	5.412
458.73	5.416
459.07	5.450
459.42	5.479
459.76	5.504
460.11	5.546
460.46	5.584
460.80	5.628
461.15	5.658
461.49	5.684
461.84	5.697
462.19	5.730
462.53	5.756
462.88	5.778
463.22	5.790
463.57	5.822
463.91	5.829
464.26	5.850
464.61	5.873
464.95	5.888
465.30	5.904
465.64	5.950
465.99	5.970
466.33	5.973
466.68	5.981
467.02	5.999
467.37	6.003
467.71	6.011
468.06	6.016
468.41	6.032
468.75	6.048
469.10	6.068
469.44	6.072
469.79	6.083
470.13	6.134
470.48	6.144
470.82	6.153
471.17	6.172
471.51	6.201
471.86	6.198
472.20	6.196
472.55	6.201
472.89	6.212
473.23	6.208
473.58	6.226
473.92	6.207
474.27	6.202
474.61	6.211
474.96	6.208
475.30	6.219
475.65	6.249
475.99	6.261
476.34	6.277
476.68	6.280
477.02	6.286
477.37	6.278
477.71	6.296
478.06	6.319
478.40	6.322
478.75	6.343
479.09	6.373
479.43	6.477
479.78	6.625
480.12	6.772
480.47	6.927
480.81	7.088
481.15	7.249
481.50	7.410
481.84	7.592
482.19	7.804
482.53	8.007
482.87	8.170
483.22	8.225
483.56	8.188
483.90	8.097
484.25	7.969
484.59	7.821
484.94	7.654
485.28	7.460
485.62	7.249
485.97	7.017
486.31	6.794
486.65	6.626
487.00	6.509
487.34	6.455
487.68	6.445
488.03	6.461
488.37	6.497
488.71	6.529
489.06	6.580
489.40	6.631
489.74	6.671
490.09	6.720
490.43	6.754
490.77	6.794
491.11	6.831
491.46	6.855
491.80	6.884
492.14	6.896
492.49	6.917
492.83	6.937
493.17	6.940
493.51	6.965
493.86	6.983
494.20	6.998
494.54	7.021
494.88	7.027
495.23	7.052
495.57	7.064
495.91	7.079
496.25	7.088
496.60	7.110
496.94	7.137
497.28	7.167
497.62	7.199
497.97	7.221
498.31	7.237
498.65	7.261
498.99	7.286
499.33	7.308
499.68	7.325
500.02	7.355
500.36	7.386
500.70	7.411
501.04	7.424
501.39	7.441
501.73	7.456
502.07	7.488
502.41	7.502
502.75	7.497
503.09	7.507
503.44	7.512
503.78	7.522
504.12	7.518
504.46	7.523
504.80	7.528
505.14	7.516
505.49	7.522
505.83	7.518
506.17	7.536
506.51	7.565
506.85	7.567
507.19	7.577
507.53	7.584
507.87	7.593
508.22	7.590
508.56	7.596
508.90	7.627
509.24	7.637
509.58	7.657
509.92	7.672
510.26	7.682
510.60	7.710
510.94	7.740
511.28	7.767
511.63	7.790
511.97	7.821
512.31	7.855
512.65	7.872
512.99	7.916
513.33	7.939
513.67	7.956
514.01	7.976
514.35	7.969
514.69	7.982
515.03	7.988
515.37	7.978
515.71	7.988
516.05	7.999
516.39	8.003
516.73	8.007
517.07	8.010
517.41	8.012
517.75	8.021
518.09	8.053
518.43	8.062
518.77	8.077
519.11	8.113
519.45	8.127
519.79	8.147
520.13	8.167
520.47	8.179
520.81	8.200
521.15	8.224
521.49	8.237
521.83	8.254
522.17	8.266
522.51	8.271
522.85	8.269
523.19	8.273
523.53	8.295
523.87	8.324
524.21	8.373
524.55	8.450
524.89	8.537
525.23	8.635
525.57	8.715
525.91	8.801
526.25	8.908
526.58	9.013
526.92	9.118
527.26	9.173
527.60	9.177
527.94	9.130
528.28	9.014
528.62	8.873
528.96	8.720
529.30	8.655
529.64	8.582
529.97	8.488
530.31	8.397
530.65	8.301
530.99	8.241
531.33	8.238
531.67	8.281
532.01	8.392
532.35	8.515
532.68	8.637
533.02	8.653
533.36	8.676
533.70	8.688
534.04	8.704
534.38	8.713
534.71	8.731
535.05	8.756
535.39	8.783
535.73	8.792
536.07	8.814
536.41	8.836
536.74	8.861
537.08	8.878
537.42	8.902
537.76	8.912
538.10	8.935
538.43	8.945
538.77	8.960
539.11	8.961
539.45	8.969
539.79	8.981
540.12	8.983
540.46	8.997
540.80	9.005
541.14	9.011
541.47	9.019
541.81	9.035
542.15	9.055
542.49	9.069
542.82	9.083
543.16	9.091
543.50	9.099
543.84	9.119
544.17	9.135
544.51	9.160
544.85	9.191
545.18	9.216
545.52	9.232
545.86	9.254
546.20	9.281
546.53	9.323
546.87	9.371
547.21	9.415
547.54	9.458
547.88	9.486
548.22	9.501
548.55	9.516
548.89	9.565
549.23	9.571
549.56	9.590
549.90	9.606
550.24	9.623
550.57	9.634
550.91	9.654
551.25	9.652
551.58	9.661
551.92	9.710
552.26	9.762
552.59	9.758
552.93	9.796
553.27	9.833
553.60	9.859
553.94	9.904
554.27	9.933
554.61	9.937
554.95	9.987
555.28	10.024
555.62	10.040
555.95	10.051
556.29	10.095
556.63	10.139
556.96	10.160
557.30	10.184
557.63	10.178
557.97	10.205
558.31	10.220
558.64	10.223
558.98	10.242
559.31	10.247
559.65	10.256
559.98	10.266
560.32	10.277
560.65	10.274
560.99	10.274
561.33	10.282
561.66	10.284
562.00	10.309
562.33	10.333
562.67	10.336
563.00	10.356
563.34	10.348
563.67	10.348
564.01	10.338
564.34	10.361
564.68	10.366
565.01	10.361
565.35	10.350
565.68	10.351
566.02	10.367
566.35	10.390
566.69	10.381
567.02	10.418
567.36	10.431
567.69	10.456
568.03	10.445
568.36	10.481
568.69	10.503
569.03	10.524
569.36	10.545
569.70	10.543
570.03	10.544
570.37	10.568
570.70	10.569
571.04	10.588
571.37	10.576
571.70	10.604
572.04	10.598
572.37	10.618
572.71	10.637
573.04	10.661
573.37	10.687
573.71	10.714
574.04	10.733
574.38	10.770
574.71	10.789
575.04	10.852
575.38	10.876
575.71	10.917
576.05	10.948
576.38	11.000
576.71	11.041
577.05	11.077
577.38	11.112
577.71	11.145
578.05	11.167
578.38	11.208
578.71	11.232
579.05	11.280
579.38	11.306
579.71	11.348
580.05	11.379
580.38	11.399
580.71	11.420
581.05	11.438
581.38	11.461
581.71	11.497
582.05	11.529
582.38	11.551
582.71	11.557
583.04	11.591
583.38	11.577
583.71	11.560
584.04	11.574
584.38	11.598
584.71	11.637
585.04	11.669
585.37	11.662
585.71	11.633
586.04	11.627
586.37	11.647
586.70	11.648
587.04	11.697
587.37	11.711
587.70	11.710
588.03	11.722
588.37	11.734
588.70	11.755
589.03	11.786
589.36	11.851
589.69	11.893
590.03	11.924
590.36	11.961
590.69	11.990
591.02	12.028
591.35	12.051
591.69	12.062
592.02	12.058
592.35	12.059
592.68	12.069
593.01	12.042
593.35	12.010
593.68	12.003
594.01	11.991
594.34	11.983
594.67	11.985
595.00	11.990
595.34	11.995
595.67	12.015
596.00	12.031
596.33	12.056
596.66	12.115
596.99	12.178
597.32	12.221
597.65	12.252
597.99	12.292
598.32	12.328
598.65	12.372
598.98	12.418
599.31	12.432
599.64	12.423
599.97	12.436
600.30	12.418
600.63	12.414
600.96	12.377
601.30	12.364
601.63	12.376
601.96	12.376
602.29	12.370
602.62	12.373
602.95	12.402
603.28	12.438
603.61	12.453
603.94	12.475
604.27	12.512
604.60	12.588
604.93	12.655
605.26	12.666
605.59	12.693
605.92	12.749
606.25	12.780
606.58	12.806
606.91	12.830
607.24	12.847
607.57	12.888
607.90	12.901
608.23	12.907
608.56	12.903
608.89	12.951
609.22	12.984
609.55	13.010
609.88	13.067
610.21	13.111
610.54	13.168
610.87	13.215
611.20	13.286
611.53	13.359
611.86	13.420
612.19	13.501
612.52	13.547
612.85	13.613
613.18	13.655
613.51	13.712
613.84	13.768
614.17	13.819
614.49	13.834
614.82	13.826
615.15	13.842
615.48	13.850
615.81	13.843
616.14	13.888
616.47	13.905
616.80	13.935
617.13	13.915
617.46	13.947
617.78	13.957
618.11	14.005
618.44	14.063
618.77	14.102
619.10	14.136
619.43	14.205
619.76	14.232
620.09	14.278
620.41	14.293
620.74	14.358
621.07	14.372
621.40	14.402
621.73	14.412
622.06	14.406
622.38	14.425
622.71	14.446
623.04	14.421
623.37	14.410
623.70	14.430
624.02	14.436
624.35	14.368
624.68	14.357
625.01	14.371
625.34	14.417
625.66	14.435
625.99	14.423
626.32	14.464
626.65	14.523
626.98	14.569
627.30	14.605
627.63	14.652
627.96	14.744
628.29	14.819
628.61	14.857
628.94	14.882
629.27	14.941
629.60	15.004
629.92	15.042
630.25	15.073
630.58	15.119
630.91	15.146
631.23	15.184
631.56	15.193
631.89	15.206
632.21	15.253
632.54	15.329
632.87	15.339
633.19	15.378
633.52	15.409
633.85	15.440
634.18	15.481
634.50	15.513
634.83	15.542
635.16	15.600
635.48	15.621
635.81	15.656
636.14	15.681
636.46	15.727
636.79	15.782
637.11	15.840
637.44	15.869
637.77	15.889
638.09	15.932
638.42	16.001
638.75	16.072
639.07	16.123
639.40	16.182
639.73	16.196
640.05	16.258
640.38	16.283
640.70	16.297
641.03	16.333
641.36	16.391
641.68	16.463
642.01	16.485
642.33	16.531
642.66	16.585
642.98	16.624
643.31	16.657
643.64	16.697
643.96	16.733
644.29	16.784
644.61	16.878
644.94	16.919
645.26	16.896
645.59	16.966
645.91	16.970
646.24	17.020
646.56	17.006
646.89	17.037
647.22	17.025
647.54	17.071
647.87	17.106
648.19	17.139
648.52	17.145
648.84	17.219
649.17	17.210
649.49	17.242
649.82	17.262
650.14	17.321
650.47	17.349
650.79	17.431
651.11	17.475
651.44	17.498
651.76	17.504
652.09	17.574
652.41	17.594
652.74	17.653
653.06	17.743
653.39	17.797
653.71	17.858
654.04	17.897
654.36	17.875
654.68	17.833
655.01	17.823
655.33	17.819
655.66	17.815
655.98	17.794
656.30	17.773
656.63	17.748
656.95	17.716
657.28	17.709
657.60	17.743
657.92	17.766
658.25	17.834
658.57	17.897
658.90	17.944
659.22	17.974
659.54	18.071
659.87	18.161
660.19	18.243
660.51	18.307
660.84	18.361
661.16	18.435
661.48	18.584
661.81	18.652
662.13	18.712
662.45	18.808
662.78	18.883
663.10	18.889
663.42	18.941
663.75	18.973
664.07	19.054
664.39	19.092
664.72	19.143
665.04	19.122
665.36	19.136
665.69	19.190
666.01	19.222
666.33	19.275
666.65	19.336
666.98	19.337
667.30	19.350
667.62	19.345
667.94	19.408
668.27	19.423
668.59	19.510
668.91	19.611
669.23	19.670
669.56	19.731
669.88	19.755
670.20	19.767
670.52	19.851
670.85	19.944
671.17	20.042
671.49	20.055
671.81	20.120
672.13	20.148
672.46	20.188
672.78	20.184
673.10	20.199
673.42	20.256
673.74	20.325
674.07	20.365
674.39	20.333
674.71	20.382
675.03	20.404
675.35	20.442
675.67	20.444
676.00	20.426
676.32	20.459
676.64	20.461
676.96	20.457
677.28	20.475
677.60	20.490
677.92	20.577
678.25	20.582
678.57	20.674
678.89	20.661
679.21	20.716
679.53	20.731
679.85	20.790
680.17	20.840
680.49	20.907
680.81	20.962
681.13	21.007
681.46	21.039
681.78	21.139
682.10	21.162
682.42	21.288
682.74	21.343
683.06	21.445
683.38	21.448
683.70	21.523
684.02	21.573
684.34	21.645
684.66	21.723
684.98	21.818
685.30	21.834
685.62	21.956
685.94	21.924
686.26	21.978
686.58	22.011
686.90	22.074
687.22	22.087
687.54	22.081
687.86	22.098
688.18	22.140
688.50	22.125
688.82	22.148
689.14	22.112
689.46	22.234
689.78	22.244
690.10	22.352
690.42	22.415
690.74	22.486
691.06	22.582
691.38	22.633
691.70	22.678
692.02	22.752
692.34	22.757
692.66	22.829
692.98	22.808
693.30	22.849
693.62	22.806
693.94	22.803
694.26	22.797
694.57	22.766
694.89	22.769
695.21	22.780
695.53	22.745
695.85	22.790
696.17	22.776
696.49	22.808
696.81	22.844
697.13	22.845
697.44	22.913
697.76	22.939
698.08	22.999
698.40	23.074
698.72	23.111
699.04	23.216
699.36	23.296
699.67	23.352
699.99	23.430
700.31	23.563
700.63	23.718
700.95	23.818
701.27	24.009
701.58	24.192
701.90	24.230
702.22	24.289
702.54	24.347
702.86	24.387
703.17	24.536
703.49	24.637
703.81	24.641
704.13	24.729
704.45	24.752
704.76	24.738
705.08	24.647
705.40	24.712
705.72	24.780
706.03	24.837
706.35	24.934
706.67	24.903
706.99	24.840
707.30	24.927
707.62	24.922
707.94	24.970
708.26	24.967
708.57	25.081
708.89	25.139
709.21	25.131
709.53	25.225
709.84	25.264
710.16	25.288
710.48	25.350
710.79	25.302
711.11	25.345
711.43	25.409
711.74	25.458
712.06	25.433
712.38	25.541
712.69	25.669
713.01	25.570
713.33	25.572
713.64	25.655
713.96	25.754
714.28	25.828
714.59	25.879
714.91	25.881
715.23	26.023
715.54	26.177
715.86	26.139
716.17	26.189
716.49	26.352
716.81	26.455
717.12	26.601
717.44	26.674
717.76	26.757
718.07	26.817
718.39	26.901
718.70	26.926
719.02	26.992
719.33	26.976
719.65	26.954
719.97	26.990
720.28	26.986
720.60	26.935
720.91	26.889
721.23	26.951
721.54	27.014
721.86	27.116
722.17	27.188
722.49	27.199
722.81	27.377
723.12	27.511
723.44	27.589
723.75	27.615
724.07	27.645
724.38	27.720
724.70	27.782
725.01	27.766
725.33	27.794
725.64	27.813
725.96	27.825
726.27	27.893
726.59	27.949
726.90	27.964
727.22	28.138
727.53	28.149
727.84	28.270
728.16	28.323
728.47	28.497
728.79	28.508
729.10	28.520
729.42	28.581
729.73	28.630
730.05	28.596
730.36	28.623
730.67	28.614
730.99	28.771
731.30	28.847
731.62	28.922
731.93	28.896
732.24	29.038
732.56	29.125
732.87	29.243
733.19	29.318
733.50	29.391
733.81	29.543
734.13	29.510
734.44	29.565
734.76	29.687
735.07	29.734
735.38	29.748
735.70	29.722
736.01	29.729
736.32	29.705
736.64	29.650
736.95	29.717
737.26	29.680
737.58	29.769
737.89	29.760
738.20	29.661
738.52	29.707
738.83	29.768
739.14	29.733
739.45	29.832
739.77	29.837
740.08	29.957
740.39	29.964
740.71	30.170
741.02	30.230
741.33	30.283
741.64	30.452
741.96	30.414
742.27	30.420
742.58	30.598
742.90	30.620
743.21	30.782
743.52	30.776
743.83	30.846
744.14	30.844
744.46	30.991
744.77	31.108
745.08	31.055
745.39	31.176
745.71	31.401
746.02	31.412
746.33	31.523
746.64	31.435
746.95	31.389
747.27	31.415
747.58	31.203
747.89	31.182
748.20	31.152
748.51	31.161
748.82	31.249
749.14	31.114
749.45	31.177
749.76	31.133
750.07	31.291
750.38	31.570
750.69	31.709
751.01	31.968
751.32	31.980
751.63	32.129
751.94	32.284
752.25	32.205
752.56	32.275
752.87	32.334
753.18	32.419
753.49	32.569
753.81	32.445
754.12	32.369
754.43	32.315
754.74	32.470
755.05	32.609
755.36	32.693
755.67	32.734
755.98	32.760
756.29	32.713
756.60	32.765
756.91	32.626
757.22	32.625
757.53	32.739
757.84	33.076
758.15	33.169
758.46	33.141
758.77	33.063
759.09	33.271
759.40	33.470
759.71	33.683
760.02	33.657
760.33	33.702
760.64	33.760
760.95	33.862
761.26	33.867
761.57	33.763
761.88	33.792
762.18	33.914
762.49	33.826
762.80	33.779
763.11	33.740
763.42	33.842
763.73	33.888
764.04	34.095
764.35	34.156
764.66	34.020
764.97	34.170
765.28	34.339
765.59	34.329
765.90	34.437
766.21	34.612
766.52	34.611
766.83	34.622
767.14	34.657
767.44	34.668
767.75	34.600
768.06	34.581
768.37	34.597
768.68	34.497
768.99	34.683
769.30	34.567
769.61	34.603
769.91	34.760
770.22	34.962
770.53	35.113
770.84	35.008
771.15	35.091
771.46	35.278
771.77	35.402
772.07	35.388
772.38	35.276
772.69	35.739
773.00	35.800
773.31	35.626
773.61	35.628
773.92	35.766
774.23	35.785
774.54	35.901
774.85	35.917
775.15	35.853
775.46	35.779
775.77	35.935
776.08	35.714
776.39	35.817
776.69	36.122
777.00	35.991
777.31	35.879
777.62	35.739
777.92	35.671
778.23	35.540
778.54	35.532
778.85	35.593
779.15	35.606
779.46	35.539
779.77	35.356
780.07	35.359
780.38	35.560
780.69	35.826
781.00	36.302
781.30	36.460
781.61	36.859
781.92	36.950
782.22	36.996
782.53	36.825
782.84	36.910
783.14	37.144
783.45	37.222
783.76	37.064
784.06	37.087
784.37	36.810
784.68	36.942
784.98	36.874
785.29	36.858
785.60	36.915
785.90	37.228
786.21	37.319
786.51	37.206
786.82	37.124
787.13	37.231
787.43	37.387
787.74	37.497
788.04	37.526
788.35	37.696
788.66	38.024
788.96	38.144
789.27	38.242
789.57	38.350
789.88	38.703
790.19	38.916
790.49	38.965
790.80	38.757
791.10	38.812
791.41	38.782
791.71	38.513
792.02	38.439
792.32	38.400
792.63	38.193
792.93	38.282
793.24	38.246
793.54	38.278
793.85	38.434
794.15	38.447
794.46	38.500
794.76	38.310
795.07	38.432
795.37	38.350
795.68	38.360
795.98	38.386
796.29	38.498
796.59	38.343
796.90	38.540
797.20	38.524
797.51	38.836
797.81	38.990
798.12	39.391
798.42	39.502
798.72	39.520
799.03	39.474
799.33	39.498
799.64	39.501
799.94	39.449
800.25	39.287
800.55	39.441
800.85	39.358
801.16	39.307
801.46	39.002
801.77	39.239
802.07	39.410
802.37	39.855
802.68	39.901
802.98	39.786
803.28	40.062
803.59	39.864
803.89	39.903
804.20	39.645
804.50	39.849
804.80	39.913
805.11	39.653
805.41	39.804
805.71	39.664
806.02	39.608
806.32	39.843
806.62	39.598
806.93	39.700
807.23	39.684
807.53	40.024
807.83	39.926
808.14	39.692
808.44	39.555
808.74	39.556
809.05	39.426
809.35	39.538
809.65	39.638
809.95	39.931
810.26	40.487
810.56	40.936
810.86	40.892
811.16	41.129
811.47	41.592
811.77	42.045
812.07	41.896
812.37	42.341
812.68	42.429
812.98	42.341
813.28	42.664
813.58	42.580
813.88	42.171
814.19	41.943
814.49	42.087
814.79	42.285
815.09	42.173
815.39	42.274
815.70	42.555
816.00	42.567
816.30	42.832
816.60	42.658
816.90	42.880
817.20	43.082
817.50	43.716
817.81	43.672
818.11	43.598
818.41	43.653
818.71	43.624
819.01	43.439
819.31	43.359
819.61	43.168
819.92	43.110
820.22	42.973
820.52	42.915
820.82	42.751
821.12	42.667
821.42	42.602
821.72	42.559
822.02	42.504
822.32	42.495
822.62	42.503
822.92	42.549
823.22	42.597
823.52	42.588
823.83	42.670
824.13	42.799
824.43	42.878
824.73	43.028
825.03	43.062
825.33	43.164
825.63	43.146
825.93	43.229
826.23	43.257
826.53	43.074
826.83	43.055
827.13	42.973
827.43	42.943
827.73	42.999
828.03	42.970
828.33	43.097
828.63	43.091
828.93	43.272
829.23	43.314
829.53	43.585
829.83	43.958
830.13	44.245
830.42	44.177
830.72	44.049
831.02	44.103
831.32	43.884
831.62	43.950
831.92	44.026
832.22	43.772
832.52	43.934
832.82	43.725
833.12	43.613
833.42	43.460
833.72	43.461
834.01	43.416
834.31	43.261
834.61	43.292
834.91	43.217
835.21	43.257
835.51	43.661
835.81	43.613
836.11	43.816
836.40	44.125
836.70	44.939
837.00	45.219
837.30	45.503
837.60	45.727
837.90	46.114
838.19	46.022
838.49	46.019
838.79	45.686
839.09	45.541
839.39	45.501
839.68	45.297
839.98	44.981
840.28	45.274
840.58	45.769
840.88	45.611
841.17	45.793
841.47	45.984
841.77	46.533
842.07	46.934
842.36	47.564
842.66	47.800
842.96	47.658
843.26	48.103
843.55	48.450
843.85	48.787
844.15	49.636
844.45	50.052
844.74	50.512
845.04	49.526
845.34	49.096
845.63	48.749
845.93	48.296
846.23	49.507
846.53	48.975
846.82	48.997
847.12	47.997
847.42	47.220
847.71	46.501
848.01	46.794
848.31	47.525
848.60	48.095
848.90	47.652
849.19	48.468
849.49	48.807
849.79	49.239
850.08	49.489
850.38	48.882
850.68	50.419
850.97	50.847
851.27	49.007
851.56	49.268
851.86	50.310
852.16	51.715
852.45	52.274
852.75	51.639
853.04	52.164
853.34	51.680
853.64	53.201
853.93	53.434
854.23	52.554
854.52	53.244
854.82	52.451
855.11	51.587
855.41	50.555
855.70	50.726
856.00	51.014
856.30	51.455
856.59	52.117
856.89	51.124
857.18	50.112
857.48	51.384
857.77	52.758
858.07	53.168
858.36	52.915
858.66	52.267
858.95	50.676
859.25	51.599
859.54	51.643
859.84	51.216
860.13	51.561
860.42	52.156
860.72	51.526
861.01	50.104
861.31	50.457
861.60	51.089
861.90	52.451
862.19	52.583
862.49	52.135
862.78	51.051
863.07	51.208
863.37	50.801
863.66	50.990
863.96	50.398
864.25	50.142
864.54	51.185
864.84	50.083
865.13	49.062
865.43	50.233
865.72	40.320
866.01	63.801
866.31	42.872
866.60	45.729
866.89	57.492
>>>>>End Spectral Data<<<<<
