180.30	0.000
180.67	0.000
181.03	1273.487
181.40	-26.121
181.77	45.384
182.14	-30.280
182.51	708.362
182.88	80.138
183.25	-35.079
183.62	110.839
183.99	82.082
184.36	63.255
184.73	-549.302
185.10	56.887
185.46	33.018
185.83	-27.006
186.20	-46.946
186.57	-14.780
186.94	-634.328
187.31	-37.820
187.68	-275.774
188.05	-125.138
188.42	-147.046
188.78	-81.824
189.15	-47.672
189.52	-47.130
189.89	-15.551
190.26	22.329
190.63	15.097
191.00	16.588
191.37	14.145
191.73	28.013
192.10	22.677
192.47	14.983
192.84	-6.636
193.21	-17.555
193.58	-17.119
193.94	-37.337
194.31	-63.736
194.68	-55.981
195.05	-89.086
195.42	-76.021
195.79	-61.725
196.15	-34.804
196.52	-17.562
196.89	-24.765
197.26	-34.577
197.63	-46.187
198.00	-34.851
198.36	-17.393
198.73	-2.189
199.10	6.522
199.47	11.241
199.84	-3.052
200.20	-17.388
200.57	-10.400
200.94	8.281
201.31	14.372
201.68	6.245
202.04	9.170
202.41	-13.358
202.78	-32.671
203.15	-50.669
203.51	-91.119
203.88	-119.576
204.25	-73.965
204.62	-69.697
204.98	-65.470
205.35	-51.836
205.72	4.990
206.09	-7.570
206.46	8.379
206.82	7.281
207.19	14.581
207.56	31.723
207.92	41.929
208.29	21.531
208.66	-5.458
209.03	-23.550
209.39	-25.712
209.76	-95.350
210.13	-72.475
210.50	-39.994
210.86	-18.776
211.23	-19.562
211.60	-33.468
211.96	-36.731
212.33	-25.760
212.70	-45.272
213.07	-32.466
213.43	-45.314
213.80	-25.586
214.17	-29.508
214.53	-41.776
214.90	-47.517
215.27	-54.324
215.63	-51.409
216.00	-47.528
216.37	-76.469
216.74	-24.194
217.10	-34.480
217.47	-23.162
217.84	-19.711
218.20	-20.750
218.57	-18.698
218.94	-20.498
219.30	-27.904
219.67	-27.963
220.04	-25.207
220.40	-17.918
220.77	-20.798
221.13	-14.318
221.50	-10.939
221.87	-5.334
222.23	-3.333
222.60	-3.898
222.97	-6.728
223.33	0.373
223.70	4.335
224.07	2.261
224.43	2.904
224.80	3.693
225.16	3.912
225.53	4.838
225.90	3.017
226.26	2.701
226.63	4.116
226.99	5.270
227.36	5.189
227.73	4.872
228.09	5.527
228.46	4.811
228.82	4.828
229.19	4.274
229.56	4.290
229.92	4.596
230.29	5.647
230.65	4.040
231.02	4.133
231.38	3.954
231.75	2.201
232.12	1.388
232.48	1.076
232.85	0.811
233.21	1.998
233.58	1.022
233.94	-0.057
234.31	-0.323
234.68	-0.275
235.04	0.411
235.41	0.646
235.77	3.066
236.14	3.669
236.50	3.908
236.87	4.365
237.23	3.534
237.60	2.695
237.96	4.220
238.33	4.240
238.69	4.892
239.06	5.146
239.42	4.939
239.79	4.184
240.15	4.457
240.52	4.918
240.88	4.746
241.25	5.088
241.61	5.337
241.98	5.248
242.34	4.922
242.71	4.900
243.07	4.456
243.44	4.575
243.80	4.625
244.17	4.374
244.53	4.563
244.90	4.752
245.26	4.433
245.63	4.669
245.99	4.406
246.36	4.516
246.72	4.218
247.09	4.302
247.45	4.427
247.81	4.918
248.18	5.297
248.54	5.163
248.91	4.930
249.27	5.436
249.64	5.317
250.00	5.662
250.36	5.787
250.73	6.287
251.09	6.151
251.46	5.758
251.82	4.847
252.19	4.175
252.55	3.799
252.91	3.592
253.28	2.941
253.64	2.816
254.01	2.466
254.37	2.196
254.73	2.602
255.10	3.194
255.46	3.575
255.83	3.790
256.19	3.945
256.55	4.280
256.92	4.355
257.28	4.486
257.65	4.618
258.01	4.711
258.37	4.701
258.74	4.507
259.10	4.263
259.46	4.103
259.83	4.003
260.19	4.212
260.55	4.065
260.92	4.209
261.28	4.139
261.64	3.911
262.01	3.766
262.37	3.876
262.73	3.706
263.10	3.750
263.46	3.600
263.82	3.525
264.19	3.292
264.55	3.593
264.91	3.150
265.28	3.219
265.64	3.130
266.00	3.307
266.37	3.159
266.73	3.515
267.09	3.520
267.46	3.923
267.82	3.996
268.18	3.872
268.54	3.845
268.91	4.137
269.27	3.969
269.63	4.027
270.00	3.745
270.36	4.110
270.72	3.943
271.08	3.947
271.45	3.947
271.81	3.975
272.17	3.891
272.53	3.801
272.90	3.827
273.26	3.941
273.62	3.998
273.98	4.253
274.35	4.013
274.71	3.980
275.07	3.765
275.43	3.664
275.80	3.840
276.16	3.823
276.52	3.945
276.88	3.836
277.25	3.762
277.61	3.826
277.97	3.806
278.33	3.616
278.69	3.671
279.06	3.765
279.42	3.679
279.78	3.396
280.14	3.592
280.50	3.748
280.87	3.719
281.23	3.710
281.59	3.637
281.95	3.715
282.31	3.789
282.68	3.821
283.04	3.787
283.40	3.812
283.76	4.047
284.12	4.100
284.48	3.839
284.85	3.974
285.21	4.112
285.57	4.105
285.93	3.964
286.29	4.103
286.65	4.042
287.02	4.091
287.38	4.043
287.74	4.003
288.10	3.862
288.46	3.948
288.82	3.813
289.18	3.557
289.54	3.471
289.91	3.539
290.27	3.491
290.63	3.345
290.99	3.649
291.35	3.748
291.71	3.756
292.07	3.819
292.43	3.803
292.79	3.808
293.16	3.859
293.52	4.049
293.88	3.901
294.24	3.646
294.60	3.723
294.96	3.623
295.32	3.625
295.68	3.593
296.04	3.560
296.40	3.516
296.76	3.567
297.12	3.802
297.49	3.810
297.85	3.839
298.21	4.041
298.57	4.048
298.93	4.186
299.29	4.211
299.65	4.173
300.01	4.241
300.37	4.101
300.73	4.073
301.09	3.984
301.45	3.901
301.81	3.931
302.17	3.905
302.53	4.083
302.89	3.998
303.25	3.975
303.61	3.995
303.97	4.047
304.33	4.241
304.69	4.229
305.05	4.398
305.41	4.319
305.77	4.171
306.13	4.085
306.49	3.887
306.85	3.618
307.21	3.588
307.57	3.499
307.93	3.394
308.29	3.300
308.65	3.215
309.01	2.968
309.37	2.992
309.73	3.003
310.09	3.080
310.45	3.184
310.81	3.284
311.17	3.244
311.53	3.219
311.89	3.172
312.25	3.014
312.61	3.007
312.96	2.961
313.32	2.950
313.68	2.961
314.04	2.730
314.40	2.401
314.76	2.417
315.12	2.144
315.48	2.134
315.84	2.049
316.20	1.991
316.56	1.776
316.92	1.553
317.27	1.336
317.63	1.290
317.99	1.134
318.35	1.116
318.71	0.925
319.07	0.987
319.43	0.841
319.79	0.773
320.15	0.819
320.50	0.886
320.86	0.794
321.22	0.841
321.58	0.642
321.94	0.636
322.30	0.614
322.66	0.409
323.01	0.362
323.37	0.260
323.73	0.111
324.09	-0.138
324.45	-0.276
324.81	-0.288
325.17	-0.461
325.52	-0.420
325.88	-0.455
326.24	-0.669
326.60	-0.591
326.96	-0.784
327.31	-0.823
327.67	-0.908
328.03	-0.970
328.39	-1.059
328.75	-1.105
329.11	-1.231
329.46	-1.359
329.82	-1.373
330.18	-1.185
330.54	-1.241
330.90	-1.196
331.25	-1.237
331.61	-1.097
331.97	-0.822
332.33	-0.729
332.68	-0.689
333.04	-0.504
333.40	-0.438
333.76	-0.402
334.11	-0.342
334.47	-0.386
334.83	-0.218
335.19	-0.042
335.54	-0.154
335.90	-0.283
336.26	-0.242
336.62	-0.187
336.97	-0.217
337.33	-0.195
337.69	-0.327
338.05	-0.476
338.40	-0.558
338.76	-0.726
339.12	-0.823
339.48	-0.833
339.83	-0.743
340.19	-0.814
340.55	-0.779
340.90	-0.749
341.26	-0.723
341.62	-0.586
341.97	-0.493
342.33	-0.289
342.69	-0.214
343.04	-0.238
343.40	-0.108
343.76	-0.162
344.12	-0.022
344.47	-0.059
344.83	-0.133
345.19	-0.174
345.54	-0.243
345.90	-0.264
346.26	-0.435
346.61	-0.458
346.97	-0.420
347.32	-0.495
347.68	-0.537
348.04	-0.638
348.39	-0.718
348.75	-0.739
349.11	-0.743
349.46	-0.729
349.82	-0.815
350.18	-0.802
350.53	-0.771
350.89	-0.936
351.24	-1.056
351.60	-0.933
351.96	-1.004
352.31	-0.915
352.67	-0.830
353.02	-0.882
353.38	-0.779
353.74	-0.664
354.09	-0.555
354.45	-0.447
354.80	-0.269
355.16	-0.069
355.52	-0.044
355.87	0.190
356.23	0.267
356.58	0.446
356.94	0.508
357.29	0.466
357.65	0.463
358.00	0.486
358.36	0.501
358.72	0.436
359.07	0.465
359.43	0.422
359.78	0.368
360.14	0.292
360.49	0.142
360.85	0.108
361.20	0.100
361.56	0.077
361.91	-0.009
362.27	-0.062
362.62	-0.037
362.98	-0.145
363.33	-0.247
363.69	-0.418
364.04	-0.487
364.40	-0.562
364.75	-0.572
365.11	-0.675
365.46	-0.780
365.82	-0.787
366.17	-0.873
366.53	-0.907
366.88	-0.894
367.24	-0.857
367.59	-0.664
367.95	-0.592
368.30	-0.579
368.66	-0.507
369.01	-0.412
369.37	-0.247
369.72	-0.151
370.08	-0.099
370.43	-0.071
370.78	-0.042
371.14	-0.012
371.49	-0.057
371.85	0.011
372.20	0.079
372.56	0.036
372.91	0.026
373.26	-0.001
373.62	-0.058
373.97	-0.128
374.33	-0.141
374.68	-0.218
375.03	-0.243
375.39	-0.323
375.74	-0.396
376.10	-0.421
376.45	-0.431
376.80	-0.421
377.16	-0.419
377.51	-0.362
377.87	-0.242
378.22	-0.105
378.57	0.042
378.93	0.201
379.28	0.328
379.63	0.463
379.99	0.636
380.34	0.813
380.70	0.937
381.05	1.022
381.40	1.061
381.76	1.072
382.11	1.021
382.46	1.016
382.82	0.984
383.17	0.960
383.52	0.947
383.88	0.901
384.23	0.830
384.58	0.835
384.94	0.821
385.29	0.820
385.64	0.895
385.99	0.937
386.35	0.951
386.70	0.905
387.05	0.855
387.41	0.769
387.76	0.697
388.11	0.682
388.47	0.646
388.82	0.660
389.17	0.672
389.52	0.634
389.88	0.638
390.23	0.683
390.58	0.768
390.93	0.873
391.29	0.992
391.64	1.100
391.99	1.150
392.34	1.180
392.70	1.150
393.05	1.159
393.40	1.141
393.75	1.068
394.11	0.976
394.46	0.905
394.81	0.804
395.16	0.622
395.52	0.479
395.87	0.298
396.22	0.098
396.57	-0.097
396.92	-0.342
397.28	-0.544
397.63	-0.728
397.98	-0.917
398.33	-1.097
398.68	-1.259
399.04	-1.345
399.39	-1.474
399.74	-1.489
400.09	-1.504
400.44	-1.514
400.80	-1.432
401.15	-1.368
401.50	-1.254
401.85	-1.158
402.20	-1.113
402.55	-1.033
402.90	-0.960
403.26	-0.901
403.61	-0.926
403.96	-0.923
404.31	-0.900
404.66	-0.924
405.01	-0.959
405.36	-1.036
405.72	-1.099
406.07	-1.133
406.42	-1.199
406.77	-1.276
407.12	-1.362
407.47	-1.357
407.82	-1.379
408.17	-1.395
408.53	-1.436
408.88	-1.478
409.23	-1.501
409.58	-1.525
409.93	-1.562
410.28	-1.577
410.63	-1.627
410.98	-1.641
411.33	-1.651
411.68	-1.619
412.03	-1.611
412.38	-1.538
412.73	-1.430
413.09	-1.278
413.44	-1.146
413.79	-0.943
414.14	-0.745
414.49	-0.496
414.84	-0.277
415.19	-0.070
415.54	0.120
415.89	0.364
416.24	0.536
416.59	0.728
416.94	0.855
417.29	1.013
417.64	1.113
417.99	1.206
418.34	1.283
418.69	1.368
419.04	1.445
419.39	1.510
419.74	1.555
420.09	1.599
420.44	1.600
420.79	1.615
421.14	1.595
421.49	1.589
421.84	1.574
422.19	1.556
422.54	1.530
422.89	1.469
423.24	1.391
423.59	1.302
423.94	1.191
424.29	1.071
424.64	0.970
424.99	0.879
425.34	0.789
425.68	0.653
426.03	0.519
426.38	0.396
426.73	0.306
427.08	0.259
427.43	0.230
427.78	0.269
428.13	0.322
428.48	0.345
428.83	0.388
429.18	0.427
429.53	0.515
429.87	0.568
430.22	0.608
430.57	0.628
430.92	0.637
431.27	0.611
431.62	0.582
431.97	0.548
432.32	0.491
432.67	0.403
433.01	0.321
433.36	0.232
433.71	0.160
434.06	0.091
434.41	0.053
434.76	0.036
435.11	0.044
435.45	0.057
435.80	0.095
436.15	0.191
436.50	0.282
436.85	0.364
437.20	0.419
437.54	0.480
437.89	0.521
438.24	0.553
438.59	0.550
438.94	0.525
439.29	0.482
439.63	0.432
439.98	0.363
440.33	0.315
440.68	0.279
441.03	0.272
441.37	0.278
441.72	0.317
442.07	0.357
442.42	0.419
442.76	0.514
443.11	0.620
443.46	0.720
443.81	0.798
444.16	0.850
444.50	0.872
444.85	0.875
445.20	0.862
445.55	0.810
445.89	0.741
446.24	0.646
446.59	0.509
446.94	0.376
447.28	0.228
447.63	0.045
447.98	-0.124
448.32	-0.277
448.67	-0.418
449.02	-0.558
449.37	-0.670
449.71	-0.700
450.06	-0.722
450.41	-0.689
450.75	-0.703
451.10	-0.710
451.45	-0.695
451.79	-0.686
452.14	-0.682
452.49	-0.678
452.84	-0.686
453.18	-0.697
453.53	-0.718
453.88	-0.723
454.22	-0.715
454.57	-0.650
454.92	-0.551
455.26	-0.413
455.61	-0.280
455.95	-0.139
456.30	-0.026
456.65	0.115
456.99	0.255
457.34	0.356
457.69	0.464
458.03	0.510
458.38	0.532
458.73	0.507
459.07	0.430
459.42	0.347
459.76	0.228
460.11	0.122
460.46	-0.032
460.80	-0.193
461.15	-0.355
461.49	-0.542
461.84	-0.668
462.19	-0.786
462.53	-0.877
462.88	-0.911
463.22	-0.910
463.57	-0.906
463.91	-0.879
464.26	-0.825
464.61	-0.774
464.95	-0.748
465.30	-0.704
465.64	-0.698
465.99	-0.709
466.33	-0.716
466.68	-0.737
467.02	-0.793
467.37	-0.828
467.71	-0.885
468.06	-0.921
468.41	-0.986
468.75	-1.042
469.10	-1.109
469.44	-1.186
469.79	-1.237
470.13	-1.296
470.48	-1.359
470.82	-1.408
471.17	-1.462
471.51	-1.498
471.86	-1.565
472.20	-1.611
472.55	-1.673
472.89	-1.714
473.23	-1.731
473.58	-1.766
473.92	-1.803
474.27	-1.819
474.61	-1.822
474.96	-1.795
475.30	-1.790
475.65	-1.807
475.99	-1.784
476.34	-1.728
476.68	-1.700
477.02	-1.662
477.37	-1.592
477.71	-1.490
478.06	-1.330
478.40	-1.063
478.75	-0.706
479.09	-0.280
479.43	0.174
479.78	0.569
480.12	0.933
480.47	1.271
480.81	1.574
481.15	1.851
481.50	2.110
481.84	2.347
482.19	2.548
482.53	2.714
482.87	2.820
483.22	2.853
483.56	2.831
483.90	2.763
484.25	2.674
484.59	2.565
484.94	2.438
485.28	2.312
485.62	2.160
485.97	1.991
486.31	1.821
486.65	1.667
487.00	1.547
487.34	1.454
487.68	1.382
488.03	1.310
488.37	1.243
488.71	1.186
489.06	1.120
489.40	1.061
489.74	1.001
490.09	0.917
490.43	0.810
490.77	0.687
491.11	0.547
491.46	0.385
491.80	0.209
492.14	0.029
492.49	-0.165
492.83	-0.365
493.17	-0.569
493.51	-0.764
493.86	-0.931
494.20	-1.067
494.54	-1.150
494.88	-1.151
495.23	-1.146
495.57	-1.106
495.91	-1.072
496.25	-1.027
496.60	-1.003
496.94	-1.000
497.28	-1.004
497.62	-1.028
497.97	-1.037
498.31	-1.060
498.65	-1.112
498.99	-1.137
499.33	-1.169
499.68	-1.168
500.02	-1.187
500.36	-1.182
500.70	-1.154
501.04	-1.120
501.39	-1.074
501.73	-1.014
502.07	-0.952
502.41	-0.875
502.75	-0.767
503.09	-0.646
503.44	-0.534
503.78	-0.415
504.12	-0.265
504.46	-0.137
504.80	0.008
505.14	0.181
505.49	0.344
505.83	0.504
506.17	0.671
506.51	0.825
506.85	0.974
507.19	1.126
507.53	1.285
507.87	1.415
508.22	1.560
508.56	1.684
508.90	1.774
509.24	1.857
509.58	1.950
509.92	2.051
510.26	2.140
510.60	2.226
510.94	2.320
511.28	2.408
511.63	2.509
511.97	2.608
512.31	2.755
512.65	2.926
512.99	3.131
513.33	3.396
513.67	3.660
514.01	3.972
514.35	4.311
514.69	4.642
515.03	4.989
515.37	5.306
515.71	5.617
516.05	5.893
516.39	6.145
516.73	6.356
517.07	6.528
517.41	6.672
517.75	6.747
518.09	6.792
518.43	6.799
518.77	6.762
519.11	6.742
519.45	6.704
519.79	6.676
520.13	6.679
520.47	6.732
520.81	6.838
521.15	6.978
521.49	7.155
521.83	7.411
522.17	7.706
522.51	8.081
522.85	8.479
523.19	9.007
523.53	9.615
523.87	10.251
524.21	10.851
524.55	11.426
524.89	11.936
525.23	12.406
525.57	12.817
525.91	13.182
526.25	13.481
526.58	13.766
526.92	13.962
527.26	14.103
527.60	14.181
527.94	14.197
528.28	14.175
528.62	14.127
528.96	14.079
529.30	14.002
529.64	13.917
529.97	13.839
530.31	13.737
530.65	13.659
530.99	13.579
531.33	13.548
531.67	13.569
532.01	13.579
532.35	13.587
532.68	13.575
533.02	13.537
533.36	13.478
533.70	13.420
534.04	13.353
534.38	13.277
534.71	13.205
535.05	13.090
535.39	12.978
535.73	12.899
536.07	12.904
536.41	12.988
536.74	13.150
537.08	13.399
537.42	13.655
537.76	13.949
538.10	14.244
538.43	14.535
538.77	14.825
539.11	15.106
539.45	15.341
539.79	15.530
540.12	15.663
540.46	15.732
540.80	15.726
541.14	15.687
541.47	15.612
541.81	15.504
542.15	15.371
542.49	15.211
542.82	15.004
543.16	14.792
543.50	14.547
543.84	14.324
544.17	14.139
544.51	13.988
544.85	13.851
545.18	13.705
545.52	13.560
545.86	13.404
546.20	13.222
546.53	13.060
546.87	12.877
547.21	12.713
547.54	12.533
547.88	12.368
548.22	12.245
548.55	12.123
548.89	12.040
549.23	11.985
549.56	11.954
549.90	11.965
550.24	11.997
550.57	12.062
550.91	12.135
551.25	12.154
551.58	12.192
551.92	12.190
552.26	12.190
552.59	12.180
552.93	12.165
553.27	12.118
553.60	12.066
553.94	12.023
554.27	11.965
554.61	11.911
554.95	11.909
555.28	11.869
555.62	11.869
555.95	11.884
556.29	11.880
556.63	11.915
556.96	11.990
557.30	12.100
557.63	12.141
557.97	12.214
558.31	12.243
558.64	12.266
558.98	12.303
559.31	12.346
559.65	12.363
559.98	12.414
560.32	12.442
560.65	12.472
560.99	12.524
561.33	12.616
561.66	12.703
562.00	12.836
562.33	12.990
562.67	13.116
563.00	13.243
563.34	13.408
563.67	13.554
564.01	13.680
564.34	13.783
564.68	13.847
565.01	13.905
565.35	13.947
565.68	13.993
566.02	13.979
566.35	14.012
566.69	14.026
567.02	14.029
567.36	14.062
567.69	14.111
568.03	14.144
568.36	14.195
568.69	14.218
569.03	14.268
569.36	14.328
569.70	14.422
570.03	14.502
570.37	14.548
570.70	14.611
571.04	14.632
571.37	14.632
571.70	14.642
572.04	14.627
572.37	14.627
572.71	14.603
573.04	14.569
573.37	14.528
573.71	14.469
574.04	14.398
574.38	14.272
574.71	14.168
575.04	14.061
575.38	13.969
575.71	13.872
576.05	13.756
576.38	13.655
576.71	13.547
577.05	13.380
577.38	13.234
577.71	13.117
578.05	13.027
578.38	12.881
578.71	12.768
579.05	12.680
579.38	12.603
579.71	12.544
580.05	12.468
580.38	12.405
580.71	12.361
581.05	12.309
581.38	12.274
581.71	12.260
582.05	12.289
582.38	12.284
582.71	12.267
583.04	12.287
583.38	12.316
583.71	12.343
584.04	12.384
584.38	12.465
584.71	12.549
585.04	12.609
585.37	12.686
585.71	12.758
586.04	12.861
586.37	12.956
586.70	13.018
587.04	13.083
587.37	13.116
587.70	13.102
588.03	13.141
588.37	13.138
588.70	13.153
589.03	13.123
589.36	13.090
589.69	13.023
590.03	12.954
590.36	12.875
590.69	12.837
591.02	12.828
591.35	12.813
591.69	12.798
592.02	12.838
592.35	12.880
592.68	12.941
593.01	13.007
593.35	13.081
593.68	13.154
594.01	13.243
594.34	13.284
594.67	13.284
595.00	13.310
595.34	13.304
595.67	13.238
596.00	13.172
596.33	13.069
596.66	12.961
596.99	12.849
597.32	12.707
597.65	12.531
597.99	12.388
598.32	12.300
598.65	12.200
598.98	12.102
599.31	12.078
599.64	12.064
599.97	12.142
600.30	12.223
600.63	12.327
600.96	12.440
601.30	12.567
601.63	12.640
601.96	12.702
602.29	12.760
602.62	12.801
602.95	12.827
603.28	12.823
603.61	12.794
603.94	12.730
604.27	12.639
604.60	12.567
604.93	12.487
605.26	12.454
605.59	12.397
605.92	12.324
606.25	12.271
606.58	12.204
606.91	12.164
607.24	12.133
607.57	12.116
607.90	12.117
608.23	12.107
608.56	12.073
608.89	11.959
609.22	11.860
609.55	11.763
609.88	11.642
610.21	11.512
610.54	11.392
610.87	11.213
611.20	11.103
611.53	10.925
611.86	10.772
612.19	10.673
612.52	10.562
612.85	10.491
613.18	10.476
613.51	10.434
613.84	10.405
614.17	10.334
614.49	10.320
614.82	10.251
615.15	10.253
615.48	10.222
615.81	10.142
616.14	10.132
616.47	10.114
616.80	10.060
617.13	9.997
617.46	9.969
617.78	10.006
618.11	9.990
618.44	9.981
618.77	9.954
619.10	9.908
619.43	9.885
619.76	9.903
620.09	9.856
620.41	9.845
620.74	9.900
621.07	9.856
621.40	9.877
621.73	9.931
622.06	9.944
622.38	10.011
622.71	10.054
623.04	10.138
623.37	10.217
623.70	10.339
624.02	10.409
624.35	10.506
624.68	10.601
625.01	10.632
625.34	10.640
625.66	10.667
625.99	10.638
626.32	10.638
626.65	10.619
626.98	10.568
627.30	10.497
627.63	10.387
627.96	10.220
628.29	10.117
628.61	10.006
628.94	9.929
629.27	9.887
629.60	9.833
629.92	9.783
630.25	9.725
630.58	9.676
630.91	9.618
631.23	9.648
631.56	9.653
631.89	9.672
632.21	9.668
632.54	9.602
632.87	9.546
633.19	9.488
633.52	9.471
633.85	9.425
634.18	9.332
634.50	9.312
634.83	9.230
635.16	9.166
635.48	9.094
635.81	9.027
636.14	9.000
636.46	8.914
636.79	8.880
637.11	8.789
637.44	8.688
637.77	8.652
638.09	8.608
638.42	8.544
638.75	8.551
639.07	8.543
639.40	8.488
639.73	8.436
640.05	8.418
640.38	8.370
640.70	8.324
641.03	8.323
641.36	8.273
641.68	8.220
642.01	8.259
642.33	8.204
642.66	8.142
642.98	8.179
643.31	8.188
643.64	8.212
643.96	8.266
644.29	8.370
644.61	8.464
644.94	8.559
645.26	8.669
645.59	8.759
645.91	8.829
646.24	8.898
646.56	8.877
646.89	8.919
647.22	8.907
647.54	8.911
647.87	8.894
648.19	8.858
648.52	8.869
648.84	8.792
649.17	8.691
649.49	8.631
649.82	8.602
650.14	8.596
650.47	8.589
650.79	8.591
651.11	8.603
651.44	8.607
651.76	8.629
652.09	8.594
652.41	8.605
652.74	8.644
653.06	8.707
653.39	8.724
653.71	8.826
654.04	8.886
654.36	8.976
654.68	9.039
655.01	9.099
655.33	9.126
655.66	9.205
655.98	9.247
656.30	9.311
656.63	9.352
656.95	9.451
657.28	9.470
657.60	9.478
657.92	9.466
658.25	9.394
658.57	9.320
658.90	9.243
659.22	9.142
659.54	9.087
659.87	8.976
660.19	8.867
660.51	8.721
660.84	8.573
661.16	8.379
661.48	8.265
661.81	8.170
662.13	8.139
662.45	8.091
662.78	8.098
663.10	8.064
663.42	8.034
663.75	8.010
664.07	7.965
664.39	7.961
664.72	8.011
665.04	7.980
665.36	7.998
665.69	8.004
666.01	8.041
666.33	8.018
666.65	8.036
666.98	8.037
667.30	8.064
667.62	8.088
667.94	8.067
668.27	8.054
668.59	8.098
668.91	8.106
669.23	8.078
669.56	8.055
669.88	8.101
670.20	8.031
670.52	8.043
670.85	8.015
671.17	7.958
671.49	7.984
671.81	8.026
672.13	8.018
672.46	7.992
672.78	7.965
673.10	7.914
673.42	7.896
673.74	7.951
674.07	7.981
674.39	7.977
674.71	8.045
675.03	8.064
675.35	8.128
675.67	8.190
676.00	8.303
676.32	8.372
676.64	8.503
676.96	8.619
677.28	8.709
677.60	8.762
677.92	8.863
678.25	8.963
678.57	9.056
678.89	9.066
679.21	9.075
679.53	9.106
679.85	9.182
680.17	9.156
680.49	9.093
680.81	9.051
681.13	8.995
681.46	9.026
681.78	8.981
682.10	8.929
682.42	8.918
682.74	8.959
683.06	8.981
683.38	8.980
683.70	9.049
684.02	9.113
684.34	9.183
684.66	9.297
684.98	9.356
685.30	9.482
685.62	9.558
685.94	9.627
686.26	9.617
686.58	9.623
686.90	9.527
687.22	9.492
687.54	9.456
687.86	9.408
688.18	9.358
688.50	9.254
688.82	9.080
689.14	8.927
689.46	8.819
689.78	8.751
690.10	8.612
690.42	8.635
690.74	8.578
691.06	8.469
691.38	8.330
691.70	8.203
692.02	8.109
692.34	8.030
692.66	8.010
692.98	7.988
693.30	8.052
693.62	8.058
693.94	8.131
694.26	8.151
694.57	8.289
694.89	8.481
695.21	8.648
695.53	8.767
695.85	8.872
696.17	8.994
696.49	9.121
696.81	9.108
697.13	9.197
697.44	9.202
697.76	9.251
698.08	9.182
698.40	9.058
698.72	8.942
699.04	8.791
699.36	8.611
699.67	8.384
699.99	8.039
700.31	7.799
700.63	7.416
700.95	7.017
701.27	6.620
701.58	6.289
701.90	6.015
702.22	5.661
702.54	5.459
702.86	5.302
703.17	5.112
703.49	4.933
703.81	4.847
704.13	4.743
704.45	4.776
704.76	4.768
705.08	4.759
705.40	4.735
705.72	4.797
706.03	4.718
706.35	4.836
706.67	4.903
706.99	5.124
707.30	5.089
707.62	5.152
707.94	5.115
708.26	5.085
708.57	5.087
708.89	5.165
709.21	5.099
709.53	5.123
709.84	5.035
710.16	4.912
710.48	4.848
710.79	4.924
711.11	5.022
711.43	5.001
711.74	5.092
712.06	5.107
712.38	5.137
712.69	5.214
713.01	5.290
713.33	5.392
713.64	5.663
713.96	5.733
714.28	5.760
714.59	5.877
714.91	5.980
715.23	6.057
715.54	6.133
715.86	6.202
716.17	6.306
716.49	6.296
716.81	6.186
717.12	6.044
717.44	5.873
717.76	5.662
718.07	5.314
718.39	5.124
718.70	4.873
719.02	4.673
719.33	4.359
719.65	4.076
719.97	3.805
720.28	3.660
720.60	3.443
720.91	3.393
721.23	3.404
721.54	3.432
721.86	3.349
722.17	3.298
722.49	3.260
722.81	3.142
723.12	3.282
723.44	3.484
723.75	3.421
724.07	3.437
724.38	3.413
724.70	3.430
725.01	3.428
725.33	3.453
725.64	3.450
725.96	3.458
726.27	3.617
726.59	3.608
726.90	3.518
727.22	3.603
727.53	3.648
727.84	3.726
728.16	3.675
728.47	3.637
728.79	3.499
729.10	3.470
729.42	3.446
729.73	3.132
730.05	2.937
730.36	2.752
730.67	2.533
730.99	2.184
731.30	1.770
731.62	1.441
731.93	1.034
732.24	0.766
732.56	0.423
732.87	-0.004
733.19	-0.324
733.50	-0.725
733.81	-1.101
734.13	-1.442
734.44	-1.713
734.76	-1.987
735.07	-2.244
735.38	-2.299
735.70	-2.458
736.01	-2.599
736.32	-2.661
736.64	-2.743
736.95	-2.909
737.26	-2.909
737.58	-3.003
737.89	-2.970
738.20	-3.218
738.52	-3.554
738.83	-3.770
739.14	-3.973
739.45	-4.310
739.77	-4.700
740.08	-4.931
740.39	-5.168
740.71	-5.430
741.02	-5.735
741.33	-6.200
741.64	-6.368
741.96	-6.515
742.27	-7.005
742.58	-7.321
742.90	-7.734
743.21	-8.079
743.52	-8.364
743.83	-8.419
744.14	-8.694
744.46	-9.125
744.77	-9.251
745.08	-9.563
745.39	-9.705
745.71	-9.701
746.02	-9.777
746.33	-9.476
746.64	-9.390
746.95	-9.544
747.27	-9.965
747.58	-10.264
747.89	-10.050
748.20	-10.152
748.51	-10.120
748.82	-10.297
749.14	-10.338
749.45	-10.534
749.76	-10.836
750.07	-11.035
750.38	-11.073
750.69	-11.246
751.01	-11.305
751.32	-11.697
751.63	-11.953
751.94	-12.261
752.25	-12.288
752.56	-12.534
752.87	-12.891
753.18	-13.177
753.49	-13.358
753.81	-13.344
754.12	-13.154
754.43	-12.919
754.74	-12.487
755.05	-12.027
755.36	-11.215
755.67	-10.302
755.98	-9.464
756.29	-8.137
756.60	-6.684
756.91	-5.360
757.22	-4.095
757.53	-2.523
757.84	-1.144
758.15	0.231
758.46	1.805
758.77	3.162
759.09	4.091
759.40	5.063
759.71	5.852
760.02	6.406
760.33	6.802
760.64	6.930
760.95	6.979
761.26	7.034
761.57	6.970
761.88	6.730
762.18	6.378
762.49	6.048
762.80	5.443
763.11	4.925
763.42	4.117
763.73	3.364
764.04	2.612
764.35	1.591
764.66	0.311
764.97	-1.052
765.28	-2.487
765.59	-4.112
765.90	-5.976
766.21	-7.621
766.52	-9.366
766.83	-10.814
767.14	-12.295
767.44	-13.589
767.75	-15.171
768.06	-16.305
768.37	-17.298
768.68	-18.582
768.99	-19.321
769.30	-19.955
769.61	-20.285
769.91	-21.030
770.22	-21.723
770.53	-22.254
770.84	-22.689
771.15	-23.232
771.46	-23.643
771.77	-24.358
772.07	-24.279
772.38	-24.743
772.69	-24.778
773.00	-24.978
773.31	-25.066
773.61	-24.952
773.92	-24.610
774.23	-24.917
774.54	-24.392
774.85	-24.376
775.15	-24.448
775.46	-24.676
775.77	-24.561
776.08	-24.766
776.39	-25.177
776.69	-25.137
777.00	-25.277
777.31	-25.720
777.62	-25.771
777.92	-26.208
778.23	-26.356
778.54	-26.087
778.85	-26.436
779.15	-27.063
779.46	-27.222
779.77	-26.919
780.07	-27.151
780.38	-27.695
780.69	-27.621
781.00	-27.467
781.30	-27.260
781.61	-27.494
781.92	-27.175
782.22	-27.105
782.53	-26.902
782.84	-26.720
783.14	-26.717
783.45	-26.488
783.76	-25.986
784.06	-25.846
784.37	-25.245
784.68	-24.499
784.98	-23.602
785.29	-22.906
785.60	-22.127
785.90	-20.713
786.21	-19.588
786.51	-18.786
786.82	-18.082
787.13	-17.435
787.43	-16.642
787.74	-16.347
788.04	-16.309
788.35	-16.105
788.66	-16.083
788.96	-16.060
789.27	-16.410
789.57	-17.063
789.88	-17.622
790.19	-18.104
790.49	-18.712
790.80	-19.397
791.10	-19.804
791.41	-20.536
791.71	-20.517
792.02	-20.692
792.32	-20.731
792.63	-20.812
792.93	-21.066
793.24	-20.872
793.54	-20.847
793.85	-20.248
794.15	-19.541
794.46	-18.898
794.76	-18.067
795.07	-18.047
795.37	-17.833
795.68	-17.397
795.98	-17.634
796.29	-17.325
796.59	-16.716
796.90	-16.425
797.20	-16.429
797.51	-17.076
797.81	-18.071
798.12	-17.892
798.42	-18.125
798.72	-18.302
799.03	-18.940
799.33	-19.015
799.64	-19.251
799.94	-19.813
800.25	-20.565
800.55	-21.222
800.85	-21.292
801.16	-20.554
801.46	-21.230
801.77	-21.471
802.07	-22.242
802.37	-22.094
802.68	-22.028
802.98	-21.995
803.28	-22.277
803.59	-21.922
803.89	-21.725
804.20	-22.237
804.50	-22.882
804.80	-22.618
805.11	-22.681
805.41	-23.056
805.71	-23.520
806.02	-23.564
806.32	-23.473
806.62	-23.767
806.93	-24.616
807.23	-24.654
807.53	-24.328
807.83	-24.500
808.14	-24.784
808.44	-25.924
808.74	-24.611
809.05	-24.105
809.35	-24.154
809.65	-24.587
809.95	-23.707
810.26	-23.117
810.56	-22.106
810.86	-21.325
811.16	-21.100
811.47	-20.830
811.77	-19.132
812.07	-18.676
812.37	-18.168
812.68	-17.248
812.98	-15.339
813.28	-14.782
813.58	-13.597
813.88	-13.523
814.19	-12.957
814.49	-11.688
814.79	-10.909
815.09	-9.392
815.39	-9.002
815.70	-8.857
816.00	-7.969
816.30	-7.805
816.60	-7.078
816.90	-5.802
817.20	-4.163
817.50	-1.712
817.81	0.991
818.11	3.275
818.41	4.954
818.71	6.715
819.01	8.131
819.31	9.246
819.61	10.157
819.92	10.813
820.22	11.352
820.52	11.690
820.82	11.917
821.12	12.029
821.42	12.243
821.72	12.425
822.02	12.412
822.32	12.412
822.62	12.293
822.92	12.170
823.22	12.018
823.52	11.791
823.83	11.649
824.13	11.454
824.43	11.232
824.73	10.858
825.03	10.391
825.33	10.066
825.63	9.828
825.93	9.529
826.23	9.113
826.53	8.873
826.83	8.619
827.13	8.265
827.43	7.669
827.73	6.991
828.03	6.299
828.33	5.570
828.63	4.726
828.93	3.704
829.23	2.678
829.53	1.851
829.83	0.697
830.13	0.081
830.42	-0.143
830.72	-0.166
831.02	0.277
831.32	0.531
831.62	1.167
831.92	1.661
832.22	2.193
832.52	2.616
832.82	2.556
833.12	2.880
833.42	2.794
833.72	2.448
834.01	2.264
834.31	1.811
834.61	1.268
834.91	-0.005
835.21	-1.209
835.51	-2.693
835.81	-4.294
836.11	-5.622
836.40	-7.430
836.70	-9.320
837.00	-10.934
837.30	-12.875
837.60	-14.552
837.90	-16.413
838.19	-17.163
838.49	-18.165
838.79	-18.426
839.09	-19.649
839.39	-21.079
839.68	-21.882
839.98	-23.217
840.28	-24.838
840.58	-27.343
840.88	-28.931
841.17	-30.750
841.47	-33.525
841.77	-35.101
842.07	-38.575
842.36	-42.708
842.66	-44.502
842.96	-50.349
843.26	-56.536
843.55	-60.449
843.85	-60.716
844.15	-66.398
844.45	-70.381
844.74	-72.291
845.04	-77.185
845.34	-80.454
845.63	-80.583
845.93	-84.582
846.23	-84.538
846.53	-84.308
846.82	-87.438
847.12	-89.186
847.42	-87.915
847.71	-89.141
848.01	-89.130
848.31	-93.235
848.60	-95.439
848.90	-91.787
849.19	-95.898
849.49	-92.623
849.79	-89.785
850.08	-83.534
850.38	-83.491
850.68	-82.217
850.97	-78.798
851.27	-77.527
851.56	-75.379
851.86	-72.652
852.16	-76.285
852.45	-70.946
852.75	-70.293
853.04	-69.801
853.34	-73.203
853.64	-76.157
853.93	-79.105
854.23	-75.376
854.52	-75.668
854.82	-72.380
855.11	-75.290
855.41	-75.193
855.70	-73.767
856.00	-73.695
856.30	-76.973
856.59	-75.621
856.89	-77.450
857.18	-72.751
857.48	-75.508
857.77	-76.306
858.07	-73.959
858.36	-74.846
858.66	-77.698
858.95	-78.745
859.25	-83.558
859.54	-83.423
859.84	-84.163
860.13	-76.039
860.42	-79.289
860.72	-75.839
861.01	-80.134
861.31	-80.669
861.60	-78.730
861.90	-74.249
862.19	-77.105
862.49	-69.803
862.78	-64.492
863.07	-63.421
863.37	-67.420
863.66	-66.102
863.96	-70.504
864.25	-63.300
864.54	-62.451
864.84	-58.358
865.13	-57.108
865.43	-55.867
865.72	-44.308
866.01	-44.856
866.31	-45.634
866.60	-64.581
866.89	-89.256
>>>>>End Spectral Data<<<<<
