180.30	0.000
180.67	0.000
181.03	62.475
181.40	-45.066
181.77	89.016
182.14	132.806
182.51	60.960
182.88	173.802
183.25	-160.672
183.62	-33.390
183.99	-118.067
184.36	85.082
184.73	141.071
185.10	229.164
185.46	72.755
185.83	103.102
186.20	732.766
186.57	-50.831
186.94	96.566
187.31	-195.135
187.68	36.736
188.05	-42.639
188.42	4.025
188.78	12.243
189.15	10.423
189.52	28.155
189.89	24.378
190.26	31.212
190.63	26.426
191.00	42.792
191.37	44.285
191.73	38.122
192.10	23.248
192.47	10.768
192.84	14.936
193.21	6.000
193.58	-17.597
193.94	-16.713
194.31	-35.795
194.68	-25.902
195.05	-56.114
195.42	-65.913
195.79	-48.628
196.15	-8.130
196.52	-9.999
196.89	-23.242
197.26	-9.052
197.63	5.476
198.00	2.410
198.36	-2.951
198.73	-11.002
199.10	22.342
199.47	25.075
199.84	18.672
200.20	12.999
200.57	19.154
200.94	36.683
201.31	31.174
201.68	30.583
202.04	27.430
202.41	26.970
202.78	33.141
203.15	10.846
203.51	15.710
203.88	20.973
204.25	24.448
204.62	25.675
204.98	12.890
205.35	11.048
205.72	-7.335
206.09	-14.500
206.46	14.079
206.82	25.973
207.19	17.002
207.56	-5.848
207.92	-13.168
208.29	-32.962
208.66	-34.246
209.03	-34.391
209.39	-40.643
209.76	-14.352
210.13	-4.741
210.50	1.099
210.86	-3.636
211.23	14.293
211.60	27.130
211.96	27.554
212.33	28.194
212.70	20.375
213.07	21.127
213.43	17.755
213.80	7.239
214.17	9.478
214.53	-1.362
214.90	-2.944
215.27	-2.311
215.63	-2.140
216.00	3.833
216.37	4.116
216.74	12.063
217.10	11.917
217.47	19.752
217.84	25.048
218.20	25.547
218.57	22.056
218.94	14.247
219.30	12.233
219.67	11.968
220.04	1.237
220.40	0.186
220.77	-2.458
221.13	-4.695
221.50	-10.177
221.87	-11.039
222.23	-11.309
222.60	-11.161
222.97	-6.848
223.33	-2.161
223.70	-2.280
224.07	1.694
224.43	2.696
224.80	3.141
225.16	5.550
225.53	7.606
225.90	8.696
226.26	8.739
226.63	7.654
226.99	7.900
227.36	5.787
227.73	5.673
228.09	4.976
228.46	6.010
228.82	6.612
229.19	5.878
229.56	4.447
229.92	2.874
230.29	2.154
230.65	3.294
231.02	3.151
231.38	3.739
231.75	3.504
232.12	3.559
232.48	2.640
232.85	2.771
233.21	3.035
233.58	2.773
233.94	4.167
234.31	4.651
234.68	3.194
235.04	3.741
235.41	4.717
235.77	5.519
236.14	6.921
236.50	6.939
236.87	6.023
237.23	6.019
237.60	6.501
237.96	5.362
238.33	5.288
238.69	5.848
239.06	4.681
239.42	4.043
239.79	3.289
240.15	3.032
240.52	2.686
240.88	2.703
241.25	2.707
241.61	2.574
241.98	2.828
242.34	2.583
242.71	2.165
243.07	2.288
243.44	2.102
243.80	2.346
244.17	2.353
244.53	2.549
244.90	2.256
245.26	2.418
245.63	2.531
245.99	2.603
246.36	2.728
246.72	2.729
247.09	2.947
247.45	3.354
247.81	3.333
248.18	3.141
248.54	2.968
248.91	3.430
249.27	2.873
249.64	2.505
250.00	2.591
250.36	2.775
250.73	2.712
251.09	2.666
251.46	2.313
251.82	2.357
252.19	2.277
252.55	2.293
252.91	2.214
253.28	2.925
253.64	3.212
254.01	3.325
254.37	2.928
254.73	2.989
255.10	2.790
255.46	2.893
255.83	2.629
256.19	2.628
256.55	2.773
256.92	2.642
257.28	2.356
257.65	2.390
258.01	2.479
258.37	2.369
258.74	2.531
259.10	2.403
259.46	2.349
259.83	2.633
260.19	2.695
260.55	2.547
260.92	2.515
261.28	2.712
261.64	2.612
262.01	2.325
262.37	2.528
262.73	2.588
263.10	2.803
263.46	2.729
263.82	2.533
264.19	2.380
264.55	2.462
264.91	2.676
265.28	2.679
265.64	2.829
266.00	2.733
266.37	2.720
266.73	2.681
267.09	2.858
267.46	2.901
267.82	2.978
268.18	2.872
268.54	2.803
268.91	2.824
269.27	2.863
269.63	2.656
270.00	2.589
270.36	2.377
270.72	2.325
271.08	2.182
271.45	2.236
271.81	2.060
272.17	2.429
272.53	2.572
272.90	2.351
273.26	2.137
273.62	2.218
273.98	2.302
274.35	2.491
274.71	2.595
275.07	2.632
275.43	2.554
275.80	2.679
276.16	2.598
276.52	2.549
276.88	2.888
277.25	2.944
277.61	3.171
277.97	3.174
278.33	3.166
278.69	2.950
279.06	2.974
279.42	2.941
279.78	2.809
280.14	2.651
280.50	2.603
280.87	2.494
281.23	2.580
281.59	2.329
281.95	2.382
282.31	2.302
282.68	2.254
283.04	2.077
283.40	2.164
283.76	2.166
284.12	2.219
284.48	2.192
284.85	2.010
285.21	1.949
285.57	2.033
285.93	1.767
286.29	1.692
286.65	1.943
287.02	2.046
287.38	1.970
287.74	2.102
288.10	2.097
288.46	2.102
288.82	2.372
289.18	2.402
289.54	2.433
289.91	2.660
290.27	2.756
290.63	2.507
290.99	2.658
291.35	2.743
291.71	2.670
292.07	2.531
292.43	2.564
292.79	2.519
293.16	2.546
293.52	2.460
293.88	2.617
294.24	2.760
294.60	2.744
294.96	2.593
295.32	2.614
295.68	2.577
296.04	2.604
296.40	2.511
296.76	2.409
297.12	2.329
297.49	2.460
297.85	2.375
298.21	2.371
298.57	2.351
298.93	2.368
299.29	2.325
299.65	2.312
300.01	2.346
300.37	2.588
300.73	2.599
301.09	2.610
301.45	2.624
301.81	2.598
302.17	2.607
302.53	2.584
302.89	2.530
303.25	2.484
303.61	2.416
303.97	2.517
304.33	2.365
304.69	2.396
305.05	2.438
305.41	2.331
305.77	2.369
306.13	2.257
306.49	2.378
306.85	2.487
307.21	2.608
307.57	2.815
307.93	2.812
308.29	2.872
308.65	2.852
309.01	2.927
309.37	3.003
309.73	2.907
310.09	2.891
310.45	2.874
310.81	2.857
311.17	2.905
311.53	2.818
311.89	2.806
312.25	2.852
312.61	3.032
312.96	2.895
313.32	2.885
313.68	2.929
314.04	2.899
314.40	2.977
314.76	3.059
315.12	2.862
315.48	2.906
315.84	2.930
316.20	2.944
316.56	2.791
316.92	3.041
317.27	2.999
317.63	3.121
317.99	3.283
318.35	3.182
318.71	3.025
319.07	3.033
319.43	3.061
319.79	3.060
320.15	3.101
320.50	3.158
320.86	2.954
321.22	3.063
321.58	2.928
321.94	2.816
322.30	2.829
322.66	2.878
323.01	2.971
323.37	2.961
323.73	2.968
324.09	2.853
324.45	2.689
324.81	2.772
325.17	2.633
325.52	2.658
325.88	2.767
326.24	2.813
326.60	2.839
326.96	2.860
327.31	2.796
327.67	2.793
328.03	2.803
328.39	2.954
328.75	2.936
329.11	2.920
329.46	3.010
329.82	3.011
330.18	3.058
330.54	3.037
330.90	3.004
331.25	3.109
331.61	3.191
331.97	3.234
332.33	3.149
332.68	3.053
333.04	3.207
333.40	3.184
333.76	3.171
334.11	2.975
334.47	3.015
334.83	3.081
335.19	3.094
335.54	3.041
335.90	3.019
336.26	3.077
336.62	3.202
336.97	3.138
337.33	3.195
337.69	3.245
338.05	3.453
338.40	3.486
338.76	3.304
339.12	3.261
339.48	3.215
339.83	3.342
340.19	3.290
340.55	3.337
340.90	3.338
341.26	3.286
341.62	3.266
341.97	3.163
342.33	3.057
342.69	3.219
343.04	3.246
343.40	3.337
343.76	3.204
344.12	3.300
344.47	3.128
344.83	3.174
345.19	3.204
345.54	3.232
345.90	3.298
346.26	3.396
346.61	3.391
346.97	3.393
347.32	3.343
347.68	3.395
348.04	3.396
348.39	3.519
348.75	3.426
349.11	3.490
349.46	3.530
349.82	3.512
350.18	3.459
350.53	3.409
350.89	3.359
351.24	3.395
351.60	3.366
351.96	3.253
352.31	3.243
352.67	3.326
353.02	3.310
353.38	3.253
353.74	3.244
354.09	3.299
354.45	3.316
354.80	3.354
355.16	3.361
355.52	3.402
355.87	3.442
356.23	3.429
356.58	3.444
356.94	3.401
357.29	3.362
357.65	3.379
358.00	3.377
358.36	3.414
358.72	3.390
359.07	3.321
359.43	3.281
359.78	3.251
360.14	3.238
360.49	3.264
360.85	3.247
361.20	3.256
361.56	3.264
361.91	3.251
362.27	3.211
362.62	3.230
362.98	3.294
363.33	3.345
363.69	3.444
364.04	3.430
364.40	3.385
364.75	3.411
365.11	3.403
365.46	3.412
365.82	3.454
366.17	3.453
366.53	3.418
366.88	3.380
367.24	3.363
367.59	3.305
367.95	3.377
368.30	3.400
368.66	3.379
369.01	3.424
369.37	3.434
369.72	3.405
370.08	3.417
370.43	3.445
370.78	3.451
371.14	3.444
371.49	3.442
371.85	3.451
372.20	3.415
372.56	3.465
372.91	3.440
373.26	3.473
373.62	3.467
373.97	3.482
374.33	3.458
374.68	3.438
375.03	3.449
375.39	3.475
375.74	3.451
376.10	3.484
376.45	3.459
376.80	3.463
377.16	3.429
377.51	3.442
377.87	3.455
378.22	3.470
378.57	3.473
378.93	3.465
379.28	3.482
379.63	3.461
379.99	3.431
380.34	3.464
380.70	3.455
381.05	3.446
381.40	3.456
381.76	3.483
382.11	3.523
382.46	3.580
382.82	3.608
383.17	3.594
383.52	3.626
383.88	3.642
384.23	3.602
384.58	3.641
384.94	3.671
385.29	3.681
385.64	3.603
385.99	3.591
386.35	3.553
386.70	3.533
387.05	3.496
387.41	3.493
387.76	3.496
388.11	3.512
388.47	3.489
388.82	3.445
389.17	3.405
389.52	3.442
389.88	3.410
390.23	3.405
390.58	3.380
390.93	3.424
391.29	3.398
391.64	3.374
391.99	3.360
392.34	3.335
392.70	3.344
393.05	3.349
393.40	3.349
393.75	3.385
394.11	3.408
394.46	3.433
394.81	3.416
395.16	3.424
395.52	3.431
395.87	3.405
396.22	3.415
396.57	3.422
396.92	3.444
397.28	3.456
397.63	3.406
397.98	3.387
398.33	3.360
398.68	3.363
399.04	3.354
399.39	3.393
399.74	3.373
400.09	3.348
400.44	3.343
400.80	3.315
401.15	3.314
401.50	3.308
401.85	3.311
402.20	3.302
402.55	3.302
402.90	3.310
403.26	3.253
403.61	3.283
403.96	3.316
404.31	3.342
404.66	3.355
405.01	3.319
405.36	3.357
405.72	3.354
406.07	3.364
406.42	3.371
406.77	3.388
407.12	3.404
407.47	3.392
407.82	3.408
408.17	3.371
408.53	3.380
408.88	3.384
409.23	3.364
409.58	3.336
409.93	3.326
410.28	3.291
410.63	3.261
410.98	3.233
411.33	3.237
411.68	3.179
412.03	3.167
412.38	3.139
412.73	3.142
413.09	3.136
413.44	3.141
413.79	3.157
414.14	3.136
414.49	3.113
414.84	3.123
415.19	3.107
415.54	3.094
415.89	3.076
416.24	3.061
416.59	3.045
416.94	3.033
417.29	3.025
417.64	3.001
417.99	3.005
418.34	3.013
418.69	3.012
419.04	3.013
419.39	3.013
419.74	3.011
420.09	3.015
420.44	3.018
420.79	3.014
421.14	3.025
421.49	3.022
421.84	3.029
422.19	3.022
422.54	3.022
422.89	3.016
423.24	3.027
423.59	3.032
423.94	3.052
424.29	3.051
424.64	3.061
424.99	3.046
425.34	3.068
425.68	3.070
426.03	3.089
426.38	3.095
426.73	3.118
427.08	3.128
427.43	3.150
427.78	3.114
428.13	3.126
428.48	3.125
428.83	3.125
429.18	3.098
429.53	3.081
429.87	3.065
430.22	3.055
430.57	3.044
430.92	3.028
431.27	3.028
431.62	3.041
431.97	3.040
432.32	3.035
432.67	3.040
433.01	3.061
433.36	3.067
433.71	3.079
434.06	3.066
434.41	3.072
434.76	3.087
435.11	3.088
435.45	3.076
435.80	3.073
436.15	3.077
436.50	3.085
436.85	3.075
437.20	3.086
437.54	3.067
437.89	3.083
438.24	3.084
438.59	3.083
438.94	3.077
439.29	3.083
439.63	3.083
439.98	3.084
440.33	3.069
440.68	3.059
441.03	3.047
441.37	3.053
441.72	3.049
442.07	3.039
442.42	3.021
442.76	3.006
443.11	2.995
443.46	2.975
443.81	2.966
444.16	2.960
444.50	2.968
444.85	2.972
445.20	2.961
445.55	2.957
445.89	2.960
446.24	2.966
446.59	2.982
446.94	2.983
447.28	3.004
447.63	3.014
447.98	3.042
448.32	3.050
448.67	3.046
449.02	3.069
449.37	3.064
449.71	3.062
450.06	3.059
450.41	3.049
450.75	3.052
451.10	3.057
451.45	3.054
451.79	3.044
452.14	3.042
452.49	3.045
452.84	3.043
453.18	3.061
453.53	3.068
453.88	3.073
454.22	3.055
454.57	3.057
454.92	3.054
455.26	3.047
455.61	3.037
455.95	3.024
456.30	3.015
456.65	3.015
456.99	3.009
457.34	3.009
457.69	3.012
458.03	3.029
458.38	3.045
458.73	3.045
459.07	3.060
459.42	3.077
459.76	3.102
460.11	3.126
460.46	3.134
460.80	3.147
461.15	3.164
461.49	3.178
461.84	3.179
462.19	3.184
462.53	3.198
462.88	3.212
463.22	3.202
463.57	3.213
463.91	3.211
464.26	3.238
464.61	3.241
464.95	3.248
465.30	3.268
465.64	3.294
465.99	3.298
466.33	3.297
466.68	3.307
467.02	3.322
467.37	3.312
467.71	3.321
468.06	3.315
468.41	3.340
468.75	3.339
469.10	3.341
469.44	3.341
469.79	3.348
470.13	3.360
470.48	3.353
470.82	3.381
471.17	3.410
471.51	3.408
471.86	3.411
472.20	3.387
472.55	3.396
472.89	3.391
473.23	3.384
473.58	3.391
473.92	3.392
474.27	3.396
474.61	3.373
474.96	3.351
475.30	3.364
475.65	3.355
475.99	3.381
476.34	3.361
476.68	3.357
477.02	3.362
477.37	3.351
477.71	3.345
478.06	3.344
478.40	3.344
478.75	3.343
479.09	3.342
479.43	3.394
479.78	3.446
480.12	3.528
480.47	3.599
480.81	3.677
481.15	3.756
481.50	3.827
481.84	3.914
482.19	4.007
482.53	4.105
482.87	4.189
483.22	4.216
483.56	4.204
483.90	4.156
484.25	4.093
484.59	4.012
484.94	3.923
485.28	3.826
485.62	3.709
485.97	3.595
486.31	3.492
486.65	3.405
487.00	3.344
487.34	3.311
487.68	3.309
488.03	3.321
488.37	3.335
488.71	3.357
489.06	3.385
489.40	3.409
489.74	3.428
490.09	3.450
490.43	3.470
490.77	3.494
491.11	3.521
491.46	3.533
491.80	3.546
492.14	3.570
492.49	3.598
492.83	3.630
493.17	3.663
493.51	3.704
493.86	3.732
494.20	3.768
494.54	3.791
494.88	3.814
495.23	3.845
495.57	3.879
495.91	3.907
496.25	3.919
496.60	3.947
496.94	3.991
497.28	4.035
497.62	4.078
497.97	4.129
498.31	4.177
498.65	4.232
498.99	4.283
499.33	4.337
499.68	4.389
500.02	4.465
500.36	4.534
500.70	4.609
501.04	4.671
501.39	4.758
501.73	4.821
502.07	4.922
502.41	5.016
502.75	5.107
503.09	5.207
503.44	5.302
503.78	5.398
504.12	5.501
504.46	5.622
504.80	5.751
505.14	5.859
505.49	5.980
505.83	6.093
506.17	6.213
506.51	6.352
506.85	6.492
507.19	6.633
507.53	6.780
507.87	6.939
508.22	7.096
508.56	7.251
508.90	7.424
509.24	7.603
509.58	7.793
509.92	7.994
510.26	8.200
510.60	8.401
510.94	8.623
511.28	8.851
511.63	9.075
511.97	9.310
512.31	9.584
512.65	9.837
512.99	10.120
513.33	10.376
513.67	10.652
514.01	10.931
514.35	11.201
514.69	11.468
515.03	11.715
515.37	11.955
515.71	12.165
516.05	12.369
516.39	12.585
516.73	12.789
517.07	13.021
517.41	13.228
517.75	13.440
518.09	13.679
518.43	13.930
518.77	14.200
519.11	14.473
519.45	14.757
519.79	15.056
520.13	15.379
520.47	15.709
520.81	16.050
521.15	16.372
521.49	16.686
521.83	16.978
522.17	17.250
522.51	17.511
522.85	17.784
523.19	18.076
523.53	18.411
523.87	18.761
524.21	19.152
524.55	19.593
524.89	20.028
525.23	20.459
525.57	20.877
525.91	21.277
526.25	21.680
526.58	22.062
526.92	22.427
527.26	22.692
527.60	22.815
527.94	22.776
528.28	22.591
528.62	22.345
528.96	22.097
529.30	22.040
529.64	21.969
529.97	21.875
530.31	21.775
530.65	21.707
530.99	21.690
531.33	21.835
531.67	22.112
532.01	22.491
532.35	22.932
532.68	23.335
533.02	23.468
533.36	23.615
533.70	23.741
534.04	23.881
534.38	23.997
534.71	24.124
535.05	24.248
535.39	24.388
535.73	24.519
536.07	24.651
536.41	24.814
536.74	24.986
537.08	25.132
537.42	25.286
537.76	25.396
538.10	25.519
538.43	25.637
538.77	25.766
539.11	25.867
539.45	25.958
539.79	26.032
540.12	26.102
540.46	26.146
540.80	26.164
541.14	26.188
541.47	26.237
541.81	26.265
542.15	26.294
542.49	26.306
542.82	26.345
543.16	26.371
543.50	26.419
543.84	26.464
544.17	26.519
544.51	26.593
544.85	26.644
545.18	26.697
545.52	26.756
545.86	26.820
546.20	26.902
546.53	26.959
546.87	27.064
547.21	27.141
547.54	27.208
547.88	27.276
548.22	27.346
548.55	27.414
548.89	27.497
549.23	27.544
549.56	27.603
549.90	27.613
550.24	27.623
550.57	27.604
550.91	27.619
551.25	27.626
551.58	27.645
551.92	27.646
552.26	27.673
552.59	27.658
552.93	27.675
553.27	27.699
553.60	27.740
553.94	27.791
554.27	27.859
554.61	27.917
554.95	27.969
555.28	27.999
555.62	28.038
555.95	28.058
556.29	28.085
556.63	28.122
556.96	28.130
557.30	28.134
557.63	28.098
557.97	28.090
558.31	28.065
558.64	28.043
558.98	28.033
559.31	28.030
559.65	28.018
559.98	27.992
560.32	27.984
560.65	27.964
560.99	27.919
561.33	27.899
561.66	27.842
562.00	27.791
562.33	27.748
562.67	27.712
563.00	27.676
563.34	27.622
563.67	27.589
564.01	27.517
564.34	27.479
564.68	27.444
565.01	27.419
565.35	27.398
565.68	27.381
566.02	27.350
566.35	27.322
566.69	27.278
567.02	27.270
567.36	27.261
567.69	27.236
568.03	27.197
568.36	27.175
568.69	27.136
569.03	27.084
569.36	27.061
569.70	27.028
570.03	26.975
570.37	26.931
570.70	26.900
571.04	26.853
571.37	26.812
571.70	26.787
572.04	26.756
572.37	26.736
572.71	26.732
573.04	26.726
573.37	26.699
573.71	26.694
574.04	26.705
574.38	26.709
574.71	26.710
575.04	26.719
575.38	26.740
575.71	26.785
576.05	26.800
576.38	26.839
576.71	26.834
577.05	26.868
577.38	26.897
577.71	26.907
578.05	26.933
578.38	26.943
578.71	26.952
579.05	26.942
579.38	26.917
579.71	26.942
580.05	26.910
580.38	26.884
580.71	26.852
581.05	26.834
581.38	26.808
581.71	26.761
582.05	26.720
582.38	26.723
582.71	26.692
583.04	26.676
583.38	26.626
583.71	26.574
584.04	26.556
584.38	26.539
584.71	26.527
585.04	26.479
585.37	26.445
585.71	26.422
586.04	26.371
586.37	26.325
586.70	26.258
587.04	26.234
587.37	26.211
587.70	26.178
588.03	26.167
588.37	26.091
588.70	26.095
589.03	26.057
589.36	26.045
589.69	26.001
590.03	25.983
590.36	25.976
590.69	25.947
591.02	25.898
591.35	25.830
591.69	25.783
592.02	25.726
592.35	25.646
592.68	25.593
593.01	25.547
593.35	25.466
593.68	25.409
594.01	25.338
594.34	25.266
594.67	25.223
595.00	25.220
595.34	25.159
595.67	25.124
596.00	25.112
596.33	25.071
596.66	25.043
596.99	25.053
597.32	25.072
597.65	25.075
597.99	25.103
598.32	25.122
598.65	25.096
598.98	25.102
599.31	25.078
599.64	25.035
599.97	25.013
600.30	24.923
600.63	24.882
600.96	24.782
601.30	24.709
601.63	24.622
601.96	24.540
602.29	24.485
602.62	24.456
602.95	24.450
603.28	24.404
603.61	24.386
603.94	24.407
604.27	24.386
604.60	24.395
604.93	24.395
605.26	24.374
605.59	24.370
605.92	24.354
606.25	24.296
606.58	24.280
606.91	24.290
607.24	24.256
607.57	24.232
607.90	24.207
608.23	24.185
608.56	24.182
608.89	24.202
609.22	24.195
609.55	24.198
609.88	24.228
610.21	24.224
610.54	24.235
610.87	24.265
611.20	24.292
611.53	24.313
611.86	24.319
612.19	24.343
612.52	24.326
612.85	24.371
613.18	24.353
613.51	24.375
613.84	24.370
614.17	24.339
614.49	24.324
614.82	24.261
615.15	24.258
615.48	24.198
615.81	24.135
616.14	24.123
616.47	24.058
616.80	24.076
617.13	24.010
617.46	23.979
617.78	23.980
618.11	23.937
618.44	23.953
618.77	23.919
619.10	23.938
619.43	23.957
619.76	23.887
620.09	23.862
620.41	23.811
620.74	23.787
621.07	23.775
621.40	23.742
621.73	23.734
622.06	23.661
622.38	23.616
622.71	23.570
623.04	23.503
623.37	23.476
623.70	23.441
624.02	23.391
624.35	23.318
624.68	23.247
625.01	23.167
625.34	23.089
625.66	23.057
625.99	23.034
626.32	23.020
626.65	23.023
626.98	23.009
627.30	22.987
627.63	22.970
627.96	22.983
628.29	22.989
628.61	22.978
628.94	22.976
629.27	22.951
629.60	22.942
629.92	22.919
630.25	22.880
630.58	22.838
630.91	22.820
631.23	22.782
631.56	22.745
631.89	22.696
632.21	22.687
632.54	22.656
632.87	22.673
633.19	22.666
633.52	22.629
633.85	22.599
634.18	22.608
634.50	22.590
634.83	22.548
635.16	22.559
635.48	22.549
635.81	22.549
636.14	22.559
636.46	22.529
636.79	22.511
637.11	22.512
637.44	22.512
637.77	22.535
638.09	22.509
638.42	22.514
638.75	22.482
639.07	22.459
639.40	22.455
639.73	22.433
640.05	22.422
640.38	22.396
640.70	22.413
641.03	22.389
641.36	22.364
641.68	22.402
642.01	22.384
642.33	22.351
642.66	22.352
642.98	22.330
643.31	22.316
643.64	22.279
643.96	22.258
644.29	22.201
644.61	22.178
644.94	22.150
645.26	22.121
645.59	22.176
645.91	22.165
646.24	22.128
646.56	22.068
646.89	22.001
647.22	21.991
647.54	21.957
647.87	21.940
648.19	21.921
648.52	21.880
648.84	21.840
649.17	21.750
649.49	21.712
649.82	21.717
650.14	21.741
650.47	21.752
650.79	21.734
651.11	21.703
651.44	21.714
651.76	21.668
652.09	21.631
652.41	21.570
652.74	21.580
653.06	21.615
653.39	21.600
653.71	21.557
654.04	21.524
654.36	21.493
654.68	21.468
655.01	21.352
655.33	21.312
655.66	21.314
655.98	21.257
656.30	21.191
656.63	21.067
656.95	21.000
657.28	20.960
657.60	20.927
657.92	20.890
658.25	20.876
658.57	20.911
658.90	20.922
659.22	20.902
659.54	20.930
659.87	20.912
660.19	20.941
660.51	20.959
660.84	20.932
661.16	20.927
661.48	20.970
661.81	20.982
662.13	20.964
662.45	20.997
662.78	20.957
663.10	20.953
663.42	20.942
663.75	20.976
664.07	20.952
664.39	20.967
664.72	20.955
665.04	20.885
665.36	20.822
665.69	20.813
666.01	20.766
666.33	20.812
666.65	20.778
666.98	20.791
667.30	20.759
667.62	20.722
667.94	20.687
668.27	20.667
668.59	20.655
668.91	20.630
669.23	20.597
669.56	20.554
669.88	20.495
670.20	20.477
670.52	20.441
670.85	20.450
671.17	20.490
671.49	20.424
671.81	20.456
672.13	20.463
672.46	20.486
672.78	20.481
673.10	20.489
673.42	20.527
673.74	20.541
674.07	20.537
674.39	20.444
674.71	20.413
675.03	20.464
675.35	20.450
675.67	20.383
676.00	20.351
676.32	20.332
676.64	20.281
676.96	20.151
677.28	20.068
677.60	19.990
677.92	20.027
678.25	19.946
678.57	19.911
678.89	19.847
679.21	19.818
679.53	19.778
679.85	19.757
680.17	19.764
680.49	19.800
680.81	19.839
681.13	19.901
681.46	19.902
681.78	19.987
682.10	19.963
682.42	20.009
682.74	20.027
683.06	20.053
683.38	20.079
683.70	20.083
684.02	20.046
684.34	20.065
684.66	20.061
684.98	20.055
685.30	20.014
685.62	20.080
685.94	20.026
686.26	20.054
686.58	20.039
686.90	19.984
687.22	19.946
687.54	19.955
687.86	19.835
688.18	19.812
688.50	19.811
688.82	19.829
689.14	19.770
689.46	19.796
689.78	19.745
690.10	19.762
690.42	19.793
690.74	19.783
691.06	19.791
691.38	19.857
691.70	19.889
692.02	19.838
692.34	19.749
692.66	19.776
692.98	19.779
693.30	19.750
693.62	19.705
693.94	19.663
694.26	19.640
694.57	19.575
694.89	19.508
695.21	19.437
695.53	19.353
695.85	19.365
696.17	19.344
696.49	19.308
696.81	19.283
697.13	19.239
697.44	19.157
697.76	19.135
698.08	19.155
698.40	19.185
698.72	19.186
699.04	19.261
699.36	19.297
699.67	19.312
699.99	19.315
700.31	19.319
700.63	19.440
700.95	19.570
701.27	19.684
701.58	19.794
701.90	19.885
702.22	19.974
702.54	19.973
702.86	19.989
703.17	20.010
703.49	20.015
703.81	20.101
704.13	20.020
704.45	19.933
704.76	19.893
705.08	19.807
705.40	19.699
705.72	19.586
706.03	19.609
706.35	19.625
706.67	19.524
706.99	19.394
707.30	19.353
707.62	19.322
707.94	19.383
708.26	19.300
708.57	19.238
708.89	19.193
709.21	19.211
709.53	19.165
709.84	19.089
710.16	19.088
710.48	19.106
710.79	19.136
711.11	19.118
711.43	19.087
711.74	19.086
712.06	19.004
712.38	19.063
712.69	19.135
713.01	19.111
713.33	19.074
713.64	19.053
713.96	19.070
714.28	19.022
714.59	19.086
714.91	19.054
715.23	19.129
715.54	19.220
715.86	19.277
716.17	19.130
716.49	19.064
716.81	19.039
717.12	19.152
717.44	19.178
717.76	19.155
718.07	19.108
718.39	19.071
718.70	18.998
719.02	19.061
719.33	18.980
719.65	19.037
719.97	19.088
720.28	19.136
720.60	19.125
720.91	19.200
721.23	19.280
721.54	19.270
721.86	19.385
722.17	19.378
722.49	19.356
722.81	19.290
723.12	19.304
723.44	19.302
723.75	19.247
724.07	19.149
724.38	19.180
724.70	19.150
725.01	19.169
725.33	19.109
725.64	19.070
725.96	19.068
726.27	19.191
726.59	19.234
726.90	19.261
727.22	19.251
727.53	19.280
727.84	19.253
728.16	19.180
728.47	19.218
728.79	19.216
729.10	19.165
729.42	19.135
729.73	19.065
730.05	19.034
730.36	18.955
730.67	19.011
730.99	18.985
731.30	18.946
731.62	18.988
731.93	18.882
732.24	18.944
732.56	19.006
732.87	18.934
733.19	18.974
733.50	18.928
733.81	19.051
734.13	19.057
734.44	19.060
734.76	19.072
735.07	19.119
735.38	19.198
735.70	19.102
736.01	19.053
736.32	19.092
736.64	18.992
736.95	18.987
737.26	18.956
737.58	18.994
737.89	19.071
738.20	19.042
738.52	18.951
738.83	18.996
739.14	19.031
739.45	19.126
739.77	19.144
740.08	19.210
740.39	19.289
740.71	19.278
741.02	19.175
741.33	19.020
741.64	19.038
741.96	19.190
742.27	19.027
742.58	19.058
742.90	19.134
743.21	19.233
743.52	19.196
743.83	19.029
744.14	18.941
744.46	19.008
744.77	19.151
745.08	19.096
745.39	18.870
745.71	19.021
746.02	18.879
746.33	18.783
746.64	18.789
746.95	18.762
747.27	18.867
747.58	18.916
747.89	18.849
748.20	18.726
748.51	18.805
748.82	18.798
749.14	18.840
749.45	18.813
749.76	18.747
750.07	18.605
750.38	18.561
750.69	18.560
751.01	18.715
751.32	18.650
751.63	18.696
751.94	18.601
752.25	18.702
752.56	18.454
752.87	18.561
753.18	18.693
753.49	18.783
753.81	18.775
754.12	18.797
754.43	18.525
754.74	18.617
755.05	18.685
755.36	18.770
755.67	18.739
755.98	18.835
756.29	18.856
756.60	18.760
756.91	18.601
757.22	18.581
757.53	18.497
757.84	18.685
758.15	18.701
758.46	18.631
758.77	18.698
759.09	18.782
759.40	18.809
759.71	18.774
760.02	18.765
760.33	18.814
760.64	18.822
760.95	18.833
761.26	18.788
761.57	18.759
761.88	18.737
762.18	18.580
762.49	18.507
762.80	18.505
763.11	18.472
763.42	18.515
763.73	18.504
764.04	18.549
764.35	18.548
764.66	18.493
764.97	18.443
765.28	18.519
765.59	18.553
765.90	18.526
766.21	18.543
766.52	18.584
766.83	18.488
767.14	18.366
767.44	18.456
767.75	18.438
768.06	18.406
768.37	18.554
768.68	18.335
768.99	18.355
769.30	18.365
769.61	18.358
769.91	18.322
770.22	18.459
770.53	18.603
770.84	18.518
771.15	18.520
771.46	18.569
771.77	18.594
772.07	18.719
772.38	18.624
772.69	18.572
773.00	18.334
773.31	18.223
773.61	18.104
773.92	18.188
774.23	18.273
774.54	18.147
774.85	18.409
775.15	18.265
775.46	18.158
775.77	18.314
776.08	18.430
776.39	18.658
776.69	18.739
777.00	18.772
777.31	18.646
777.62	18.543
777.92	18.698
778.23	18.399
778.54	18.550
778.85	18.623
779.15	18.517
779.46	18.588
779.77	18.609
780.07	18.859
780.38	18.992
780.69	19.087
781.00	19.228
781.30	19.264
781.61	19.368
781.92	19.086
782.22	19.244
782.53	19.195
782.84	19.008
783.14	18.926
783.45	18.765
783.76	18.528
784.06	18.590
784.37	18.544
784.68	18.592
784.98	18.707
785.29	18.945
785.60	18.702
785.90	18.854
786.21	18.766
786.51	18.914
786.82	19.094
787.13	19.323
787.43	19.540
787.74	19.502
788.04	19.465
788.35	19.478
788.66	19.293
788.96	19.447
789.27	19.347
789.57	19.573
789.88	19.646
790.19	19.412
790.49	19.055
790.80	18.955
791.10	18.801
791.41	18.750
791.71	18.578
792.02	18.889
792.32	18.958
792.63	18.893
792.93	18.844
793.24	18.855
793.54	18.922
793.85	18.978
794.15	18.953
794.46	19.023
794.76	19.162
795.07	18.927
795.37	18.700
795.68	18.999
795.98	19.104
796.29	19.111
796.59	18.905
796.90	19.061
797.20	19.199
797.51	19.095
797.81	19.069
798.12	19.219
798.42	19.497
798.72	19.415
799.03	18.936
799.33	18.880
799.64	18.864
799.94	18.912
800.25	18.864
800.55	18.927
800.85	18.956
801.16	18.954
801.46	18.602
801.77	18.767
802.07	18.945
802.37	19.269
802.68	19.481
802.98	19.505
803.28	19.485
803.59	19.159
803.89	19.150
804.20	19.271
804.50	19.386
804.80	19.476
805.11	19.349
805.41	19.524
805.71	19.239
806.02	19.102
806.32	19.280
806.62	19.092
806.93	19.313
807.23	19.513
807.53	19.243
807.83	19.501
808.14	19.463
808.44	19.433
808.74	19.476
809.05	19.529
809.35	19.484
809.65	19.513
809.95	19.810
810.26	20.045
810.56	20.019
810.86	20.253
811.16	19.922
811.47	20.080
811.77	20.279
812.07	20.131
812.37	20.390
812.68	20.704
812.98	20.323
813.28	20.463
813.58	20.142
813.88	19.940
814.19	19.818
814.49	19.950
814.79	19.697
815.09	19.522
815.39	19.514
815.70	19.570
816.00	19.474
816.30	19.995
816.60	19.876
816.90	20.094
817.20	20.161
817.50	20.379
817.81	20.286
818.11	20.529
818.41	20.448
818.71	20.262
819.01	20.029
819.31	19.882
819.61	19.784
819.92	19.649
820.22	19.478
820.52	19.376
820.82	19.234
821.12	19.154
821.42	19.025
821.72	18.892
822.02	18.794
822.32	18.737
822.62	18.698
822.92	18.637
823.22	18.606
823.52	18.619
823.83	18.663
824.13	18.680
824.43	18.696
824.73	18.726
825.03	18.872
825.33	19.068
825.63	19.134
825.93	19.143
826.23	19.230
826.53	19.125
826.83	19.070
827.13	18.958
827.43	19.074
827.73	19.178
828.03	19.143
828.33	19.162
828.63	19.230
828.93	19.398
829.23	19.656
829.53	19.753
829.83	19.998
830.13	20.248
830.42	20.177
830.72	19.911
831.02	19.803
831.32	19.693
831.62	19.525
831.92	19.151
832.22	19.093
832.52	19.009
832.82	18.745
833.12	18.738
833.42	18.754
833.72	18.905
834.01	18.702
834.31	18.660
834.61	18.727
834.91	18.957
835.21	19.206
835.51	19.369
835.81	19.292
836.11	19.382
836.40	19.959
836.70	20.433
837.00	20.390
837.30	21.058
837.60	20.600
837.90	20.827
838.19	20.663
838.49	20.926
838.79	20.867
839.09	21.106
839.39	20.951
839.68	20.410
839.98	20.124
840.28	20.279
840.58	20.702
840.88	21.773
841.17	22.300
841.47	22.646
841.77	23.146
842.07	22.930
842.36	23.079
842.66	23.982
842.96	24.333
843.26	24.731
843.55	24.676
843.85	24.518
844.15	24.084
844.45	24.219
844.74	24.545
845.04	24.008
845.34	24.864
845.63	24.741
845.93	24.353
846.23	24.606
846.53	23.936
846.82	24.881
847.12	24.878
847.42	24.620
847.71	24.433
848.01	22.757
848.31	22.279
848.60	21.698
848.90	22.255
849.19	22.227
849.49	22.231
849.79	23.439
850.08	23.124
850.38	22.045
850.68	22.924
850.97	22.342
851.27	22.144
851.56	21.497
851.86	23.298
852.16	24.359
852.45	25.021
852.75	25.851
853.04	24.848
853.34	25.642
853.64	28.055
853.93	28.287
854.23	28.041
854.52	29.276
854.82	28.692
855.11	26.818
855.41	25.759
855.70	24.950
856.00	25.637
856.30	26.321
856.59	25.567
856.89	25.565
857.18	24.449
857.48	25.158
857.77	25.765
858.07	26.470
858.36	26.349
858.66	26.752
858.95	27.186
859.25	26.463
859.54	25.984
859.84	24.623
860.13	21.968
860.42	23.370
860.72	23.873
861.01	24.221
861.31	24.776
861.60	25.271
861.90	25.530
862.19	25.932
862.49	26.553
862.78	26.599
863.07	28.456
863.37	29.765
863.66	29.428
863.96	28.237
864.25	27.331
864.54	28.208
864.84	26.565
865.13	26.552
865.43	26.054
865.72	23.451
866.01	33.533
866.31	7.869
866.60	30.194
866.89	24.138
>>>>>End Spectral Data<<<<<
