180.30	0.000
180.67	0.000
181.03	8.607
181.40	138.823
181.77	316.713
182.14	-14026.933
182.51	29.161
182.88	484.817
183.25	103.629
183.62	74.425
183.99	-219.080
184.36	40.495
184.73	-24.860
185.10	-112.979
185.46	223.167
185.83	-197.834
186.20	-413.234
186.57	226.344
186.94	-28.338
187.31	50.692
187.68	34.319
188.05	150.404
188.42	112.674
188.78	74.221
189.15	57.638
189.52	54.578
189.89	43.324
190.26	32.647
190.63	40.219
191.00	32.691
191.37	34.349
191.73	27.093
192.10	20.208
192.47	23.265
192.84	29.640
193.21	34.774
193.58	32.691
193.94	41.494
194.31	51.075
194.68	45.447
195.05	42.316
195.42	35.519
195.79	39.122
196.15	35.434
196.52	32.653
196.89	26.944
197.26	24.472
197.63	22.769
198.00	25.232
198.36	16.307
198.73	17.760
199.10	23.312
199.47	25.268
199.84	18.022
200.20	18.839
200.57	14.836
200.94	24.038
201.31	25.059
201.68	28.503
202.04	23.185
202.41	17.939
202.78	15.073
203.15	6.869
203.51	-4.749
203.88	-0.725
204.25	0.083
204.62	0.953
204.98	-7.941
205.35	-18.137
205.72	-9.651
206.09	-15.004
206.46	-14.366
206.82	-11.277
207.19	-17.855
207.56	-4.241
207.92	0.096
208.29	-0.379
208.66	-1.731
209.03	2.361
209.39	6.689
209.76	-8.910
210.13	-6.292
210.50	-2.142
210.86	3.101
211.23	9.775
211.60	-7.548
211.96	-2.483
212.33	-12.995
212.70	-21.011
213.07	-17.235
213.43	-11.455
213.80	-6.179
214.17	-3.310
214.53	-10.888
214.90	-24.873
215.27	-26.825
215.63	-15.113
216.00	-14.194
216.37	-6.512
216.74	-7.165
217.10	-3.938
217.47	-7.085
217.84	-8.474
218.20	-6.441
218.57	-3.046
218.94	7.112
219.30	8.743
219.67	15.988
220.04	10.590
220.40	9.090
220.77	13.101
221.13	12.374
221.50	15.685
221.87	19.340
222.23	16.897
222.60	15.247
222.97	11.206
223.33	10.078
223.70	4.377
224.07	6.434
224.43	5.340
224.80	4.962
225.16	3.107
225.53	3.211
225.90	2.530
226.26	3.052
226.63	4.225
226.99	4.726
227.36	4.820
227.73	5.644
228.09	5.264
228.46	5.681
228.82	5.398
229.19	5.703
229.56	4.901
229.92	4.996
230.29	4.611
230.65	4.090
231.02	3.432
231.38	3.193
231.75	1.755
232.12	1.382
232.48	1.374
232.85	1.005
233.21	0.963
233.58	0.853
233.94	0.683
234.31	1.371
234.68	2.006
235.04	2.745
235.41	3.055
235.77	3.835
236.14	3.763
236.50	3.923
236.87	4.460
237.23	4.253
237.60	4.971
237.96	4.778
238.33	4.573
238.69	4.067
239.06	3.516
239.42	3.125
239.79	3.139
240.15	3.055
240.52	3.017
240.88	3.144
241.25	3.326
241.61	3.092
241.98	3.056
242.34	2.985
242.71	2.939
243.07	3.001
243.44	3.140
243.80	3.204
244.17	3.478
244.53	3.377
244.90	3.298
245.26	3.283
245.63	3.293
245.99	3.384
246.36	3.361
246.72	3.431
247.09	3.622
247.45	3.595
247.81	3.409
248.18	3.136
248.54	3.252
248.91	3.276
249.27	3.291
249.64	3.357
250.00	3.141
250.36	2.907
250.73	2.577
251.09	2.050
251.46	2.141
251.82	2.265
252.19	1.958
252.55	2.036
252.91	2.166
253.28	2.068
253.64	1.945
254.01	2.220
254.37	2.507
254.73	2.889
255.10	3.167
255.46	2.905
255.83	3.223
256.19	3.601
256.55	3.403
256.92	3.329
257.28	3.330
257.65	3.207
258.01	3.177
258.37	3.141
258.74	3.089
259.10	3.155
259.46	3.282
259.83	3.140
260.19	3.096
260.55	3.009
260.92	2.938
261.28	2.891
261.64	3.205
262.01	3.184
262.37	3.189
262.73	3.267
263.10	3.152
263.46	3.244
263.82	3.280
264.19	3.443
264.55	3.634
264.91	3.490
265.28	3.581
265.64	3.301
266.00	3.489
266.37	3.611
266.73	3.399
267.09	3.508
267.46	3.337
267.82	3.459
268.18	3.301
268.54	3.298
268.91	3.363
269.27	3.312
269.63	3.334
270.00	3.179
270.36	3.265
270.72	3.444
271.08	3.316
271.45	3.323
271.81	3.166
272.17	3.287
272.53	3.157
272.90	3.161
273.26	3.067
273.62	3.079
273.98	3.123
274.35	2.868
274.71	2.789
275.07	2.950
275.43	3.110
275.80	3.299
276.16	3.054
276.52	3.183
276.88	3.305
277.25	3.311
277.61	3.268
277.97	3.114
278.33	3.071
278.69	3.096
279.06	2.874
279.42	2.735
279.78	2.486
280.14	2.409
280.50	2.447
280.87	2.374
281.23	2.336
281.59	2.357
281.95	2.386
282.31	2.484
282.68	2.440
283.04	2.509
283.40	2.533
283.76	2.574
284.12	2.678
284.48	2.697
284.85	2.556
285.21	2.688
285.57	2.891
285.93	2.957
286.29	2.891
286.65	2.959
287.02	3.013
287.38	2.910
287.74	2.985
288.10	3.033
288.46	3.012
288.82	3.215
289.18	3.154
289.54	2.898
289.91	2.850
290.27	2.892
290.63	2.904
290.99	2.854
291.35	2.907
291.71	2.909
292.07	2.894
292.43	2.815
292.79	2.931
293.16	2.867
293.52	3.002
293.88	3.095
294.24	3.144
294.60	2.995
294.96	3.043
295.32	3.106
295.68	3.152
296.04	3.205
296.40	3.342
296.76	3.312
297.12	3.416
297.49	3.407
297.85	3.416
298.21	3.328
298.57	3.387
298.93	3.213
299.29	3.300
299.65	3.311
300.01	3.188
300.37	3.042
300.73	2.994
301.09	3.052
301.45	2.983
301.81	3.023
302.17	3.074
302.53	3.160
302.89	3.300
303.25	3.318
303.61	3.396
303.97	3.510
304.33	3.628
304.69	3.603
305.05	3.623
305.41	3.596
305.77	3.599
306.13	3.627
306.49	3.672
306.85	3.717
307.21	3.667
307.57	3.630
307.93	3.720
308.29	3.691
308.65	3.694
309.01	3.683
309.37	3.715
309.73	3.651
310.09	3.683
310.45	3.685
310.81	3.667
311.17	3.688
311.53	3.658
311.89	3.567
312.25	3.636
312.61	3.724
312.96	3.615
313.32	3.597
313.68	3.646
314.04	3.627
314.40	3.541
314.76	3.499
315.12	3.469
315.48	3.548
315.84	3.492
316.20	3.408
316.56	3.341
316.92	3.427
317.27	3.495
317.63	3.525
317.99	3.621
318.35	3.724
318.71	3.886
319.07	3.900
319.43	3.825
319.79	3.920
320.15	3.960
320.50	3.976
320.86	4.013
321.22	4.037
321.58	4.073
321.94	4.024
322.30	4.082
322.66	4.111
323.01	4.156
323.37	4.183
323.73	4.257
324.09	4.295
324.45	4.414
324.81	4.558
325.17	4.594
325.52	4.643
325.88	4.829
326.24	4.819
326.60	4.845
326.96	4.863
327.31	4.953
327.67	4.918
328.03	4.955
328.39	5.003
328.75	4.981
329.11	5.133
329.46	5.113
329.82	5.132
330.18	5.132
330.54	5.126
330.90	5.250
331.25	5.416
331.61	5.497
331.97	5.547
332.33	5.560
332.68	5.499
333.04	5.458
333.40	5.437
333.76	5.409
334.11	5.508
334.47	5.519
334.83	5.540
335.19	5.485
335.54	5.547
335.90	5.607
336.26	5.586
336.62	5.688
336.97	5.711
337.33	5.833
337.69	5.799
338.05	5.821
338.40	5.847
338.76	5.818
339.12	5.818
339.48	5.829
339.83	5.795
340.19	5.821
340.55	5.784
340.90	5.866
341.26	5.861
341.62	5.960
341.97	5.984
342.33	6.101
342.69	6.128
343.04	6.071
343.40	6.052
343.76	6.023
344.12	6.092
344.47	6.200
344.83	6.151
345.19	6.152
345.54	6.199
345.90	6.264
346.26	6.244
346.61	6.276
346.97	6.393
347.32	6.451
347.68	6.468
348.04	6.409
348.39	6.346
348.75	6.396
349.11	6.454
349.46	6.415
349.82	6.391
350.18	6.412
350.53	6.487
350.89	6.537
351.24	6.558
351.60	6.696
351.96	6.796
352.31	6.816
352.67	6.840
353.02	6.829
353.38	6.816
353.74	6.836
354.09	6.834
354.45	6.833
354.80	6.762
355.16	6.715
355.52	6.675
355.87	6.637
356.23	6.711
356.58	6.679
356.94	6.656
357.29	6.705
357.65	6.692
358.00	6.680
358.36	6.679
358.72	6.716
359.07	6.806
359.43	6.891
359.78	6.906
360.14	6.821
360.49	6.867
360.85	6.973
361.20	6.944
361.56	6.944
361.91	6.999
362.27	6.982
362.62	6.992
362.98	6.933
363.33	6.885
363.69	6.890
364.04	6.982
364.40	7.020
364.75	7.003
365.11	7.053
365.46	7.088
365.82	7.085
366.17	7.096
366.53	7.152
366.88	7.197
367.24	7.195
367.59	7.257
367.95	7.248
368.30	7.233
368.66	7.227
369.01	7.214
369.37	7.188
369.72	7.162
370.08	7.230
370.43	7.205
370.78	7.215
371.14	7.281
371.49	7.225
371.85	7.204
372.20	7.196
372.56	7.162
372.91	7.168
373.26	7.175
373.62	7.196
373.97	7.195
374.33	7.207
374.68	7.209
375.03	7.165
375.39	7.207
375.74	7.226
376.10	7.198
376.45	7.269
376.80	7.262
377.16	7.267
377.51	7.277
377.87	7.247
378.22	7.257
378.57	7.274
378.93	7.289
379.28	7.328
379.63	7.355
379.99	7.390
380.34	7.349
380.70	7.400
381.05	7.433
381.40	7.441
381.76	7.448
382.11	7.462
382.46	7.469
382.82	7.490
383.17	7.483
383.52	7.507
383.88	7.538
384.23	7.563
384.58	7.520
384.94	7.534
385.29	7.547
385.64	7.555
385.99	7.521
386.35	7.515
386.70	7.520
387.05	7.522
387.41	7.488
387.76	7.454
388.11	7.465
388.47	7.492
388.82	7.468
389.17	7.478
389.52	7.473
389.88	7.501
390.23	7.505
390.58	7.479
390.93	7.483
391.29	7.476
391.64	7.484
391.99	7.482
392.34	7.450
392.70	7.461
393.05	7.448
393.40	7.440
393.75	7.422
394.11	7.374
394.46	7.359
394.81	7.302
395.16	7.256
395.52	7.269
395.87	7.250
396.22	7.266
396.57	7.278
396.92	7.290
397.28	7.273
397.63	7.253
397.98	7.247
398.33	7.262
398.68	7.257
399.04	7.268
399.39	7.230
399.74	7.181
400.09	7.162
400.44	7.098
400.80	7.053
401.15	7.035
401.50	7.017
401.85	7.030
402.20	7.006
402.55	7.027
402.90	7.058
403.26	7.054
403.61	7.080
403.96	7.095
404.31	7.108
404.66	7.112
405.01	7.137
405.36	7.156
405.72	7.156
406.07	7.151
406.42	7.129
406.77	7.099
407.12	7.071
407.47	7.072
407.82	7.048
408.17	7.035
408.53	7.034
408.88	7.013
409.23	7.007
409.58	6.993
409.93	6.977
410.28	6.955
410.63	6.953
410.98	6.958
411.33	6.941
411.68	6.943
412.03	6.932
412.38	6.894
412.73	6.865
413.09	6.836
413.44	6.798
413.79	6.749
414.14	6.743
414.49	6.729
414.84	6.708
415.19	6.658
415.54	6.629
415.89	6.606
416.24	6.580
416.59	6.549
416.94	6.507
417.29	6.502
417.64	6.496
417.99	6.487
418.34	6.467
418.69	6.436
419.04	6.420
419.39	6.403
419.74	6.375
420.09	6.354
420.44	6.357
420.79	6.351
421.14	6.327
421.49	6.310
421.84	6.280
422.19	6.258
422.54	6.265
422.89	6.263
423.24	6.250
423.59	6.254
423.94	6.259
424.29	6.239
424.64	6.250
424.99	6.254
425.34	6.250
425.68	6.243
426.03	6.238
426.38	6.244
426.73	6.235
427.08	6.230
427.43	6.239
427.78	6.231
428.13	6.246
428.48	6.232
428.83	6.216
429.18	6.229
429.53	6.226
429.87	6.239
430.22	6.225
430.57	6.253
430.92	6.248
431.27	6.243
431.62	6.265
431.97	6.270
432.32	6.283
432.67	6.296
433.01	6.313
433.36	6.341
433.71	6.333
434.06	6.342
434.41	6.312
434.76	6.309
435.11	6.310
435.45	6.291
435.80	6.276
436.15	6.264
436.50	6.286
436.85	6.269
437.20	6.265
437.54	6.250
437.89	6.235
438.24	6.232
438.59	6.227
438.94	6.224
439.29	6.220
439.63	6.207
439.98	6.195
440.33	6.162
440.68	6.151
441.03	6.124
441.37	6.129
441.72	6.111
442.07	6.108
442.42	6.115
442.76	6.092
443.11	6.076
443.46	6.069
443.81	6.056
444.16	6.045
444.50	6.039
444.85	6.013
445.20	6.005
445.55	6.004
445.89	6.005
446.24	5.980
446.59	5.978
446.94	5.962
447.28	5.955
447.63	5.948
447.98	5.945
448.32	5.940
448.67	5.962
449.02	5.959
449.37	5.963
449.71	5.933
450.06	5.935
450.41	5.930
450.75	5.933
451.10	5.939
451.45	5.943
451.79	5.927
452.14	5.918
452.49	5.910
452.84	5.911
453.18	5.908
453.53	5.928
453.88	5.921
454.22	5.912
454.57	5.913
454.92	5.907
455.26	5.906
455.61	5.917
455.95	5.926
456.30	5.947
456.65	5.953
456.99	5.958
457.34	5.965
457.69	5.990
458.03	6.017
458.38	6.052
458.73	6.079
459.07	6.100
459.42	6.125
459.76	6.146
460.11	6.171
460.46	6.195
460.80	6.216
461.15	6.238
461.49	6.254
461.84	6.266
462.19	6.279
462.53	6.299
462.88	6.331
463.22	6.349
463.57	6.365
463.91	6.373
464.26	6.394
464.61	6.414
464.95	6.430
465.30	6.457
465.64	6.491
465.99	6.502
466.33	6.518
466.68	6.537
467.02	6.569
467.37	6.582
467.71	6.607
468.06	6.618
468.41	6.644
468.75	6.676
469.10	6.690
469.44	6.692
469.79	6.709
470.13	6.721
470.48	6.738
470.82	6.733
471.17	6.740
471.51	6.723
471.86	6.734
472.20	6.744
472.55	6.738
472.89	6.756
473.23	6.746
473.58	6.725
473.92	6.716
474.27	6.691
474.61	6.677
474.96	6.667
475.30	6.695
475.65	6.688
475.99	6.695
476.34	6.685
476.68	6.667
477.02	6.662
477.37	6.659
477.71	6.664
478.06	6.675
478.40	6.686
478.75	6.712
479.09	6.759
479.43	6.888
479.78	7.037
480.12	7.215
480.47	7.408
480.81	7.598
481.15	7.791
481.50	7.976
481.84	8.184
482.19	8.417
482.53	8.652
482.87	8.833
483.22	8.896
483.56	8.865
483.90	8.771
484.25	8.622
484.59	8.468
484.94	8.273
485.28	8.060
485.62	7.819
485.97	7.561
486.31	7.321
486.65	7.128
487.00	7.003
487.34	6.945
487.68	6.942
488.03	6.968
488.37	6.988
488.71	7.040
489.06	7.093
489.40	7.174
489.74	7.235
490.09	7.302
490.43	7.364
490.77	7.423
491.11	7.485
491.46	7.521
491.80	7.562
492.14	7.614
492.49	7.668
492.83	7.738
493.17	7.793
493.51	7.888
493.86	7.969
494.20	8.074
494.54	8.168
494.88	8.269
495.23	8.368
495.57	8.460
495.91	8.558
496.25	8.652
496.60	8.756
496.94	8.881
497.28	9.002
497.62	9.140
497.97	9.259
498.31	9.395
498.65	9.543
498.99	9.720
499.33	9.890
499.68	10.089
500.02	10.299
500.36	10.490
500.70	10.669
501.04	10.843
501.39	11.044
501.73	11.265
502.07	11.488
502.41	11.704
502.75	11.923
503.09	12.158
503.44	12.374
503.78	12.619
504.12	12.883
504.46	13.154
504.80	13.427
505.14	13.688
505.49	13.943
505.83	14.226
506.17	14.486
506.51	14.753
506.85	15.045
507.19	15.319
507.53	15.555
507.87	15.799
508.22	16.044
508.56	16.309
508.90	16.589
509.24	16.857
509.58	17.121
509.92	17.401
510.26	17.681
510.60	17.931
510.94	18.222
511.28	18.529
511.63	18.834
511.97	19.140
512.31	19.434
512.65	19.715
512.99	20.037
513.33	20.391
513.67	20.730
514.01	21.056
514.35	21.368
514.69	21.694
515.03	21.991
515.37	22.300
515.71	22.545
516.05	22.793
516.39	23.036
516.73	23.247
517.07	23.426
517.41	23.617
517.75	23.793
518.09	23.993
518.43	24.170
518.77	24.362
519.11	24.526
519.45	24.726
519.79	24.935
520.13	25.167
520.47	25.403
520.81	25.657
521.15	25.905
521.49	26.163
521.83	26.400
522.17	26.617
522.51	26.827
522.85	27.051
523.19	27.349
523.53	27.697
523.87	28.053
524.21	28.443
524.55	28.858
524.89	29.271
525.23	29.726
525.57	30.134
525.91	30.514
526.25	30.916
526.58	31.296
526.92	31.589
527.26	31.754
527.60	31.721
527.94	31.483
528.28	31.188
528.62	30.915
528.96	30.721
529.30	30.577
529.64	30.413
529.97	30.189
530.31	29.934
530.65	29.742
530.99	29.653
531.33	29.790
531.67	30.151
532.01	30.536
532.35	30.851
532.68	30.966
533.02	31.021
533.36	31.071
533.70	31.108
534.04	31.164
534.38	31.193
534.71	31.219
535.05	31.242
535.39	31.264
535.73	31.297
536.07	31.332
536.41	31.412
536.74	31.488
537.08	31.570
537.42	31.693
537.76	31.798
538.10	31.896
538.43	32.018
538.77	32.132
539.11	32.230
539.45	32.305
539.79	32.388
540.12	32.425
540.46	32.467
540.80	32.486
541.14	32.501
541.47	32.497
541.81	32.481
542.15	32.467
542.49	32.435
542.82	32.389
543.16	32.348
543.50	32.276
543.84	32.235
544.17	32.177
544.51	32.156
544.85	32.102
545.18	32.095
545.52	32.122
545.86	32.104
546.20	32.091
546.53	32.088
546.87	32.093
547.21	32.157
547.54	32.200
547.88	32.238
548.22	32.263
548.55	32.305
548.89	32.353
549.23	32.368
549.56	32.366
549.90	32.388
550.24	32.407
550.57	32.420
550.91	32.392
551.25	32.356
551.58	32.354
551.92	32.373
552.26	32.370
552.59	32.382
552.93	32.371
553.27	32.386
553.60	32.405
553.94	32.427
554.27	32.421
554.61	32.406
554.95	32.411
555.28	32.405
555.62	32.347
555.95	32.337
556.29	32.324
556.63	32.319
556.96	32.317
557.30	32.302
557.63	32.261
557.97	32.229
558.31	32.220
558.64	32.222
558.98	32.218
559.31	32.234
559.65	32.246
559.98	32.220
560.32	32.213
560.65	32.234
560.99	32.196
561.33	32.133
561.66	32.120
562.00	32.102
562.33	32.108
562.67	32.087
563.00	32.072
563.34	32.039
563.67	32.013
564.01	32.004
564.34	31.981
564.68	31.975
565.01	31.990
565.35	31.983
565.68	31.996
566.02	31.942
566.35	31.890
566.69	31.874
567.02	31.840
567.36	31.805
567.69	31.792
568.03	31.722
568.36	31.694
568.69	31.672
569.03	31.638
569.36	31.597
569.70	31.573
570.03	31.552
570.37	31.511
570.70	31.473
571.04	31.440
571.37	31.374
571.70	31.361
572.04	31.345
572.37	31.299
572.71	31.263
573.04	31.203
573.37	31.181
573.71	31.174
574.04	31.132
574.38	31.103
574.71	31.078
575.04	31.044
575.38	30.980
575.71	30.902
576.05	30.906
576.38	30.873
576.71	30.846
577.05	30.827
577.38	30.753
577.71	30.740
578.05	30.670
578.38	30.614
578.71	30.570
579.05	30.576
579.38	30.509
579.71	30.424
580.05	30.368
580.38	30.322
580.71	30.241
581.05	30.193
581.38	30.086
581.71	30.089
582.05	30.056
582.38	29.975
582.71	29.896
583.04	29.891
583.38	29.812
583.71	29.715
584.04	29.654
584.38	29.577
584.71	29.516
585.04	29.454
585.37	29.354
585.71	29.291
586.04	29.259
586.37	29.167
586.70	29.090
587.04	29.020
587.37	29.011
587.70	28.952
588.03	28.922
588.37	28.883
588.70	28.835
589.03	28.778
589.36	28.703
589.69	28.622
590.03	28.576
590.36	28.469
590.69	28.422
591.02	28.367
591.35	28.256
591.69	28.170
592.02	28.090
592.35	28.019
592.68	27.960
593.01	27.891
593.35	27.849
593.68	27.780
594.01	27.740
594.34	27.702
594.67	27.587
595.00	27.546
595.34	27.479
595.67	27.414
596.00	27.355
596.33	27.319
596.66	27.256
596.99	27.185
597.32	27.137
597.65	27.087
597.99	27.022
598.32	26.962
598.65	26.938
598.98	26.857
599.31	26.765
599.64	26.690
599.97	26.572
600.30	26.464
600.63	26.381
600.96	26.278
601.30	26.199
601.63	26.105
601.96	26.049
602.29	25.972
602.62	25.909
602.95	25.835
603.28	25.752
603.61	25.676
603.94	25.635
604.27	25.578
604.60	25.541
604.93	25.470
605.26	25.395
605.59	25.320
605.92	25.257
606.25	25.193
606.58	25.125
606.91	25.061
607.24	25.016
607.57	24.965
607.90	24.907
608.23	24.856
608.56	24.820
608.89	24.799
609.22	24.790
609.55	24.738
609.88	24.716
610.21	24.686
610.54	24.689
610.87	24.651
611.20	24.615
611.53	24.538
611.86	24.420
612.19	24.356
612.52	24.287
612.85	24.186
613.18	24.102
613.51	24.029
613.84	23.944
614.17	23.847
614.49	23.752
614.82	23.663
615.15	23.610
615.48	23.609
615.81	23.568
616.14	23.474
616.47	23.423
616.80	23.341
617.13	23.285
617.46	23.240
617.78	23.158
618.11	23.139
618.44	23.096
618.77	23.052
619.10	22.977
619.43	22.902
619.76	22.897
620.09	22.827
620.41	22.775
620.74	22.685
621.07	22.653
621.40	22.653
621.73	22.545
622.06	22.552
622.38	22.495
622.71	22.447
623.04	22.359
623.37	22.277
623.70	22.231
624.02	22.175
624.35	22.162
624.68	22.117
625.01	22.065
625.34	22.085
625.66	21.986
625.99	21.912
626.32	21.842
626.65	21.814
626.98	21.786
627.30	21.732
627.63	21.674
627.96	21.615
628.29	21.543
628.61	21.469
628.94	21.354
629.27	21.299
629.60	21.299
629.92	21.290
630.25	21.250
630.58	21.162
630.91	21.130
631.23	21.125
631.56	21.099
631.89	21.060
632.21	21.017
632.54	21.046
632.87	21.020
633.19	20.965
633.52	20.894
633.85	20.859
634.18	20.860
634.50	20.778
634.83	20.757
635.16	20.684
635.48	20.620
635.81	20.610
636.14	20.525
636.46	20.457
636.79	20.363
637.11	20.350
637.44	20.314
637.77	20.251
638.09	20.271
638.42	20.187
638.75	20.154
639.07	20.127
639.40	20.031
639.73	19.974
640.05	19.973
640.38	20.018
640.70	19.963
641.03	19.863
641.36	19.847
641.68	19.787
642.01	19.745
642.33	19.676
642.66	19.610
642.98	19.605
643.31	19.553
643.64	19.449
643.96	19.322
644.29	19.269
644.61	19.340
644.94	19.263
645.26	19.256
645.59	19.219
645.91	19.183
646.24	19.137
646.56	19.121
646.89	19.087
647.22	19.084
647.54	19.103
647.87	19.053
648.19	18.958
648.52	18.928
648.84	18.887
649.17	18.839
649.49	18.827
649.82	18.826
650.14	18.770
650.47	18.826
650.79	18.789
651.11	18.783
651.44	18.775
651.76	18.703
652.09	18.705
652.41	18.670
652.74	18.671
653.06	18.630
653.39	18.588
653.71	18.546
654.04	18.431
654.36	18.370
654.68	18.291
655.01	18.256
655.33	18.228
655.66	18.207
655.98	18.134
656.30	18.046
656.63	18.058
656.95	18.023
657.28	17.979
657.60	17.958
657.92	17.900
658.25	17.872
658.57	17.844
658.90	17.824
659.22	17.697
659.54	17.660
659.87	17.690
660.19	17.576
660.51	17.593
660.84	17.557
661.16	17.510
661.48	17.543
661.81	17.456
662.13	17.415
662.45	17.330
662.78	17.333
663.10	17.255
663.42	17.187
663.75	17.182
664.07	17.105
664.39	17.081
664.72	17.004
665.04	16.914
665.36	16.897
665.69	16.916
666.01	16.938
666.33	16.973
666.65	17.022
666.98	16.988
667.30	16.961
667.62	16.920
667.94	16.853
668.27	16.838
668.59	16.852
668.91	16.845
669.23	16.761
669.56	16.779
669.88	16.736
670.20	16.724
670.52	16.677
670.85	16.684
671.17	16.706
671.49	16.777
671.81	16.814
672.13	16.765
672.46	16.702
672.78	16.685
673.10	16.624
673.42	16.582
673.74	16.631
674.07	16.685
674.39	16.636
674.71	16.594
675.03	16.456
675.35	16.469
675.67	16.470
676.00	16.490
676.32	16.521
676.64	16.463
676.96	16.467
677.28	16.358
677.60	16.349
677.92	16.331
678.25	16.308
678.57	16.342
678.89	16.281
679.21	16.297
679.53	16.320
679.85	16.286
680.17	16.324
680.49	16.294
680.81	16.275
681.13	16.237
681.46	16.259
681.78	16.309
682.10	16.326
682.42	16.280
682.74	16.331
683.06	16.284
683.38	16.263
683.70	16.287
684.02	16.272
684.34	16.272
684.66	16.281
684.98	16.260
685.30	16.254
685.62	16.251
685.94	16.341
686.26	16.194
686.58	16.155
686.90	16.112
687.22	16.123
687.54	16.156
687.86	16.169
688.18	16.173
688.50	16.124
688.82	16.098
689.14	16.118
689.46	16.130
689.78	16.136
690.10	16.188
690.42	16.230
690.74	16.162
691.06	16.077
691.38	16.092
691.70	16.071
692.02	16.011
692.34	15.982
692.66	15.997
692.98	15.819
693.30	15.783
693.62	15.719
693.94	15.675
694.26	15.678
694.57	15.702
694.89	15.703
695.21	15.737
695.53	15.813
695.85	15.818
696.17	15.677
696.49	15.770
696.81	15.817
697.13	15.857
697.44	15.842
697.76	15.819
698.08	15.832
698.40	15.852
698.72	15.773
699.04	15.732
699.36	15.674
699.67	15.725
699.99	15.608
700.31	15.599
700.63	15.488
700.95	15.482
701.27	15.435
701.58	15.393
701.90	15.257
702.22	15.234
702.54	15.175
702.86	15.093
703.17	15.081
703.49	15.096
703.81	15.073
704.13	15.157
704.45	15.097
704.76	15.049
705.08	14.943
705.40	14.945
705.72	14.855
706.03	14.834
706.35	14.834
706.67	14.823
706.99	14.808
707.30	14.731
707.62	14.675
707.94	14.679
708.26	14.672
708.57	14.700
708.89	14.692
709.21	14.744
709.53	14.758
709.84	14.767
710.16	14.720
710.48	14.731
710.79	14.727
711.11	14.655
711.43	14.647
711.74	14.725
712.06	14.814
712.38	14.860
712.69	14.872
713.01	14.882
713.33	14.914
713.64	14.922
713.96	14.956
714.28	15.014
714.59	15.163
714.91	15.231
715.23	15.280
715.54	15.265
715.86	15.200
716.17	15.110
716.49	15.184
716.81	15.215
717.12	15.261
717.44	15.222
717.76	15.106
718.07	14.975
718.39	14.962
718.70	14.811
719.02	14.833
719.33	14.860
719.65	14.998
719.97	14.819
720.28	14.682
720.60	14.577
720.91	14.497
721.23	14.550
721.54	14.572
721.86	14.459
722.17	14.542
722.49	14.443
722.81	14.397
723.12	14.356
723.44	14.453
723.75	14.480
724.07	14.373
724.38	14.442
724.70	14.298
725.01	14.267
725.33	14.243
725.64	14.275
725.96	14.121
726.27	14.062
726.59	14.045
726.90	13.979
727.22	14.026
727.53	14.103
727.84	14.062
728.16	14.216
728.47	14.223
728.79	14.293
729.10	14.226
729.42	14.350
729.73	14.396
730.05	14.342
730.36	14.362
730.67	14.340
730.99	14.311
731.30	14.266
731.62	14.233
731.93	14.195
732.24	14.131
732.56	14.025
732.87	13.886
733.19	13.824
733.50	13.828
733.81	13.756
734.13	13.684
734.44	13.679
734.76	13.609
735.07	13.329
735.38	13.163
735.70	13.183
736.01	13.156
736.32	13.162
736.64	13.088
736.95	13.000
737.26	12.814
737.58	12.928
737.89	12.982
738.20	13.081
738.52	13.242
738.83	13.321
739.14	13.238
739.45	13.180
739.77	13.280
740.08	13.286
740.39	13.379
740.71	13.551
741.02	13.279
741.33	13.224
741.64	13.150
741.96	13.064
742.27	13.033
742.58	12.958
742.90	12.974
743.21	12.692
743.52	12.616
743.83	12.320
744.14	12.133
744.46	12.044
744.77	11.721
745.08	11.628
745.39	11.714
745.71	11.776
746.02	11.739
746.33	11.836
746.64	11.941
746.95	12.027
747.27	12.299
747.58	12.309
747.89	12.380
748.20	12.497
748.51	12.510
748.82	12.432
749.14	12.282
749.45	12.286
749.76	12.167
750.07	11.947
750.38	11.911
750.69	11.662
751.01	11.739
751.32	11.883
751.63	12.024
751.94	12.082
752.25	12.195
752.56	12.445
752.87	12.499
753.18	12.496
753.49	12.775
753.81	12.826
754.12	12.810
754.43	12.839
754.74	12.773
755.05	12.723
755.36	12.780
755.67	12.729
755.98	12.548
756.29	12.661
756.60	12.799
756.91	12.968
757.22	13.038
757.53	13.176
757.84	13.343
758.15	13.580
758.46	13.734
758.77	13.659
759.09	13.862
759.40	13.990
759.71	13.998
760.02	14.069
760.33	13.959
760.64	13.942
760.95	13.983
761.26	13.968
761.57	13.806
761.88	13.833
762.18	13.882
762.49	13.851
762.80	13.803
763.11	13.835
763.42	13.724
763.73	13.740
764.04	13.595
764.35	13.551
764.66	13.295
764.97	13.145
765.28	12.949
765.59	12.677
765.90	12.568
766.21	12.468
766.52	12.234
766.83	12.150
767.14	11.771
767.44	11.661
767.75	11.569
768.06	11.759
768.37	11.891
768.68	11.653
768.99	11.821
769.30	11.517
769.61	11.290
769.91	11.256
770.22	11.254
770.53	11.482
770.84	11.639
771.15	11.662
771.46	11.358
771.77	11.201
772.07	11.183
772.38	11.223
772.69	11.220
773.00	11.608
773.31	11.381
773.61	11.230
773.92	11.149
774.23	10.886
774.54	10.623
774.85	10.914
775.15	11.082
775.46	11.217
775.77	10.992
776.08	10.856
776.39	10.477
776.69	10.658
777.00	10.508
777.31	10.539
777.62	10.791
777.92	10.948
778.23	10.906
778.54	10.469
778.85	10.313
779.15	10.504
779.46	10.816
779.77	10.781
780.07	10.939
780.38	11.189
780.69	11.181
781.00	10.891
781.30	10.986
781.61	10.573
781.92	10.972
782.22	11.357
782.53	11.355
782.84	11.288
783.14	11.588
783.45	11.332
783.76	11.193
784.06	11.142
784.37	11.674
784.68	11.658
784.98	12.252
785.29	12.676
785.60	12.617
785.90	12.665
786.21	12.552
786.51	12.496
786.82	12.717
787.13	12.580
787.43	12.945
787.74	13.022
788.04	12.852
788.35	12.676
788.66	12.212
788.96	12.048
789.27	12.191
789.57	12.231
789.88	12.244
790.19	12.133
790.49	12.164
790.80	11.902
791.10	11.525
791.41	11.363
791.71	11.577
792.02	11.627
792.32	11.855
792.63	11.838
792.93	11.957
793.24	12.128
793.54	11.979
793.85	12.254
794.15	12.086
794.46	12.195
794.76	12.495
795.07	12.615
795.37	12.672
795.68	12.585
795.98	12.520
796.29	12.501
796.59	12.087
796.90	12.118
797.20	12.009
797.51	12.312
797.81	12.367
798.12	12.200
798.42	12.163
798.72	12.235
799.03	12.525
799.33	12.333
799.64	12.227
799.94	12.556
800.25	12.680
800.55	12.842
800.85	12.743
801.16	12.478
801.46	12.589
801.77	12.515
802.07	12.250
802.37	12.019
802.68	11.960
802.98	11.991
803.28	11.970
803.59	11.963
803.89	11.587
804.20	11.292
804.50	11.664
804.80	11.913
805.11	11.842
805.41	12.358
805.71	12.294
806.02	12.243
806.32	12.258
806.62	12.260
806.93	12.134
807.23	12.401
807.53	12.670
807.83	12.470
808.14	12.169
808.44	11.962
808.74	11.160
809.05	11.187
809.35	11.652
809.65	11.464
809.95	11.865
810.26	12.120
810.56	11.886
810.86	12.201
811.16	12.104
811.47	12.151
811.77	12.792
812.07	13.401
812.37	13.901
812.68	13.222
812.98	14.024
813.28	13.525
813.58	13.711
813.88	14.243
814.19	14.016
814.49	13.993
814.79	14.218
815.09	14.189
815.39	13.933
815.70	13.616
816.00	14.275
816.30	14.016
816.60	14.281
816.90	14.095
817.20	13.851
817.50	13.851
817.81	13.964
818.11	13.947
818.41	14.128
818.71	14.268
819.01	14.402
819.31	14.425
819.61	14.343
819.92	14.351
820.22	14.472
820.52	14.443
820.82	14.508
821.12	14.596
821.42	14.605
821.72	14.540
822.02	14.632
822.32	14.668
822.62	14.668
822.92	14.731
823.22	14.823
823.52	14.740
823.83	14.851
824.13	14.897
824.43	14.908
824.73	14.897
825.03	14.828
825.33	14.575
825.63	14.456
825.93	14.440
826.23	14.462
826.53	14.256
826.83	14.356
827.13	14.346
827.43	14.118
827.73	13.921
828.03	13.755
828.33	13.792
828.63	13.658
828.93	13.537
829.23	13.616
829.53	13.187
829.83	13.239
830.13	12.983
830.42	12.569
830.72	12.495
831.02	12.726
831.32	13.269
831.62	13.228
831.92	13.514
832.22	13.626
832.52	13.379
832.82	13.631
833.12	13.313
833.42	13.570
833.72	13.797
834.01	13.624
834.31	13.572
834.61	13.585
834.91	13.501
835.21	13.805
835.51	13.553
835.81	13.651
836.11	13.620
836.40	14.295
836.70	14.228
837.00	14.387
837.30	15.061
837.60	15.221
837.90	15.221
838.19	15.520
838.49	15.057
838.79	15.753
839.09	15.548
839.39	15.087
839.68	14.775
839.98	14.666
840.28	14.186
840.58	14.583
840.88	14.763
841.17	14.681
841.47	14.145
841.77	14.091
842.07	12.939
842.36	13.165
842.66	13.523
842.96	13.076
843.26	12.663
843.55	13.212
843.85	12.935
844.15	11.744
844.45	11.487
844.74	13.249
845.04	13.771
845.34	14.594
845.63	13.445
845.93	14.604
846.23	14.527
846.53	13.861
846.82	12.748
847.12	11.277
847.42	12.736
847.71	12.834
848.01	11.100
848.31	10.119
848.60	10.517
848.90	11.566
849.19	10.797
849.49	9.540
849.79	10.376
850.08	11.674
850.38	12.225
850.68	10.782
850.97	11.115
851.27	11.341
851.56	12.758
851.86	12.216
852.16	13.068
852.45	12.700
852.75	14.379
853.04	14.664
853.34	13.820
853.64	15.673
853.93	17.304
854.23	17.558
854.52	18.804
854.82	17.350
855.11	17.290
855.41	15.365
855.70	15.826
856.00	15.633
856.30	13.356
856.59	14.619
856.89	13.910
857.18	9.906
857.48	6.959
857.77	5.951
858.07	7.573
858.36	7.864
858.66	8.866
858.95	7.854
859.25	7.470
859.54	10.588
859.84	10.929
860.13	9.901
860.42	12.105
860.72	16.105
861.01	16.585
861.31	15.414
861.60	15.366
861.90	15.615
862.19	17.083
862.49	17.387
862.78	16.835
863.07	16.119
863.37	16.186
863.66	16.780
863.96	16.563
864.25	17.178
864.54	17.803
864.84	17.562
865.13	16.717
865.43	16.249
865.72	24.357
866.01	21.163
866.31	14.153
866.60	12.704
866.89	16.290
>>>>>End Spectral Data<<<<<
