180.30	0.000
180.67	0.000
181.03	159.745
181.40	3.342
181.77	19.341
182.14	48.992
182.51	-1277.063
182.88	-31.904
183.25	200.710
183.62	534.574
183.99	74.486
184.36	93.813
184.73	211.102
185.10	278.387
185.46	-22.846
185.83	214.718
186.20	17.580
186.57	142.886
186.94	-4005.678
187.31	-163.919
187.68	50.975
188.05	43.218
188.42	7.088
188.78	-263.257
189.15	-205.797
189.52	-273.775
189.89	-122.894
190.26	-161.307
190.63	-196.879
191.00	-207.062
191.37	-275.631
191.73	-249.352
192.10	-434.746
192.47	-963.051
192.84	-314.246
193.21	-23045.163
193.58	623.921
193.94	311.417
194.31	276.497
194.68	188.943
195.05	218.268
195.42	116.476
195.79	154.427
196.15	92.785
196.52	133.737
196.89	196.930
197.26	2483.519
197.63	-136.035
198.00	-36.690
198.36	-179.881
198.73	-251.907
199.10	-179.933
199.47	-245.280
199.84	-157.735
200.20	-62.587
200.57	-59.346
200.94	-60.497
201.31	-60.325
201.68	-53.722
202.04	-55.271
202.41	-55.366
202.78	-46.112
203.15	-95.939
203.51	-183.237
203.88	-220.644
204.25	-268.539
204.62	-387.063
204.98	-216.710
205.35	-115.472
205.72	-88.799
206.09	-292.692
206.46	-146.388
206.82	-106.082
207.19	-54.893
207.56	-25.693
207.92	-11.830
208.29	-7.760
208.66	-0.388
209.03	3.496
209.39	-27.441
209.76	-50.685
210.13	-25.197
210.50	-33.577
210.86	-4.041
211.23	-4.226
211.60	-7.275
211.96	-13.383
212.33	2.144
212.70	-10.131
213.07	-43.839
213.43	-25.272
213.80	-27.826
214.17	-34.193
214.53	-23.056
214.90	-42.974
215.27	-53.157
215.63	-53.699
216.00	-44.094
216.37	-37.339
216.74	-25.198
217.10	-13.064
217.47	-0.366
217.84	3.890
218.20	3.872
218.57	0.949
218.94	7.394
219.30	19.992
219.67	24.794
220.04	19.887
220.40	13.387
220.77	9.882
221.13	15.756
221.50	17.920
221.87	18.846
222.23	17.681
222.60	20.980
222.97	9.372
223.33	-1.216
223.70	0.818
224.07	-2.125
224.43	-0.260
224.80	-0.100
225.16	-2.772
225.53	-4.636
225.90	-2.861
226.26	-3.582
226.63	-3.439
226.99	-2.074
227.36	-1.952
227.73	-3.004
228.09	-1.679
228.46	-1.597
228.82	-1.022
229.19	-0.164
229.56	0.374
229.92	-0.446
230.29	-0.507
230.65	-0.260
231.02	-1.805
231.38	-1.352
231.75	-0.259
232.12	-0.467
232.48	-2.139
232.85	-3.179
233.21	-3.877
233.58	-3.250
233.94	-1.961
234.31	-0.366
234.68	-0.488
235.04	0.416
235.41	1.939
235.77	1.581
236.14	2.801
236.50	2.797
236.87	3.172
237.23	3.845
237.60	3.588
237.96	3.058
238.33	2.502
238.69	2.107
239.06	1.714
239.42	1.308
239.79	1.259
240.15	0.201
240.52	0.525
240.88	0.545
241.25	0.208
241.61	0.519
241.98	0.476
242.34	0.101
242.71	0.318
243.07	0.533
243.44	0.472
243.80	0.609
244.17	0.974
244.53	0.923
244.90	0.639
245.26	0.564
245.63	0.373
245.99	0.583
246.36	0.839
246.72	0.643
247.09	0.620
247.45	0.603
247.81	0.716
248.18	0.711
248.54	0.908
248.91	1.269
249.27	1.670
249.64	1.437
250.00	1.132
250.36	1.269
250.73	1.563
251.09	1.676
251.46	2.194
251.82	1.760
252.19	1.708
252.55	1.536
252.91	1.753
253.28	1.610
253.64	2.303
254.01	2.389
254.37	2.068
254.73	1.756
255.10	1.541
255.46	0.965
255.83	0.999
256.19	1.001
256.55	0.936
256.92	0.659
257.28	0.665
257.65	0.720
258.01	0.965
258.37	0.972
258.74	0.974
259.10	0.910
259.46	1.070
259.83	1.033
260.19	0.845
260.55	0.810
260.92	0.575
261.28	0.608
261.64	0.478
262.01	0.073
262.37	0.287
262.73	0.343
263.10	0.362
263.46	0.186
263.82	0.603
264.19	1.224
264.55	1.654
264.91	2.340
265.28	2.435
265.64	2.246
266.00	2.232
266.37	1.929
266.73	2.058
267.09	2.287
267.46	2.424
267.82	2.256
268.18	1.934
268.54	1.564
268.91	1.463
269.27	1.277
269.63	1.532
270.00	1.377
270.36	1.361
270.72	1.468
271.08	1.321
271.45	1.018
271.81	0.672
272.17	0.908
272.53	0.950
272.90	0.931
273.26	0.890
273.62	0.561
273.98	0.468
274.35	0.510
274.71	0.360
275.07	0.436
275.43	0.498
275.80	0.806
276.16	0.488
276.52	0.471
276.88	0.347
277.25	0.391
277.61	0.680
277.97	1.310
278.33	1.378
278.69	1.175
279.06	1.445
279.42	1.494
279.78	1.483
280.14	1.515
280.50	1.560
280.87	1.557
281.23	1.544
281.59	1.596
281.95	1.476
282.31	1.433
282.68	1.585
283.04	1.552
283.40	1.550
283.76	1.657
284.12	1.902
284.48	2.031
284.85	2.082
285.21	2.014
285.57	1.775
285.93	1.719
286.29	1.666
286.65	1.715
287.02	1.461
287.38	1.578
287.74	1.533
288.10	1.479
288.46	1.398
288.82	1.295
289.18	1.235
289.54	1.438
289.91	1.549
290.27	1.602
290.63	1.580
290.99	1.782
291.35	1.761
291.71	1.923
292.07	1.982
292.43	1.843
292.79	1.816
293.16	1.962
293.52	2.084
293.88	2.022
294.24	2.198
294.60	2.274
294.96	2.326
295.32	2.468
295.68	2.447
296.04	2.386
296.40	2.591
296.76	2.846
297.12	2.839
297.49	2.889
297.85	2.911
298.21	2.971
298.57	3.134
298.93	3.405
299.29	3.371
299.65	3.436
300.01	3.457
300.37	3.408
300.73	3.461
301.09	3.611
301.45	3.557
301.81	3.795
302.17	3.846
302.53	3.784
302.89	3.771
303.25	3.950
303.61	3.933
303.97	4.146
304.33	4.362
304.69	4.376
305.05	4.602
305.41	4.736
305.77	4.531
306.13	4.575
306.49	4.673
306.85	4.520
307.21	4.459
307.57	4.576
307.93	4.493
308.29	4.435
308.65	4.398
309.01	4.303
309.37	4.276
309.73	4.423
310.09	4.487
310.45	4.571
310.81	4.636
311.17	4.759
311.53	4.780
311.89	4.864
312.25	4.932
312.61	4.996
312.96	5.144
313.32	5.202
313.68	5.197
314.04	5.229
314.40	5.122
314.76	5.193
315.12	5.162
315.48	5.213
315.84	5.144
316.20	5.160
316.56	5.162
316.92	5.055
317.27	5.082
317.63	5.029
317.99	4.983
318.35	4.928
318.71	4.961
319.07	4.873
319.43	4.714
319.79	4.828
320.15	4.704
320.50	4.650
320.86	4.713
321.22	4.644
321.58	4.677
321.94	4.638
322.30	4.680
322.66	4.588
323.01	4.552
323.37	4.565
323.73	4.484
324.09	4.551
324.45	4.509
324.81	4.448
325.17	4.443
325.52	4.459
325.88	4.409
326.24	4.373
326.60	4.415
326.96	4.450
327.31	4.501
327.67	4.456
328.03	4.395
328.39	4.489
328.75	4.484
329.11	4.479
329.46	4.373
329.82	4.327
330.18	4.269
330.54	4.224
330.90	4.230
331.25	4.156
331.61	4.217
331.97	4.237
332.33	4.238
332.68	4.357
333.04	4.283
333.40	4.420
333.76	4.461
334.11	4.453
334.47	4.396
334.83	4.290
335.19	4.290
335.54	4.213
335.90	4.230
336.26	4.265
336.62	4.153
336.97	4.223
337.33	4.220
337.69	4.232
338.05	4.330
338.40	4.323
338.76	4.416
339.12	4.445
339.48	4.444
339.83	4.454
340.19	4.368
340.55	4.281
340.90	4.346
341.26	4.306
341.62	4.296
341.97	4.306
342.33	4.389
342.69	4.290
343.04	4.294
343.40	4.320
343.76	4.292
344.12	4.185
344.47	4.257
344.83	4.214
345.19	4.189
345.54	4.166
345.90	4.140
346.26	4.126
346.61	4.168
346.97	4.155
347.32	4.197
347.68	4.202
348.04	4.344
348.39	4.256
348.75	4.220
349.11	4.131
349.46	4.094
349.82	3.989
350.18	3.895
350.53	3.883
350.89	3.793
351.24	3.759
351.60	3.755
351.96	3.631
352.31	3.655
352.67	3.641
353.02	3.668
353.38	3.655
353.74	3.749
354.09	3.777
354.45	3.683
354.80	3.766
355.16	3.739
355.52	3.739
355.87	3.809
356.23	3.793
356.58	3.806
356.94	3.771
357.29	3.759
357.65	3.622
358.00	3.606
358.36	3.651
358.72	3.624
359.07	3.634
359.43	3.507
359.78	3.483
360.14	3.520
360.49	3.451
360.85	3.480
361.20	3.555
361.56	3.549
361.91	3.532
362.27	3.490
362.62	3.508
362.98	3.464
363.33	3.530
363.69	3.509
364.04	3.415
364.40	3.407
364.75	3.430
365.11	3.379
365.46	3.434
365.82	3.465
366.17	3.499
366.53	3.431
366.88	3.348
367.24	3.271
367.59	3.276
367.95	3.272
368.30	3.286
368.66	3.214
369.01	3.142
369.37	3.100
369.72	3.023
370.08	3.029
370.43	3.038
370.78	3.088
371.14	3.158
371.49	3.134
371.85	3.188
372.20	3.167
372.56	3.193
372.91	3.244
373.26	3.253
373.62	3.274
373.97	3.226
374.33	3.221
374.68	3.201
375.03	3.137
375.39	3.093
375.74	3.043
376.10	3.016
376.45	2.993
376.80	2.969
377.16	2.987
377.51	2.945
377.87	2.969
378.22	2.921
378.57	2.917
378.93	2.966
379.28	3.002
379.63	3.008
379.99	3.038
380.34	3.025
380.70	2.981
381.05	2.931
381.40	2.935
381.76	2.936
382.11	2.924
382.46	2.943
382.82	2.913
383.17	2.941
383.52	2.982
383.88	2.933
384.23	2.911
384.58	2.909
384.94	2.924
385.29	2.913
385.64	2.868
385.99	2.908
386.35	2.831
386.70	2.806
387.05	2.733
387.41	2.687
387.76	2.673
388.11	2.695
388.47	2.719
388.82	2.725
389.17	2.739
389.52	2.780
389.88	2.777
390.23	2.843
390.58	2.857
390.93	2.907
391.29	2.919
391.64	2.955
391.99	2.948
392.34	2.939
392.70	2.927
393.05	2.904
393.40	2.884
393.75	2.834
394.11	2.824
394.46	2.801
394.81	2.755
395.16	2.705
395.52	2.632
395.87	2.629
396.22	2.565
396.57	2.522
396.92	2.497
397.28	2.448
397.63	2.435
397.98	2.383
398.33	2.359
398.68	2.336
399.04	2.325
399.39	2.359
399.74	2.282
400.09	2.277
400.44	2.266
400.80	2.264
401.15	2.250
401.50	2.266
401.85	2.313
402.20	2.326
402.55	2.346
402.90	2.367
403.26	2.334
403.61	2.374
403.96	2.389
404.31	2.393
404.66	2.386
405.01	2.369
405.36	2.327
405.72	2.278
406.07	2.247
406.42	2.232
406.77	2.219
407.12	2.237
407.47	2.221
407.82	2.212
408.17	2.166
408.53	2.176
408.88	2.213
409.23	2.219
409.58	2.203
409.93	2.211
410.28	2.220
410.63	2.191
410.98	2.184
411.33	2.203
411.68	2.214
412.03	2.242
412.38	2.240
412.73	2.229
413.09	2.239
413.44	2.250
413.79	2.274
414.14	2.296
414.49	2.314
414.84	2.331
415.19	2.316
415.54	2.297
415.89	2.306
416.24	2.295
416.59	2.309
416.94	2.319
417.29	2.316
417.64	2.302
417.99	2.270
418.34	2.264
418.69	2.270
419.04	2.279
419.39	2.297
419.74	2.293
420.09	2.289
420.44	2.288
420.79	2.281
421.14	2.294
421.49	2.284
421.84	2.290
422.19	2.288
422.54	2.285
422.89	2.277
423.24	2.267
423.59	2.263
423.94	2.266
424.29	2.249
424.64	2.237
424.99	2.209
425.34	2.205
425.68	2.189
426.03	2.162
426.38	2.129
426.73	2.112
427.08	2.083
427.43	2.059
427.78	2.072
428.13	2.058
428.48	2.059
428.83	2.060
429.18	2.065
429.53	2.058
429.87	2.069
430.22	2.080
430.57	2.069
430.92	2.092
431.27	2.112
431.62	2.080
431.97	2.082
432.32	2.094
432.67	2.101
433.01	2.096
433.36	2.092
433.71	2.093
434.06	2.087
434.41	2.073
434.76	2.052
435.11	2.027
435.45	2.055
435.80	2.058
436.15	2.057
436.50	2.052
436.85	2.051
437.20	2.053
437.54	2.064
437.89	2.052
438.24	2.050
438.59	2.049
438.94	2.057
439.29	2.039
439.63	2.023
439.98	1.995
440.33	1.982
440.68	1.982
441.03	1.960
441.37	1.946
441.72	1.946
442.07	1.957
442.42	1.970
442.76	1.964
443.11	1.960
443.46	1.968
443.81	1.987
444.16	1.993
444.50	1.995
444.85	1.992
445.20	1.982
445.55	1.963
445.89	1.952
446.24	1.922
446.59	1.911
446.94	1.902
447.28	1.887
447.63	1.844
447.98	1.808
448.32	1.777
448.67	1.792
449.02	1.777
449.37	1.766
449.71	1.743
450.06	1.756
450.41	1.748
450.75	1.736
451.10	1.727
451.45	1.745
451.79	1.750
452.14	1.747
452.49	1.722
452.84	1.722
453.18	1.722
453.53	1.735
453.88	1.723
454.22	1.717
454.57	1.715
454.92	1.718
455.26	1.735
455.61	1.749
455.95	1.760
456.30	1.771
456.65	1.786
456.99	1.807
457.34	1.804
457.69	1.796
458.03	1.804
458.38	1.796
458.73	1.793
459.07	1.779
459.42	1.750
459.76	1.737
460.11	1.726
460.46	1.701
460.80	1.669
461.15	1.661
461.49	1.648
461.84	1.634
462.19	1.627
462.53	1.615
462.88	1.605
463.22	1.616
463.57	1.596
463.91	1.605
464.26	1.605
464.61	1.594
464.95	1.594
465.30	1.595
465.64	1.578
465.99	1.601
466.33	1.599
466.68	1.582
467.02	1.569
467.37	1.571
467.71	1.541
468.06	1.539
468.41	1.544
468.75	1.511
469.10	1.497
469.44	1.501
469.79	1.466
470.13	1.455
470.48	1.447
470.82	1.434
471.17	1.426
471.51	1.409
471.86	1.382
472.20	1.352
472.55	1.357
472.89	1.350
473.23	1.326
473.58	1.318
473.92	1.297
474.27	1.287
474.61	1.289
474.96	1.280
475.30	1.276
475.65	1.277
475.99	1.289
476.34	1.278
476.68	1.286
477.02	1.297
477.37	1.312
477.71	1.319
478.06	1.343
478.40	1.371
478.75	1.418
479.09	1.471
479.43	1.527
479.78	1.576
480.12	1.636
480.47	1.679
480.81	1.721
481.15	1.752
481.50	1.791
481.84	1.831
482.19	1.868
482.53	1.894
482.87	1.907
483.22	1.903
483.56	1.899
483.90	1.890
484.25	1.879
484.59	1.869
484.94	1.853
485.28	1.834
485.62	1.797
485.97	1.760
486.31	1.726
486.65	1.707
487.00	1.705
487.34	1.699
487.68	1.683
488.03	1.670
488.37	1.647
488.71	1.635
489.06	1.610
489.40	1.593
489.74	1.578
490.09	1.568
490.43	1.542
490.77	1.502
491.11	1.474
491.46	1.438
491.80	1.407
492.14	1.363
492.49	1.326
492.83	1.295
493.17	1.263
493.51	1.221
493.86	1.180
494.20	1.148
494.54	1.125
494.88	1.113
495.23	1.112
495.57	1.103
495.91	1.112
496.25	1.108
496.60	1.107
496.94	1.097
497.28	1.092
497.62	1.080
497.97	1.082
498.31	1.095
498.65	1.063
498.99	1.060
499.33	1.058
499.68	1.053
500.02	1.043
500.36	1.030
500.70	1.013
501.04	1.010
501.39	1.004
501.73	0.988
502.07	0.966
502.41	0.960
502.75	0.948
503.09	0.933
503.44	0.936
503.78	0.956
504.12	0.963
504.46	0.981
504.80	0.979
505.14	0.986
505.49	0.994
505.83	1.015
506.17	1.032
506.51	1.026
506.85	1.019
507.19	1.013
507.53	0.998
507.87	1.007
508.22	1.001
508.56	1.001
508.90	0.993
509.24	0.984
509.58	0.969
509.92	0.973
510.26	0.962
510.60	0.962
510.94	0.948
511.28	0.946
511.63	0.924
511.97	0.918
512.31	0.908
512.65	0.919
512.99	0.919
513.33	0.928
513.67	0.918
514.01	0.959
514.35	0.979
514.69	0.992
515.03	0.999
515.37	1.022
515.71	1.047
516.05	1.047
516.39	1.035
516.73	1.043
517.07	1.040
517.41	1.055
517.75	1.036
518.09	1.035
518.43	1.036
518.77	1.021
519.11	0.982
519.45	0.938
519.79	0.925
520.13	0.906
520.47	0.881
520.81	0.860
521.15	0.841
521.49	0.835
521.83	0.839
522.17	0.827
522.51	0.848
522.85	0.885
523.19	0.939
523.53	0.997
523.87	1.068
524.21	1.122
524.55	1.180
524.89	1.220
525.23	1.268
525.57	1.298
525.91	1.336
526.25	1.366
526.58	1.397
526.92	1.409
527.26	1.420
527.60	1.420
527.94	1.434
528.28	1.425
528.62	1.421
528.96	1.404
529.30	1.384
529.64	1.369
529.97	1.341
530.31	1.305
530.65	1.288
530.99	1.258
531.33	1.230
531.67	1.195
532.01	1.171
532.35	1.155
532.68	1.139
533.02	1.135
533.36	1.126
533.70	1.107
534.04	1.091
534.38	1.065
534.71	1.049
535.05	1.034
535.39	1.002
535.73	0.979
536.07	0.961
536.41	0.952
536.74	0.947
537.08	0.965
537.42	0.988
537.76	1.021
538.10	1.054
538.43	1.076
538.77	1.088
539.11	1.121
539.45	1.154
539.79	1.176
540.12	1.198
540.46	1.214
540.80	1.199
541.14	1.198
541.47	1.184
541.81	1.163
542.15	1.133
542.49	1.125
542.82	1.087
543.16	1.053
543.50	1.017
543.84	0.972
544.17	0.940
544.51	0.907
544.85	0.878
545.18	0.869
545.52	0.836
545.86	0.831
546.20	0.793
546.53	0.779
546.87	0.751
547.21	0.710
547.54	0.684
547.88	0.625
548.22	0.615
548.55	0.595
548.89	0.556
549.23	0.551
549.56	0.533
549.90	0.523
550.24	0.526
550.57	0.526
550.91	0.534
551.25	0.534
551.58	0.560
551.92	0.537
552.26	0.531
552.59	0.536
552.93	0.522
553.27	0.498
553.60	0.511
553.94	0.510
554.27	0.473
554.61	0.471
554.95	0.458
555.28	0.439
555.62	0.439
555.95	0.432
556.29	0.419
556.63	0.432
556.96	0.435
557.30	0.438
557.63	0.435
557.97	0.465
558.31	0.454
558.64	0.452
558.98	0.459
559.31	0.482
559.65	0.491
559.98	0.502
560.32	0.506
560.65	0.527
560.99	0.515
561.33	0.524
561.66	0.537
562.00	0.550
562.33	0.588
562.67	0.615
563.00	0.619
563.34	0.651
563.67	0.666
564.01	0.693
564.34	0.721
564.68	0.752
565.01	0.774
565.35	0.792
565.68	0.819
566.02	0.834
566.35	0.824
566.69	0.830
567.02	0.825
567.36	0.823
567.69	0.822
568.03	0.812
568.36	0.809
568.69	0.797
569.03	0.805
569.36	0.818
569.70	0.813
570.03	0.823
570.37	0.831
570.70	0.838
571.04	0.845
571.37	0.822
571.70	0.838
572.04	0.828
572.37	0.833
572.71	0.824
573.04	0.820
573.37	0.816
573.71	0.815
574.04	0.814
574.38	0.793
574.71	0.774
575.04	0.759
575.38	0.746
575.71	0.768
576.05	0.783
576.38	0.764
576.71	0.723
577.05	0.689
577.38	0.664
577.71	0.643
578.05	0.641
578.38	0.629
578.71	0.616
579.05	0.579
579.38	0.546
579.71	0.495
580.05	0.479
580.38	0.484
580.71	0.481
581.05	0.479
581.38	0.478
581.71	0.468
582.05	0.489
582.38	0.516
582.71	0.506
583.04	0.501
583.38	0.508
583.71	0.527
584.04	0.523
584.38	0.555
584.71	0.572
585.04	0.576
585.37	0.612
585.71	0.633
586.04	0.662
586.37	0.695
586.70	0.727
587.04	0.764
587.37	0.776
587.70	0.793
588.03	0.812
588.37	0.849
588.70	0.867
589.03	0.863
589.36	0.836
589.69	0.816
590.03	0.836
590.36	0.806
590.69	0.805
591.02	0.809
591.35	0.818
591.69	0.824
592.02	0.803
592.35	0.806
592.68	0.815
593.01	0.849
593.35	0.897
593.68	0.913
594.01	0.941
594.34	0.945
594.67	0.957
595.00	0.962
595.34	0.939
595.67	0.944
596.00	0.939
596.33	0.942
596.66	0.926
596.99	0.899
597.32	0.863
597.65	0.848
597.99	0.814
598.32	0.813
598.65	0.818
598.98	0.834
599.31	0.838
599.64	0.851
599.97	0.833
600.30	0.864
600.63	0.876
600.96	0.909
601.30	0.911
601.63	0.938
601.96	0.945
602.29	0.955
602.62	0.974
602.95	0.985
603.28	0.992
603.61	1.018
603.94	1.006
604.27	0.996
604.60	0.960
604.93	0.968
605.26	0.966
605.59	0.943
605.92	0.914
606.25	0.885
606.58	0.865
606.91	0.842
607.24	0.815
607.57	0.845
607.90	0.868
608.23	0.898
608.56	0.906
608.89	0.880
609.22	0.880
609.55	0.876
609.88	0.872
610.21	0.864
610.54	0.873
610.87	0.866
611.20	0.818
611.53	0.788
611.86	0.770
612.19	0.740
612.52	0.761
612.85	0.782
613.18	0.763
613.51	0.757
613.84	0.741
614.17	0.744
614.49	0.735
614.82	0.718
615.15	0.682
615.48	0.671
615.81	0.672
616.14	0.657
616.47	0.623
616.80	0.665
617.13	0.677
617.46	0.673
617.78	0.694
618.11	0.671
618.44	0.668
618.77	0.694
619.10	0.706
619.43	0.699
619.76	0.669
620.09	0.660
620.41	0.639
620.74	0.617
621.07	0.610
621.40	0.579
621.73	0.596
622.06	0.614
622.38	0.599
622.71	0.609
623.04	0.664
623.37	0.736
623.70	0.777
624.02	0.795
624.35	0.816
624.68	0.877
625.01	0.912
625.34	0.934
625.66	0.943
625.99	0.959
626.32	0.963
626.65	0.911
626.98	0.859
627.30	0.837
627.63	0.830
627.96	0.800
628.29	0.778
628.61	0.751
628.94	0.749
629.27	0.734
629.60	0.735
629.92	0.713
630.25	0.739
630.58	0.789
630.91	0.777
631.23	0.747
631.56	0.764
631.89	0.719
632.21	0.660
632.54	0.603
632.87	0.586
633.19	0.566
633.52	0.581
633.85	0.556
634.18	0.512
634.50	0.476
634.83	0.459
635.16	0.447
635.48	0.447
635.81	0.489
636.14	0.526
636.46	0.504
636.79	0.504
637.11	0.502
637.44	0.464
637.77	0.461
638.09	0.498
638.42	0.515
638.75	0.507
639.07	0.498
639.40	0.467
639.73	0.468
640.05	0.498
640.38	0.460
640.70	0.410
641.03	0.414
641.36	0.412
641.68	0.380
642.01	0.404
642.33	0.441
642.66	0.427
642.98	0.464
643.31	0.479
643.64	0.501
643.96	0.571
644.29	0.585
644.61	0.611
644.94	0.613
645.26	0.632
645.59	0.579
645.91	0.578
646.24	0.643
646.56	0.672
646.89	0.659
647.22	0.632
647.54	0.633
647.87	0.618
648.19	0.599
648.52	0.618
648.84	0.602
649.17	0.703
649.49	0.687
649.82	0.653
650.14	0.596
650.47	0.593
650.79	0.554
651.11	0.495
651.44	0.539
651.76	0.541
652.09	0.499
652.41	0.578
652.74	0.535
653.06	0.535
653.39	0.515
653.71	0.503
654.04	0.518
654.36	0.625
654.68	0.673
655.01	0.668
655.33	0.668
655.66	0.694
655.98	0.666
656.30	0.673
656.63	0.683
656.95	0.710
657.28	0.772
657.60	0.777
657.92	0.722
658.25	0.690
658.57	0.721
658.90	0.776
659.22	0.738
659.54	0.665
659.87	0.620
660.19	0.585
660.51	0.565
660.84	0.496
661.16	0.471
661.48	0.471
661.81	0.442
662.13	0.370
662.45	0.356
662.78	0.386
663.10	0.423
663.42	0.363
663.75	0.364
664.07	0.363
664.39	0.368
664.72	0.346
665.04	0.335
665.36	0.359
665.69	0.337
666.01	0.280
666.33	0.246
666.65	0.307
666.98	0.373
667.30	0.336
667.62	0.321
667.94	0.353
668.27	0.357
668.59	0.329
668.91	0.359
669.23	0.392
669.56	0.401
669.88	0.408
670.20	0.311
670.52	0.263
670.85	0.292
671.17	0.306
671.49	0.277
671.81	0.254
672.13	0.334
672.46	0.248
672.78	0.209
673.10	0.236
673.42	0.292
673.74	0.379
674.07	0.468
674.39	0.425
674.71	0.439
675.03	0.497
675.35	0.593
675.67	0.550
676.00	0.607
676.32	0.687
676.64	0.650
676.96	0.720
677.28	0.681
677.60	0.651
677.92	0.698
678.25	0.730
678.57	0.686
678.89	0.651
679.21	0.619
679.53	0.598
679.85	0.497
680.17	0.505
680.49	0.455
680.81	0.419
681.13	0.436
681.46	0.439
681.78	0.411
682.10	0.418
682.42	0.417
682.74	0.503
683.06	0.534
683.38	0.549
683.70	0.596
684.02	0.566
684.34	0.603
684.66	0.596
684.98	0.616
685.30	0.604
685.62	0.640
685.94	0.679
686.26	0.642
686.58	0.652
686.90	0.723
687.22	0.757
687.54	0.700
687.86	0.745
688.18	0.818
688.50	0.815
688.82	0.801
689.14	0.796
689.46	0.741
689.78	0.698
690.10	0.696
690.42	0.728
690.74	0.655
691.06	0.732
691.38	0.708
691.70	0.655
692.02	0.666
692.34	0.677
692.66	0.647
692.98	0.625
693.30	0.690
693.62	0.717
693.94	0.738
694.26	0.742
694.57	0.759
694.89	0.785
695.21	0.760
695.53	0.802
695.85	0.824
696.17	0.831
696.49	0.861
696.81	0.866
697.13	0.857
697.44	0.829
697.76	0.842
698.08	0.853
698.40	0.823
698.72	0.827
699.04	0.793
699.36	0.832
699.67	0.798
699.99	0.790
700.31	0.753
700.63	0.718
700.95	0.677
701.27	0.625
701.58	0.563
701.90	0.526
702.22	0.529
702.54	0.450
702.86	0.309
703.17	0.370
703.49	0.377
703.81	0.350
704.13	0.308
704.45	0.313
704.76	0.352
705.08	0.377
705.40	0.483
705.72	0.425
706.03	0.449
706.35	0.505
706.67	0.437
706.99	0.432
707.30	0.525
707.62	0.598
707.94	0.600
708.26	0.626
708.57	0.602
708.89	0.562
709.21	0.628
709.53	0.658
709.84	0.644
710.16	0.684
710.48	0.709
710.79	0.643
711.11	0.559
711.43	0.598
711.74	0.594
712.06	0.677
712.38	0.713
712.69	0.803
713.01	0.813
713.33	0.928
713.64	0.956
713.96	1.012
714.28	0.989
714.59	1.152
714.91	1.218
715.23	1.275
715.54	1.217
715.86	1.199
716.17	1.113
716.49	1.143
716.81	1.066
717.12	1.062
717.44	1.031
717.76	1.157
718.07	1.092
718.39	1.109
718.70	1.100
719.02	1.065
719.33	1.071
719.65	1.122
719.97	1.036
720.28	1.024
720.60	0.996
720.91	0.976
721.23	0.979
721.54	0.995
721.86	1.074
722.17	1.122
722.49	1.256
722.81	1.267
723.12	1.289
723.44	1.393
723.75	1.279
724.07	1.386
724.38	1.305
724.70	1.303
725.01	1.367
725.33	1.037
725.64	1.029
725.96	0.892
726.27	0.847
726.59	0.756
726.90	0.770
727.22	0.825
727.53	0.840
727.84	0.879
728.16	0.890
728.47	0.793
728.79	0.886
729.10	0.939
729.42	0.945
729.73	0.866
730.05	0.824
730.36	0.732
730.67	0.778
730.99	0.631
731.30	0.582
731.62	0.484
731.93	0.487
732.24	0.527
732.56	0.446
732.87	0.487
733.19	0.566
733.50	0.607
733.81	0.418
734.13	0.427
734.44	0.484
734.76	0.559
735.07	0.569
735.38	0.400
735.70	0.443
736.01	0.412
736.32	0.348
736.64	0.277
736.95	0.155
737.26	0.248
737.58	0.144
737.89	0.095
738.20	0.016
738.52	-0.061
738.83	0.036
739.14	-0.129
739.45	-0.207
739.77	-0.304
740.08	-0.289
740.39	-0.221
740.71	-0.112
741.02	-0.191
741.33	-0.285
741.64	-0.384
741.96	-0.414
742.27	-0.656
742.58	-0.760
742.90	-0.917
743.21	-0.848
743.52	-0.674
743.83	-0.656
744.14	-0.846
744.46	-0.901
744.77	-1.031
745.08	-1.137
745.39	-1.127
745.71	-0.900
746.02	-0.814
746.33	-0.634
746.64	-0.688
746.95	-0.748
747.27	-0.652
747.58	-0.668
747.89	-0.672
748.20	-0.472
748.51	-0.315
748.82	-0.406
749.14	-0.563
749.45	-0.637
749.76	-0.671
750.07	-0.833
750.38	-0.957
750.69	-0.960
751.01	-0.798
751.32	-0.808
751.63	-0.830
751.94	-0.785
752.25	-0.702
752.56	-0.624
752.87	-0.648
753.18	-0.798
753.49	-0.720
753.81	-0.803
754.12	-0.897
754.43	-1.012
754.74	-0.816
755.05	-0.840
755.36	-0.715
755.67	-0.693
755.98	-0.378
756.29	-0.222
756.60	-0.048
756.91	0.270
757.22	0.446
757.53	0.581
757.84	0.917
758.15	1.056
758.46	1.432
758.77	1.454
759.09	1.606
759.40	1.502
759.71	1.797
760.02	1.922
760.33	1.950
760.64	1.973
760.95	2.100
761.26	1.967
761.57	1.810
761.88	1.690
762.18	1.594
762.49	1.558
762.80	1.669
763.11	1.471
763.42	1.422
763.73	1.345
764.04	1.152
764.35	0.947
764.66	0.780
764.97	0.671
765.28	0.424
765.59	0.287
765.90	0.048
766.21	-0.131
766.52	-0.221
766.83	-0.533
767.14	-0.981
767.44	-0.925
767.75	-1.130
768.06	-1.108
768.37	-1.113
768.68	-1.283
768.99	-1.553
769.30	-1.574
769.61	-1.853
769.91	-1.981
770.22	-1.931
770.53	-1.670
770.84	-1.750
771.15	-1.831
771.46	-2.065
771.77	-2.058
772.07	-1.895
772.38	-1.723
772.69	-2.031
773.00	-1.863
773.31	-1.925
773.61	-2.176
773.92	-2.505
774.23	-2.559
774.54	-2.440
774.85	-2.466
775.15	-2.568
775.46	-2.443
775.77	-2.203
776.08	-1.770
776.39	-2.103
776.69	-2.512
777.00	-2.552
777.31	-2.361
777.62	-2.389
777.92	-2.532
778.23	-2.459
778.54	-2.449
778.85	-2.986
779.15	-2.936
779.46	-3.115
779.77	-3.017
780.07	-2.398
780.38	-2.251
780.69	-1.872
781.00	-1.855
781.30	-1.772
781.61	-1.467
781.92	-1.112
782.22	-1.053
782.53	-1.450
782.84	-1.243
783.14	-1.119
783.45	-1.430
783.76	-1.451
784.06	-1.517
784.37	-1.352
784.68	-1.318
784.98	-1.689
785.29	-1.923
785.60	-1.677
785.90	-1.350
786.21	-1.572
786.51	-1.530
786.82	-1.535
787.13	-1.310
787.43	-1.300
787.74	-1.242
788.04	-1.229
788.35	-1.080
788.66	-1.089
788.96	-1.066
789.27	-1.191
789.57	-1.267
789.88	-1.307
790.19	-1.512
790.49	-1.501
790.80	-1.768
791.10	-2.155
791.41	-2.271
791.71	-2.221
792.02	-2.303
792.32	-2.164
792.63	-2.245
792.93	-1.869
793.24	-1.975
793.54	-1.642
793.85	-1.724
794.15	-1.698
794.46	-1.381
794.76	-1.141
795.07	-0.781
795.37	-0.816
795.68	-0.805
795.98	-0.923
796.29	-1.026
796.59	-0.832
796.90	-0.772
797.20	-0.704
797.51	-0.558
797.81	-0.476
798.12	-0.588
798.42	-1.004
798.72	-1.050
799.03	-1.026
799.33	-0.526
799.64	-0.528
799.94	-0.570
800.25	-0.398
800.55	-0.375
800.85	-0.647
801.16	-0.658
801.46	-0.711
801.77	-0.867
802.07	-0.634
802.37	-0.595
802.68	-0.943
802.98	-1.139
803.28	-1.102
803.59	-1.043
803.89	-1.273
804.20	-1.112
804.50	-1.464
804.80	-1.411
805.11	-1.212
805.41	-1.226
805.71	-1.368
806.02	-1.469
806.32	-1.193
806.62	-1.407
806.93	-1.343
807.23	-1.370
807.53	-1.250
807.83	-0.956
808.14	-0.930
808.44	-0.700
808.74	-0.563
809.05	-0.283
809.35	-0.298
809.65	-0.130
809.95	0.055
810.26	-0.312
810.56	0.015
810.86	-0.155
811.16	-0.272
811.47	-0.012
811.77	-0.419
812.07	-0.137
812.37	-0.358
812.68	0.258
812.98	-0.194
813.28	-0.413
813.58	-0.701
813.88	-0.832
814.19	-0.507
814.49	0.071
814.79	-0.129
815.09	0.232
815.39	-0.226
815.70	-0.110
816.00	-0.138
816.30	0.172
816.60	0.606
816.90	0.946
817.20	1.131
817.50	1.435
817.81	1.193
818.11	1.377
818.41	1.564
818.71	1.702
819.01	1.746
819.31	1.842
819.61	1.808
819.92	1.888
820.22	1.982
820.52	1.989
820.82	1.997
821.12	2.094
821.42	2.129
821.72	2.149
822.02	2.143
822.32	2.230
822.62	2.261
822.92	2.333
823.22	2.245
823.52	2.239
823.83	2.217
824.13	2.117
824.43	2.149
824.73	2.267
825.03	2.187
825.33	2.244
825.63	2.121
825.93	2.021
826.23	2.028
826.53	2.108
826.83	2.077
827.13	2.171
827.43	2.337
827.73	2.257
828.03	1.937
828.33	1.823
828.63	1.632
828.93	1.511
829.23	1.411
829.53	1.337
829.83	1.215
830.13	1.111
830.42	0.837
830.72	0.632
831.02	0.380
831.32	0.531
831.62	0.593
831.92	0.827
832.22	0.893
832.52	0.906
832.82	0.860
833.12	1.081
833.42	1.331
833.72	1.295
834.01	1.388
834.31	1.157
834.61	0.974
834.91	0.847
835.21	0.528
835.51	0.607
835.81	0.346
836.11	0.093
836.40	-0.569
836.70	-1.203
837.00	-1.180
837.30	-1.705
837.60	-1.578
837.90	-1.795
838.19	-1.439
838.49	-0.915
838.79	-0.731
839.09	-0.473
839.39	-0.197
839.68	0.121
839.98	0.187
840.28	0.772
840.58	1.215
840.88	1.552
841.17	1.725
841.47	1.498
841.77	1.263
842.07	-0.130
842.36	0.106
842.66	0.138
842.96	-0.096
843.26	0.155
843.55	-0.933
843.85	-2.070
844.15	-2.821
844.45	-3.836
844.74	-4.541
845.04	-5.387
845.34	-3.646
845.63	-4.609
845.93	-4.810
846.23	-4.501
846.53	-5.745
846.82	-4.441
847.12	-3.849
847.42	-2.778
847.71	-3.493
848.01	-2.772
848.31	-2.679
848.60	-3.188
848.90	-2.451
849.19	-2.221
849.49	-3.250
849.79	-2.238
850.08	-3.791
850.38	-4.323
850.68	-3.673
850.97	-2.518
851.27	-1.847
851.56	-0.742
851.86	-1.903
852.16	-3.798
852.45	-3.974
852.75	-2.017
853.04	-1.905
853.34	-1.659
853.64	-0.770
853.93	-2.556
854.23	-1.905
854.52	-1.456
854.82	-1.937
855.11	-0.829
855.41	2.783
855.70	0.948
856.00	-0.303
856.30	-0.115
856.59	0.056
856.89	-2.196
857.18	-1.052
857.48	-1.613
857.77	-3.010
858.07	-2.226
858.36	-2.370
858.66	-4.066
858.95	-4.084
859.25	-5.522
859.54	-6.006
859.84	-5.903
860.13	-3.768
860.42	-4.991
860.72	-5.017
861.01	-5.343
861.31	-7.676
861.60	-7.071
861.90	-7.527
862.19	-5.159
862.49	-5.084
862.78	-7.350
863.07	-8.006
863.37	-7.264
863.66	-6.426
863.96	-6.513
864.25	-4.295
864.54	-2.549
864.84	-2.592
865.13	-3.942
865.43	-4.714
865.72	7.548
866.01	1.781
866.31	1.417
866.60	-15.130
866.89	1.985
>>>>>End Spectral Data<<<<<
