180.30	0.000
180.67	0.000
181.03	239.603
181.40	91.420
181.77	17.664
182.14	19.938
182.51	1185.125
182.88	-30.910
183.25	199.557
183.62	19.790
183.99	148.195
184.36	25.513
184.73	95.643
185.10	11.844
185.46	50.811
185.83	115.628
186.20	-3.296
186.57	-430.648
186.94	-4023.997
187.31	-140.435
187.68	50.495
188.05	7.387
188.42	-41.507
188.78	-16.458
189.15	-9.374
189.52	-47.766
189.89	-8.040
190.26	-45.676
190.63	-46.764
191.00	-24.461
191.37	-42.739
191.73	-26.120
192.10	-25.439
192.47	178.539
192.84	119.162
193.21	1308.715
193.58	154.485
193.94	64.869
194.31	11.072
194.68	6.232
195.05	138.091
195.42	292.242
195.79	155.173
196.15	92.597
196.52	163.184
196.89	192.475
197.26	1584.816
197.63	-54.994
198.00	-54.964
198.36	-214.028
198.73	-221.392
199.10	-123.190
199.47	-154.667
199.84	-136.577
200.20	-78.300
200.57	-49.789
200.94	-85.703
201.31	-100.341
201.68	-89.902
202.04	-63.784
202.41	-47.979
202.78	-50.552
203.15	-135.301
203.51	-185.840
203.88	-159.753
204.25	-136.310
204.62	-244.564
204.98	-136.756
205.35	-63.702
205.72	-43.896
206.09	-177.586
206.46	-82.705
206.82	-51.612
207.19	-16.091
207.56	11.526
207.92	14.158
208.29	2.022
208.66	4.899
209.03	14.959
209.39	-1.153
209.76	-3.771
210.13	22.006
210.50	24.047
210.86	37.923
211.23	33.630
211.60	35.904
211.96	36.065
212.33	45.809
212.70	50.197
213.07	42.322
213.43	35.107
213.80	11.720
214.17	-21.427
214.53	-37.819
214.90	-60.167
215.27	-63.260
215.63	-78.806
216.00	-80.673
216.37	-69.575
216.74	-74.637
217.10	-45.407
217.47	-56.115
217.84	-26.069
218.20	-10.211
218.57	0.897
218.94	6.321
219.30	16.764
219.67	24.338
220.04	26.155
220.40	23.288
220.77	23.522
221.13	20.800
221.50	30.495
221.87	26.249
222.23	21.640
222.60	20.229
222.97	16.976
223.33	9.637
223.70	8.484
224.07	10.007
224.43	10.037
224.80	9.548
225.16	11.337
225.53	11.334
225.90	12.288
226.26	12.052
226.63	13.819
226.99	14.619
227.36	14.673
227.73	15.055
228.09	15.975
228.46	16.567
228.82	17.109
229.19	17.145
229.56	18.709
229.92	17.269
230.29	17.135
230.65	16.177
231.02	15.985
231.38	17.710
231.75	17.801
232.12	17.146
232.48	17.346
232.85	16.278
233.21	14.883
233.58	14.525
233.94	16.560
234.31	18.069
234.68	18.975
235.04	17.325
235.41	16.756
235.77	15.909
236.14	15.682
236.50	14.758
236.87	15.276
237.23	15.780
237.60	15.913
237.96	15.059
238.33	14.178
238.69	13.962
239.06	13.966
239.42	13.777
239.79	13.794
240.15	13.788
240.52	13.985
240.88	14.145
241.25	14.162
241.61	13.966
241.98	14.199
242.34	13.976
242.71	13.975
243.07	14.225
243.44	14.067
243.80	14.063
244.17	13.982
244.53	13.810
244.90	13.908
245.26	13.779
245.63	13.744
245.99	14.004
246.36	14.180
246.72	14.135
247.09	14.270
247.45	14.543
247.81	14.883
248.18	15.074
248.54	15.367
248.91	15.089
249.27	15.237
249.64	15.034
250.00	14.170
250.36	14.154
250.73	14.244
251.09	14.126
251.46	14.167
251.82	13.881
252.19	14.050
252.55	13.866
252.91	13.765
253.28	13.489
253.64	13.647
254.01	13.806
254.37	13.865
254.73	13.389
255.10	13.007
255.46	12.865
255.83	12.714
256.19	12.613
256.55	12.781
256.92	12.783
257.28	13.082
257.65	13.233
258.01	13.409
258.37	13.363
258.74	13.506
259.10	13.591
259.46	13.673
259.83	13.744
260.19	13.754
260.55	13.739
260.92	13.527
261.28	13.336
261.64	13.049
262.01	12.728
262.37	12.619
262.73	12.522
263.10	12.087
263.46	11.625
263.82	11.957
264.19	11.856
264.55	11.618
264.91	12.234
265.28	12.323
265.64	12.313
266.00	12.578
266.37	12.539
266.73	12.540
267.09	12.917
267.46	12.974
267.82	12.523
268.18	12.284
268.54	12.288
268.91	12.324
269.27	12.189
269.63	12.559
270.00	12.171
270.36	12.140
270.72	12.215
271.08	12.083
271.45	12.002
271.81	11.893
272.17	12.138
272.53	12.126
272.90	11.998
273.26	12.073
273.62	11.694
273.98	11.910
274.35	11.885
274.71	11.595
275.07	11.587
275.43	11.748
275.80	11.887
276.16	11.825
276.52	11.923
276.88	11.898
277.25	11.634
277.61	11.848
277.97	11.982
278.33	12.110
278.69	12.116
279.06	12.103
279.42	11.826
279.78	11.894
280.14	11.897
280.50	12.158
280.87	12.174
281.23	12.317
281.59	12.333
281.95	12.339
282.31	12.324
282.68	12.282
283.04	12.579
283.40	12.701
283.76	12.551
284.12	12.546
284.48	12.352
284.85	12.381
285.21	12.295
285.57	12.105
285.93	11.979
286.29	11.933
286.65	12.178
287.02	12.011
287.38	12.068
287.74	12.182
288.10	12.027
288.46	12.073
288.82	12.030
289.18	12.225
289.54	12.312
289.91	12.379
290.27	12.411
290.63	12.136
290.99	12.137
291.35	12.099
291.71	12.013
292.07	12.365
292.43	12.317
292.79	12.355
293.16	12.339
293.52	12.609
293.88	12.683
294.24	12.819
294.60	13.082
294.96	13.286
295.32	13.599
295.68	13.906
296.04	13.936
296.40	14.134
296.76	14.219
297.12	14.388
297.49	14.478
297.85	14.703
298.21	14.873
298.57	15.226
298.93	15.491
299.29	15.628
299.65	15.875
300.01	16.130
300.37	16.283
300.73	16.907
301.09	17.157
301.45	17.450
301.81	17.783
302.17	18.026
302.53	18.217
302.89	18.490
303.25	18.781
303.61	19.026
303.97	19.358
304.33	19.580
304.69	19.443
305.05	19.787
305.41	20.067
305.77	20.116
306.13	20.287
306.49	20.193
306.85	20.108
307.21	20.182
307.57	20.354
307.93	20.350
308.29	20.526
308.65	20.792
309.01	20.736
309.37	20.665
309.73	20.758
310.09	20.970
310.45	21.231
310.81	21.334
311.17	21.330
311.53	21.215
311.89	21.361
312.25	21.405
312.61	21.339
312.96	21.512
313.32	21.493
313.68	21.501
314.04	21.478
314.40	21.429
314.76	21.563
315.12	21.564
315.48	21.709
315.84	21.583
316.20	21.645
316.56	21.714
316.92	21.598
317.27	21.677
317.63	21.658
317.99	21.515
318.35	21.448
318.71	21.399
319.07	21.368
319.43	21.138
319.79	21.206
320.15	21.081
320.50	20.972
320.86	20.996
321.22	20.934
321.58	21.006
321.94	20.897
322.30	20.782
322.66	20.739
323.01	20.655
323.37	20.623
323.73	20.482
324.09	20.540
324.45	20.528
324.81	20.520
325.17	20.550
325.52	20.519
325.88	20.600
326.24	20.606
326.60	20.512
326.96	20.495
327.31	20.502
327.67	20.435
328.03	20.285
328.39	20.237
328.75	20.128
329.11	20.047
329.46	19.963
329.82	19.798
330.18	19.732
330.54	19.685
330.90	19.707
331.25	19.652
331.61	19.672
331.97	19.712
332.33	19.773
332.68	19.807
333.04	19.673
333.40	19.672
333.76	19.626
334.11	19.612
334.47	19.656
334.83	19.605
335.19	19.655
335.54	19.593
335.90	19.484
336.26	19.437
336.62	19.397
336.97	19.479
337.33	19.470
337.69	19.489
338.05	19.503
338.40	19.370
338.76	19.391
339.12	19.303
339.48	19.311
339.83	19.347
340.19	19.190
340.55	19.112
340.90	19.169
341.26	19.158
341.62	19.192
341.97	19.185
342.33	19.255
342.69	19.113
343.04	19.151
343.40	19.133
343.76	19.084
344.12	19.050
344.47	19.081
344.83	18.969
345.19	18.814
345.54	18.793
345.90	18.779
346.26	18.708
346.61	18.840
346.97	18.791
347.32	18.763
347.68	18.697
348.04	18.658
348.39	18.544
348.75	18.561
349.11	18.576
349.46	18.535
349.82	18.423
350.18	18.389
350.53	18.219
350.89	18.129
351.24	18.152
351.60	18.146
351.96	18.244
352.31	18.260
352.67	18.202
353.02	18.131
353.38	18.082
353.74	18.144
354.09	18.133
354.45	18.176
354.80	18.250
355.16	18.254
355.52	18.228
355.87	18.157
356.23	18.087
356.58	18.009
356.94	18.048
357.29	17.968
357.65	17.886
358.00	17.910
358.36	17.815
358.72	17.778
359.07	17.699
359.43	17.689
359.78	17.541
360.14	17.549
360.49	17.490
360.85	17.441
361.20	17.488
361.56	17.461
361.91	17.349
362.27	17.405
362.62	17.382
362.98	17.350
363.33	17.315
363.69	17.410
364.04	17.370
364.40	17.362
364.75	17.316
365.11	17.316
365.46	17.246
365.82	17.253
366.17	17.166
366.53	17.079
366.88	17.043
367.24	17.005
367.59	16.939
367.95	16.842
368.30	16.822
368.66	16.789
369.01	16.679
369.37	16.696
369.72	16.616
370.08	16.602
370.43	16.642
370.78	16.613
371.14	16.647
371.49	16.625
371.85	16.672
372.20	16.712
372.56	16.710
372.91	16.697
373.26	16.704
373.62	16.668
373.97	16.654
374.33	16.594
374.68	16.601
375.03	16.534
375.39	16.513
375.74	16.503
376.10	16.371
376.45	16.341
376.80	16.343
377.16	16.299
377.51	16.297
377.87	16.287
378.22	16.253
378.57	16.189
378.93	16.136
379.28	16.075
379.63	16.043
379.99	16.038
380.34	16.025
380.70	15.958
381.05	15.922
381.40	15.891
381.76	15.892
382.11	15.841
382.46	15.815
382.82	15.779
383.17	15.776
383.52	15.728
383.88	15.714
384.23	15.637
384.58	15.583
384.94	15.528
385.29	15.522
385.64	15.460
385.99	15.507
386.35	15.502
386.70	15.479
387.05	15.450
387.41	15.417
387.76	15.378
388.11	15.407
388.47	15.438
388.82	15.438
389.17	15.418
389.52	15.390
389.88	15.370
390.23	15.328
390.58	15.321
390.93	15.361
391.29	15.340
391.64	15.382
391.99	15.360
392.34	15.345
392.70	15.343
393.05	15.348
393.40	15.296
393.75	15.221
394.11	15.224
394.46	15.192
394.81	15.094
395.16	15.028
395.52	14.956
395.87	14.913
396.22	14.849
396.57	14.741
396.92	14.686
397.28	14.685
397.63	14.649
397.98	14.551
398.33	14.512
398.68	14.478
399.04	14.492
399.39	14.453
399.74	14.351
400.09	14.304
400.44	14.299
400.80	14.232
401.15	14.213
401.50	14.190
401.85	14.228
402.20	14.190
402.55	14.164
402.90	14.149
403.26	14.124
403.61	14.147
403.96	14.104
404.31	14.075
404.66	14.049
405.01	14.005
405.36	13.953
405.72	13.919
406.07	13.886
406.42	13.857
406.77	13.816
407.12	13.798
407.47	13.753
407.82	13.808
408.17	13.817
408.53	13.798
408.88	13.786
409.23	13.769
409.58	13.737
409.93	13.724
410.28	13.744
410.63	13.715
410.98	13.691
411.33	13.695
411.68	13.622
412.03	13.571
412.38	13.563
412.73	13.522
413.09	13.492
413.44	13.431
413.79	13.461
414.14	13.445
414.49	13.423
414.84	13.416
415.19	13.400
415.54	13.407
415.89	13.404
416.24	13.411
416.59	13.413
416.94	13.417
417.29	13.422
417.64	13.381
417.99	13.349
418.34	13.330
418.69	13.321
419.04	13.310
419.39	13.285
419.74	13.281
420.09	13.251
420.44	13.226
420.79	13.204
421.14	13.191
421.49	13.168
421.84	13.161
422.19	13.154
422.54	13.145
422.89	13.120
423.24	13.106
423.59	13.082
423.94	13.099
424.29	13.084
424.64	13.084
424.99	13.054
425.34	13.072
425.68	13.048
426.03	13.039
426.38	13.024
426.73	13.022
427.08	13.041
427.43	13.064
427.78	13.055
428.13	13.075
428.48	13.077
428.83	13.102
429.18	13.084
429.53	13.084
429.87	13.086
430.22	13.079
430.57	13.071
430.92	13.049
431.27	13.028
431.62	12.992
431.97	12.946
432.32	12.915
432.67	12.895
433.01	12.869
433.36	12.857
433.71	12.830
434.06	12.794
434.41	12.766
434.76	12.759
435.11	12.717
435.45	12.718
435.80	12.735
436.15	12.759
436.50	12.771
436.85	12.765
437.20	12.737
437.54	12.758
437.89	12.762
438.24	12.768
438.59	12.742
438.94	12.734
439.29	12.720
439.63	12.718
439.98	12.677
440.33	12.629
440.68	12.622
441.03	12.635
441.37	12.605
441.72	12.606
442.07	12.586
442.42	12.594
442.76	12.606
443.11	12.616
443.46	12.607
443.81	12.603
444.16	12.609
444.50	12.599
444.85	12.564
445.20	12.561
445.55	12.514
445.89	12.514
446.24	12.469
446.59	12.441
446.94	12.390
447.28	12.354
447.63	12.311
447.98	12.286
448.32	12.244
448.67	12.234
449.02	12.182
449.37	12.156
449.71	12.132
450.06	12.142
450.41	12.122
450.75	12.133
451.10	12.118
451.45	12.153
451.79	12.145
452.14	12.149
452.49	12.141
452.84	12.162
453.18	12.152
453.53	12.142
453.88	12.134
454.22	12.138
454.57	12.107
454.92	12.134
455.26	12.111
455.61	12.124
455.95	12.143
456.30	12.180
456.65	12.172
456.99	12.221
457.34	12.218
457.69	12.192
458.03	12.199
458.38	12.202
458.73	12.174
459.07	12.150
459.42	12.126
459.76	12.099
460.11	12.054
460.46	12.046
460.80	12.014
461.15	11.996
461.49	11.998
461.84	11.987
462.19	11.973
462.53	11.967
462.88	11.972
463.22	11.969
463.57	11.977
463.91	11.965
464.26	11.954
464.61	11.933
464.95	11.933
465.30	11.939
465.64	11.912
465.99	11.920
466.33	11.906
466.68	11.905
467.02	11.881
467.37	11.863
467.71	11.834
468.06	11.819
468.41	11.808
468.75	11.802
469.10	11.775
469.44	11.756
469.79	11.705
470.13	11.699
470.48	11.675
470.82	11.676
471.17	11.651
471.51	11.664
471.86	11.655
472.20	11.620
472.55	11.579
472.89	11.547
473.23	11.533
473.58	11.529
473.92	11.493
474.27	11.469
474.61	11.458
474.96	11.442
475.30	11.423
475.65	11.392
475.99	11.392
476.34	11.388
476.68	11.430
477.02	11.418
477.37	11.403
477.71	11.401
478.06	11.417
478.40	11.448
478.75	11.556
479.09	11.656
479.43	11.773
479.78	11.886
480.12	11.985
480.47	12.059
480.81	12.128
481.15	12.200
481.50	12.290
481.84	12.409
482.19	12.534
482.53	12.606
482.87	12.588
483.22	12.471
483.56	12.381
483.90	12.317
484.25	12.255
484.59	12.225
484.94	12.161
485.28	12.083
485.62	11.951
485.97	11.786
486.31	11.648
486.65	11.617
487.00	11.688
487.34	11.723
487.68	11.719
488.03	11.705
488.37	11.658
488.71	11.625
489.06	11.584
489.40	11.557
489.74	11.536
490.09	11.506
490.43	11.456
490.77	11.408
491.11	11.354
491.46	11.303
491.80	11.252
492.14	11.204
492.49	11.185
492.83	11.155
493.17	11.107
493.51	11.044
493.86	10.998
494.20	10.968
494.54	10.946
494.88	10.961
495.23	10.979
495.57	10.977
495.91	10.978
496.25	10.961
496.60	10.954
496.94	10.947
497.28	10.952
497.62	10.917
497.97	10.895
498.31	10.882
498.65	10.839
498.99	10.824
499.33	10.828
499.68	10.819
500.02	10.809
500.36	10.771
500.70	10.757
501.04	10.730
501.39	10.742
501.73	10.740
502.07	10.745
502.41	10.742
502.75	10.737
503.09	10.726
503.44	10.713
503.78	10.722
504.12	10.734
504.46	10.738
504.80	10.749
505.14	10.746
505.49	10.739
505.83	10.747
506.17	10.758
506.51	10.736
506.85	10.723
507.19	10.730
507.53	10.740
507.87	10.751
508.22	10.726
508.56	10.727
508.90	10.737
509.24	10.710
509.58	10.684
509.92	10.676
510.26	10.659
510.60	10.650
510.94	10.622
511.28	10.597
511.63	10.570
511.97	10.576
512.31	10.552
512.65	10.517
512.99	10.553
513.33	10.577
513.67	10.584
514.01	10.607
514.35	10.622
514.69	10.655
515.03	10.648
515.37	10.663
515.71	10.671
516.05	10.689
516.39	10.700
516.73	10.676
517.07	10.649
517.41	10.632
517.75	10.616
518.09	10.595
518.43	10.546
518.77	10.539
519.11	10.499
519.45	10.466
519.79	10.410
520.13	10.364
520.47	10.346
520.81	10.350
521.15	10.354
521.49	10.364
521.83	10.366
522.17	10.387
522.51	10.388
522.85	10.428
523.19	10.491
523.53	10.596
523.87	10.722
524.21	10.832
524.55	10.903
524.89	10.963
525.23	11.016
525.57	11.071
525.91	11.120
526.25	11.176
526.58	11.208
526.92	11.230
527.26	11.224
527.60	11.195
527.94	11.152
528.28	11.109
528.62	11.059
528.96	11.027
529.30	10.980
529.64	10.938
529.97	10.878
530.31	10.821
530.65	10.765
530.99	10.711
531.33	10.680
531.67	10.674
532.01	10.666
532.35	10.666
532.68	10.623
533.02	10.608
533.36	10.571
533.70	10.529
534.04	10.489
534.38	10.459
534.71	10.447
535.05	10.418
535.39	10.365
535.73	10.320
536.07	10.310
536.41	10.344
536.74	10.363
537.08	10.408
537.42	10.442
537.76	10.486
538.10	10.518
538.43	10.539
538.77	10.556
539.11	10.591
539.45	10.629
539.79	10.642
540.12	10.636
540.46	10.619
540.80	10.584
541.14	10.564
541.47	10.550
541.81	10.518
542.15	10.475
542.49	10.448
542.82	10.384
543.16	10.342
543.50	10.272
543.84	10.202
544.17	10.171
544.51	10.137
544.85	10.111
545.18	10.082
545.52	10.037
545.86	10.022
546.20	9.971
546.53	9.947
546.87	9.897
547.21	9.888
547.54	9.893
547.88	9.868
548.22	9.865
548.55	9.860
548.89	9.841
549.23	9.855
549.56	9.851
549.90	9.848
550.24	9.852
550.57	9.865
550.91	9.882
551.25	9.860
551.58	9.867
551.92	9.829
552.26	9.783
552.59	9.770
552.93	9.748
553.27	9.700
553.60	9.697
553.94	9.689
554.27	9.656
554.61	9.627
554.95	9.606
555.28	9.587
555.62	9.598
555.95	9.616
556.29	9.601
556.63	9.605
556.96	9.626
557.30	9.636
557.63	9.637
557.97	9.628
558.31	9.637
558.64	9.653
558.98	9.637
559.31	9.648
559.65	9.658
559.98	9.677
560.32	9.688
560.65	9.696
560.99	9.694
561.33	9.730
561.66	9.763
562.00	9.770
562.33	9.808
562.67	9.830
563.00	9.838
563.34	9.885
563.67	9.883
564.01	9.883
564.34	9.893
564.68	9.920
565.01	9.915
565.35	9.907
565.68	9.898
566.02	9.849
566.35	9.846
566.69	9.851
567.02	9.823
567.36	9.829
567.69	9.828
568.03	9.829
568.36	9.822
568.69	9.816
569.03	9.839
569.36	9.871
569.70	9.892
570.03	9.903
570.37	9.921
570.70	9.927
571.04	9.917
571.37	9.907
571.70	9.900
572.04	9.868
572.37	9.881
572.71	9.875
573.04	9.855
573.37	9.849
573.71	9.846
574.04	9.828
574.38	9.821
574.71	9.806
575.04	9.797
575.38	9.807
575.71	9.825
576.05	9.810
576.38	9.767
576.71	9.754
577.05	9.739
577.38	9.699
577.71	9.654
578.05	9.622
578.38	9.650
578.71	9.663
579.05	9.639
579.38	9.627
579.71	9.607
580.05	9.612
580.38	9.604
580.71	9.590
581.05	9.605
581.38	9.650
581.71	9.657
582.05	9.643
582.38	9.635
582.71	9.625
583.04	9.589
583.38	9.591
583.71	9.636
584.04	9.635
584.38	9.675
584.71	9.692
585.04	9.676
585.37	9.687
585.71	9.674
586.04	9.693
586.37	9.723
586.70	9.755
587.04	9.780
587.37	9.777
587.70	9.776
588.03	9.786
588.37	9.788
588.70	9.800
589.03	9.794
589.36	9.825
589.69	9.814
590.03	9.836
590.36	9.829
590.69	9.811
591.02	9.798
591.35	9.828
591.69	9.849
592.02	9.877
592.35	9.899
592.68	9.918
593.01	9.911
593.35	9.942
593.68	9.922
594.01	9.973
594.34	10.007
594.67	10.007
595.00	9.978
595.34	9.951
595.67	9.947
596.00	9.917
596.33	9.906
596.66	9.857
596.99	9.833
597.32	9.827
597.65	9.766
597.99	9.733
598.32	9.704
598.65	9.718
598.98	9.755
599.31	9.773
599.64	9.776
599.97	9.764
600.30	9.849
600.63	9.862
600.96	9.900
601.30	9.921
601.63	9.913
601.96	9.969
602.29	9.986
602.62	9.978
602.95	9.951
603.28	9.990
603.61	10.021
603.94	9.995
604.27	9.982
604.60	9.957
604.93	9.985
605.26	9.985
605.59	9.956
605.92	9.938
606.25	9.913
606.58	9.902
606.91	9.865
607.24	9.844
607.57	9.863
607.90	9.879
608.23	9.876
608.56	9.847
608.89	9.853
609.22	9.849
609.55	9.822
609.88	9.819
610.21	9.795
610.54	9.762
610.87	9.739
611.20	9.673
611.53	9.621
611.86	9.613
612.19	9.605
612.52	9.586
612.85	9.587
613.18	9.586
613.51	9.595
613.84	9.633
614.17	9.681
614.49	9.687
614.82	9.704
615.15	9.737
615.48	9.739
615.81	9.752
616.14	9.786
616.47	9.732
616.80	9.774
617.13	9.765
617.46	9.750
617.78	9.768
618.11	9.748
618.44	9.770
618.77	9.761
619.10	9.752
619.43	9.716
619.76	9.656
620.09	9.682
620.41	9.651
620.74	9.626
621.07	9.644
621.40	9.626
621.73	9.683
622.06	9.701
622.38	9.698
622.71	9.716
623.04	9.743
623.37	9.805
623.70	9.843
624.02	9.830
624.35	9.874
624.68	9.906
625.01	9.919
625.34	9.928
625.66	9.922
625.99	9.915
626.32	9.917
626.65	9.922
626.98	9.892
627.30	9.858
627.63	9.880
627.96	9.842
628.29	9.818
628.61	9.799
628.94	9.799
629.27	9.789
629.60	9.791
629.92	9.768
630.25	9.777
630.58	9.830
630.91	9.826
631.23	9.817
631.56	9.804
631.89	9.789
632.21	9.767
632.54	9.753
632.87	9.692
633.19	9.722
633.52	9.726
633.85	9.666
634.18	9.598
634.50	9.578
634.83	9.562
635.16	9.606
635.48	9.582
635.81	9.552
636.14	9.518
636.46	9.553
636.79	9.501
637.11	9.487
637.44	9.479
637.77	9.458
638.09	9.475
638.42	9.509
638.75	9.455
639.07	9.443
639.40	9.477
639.73	9.471
640.05	9.480
640.38	9.516
640.70	9.474
641.03	9.484
641.36	9.514
641.68	9.523
642.01	9.513
642.33	9.549
642.66	9.555
642.98	9.567
643.31	9.547
643.64	9.527
643.96	9.550
644.29	9.606
644.61	9.608
644.94	9.605
645.26	9.584
645.59	9.520
645.91	9.538
646.24	9.590
646.56	9.609
646.89	9.640
647.22	9.634
647.54	9.633
647.87	9.600
648.19	9.662
648.52	9.672
648.84	9.662
649.17	9.761
649.49	9.690
649.82	9.613
650.14	9.549
650.47	9.524
650.79	9.503
651.11	9.451
651.44	9.453
651.76	9.417
652.09	9.400
652.41	9.475
652.74	9.405
653.06	9.454
653.39	9.428
653.71	9.452
654.04	9.490
654.36	9.573
654.68	9.604
655.01	9.653
655.33	9.668
655.66	9.638
655.98	9.628
656.30	9.676
656.63	9.670
656.95	9.719
657.28	9.724
657.60	9.703
657.92	9.627
658.25	9.584
658.57	9.586
658.90	9.607
659.22	9.585
659.54	9.508
659.87	9.457
660.19	9.423
660.51	9.397
660.84	9.394
661.16	9.398
661.48	9.394
661.81	9.420
662.13	9.341
662.45	9.276
662.78	9.325
663.10	9.333
663.42	9.283
663.75	9.272
664.07	9.271
664.39	9.305
664.72	9.279
665.04	9.270
665.36	9.242
665.69	9.269
666.01	9.274
666.33	9.223
666.65	9.218
666.98	9.222
667.30	9.232
667.62	9.274
667.94	9.290
668.27	9.305
668.59	9.329
668.91	9.331
669.23	9.334
669.56	9.322
669.88	9.378
670.20	9.351
670.52	9.348
670.85	9.391
671.17	9.365
671.49	9.288
671.81	9.247
672.13	9.309
672.46	9.303
672.78	9.304
673.10	9.337
673.42	9.339
673.74	9.427
674.07	9.488
674.39	9.406
674.71	9.365
675.03	9.383
675.35	9.472
675.67	9.420
676.00	9.447
676.32	9.495
676.64	9.534
676.96	9.596
677.28	9.546
677.60	9.564
677.92	9.648
678.25	9.730
678.57	9.750
678.89	9.731
679.21	9.717
679.53	9.742
679.85	9.699
680.17	9.678
680.49	9.729
680.81	9.798
681.13	9.753
681.46	9.729
681.78	9.684
682.10	9.656
682.42	9.629
682.74	9.740
683.06	9.742
683.38	9.706
683.70	9.753
684.02	9.697
684.34	9.679
684.66	9.747
684.98	9.766
685.30	9.821
685.62	9.883
685.94	9.925
686.26	9.875
686.58	9.819
686.90	9.857
687.22	9.777
687.54	9.670
687.86	9.661
688.18	9.688
688.50	9.725
688.82	9.681
689.14	9.636
689.46	9.582
689.78	9.510
690.10	9.549
690.42	9.539
690.74	9.476
691.06	9.495
691.38	9.463
691.70	9.431
692.02	9.376
692.34	9.414
692.66	9.440
692.98	9.482
693.30	9.569
693.62	9.642
693.94	9.713
694.26	9.883
694.57	10.011
694.89	10.112
695.21	10.069
695.53	10.081
695.85	10.062
696.17	10.088
696.49	10.125
696.81	10.108
697.13	10.082
697.44	10.124
697.76	10.045
698.08	10.018
698.40	9.981
698.72	9.931
699.04	9.905
699.36	9.881
699.67	9.827
699.99	9.746
700.31	9.716
700.63	9.699
700.95	9.545
701.27	9.506
701.58	9.384
701.90	9.271
702.22	9.387
702.54	9.356
702.86	9.266
703.17	9.299
703.49	9.408
703.81	9.389
704.13	9.296
704.45	9.333
704.76	9.367
705.08	9.388
705.40	9.541
705.72	9.493
706.03	9.547
706.35	9.668
706.67	9.570
706.99	9.402
707.30	9.475
707.62	9.530
707.94	9.630
708.26	9.548
708.57	9.591
708.89	9.445
709.21	9.491
709.53	9.510
709.84	9.485
710.16	9.615
710.48	9.632
710.79	9.603
711.11	9.585
711.43	9.584
711.74	9.616
712.06	9.645
712.38	9.724
712.69	9.737
713.01	9.769
713.33	9.868
713.64	9.861
713.96	10.085
714.28	10.124
714.59	10.282
714.91	10.316
715.23	10.510
715.54	10.498
715.86	10.517
716.17	10.549
716.49	10.582
716.81	10.515
717.12	10.521
717.44	10.458
717.76	10.510
718.07	10.464
718.39	10.373
718.70	10.234
719.02	10.219
719.33	10.315
719.65	10.411
719.97	10.306
720.28	10.340
720.60	10.294
720.91	10.189
721.23	10.123
721.54	10.066
721.86	10.026
722.17	10.181
722.49	10.297
722.81	10.298
723.12	10.134
723.44	10.293
723.75	10.175
724.07	10.229
724.38	10.164
724.70	10.272
725.01	10.298
725.33	10.319
725.64	10.288
725.96	10.175
726.27	10.094
726.59	10.145
726.90	10.001
727.22	10.022
727.53	10.097
727.84	10.267
728.16	10.193
728.47	10.146
728.79	10.130
729.10	10.040
729.42	10.210
729.73	10.124
730.05	10.043
730.36	10.113
730.67	10.088
730.99	9.928
731.30	9.766
731.62	9.776
731.93	9.657
732.24	9.706
732.56	9.828
732.87	9.603
733.19	9.681
733.50	9.699
733.81	9.532
734.13	9.647
734.44	9.653
734.76	9.767
735.07	9.616
735.38	9.663
735.70	9.550
736.01	9.442
736.32	9.363
736.64	9.304
736.95	9.091
737.26	9.170
737.58	8.989
737.89	8.974
738.20	8.918
738.52	9.042
738.83	9.162
739.14	9.186
739.45	9.199
739.77	9.218
740.08	9.258
740.39	9.540
740.71	9.497
741.02	9.566
741.33	9.463
741.64	9.415
741.96	9.367
742.27	9.078
742.58	8.972
742.90	8.736
743.21	8.880
743.52	8.890
743.83	8.819
744.14	8.785
744.46	8.718
744.77	8.607
745.08	8.569
745.39	8.580
745.71	8.754
746.02	8.900
746.33	8.848
746.64	8.404
746.95	8.199
747.27	8.194
747.58	8.225
747.89	8.189
748.20	8.449
748.51	8.388
748.82	8.334
749.14	8.277
749.45	8.362
749.76	8.456
750.07	8.585
750.38	8.685
750.69	8.685
751.01	8.755
751.32	8.780
751.63	8.696
751.94	8.734
752.25	8.753
752.56	8.816
752.87	8.551
753.18	8.590
753.49	8.808
753.81	8.741
754.12	8.929
754.43	8.823
754.74	8.806
755.05	8.817
755.36	8.735
755.67	8.662
755.98	8.785
756.29	8.949
756.60	9.128
756.91	9.243
757.22	9.574
757.53	9.309
757.84	9.530
758.15	9.918
758.46	10.285
758.77	10.527
759.09	10.722
759.40	10.778
759.71	11.137
760.02	11.188
760.33	11.235
760.64	11.263
760.95	11.611
761.26	11.633
761.57	11.525
761.88	11.398
762.18	11.334
762.49	11.311
762.80	11.297
763.11	10.983
763.42	10.823
763.73	10.699
764.04	10.385
764.35	10.172
764.66	10.056
764.97	9.882
765.28	9.689
765.59	9.576
765.90	9.480
766.21	9.361
766.52	9.440
766.83	9.281
767.14	9.175
767.44	9.241
767.75	8.927
768.06	8.786
768.37	8.686
768.68	8.770
768.99	8.439
769.30	7.993
769.61	7.957
769.91	7.707
770.22	7.711
770.53	7.690
770.84	7.641
771.15	7.639
771.46	7.544
771.77	7.336
772.07	7.018
772.38	7.266
772.69	7.391
773.00	7.338
773.31	7.433
773.61	7.614
773.92	7.294
774.23	7.310
774.54	7.425
774.85	7.346
775.15	7.550
775.46	7.671
775.77	7.481
776.08	7.645
776.39	7.394
776.69	7.252
777.00	6.972
777.31	7.188
777.62	7.522
777.92	7.470
778.23	7.378
778.54	7.269
778.85	7.002
779.15	7.250
779.46	7.223
779.77	7.267
780.07	7.488
780.38	7.754
780.69	8.408
781.00	7.908
781.30	7.745
781.61	7.742
781.92	8.037
782.22	8.127
782.53	8.026
782.84	7.891
783.14	8.335
783.45	8.252
783.76	8.297
784.06	7.892
784.37	8.194
784.68	8.547
784.98	8.662
785.29	8.598
785.60	8.795
785.90	9.021
786.21	9.070
786.51	9.152
786.82	9.191
787.13	9.138
787.43	9.305
787.74	9.613
788.04	9.656
788.35	9.849
788.66	9.844
788.96	9.863
789.27	9.794
789.57	9.961
789.88	9.836
790.19	9.702
790.49	9.813
790.80	9.805
791.10	9.375
791.41	9.044
791.71	8.907
792.02	8.856
792.32	8.912
792.63	8.810
792.93	9.038
793.24	8.631
793.54	8.731
793.85	8.527
794.15	8.311
794.46	8.565
794.76	8.762
795.07	8.831
795.37	9.003
795.68	8.962
795.98	9.136
796.29	8.923
796.59	9.254
796.90	9.194
797.20	9.423
797.51	9.456
797.81	9.384
798.12	9.558
798.42	9.546
798.72	9.197
799.03	9.361
799.33	9.548
799.64	9.396
799.94	9.422
800.25	9.632
800.55	9.410
800.85	9.081
801.16	9.281
801.46	8.902
801.77	8.645
802.07	8.968
802.37	8.930
802.68	8.813
802.98	8.786
803.28	8.731
803.59	8.799
803.89	9.096
804.20	9.263
804.50	8.791
804.80	8.856
805.11	9.010
805.41	8.723
805.71	8.454
806.02	8.306
806.32	8.350
806.62	8.208
806.93	8.222
807.23	8.091
807.53	8.253
807.83	8.534
808.14	8.856
808.44	8.659
808.74	8.857
809.05	9.096
809.35	9.238
809.65	9.479
809.95	9.173
810.26	8.806
810.56	8.862
810.86	8.859
811.16	8.584
811.47	8.902
811.77	9.240
812.07	9.441
812.37	9.673
812.68	9.410
812.98	9.278
813.28	9.531
813.58	9.784
813.88	9.549
814.19	9.809
814.49	9.879
814.79	9.412
815.09	9.872
815.39	9.700
815.70	9.943
816.00	10.646
816.30	10.812
816.60	11.421
816.90	11.493
817.20	11.738
817.50	11.922
817.81	12.220
818.11	12.398
818.41	12.528
818.71	12.727
819.01	12.511
819.31	12.471
819.61	12.407
819.92	12.399
820.22	12.455
820.52	12.511
820.82	12.534
821.12	12.561
821.42	12.568
821.72	12.488
822.02	12.412
822.32	12.462
822.62	12.409
822.92	12.468
823.22	12.334
823.52	12.320
823.83	12.253
824.13	12.121
824.43	12.049
824.73	12.052
825.03	11.992
825.33	12.075
825.63	12.001
825.93	12.028
826.23	11.886
826.53	11.984
826.83	11.837
827.13	11.847
827.43	12.051
827.73	11.900
828.03	11.676
828.33	11.564
828.63	11.444
828.93	11.276
829.23	11.118
829.53	11.187
829.83	11.244
830.13	11.502
830.42	11.400
830.72	11.126
831.02	11.001
831.32	11.127
831.62	11.379
831.92	11.410
832.22	11.624
832.52	11.706
832.82	11.607
833.12	11.541
833.42	11.275
833.72	11.218
834.01	11.267
834.31	11.332
834.61	11.362
834.91	11.092
835.21	10.640
835.51	10.368
835.81	10.178
836.11	10.396
836.40	10.265
836.70	10.272
837.00	9.920
837.30	9.592
837.60	9.967
837.90	9.698
838.19	9.916
838.49	10.993
838.79	11.153
839.09	10.794
839.39	10.024
839.68	10.034
839.98	10.127
840.28	10.607
840.58	10.814
840.88	10.125
841.17	9.946
841.47	9.750
841.77	9.364
842.07	8.847
842.36	9.497
842.66	10.429
842.96	10.338
843.26	10.097
843.55	10.072
843.85	9.048
844.15	8.409
844.45	7.466
844.74	7.735
845.04	6.261
845.34	5.852
845.63	4.354
845.93	3.512
846.23	3.536
846.53	3.038
846.82	2.944
847.12	4.137
847.42	5.835
847.71	6.278
848.01	4.977
848.31	5.238
848.60	6.131
848.90	6.825
849.19	7.569
849.49	7.437
849.79	8.054
850.08	6.932
850.38	6.555
850.68	6.249
850.97	7.078
851.27	8.612
851.56	9.253
851.86	7.596
852.16	6.428
852.45	6.311
852.75	5.966
853.04	6.051
853.34	6.777
853.64	6.621
853.93	6.460
854.23	5.641
854.52	4.487
854.82	3.960
855.11	5.182
855.41	7.255
855.70	6.608
856.00	6.276
856.30	7.278
856.59	6.599
856.89	4.710
857.18	4.115
857.48	4.592
857.77	4.164
858.07	4.172
858.36	4.300
858.66	1.737
858.95	1.225
859.25	0.116
859.54	-1.970
859.84	-1.030
860.13	0.784
860.42	-0.630
860.72	-0.387
861.01	-1.055
861.31	-1.866
861.60	-2.549
861.90	-2.262
862.19	-1.019
862.49	0.047
862.78	-0.535
863.07	-0.523
863.37	0.741
863.66	2.934
863.96	3.162
864.25	6.218
864.54	6.581
864.84	7.774
865.13	7.336
865.43	7.635
865.72	20.428
866.01	5.989
866.31	6.054
866.60	-10.255
866.89	16.192
>>>>>End Spectral Data<<<<<
