180.30	0.000
180.67	0.000
181.03	-220.636
181.40	60.825
181.77	-119.694
182.14	27.524
182.51	2909.614
182.88	13.143
183.25	-51.074
183.62	695.583
183.99	107.017
184.36	50.492
184.73	165.993
185.10	165.665
185.46	50.299
185.83	60.949
186.20	85.902
186.57	-381.706
186.94	-2795.647
187.31	-191.776
187.68	-8.247
188.05	7.392
188.42	-19.430
188.78	-16.442
189.15	4.669
189.52	-58.346
189.89	-18.253
190.26	-7.166
190.63	-17.712
191.00	-37.108
191.37	-60.233
191.73	-26.117
192.10	-23.448
192.47	-217.922
192.84	-55.580
193.21	-11006.514
193.58	376.312
193.94	156.467
194.31	185.484
194.68	217.106
195.05	295.736
195.42	168.513
195.79	181.915
196.15	127.486
196.52	103.044
196.89	129.067
197.26	705.429
197.63	19.978
198.00	-60.355
198.36	-150.113
198.73	-41.848
199.10	-1.515
199.47	-59.058
199.84	-37.597
200.20	-1.446
200.57	-0.845
200.94	-1.398
201.31	-37.557
201.68	-35.833
202.04	-1.645
202.41	6.462
202.78	-17.388
203.15	-53.396
203.51	-125.299
203.88	-114.526
204.25	-147.313
204.62	-288.987
204.98	-173.036
205.35	-88.757
205.72	-53.632
206.09	-230.379
206.46	-95.410
206.82	-67.103
207.19	-29.373
207.56	1.058
207.92	18.213
208.29	30.450
208.66	37.721
209.03	40.124
209.39	40.096
209.76	29.733
210.13	37.470
210.50	38.921
210.86	52.381
211.23	43.716
211.60	46.448
211.96	31.511
212.33	19.997
212.70	21.789
213.07	3.315
213.43	-7.130
213.80	-14.609
214.17	-17.298
214.53	-8.988
214.90	-13.548
215.27	-5.110
215.63	-3.311
216.00	1.141
216.37	0.831
216.74	1.132
217.10	6.561
217.47	18.882
217.84	36.897
218.20	34.213
218.57	31.826
218.94	33.894
219.30	38.732
219.67	40.737
220.04	34.315
220.40	42.483
220.77	38.528
221.13	43.877
221.50	40.182
221.87	27.118
222.23	24.528
222.60	24.857
222.97	17.157
223.33	8.283
223.70	4.191
224.07	9.760
224.43	6.351
224.80	4.644
225.16	4.203
225.53	4.240
225.90	6.671
226.26	5.953
226.63	5.912
226.99	7.211
227.36	8.256
227.73	9.665
228.09	9.736
228.46	9.390
228.82	10.905
229.19	11.903
229.56	11.807
229.92	11.455
230.29	12.127
230.65	11.979
231.02	10.959
231.38	11.793
231.75	10.725
232.12	11.388
232.48	11.710
232.85	10.189
233.21	7.984
233.58	8.630
233.94	8.833
234.31	9.532
234.68	10.412
235.04	11.101
235.41	10.924
235.77	10.445
236.14	9.449
236.50	9.218
236.87	9.316
237.23	10.725
237.60	10.157
237.96	9.338
238.33	8.524
238.69	8.505
239.06	7.133
239.42	7.310
239.79	7.341
240.15	6.980
240.52	7.268
240.88	7.823
241.25	7.425
241.61	7.739
241.98	7.998
242.34	7.586
242.71	7.511
243.07	7.985
243.44	7.583
243.80	7.708
244.17	7.709
244.53	7.639
244.90	7.287
245.26	7.346
245.63	7.165
245.99	7.255
246.36	7.528
246.72	7.481
247.09	7.657
247.45	7.716
247.81	7.799
248.18	7.981
248.54	8.283
248.91	8.778
249.27	8.772
249.64	8.841
250.00	8.786
250.36	8.752
250.73	9.243
251.09	9.230
251.46	9.736
251.82	9.707
252.19	9.615
252.55	9.574
252.91	9.357
253.28	9.138
253.64	9.291
254.01	9.099
254.37	8.718
254.73	7.585
255.10	6.743
255.46	6.646
255.83	6.560
256.19	6.519
256.55	6.532
256.92	6.401
257.28	6.623
257.65	6.591
258.01	6.857
258.37	6.801
258.74	6.841
259.10	7.222
259.46	7.310
259.83	7.475
260.19	7.558
260.55	7.442
260.92	7.500
261.28	7.493
261.64	7.351
262.01	6.958
262.37	7.245
262.73	7.436
263.10	6.988
263.46	6.476
263.82	6.353
264.19	6.597
264.55	6.588
264.91	6.603
265.28	6.878
265.64	7.051
266.00	7.397
266.37	7.423
266.73	7.646
267.09	7.911
267.46	7.982
267.82	7.982
268.18	7.609
268.54	7.700
268.91	7.588
269.27	7.308
269.63	7.152
270.00	6.856
270.36	6.692
270.72	6.602
271.08	6.430
271.45	6.364
271.81	6.119
272.17	6.235
272.53	6.243
272.90	6.339
273.26	6.261
273.62	6.175
273.98	6.019
274.35	6.124
274.71	5.996
275.07	6.044
275.43	5.885
275.80	5.908
276.16	6.053
276.52	5.932
276.88	5.766
277.25	5.769
277.61	6.010
277.97	6.379
278.33	6.248
278.69	6.266
279.06	6.067
279.42	6.288
279.78	6.274
280.14	6.145
280.50	6.229
280.87	6.259
281.23	6.393
281.59	6.512
281.95	6.390
282.31	6.465
282.68	6.413
283.04	6.588
283.40	6.530
283.76	6.636
284.12	6.665
284.48	6.601
284.85	6.634
285.21	6.568
285.57	6.312
285.93	6.334
286.29	6.320
286.65	6.411
287.02	6.204
287.38	6.321
287.74	6.307
288.10	6.176
288.46	6.223
288.82	6.305
289.18	6.316
289.54	6.462
289.91	6.322
290.27	6.352
290.63	6.121
290.99	6.348
291.35	6.291
291.71	6.388
292.07	6.577
292.43	6.478
292.79	6.280
293.16	6.295
293.52	6.475
293.88	6.593
294.24	6.642
294.60	6.659
294.96	6.585
295.32	6.651
295.68	6.598
296.04	6.421
296.40	6.456
296.76	6.473
297.12	6.380
297.49	6.193
297.85	6.069
298.21	6.056
298.57	6.251
298.93	6.282
299.29	6.188
299.65	6.351
300.01	6.401
300.37	6.275
300.73	6.426
301.09	6.605
301.45	6.715
301.81	6.903
302.17	6.775
302.53	6.797
302.89	6.875
303.25	6.850
303.61	6.718
303.97	6.906
304.33	7.040
304.69	6.936
305.05	6.817
305.41	6.839
305.77	6.785
306.13	6.987
306.49	6.803
306.85	6.830
307.21	6.890
307.57	6.974
307.93	6.752
308.29	6.775
308.65	6.829
309.01	6.879
309.37	6.833
309.73	6.908
310.09	6.912
310.45	7.053
310.81	6.949
311.17	6.875
311.53	6.801
311.89	6.965
312.25	6.959
312.61	7.021
312.96	7.081
313.32	7.115
313.68	7.062
314.04	7.106
314.40	7.158
314.76	7.284
315.12	7.468
315.48	7.527
315.84	7.487
316.20	7.532
316.56	7.446
316.92	7.437
317.27	7.457
317.63	7.507
317.99	7.376
318.35	7.321
318.71	7.344
319.07	7.406
319.43	7.351
319.79	7.539
320.15	7.617
320.50	7.767
320.86	7.878
321.22	7.999
321.58	8.162
321.94	8.420
322.30	8.505
322.66	8.655
323.01	8.669
323.37	8.804
323.73	8.852
324.09	8.986
324.45	9.053
324.81	9.249
325.17	9.427
325.52	9.578
325.88	9.699
326.24	9.916
326.60	10.046
326.96	10.252
327.31	10.381
327.67	10.557
328.03	10.662
328.39	10.887
328.75	10.935
329.11	10.959
329.46	10.960
329.82	10.956
330.18	10.987
330.54	11.161
330.90	11.179
331.25	11.397
331.61	11.533
331.97	11.636
332.33	11.774
332.68	11.871
333.04	12.028
333.40	12.240
333.76	12.226
334.11	12.282
334.47	12.244
334.83	12.308
335.19	12.271
335.54	12.268
335.90	12.338
336.26	12.407
336.62	12.464
336.97	12.457
337.33	12.409
337.69	12.531
338.05	12.603
338.40	12.628
338.76	12.648
339.12	12.659
339.48	12.633
339.83	12.561
340.19	12.338
340.55	12.156
340.90	12.214
341.26	12.252
341.62	12.215
341.97	12.251
342.33	12.252
342.69	12.228
343.04	12.235
343.40	12.287
343.76	12.362
344.12	12.357
344.47	12.504
344.83	12.384
345.19	12.261
345.54	12.351
345.90	12.282
346.26	12.323
346.61	12.365
346.97	12.429
347.32	12.410
347.68	12.435
348.04	12.545
348.39	12.494
348.75	12.569
349.11	12.524
349.46	12.470
349.82	12.450
350.18	12.357
350.53	12.258
350.89	12.170
351.24	12.188
351.60	12.189
351.96	12.178
352.31	12.236
352.67	12.212
353.02	12.245
353.38	12.158
353.74	12.226
354.09	12.268
354.45	12.373
354.80	12.435
355.16	12.458
355.52	12.413
355.87	12.457
356.23	12.400
356.58	12.395
356.94	12.460
357.29	12.540
357.65	12.558
358.00	12.617
358.36	12.594
358.72	12.591
359.07	12.563
359.43	12.585
359.78	12.535
360.14	12.586
360.49	12.675
360.85	12.745
361.20	12.820
361.56	12.756
361.91	12.759
362.27	12.763
362.62	12.794
362.98	12.841
363.33	12.875
363.69	12.935
364.04	12.986
364.40	13.014
364.75	13.084
365.11	13.120
365.46	13.219
365.82	13.252
366.17	13.370
366.53	13.398
366.88	13.388
367.24	13.436
367.59	13.527
367.95	13.512
368.30	13.525
368.66	13.540
369.01	13.526
369.37	13.577
369.72	13.607
370.08	13.620
370.43	13.703
370.78	13.830
371.14	13.953
371.49	14.009
371.85	14.190
372.20	14.246
372.56	14.325
372.91	14.437
373.26	14.514
373.62	14.656
373.97	14.831
374.33	14.955
374.68	15.023
375.03	15.055
375.39	15.115
375.74	15.148
376.10	15.245
376.45	15.320
376.80	15.447
377.16	15.562
377.51	15.640
377.87	15.681
378.22	15.757
378.57	15.859
378.93	15.980
379.28	16.107
379.63	16.252
379.99	16.450
380.34	16.533
380.70	16.650
381.05	16.774
381.40	16.872
381.76	17.017
382.11	17.091
382.46	17.244
382.82	17.419
383.17	17.537
383.52	17.651
383.88	17.730
384.23	17.894
384.58	17.989
384.94	18.064
385.29	18.232
385.64	18.258
385.99	18.429
386.35	18.514
386.70	18.549
387.05	18.675
387.41	18.781
387.76	18.902
388.11	19.001
388.47	19.098
388.82	19.299
389.17	19.343
389.52	19.502
389.88	19.650
390.23	19.785
390.58	19.911
390.93	20.054
391.29	20.197
391.64	20.315
391.99	20.451
392.34	20.579
392.70	20.635
393.05	20.809
393.40	20.904
393.75	20.981
394.11	21.084
394.46	21.211
394.81	21.261
395.16	21.357
395.52	21.399
395.87	21.452
396.22	21.536
396.57	21.559
396.92	21.618
397.28	21.682
397.63	21.733
397.98	21.820
398.33	21.853
398.68	21.959
399.04	21.995
399.39	22.064
399.74	22.105
400.09	22.145
400.44	22.236
400.80	22.306
401.15	22.395
401.50	22.457
401.85	22.477
402.20	22.574
402.55	22.604
402.90	22.646
403.26	22.700
403.61	22.795
403.96	22.815
404.31	22.853
404.66	22.861
405.01	22.907
405.36	22.986
405.72	23.068
406.07	23.098
406.42	23.164
406.77	23.257
407.12	23.308
407.47	23.298
407.82	23.385
408.17	23.433
408.53	23.510
408.88	23.567
409.23	23.530
409.58	23.558
409.93	23.619
410.28	23.661
410.63	23.655
410.98	23.696
411.33	23.783
411.68	23.825
412.03	23.840
412.38	23.839
412.73	23.841
413.09	23.863
413.44	23.817
413.79	23.763
414.14	23.758
414.49	23.785
414.84	23.790
415.19	23.767
415.54	23.746
415.89	23.762
416.24	23.768
416.59	23.773
416.94	23.776
417.29	23.778
417.64	23.818
417.99	23.832
418.34	23.824
418.69	23.851
419.04	23.876
419.39	23.879
419.74	23.881
420.09	23.894
420.44	23.896
420.79	23.919
421.14	23.959
421.49	23.952
421.84	23.960
422.19	23.965
422.54	23.962
422.89	23.983
423.24	24.039
423.59	24.096
423.94	24.163
424.29	24.203
424.64	24.263
424.99	24.292
425.34	24.369
425.68	24.424
426.03	24.487
426.38	24.552
426.73	24.602
427.08	24.630
427.43	24.640
427.78	24.627
428.13	24.647
428.48	24.646
428.83	24.677
429.18	24.704
429.53	24.716
429.87	24.727
430.22	24.739
430.57	24.742
430.92	24.758
431.27	24.789
431.62	24.797
431.97	24.840
432.32	24.873
432.67	24.897
433.01	24.911
433.36	24.938
433.71	25.008
434.06	25.045
434.41	25.051
434.76	25.078
435.11	25.105
435.45	25.156
435.80	25.144
436.15	25.155
436.50	25.171
436.85	25.195
437.20	25.199
437.54	25.205
437.89	25.222
438.24	25.257
438.59	25.259
438.94	25.285
439.29	25.276
439.63	25.294
439.98	25.313
440.33	25.326
440.68	25.342
441.03	25.368
441.37	25.351
441.72	25.339
442.07	25.345
442.42	25.359
442.76	25.363
443.11	25.368
443.46	25.386
443.81	25.418
444.16	25.442
444.50	25.442
444.85	25.435
445.20	25.444
445.55	25.466
445.89	25.497
446.24	25.523
446.59	25.532
446.94	25.562
447.28	25.581
447.63	25.583
447.98	25.587
448.32	25.606
448.67	25.656
449.02	25.708
449.37	25.729
449.71	25.750
450.06	25.793
450.41	25.812
450.75	25.837
451.10	25.859
451.45	25.879
451.79	25.894
452.14	25.918
452.49	25.944
452.84	25.958
453.18	25.980
453.53	25.996
453.88	25.965
454.22	25.989
454.57	25.980
454.92	26.008
455.26	26.016
455.61	26.027
455.95	26.030
456.30	26.042
456.65	26.085
456.99	26.123
457.34	26.122
457.69	26.142
458.03	26.184
458.38	26.242
458.73	26.262
459.07	26.297
459.42	26.348
459.76	26.410
460.11	26.483
460.46	26.516
460.80	26.560
461.15	26.639
461.49	26.724
461.84	26.773
462.19	26.825
462.53	26.888
462.88	26.945
463.22	26.974
463.57	27.013
463.91	27.034
464.26	27.083
464.61	27.117
464.95	27.159
465.30	27.199
465.64	27.232
465.99	27.272
466.33	27.326
466.68	27.401
467.02	27.462
467.37	27.497
467.71	27.503
468.06	27.542
468.41	27.613
468.75	27.657
469.10	27.712
469.44	27.726
469.79	27.737
470.13	27.763
470.48	27.762
470.82	27.807
471.17	27.828
471.51	27.862
471.86	27.868
472.20	27.881
472.55	27.891
472.89	27.914
473.23	27.985
473.58	28.025
473.92	28.015
474.27	28.057
474.61	28.070
474.96	28.096
475.30	28.117
475.65	28.137
475.99	28.134
476.34	28.157
476.68	28.176
477.02	28.180
477.37	28.203
477.71	28.276
478.06	28.368
478.40	28.440
478.75	28.537
479.09	28.747
479.43	28.946
479.78	29.140
480.12	29.317
480.47	29.501
480.81	29.676
481.15	29.845
481.50	30.020
481.84	30.284
482.19	30.567
482.53	30.787
482.87	30.768
483.22	30.564
483.56	30.439
483.90	30.372
484.25	30.314
484.59	30.252
484.94	30.173
485.28	30.051
485.62	29.800
485.97	29.532
486.31	29.319
486.65	29.344
487.00	29.598
487.34	29.753
487.68	29.826
488.03	29.861
488.37	29.888
488.71	29.916
489.06	29.959
489.40	30.001
489.74	30.031
490.09	30.067
490.43	30.042
490.77	30.042
491.11	30.046
491.46	30.054
491.80	30.069
492.14	30.079
492.49	30.116
492.83	30.147
493.17	30.188
493.51	30.241
493.86	30.291
494.20	30.394
494.54	30.485
494.88	30.589
495.23	30.695
495.57	30.767
495.91	30.858
496.25	30.918
496.60	31.007
496.94	31.093
497.28	31.184
497.62	31.268
497.97	31.382
498.31	31.508
498.65	31.621
498.99	31.736
499.33	31.886
499.68	32.014
500.02	32.156
500.36	32.263
500.70	32.322
501.04	32.416
501.39	32.524
501.73	32.605
502.07	32.701
502.41	32.772
502.75	32.865
503.09	32.977
503.44	33.068
503.78	33.189
504.12	33.321
504.46	33.470
504.80	33.571
505.14	33.712
505.49	33.821
505.83	33.910
506.17	34.024
506.51	34.143
506.85	34.202
507.19	34.317
507.53	34.425
507.87	34.497
508.22	34.589
508.56	34.751
508.90	34.860
509.24	34.982
509.58	35.077
509.92	35.225
510.26	35.329
510.60	35.457
510.94	35.589
511.28	35.704
511.63	35.839
511.97	35.950
512.31	36.021
512.65	36.095
512.99	36.207
513.33	36.358
513.67	36.444
514.01	36.577
514.35	36.680
514.69	36.757
515.03	36.842
515.37	36.933
515.71	37.031
516.05	37.108
516.39	37.186
516.73	37.254
517.07	37.304
517.41	37.370
517.75	37.404
518.09	37.488
518.43	37.552
518.77	37.636
519.11	37.717
519.45	37.821
519.79	37.902
520.13	37.992
520.47	38.063
520.81	38.170
521.15	38.268
521.49	38.408
521.83	38.500
522.17	38.601
522.51	38.672
522.85	38.773
523.19	38.920
523.53	39.089
523.87	39.295
524.21	39.569
524.55	39.773
524.89	39.981
525.23	40.156
525.57	40.312
525.91	40.477
526.25	40.627
526.58	40.758
526.92	40.851
527.26	40.951
527.60	41.029
527.94	41.026
528.28	41.024
528.62	41.023
528.96	40.994
529.30	40.973
529.64	40.945
529.97	40.903
530.31	40.859
530.65	40.823
530.99	40.782
531.33	40.773
531.67	40.793
532.01	40.827
532.35	40.827
532.68	40.850
533.02	40.892
533.36	40.901
533.70	40.938
534.04	40.986
534.38	41.030
534.71	41.080
535.05	41.071
535.39	41.102
535.73	41.152
536.07	41.200
536.41	41.315
536.74	41.364
537.08	41.482
537.42	41.570
537.76	41.666
538.10	41.807
538.43	41.897
538.77	42.006
539.11	42.100
539.45	42.181
539.79	42.260
540.12	42.320
540.46	42.384
540.80	42.406
541.14	42.447
541.47	42.467
541.81	42.448
542.15	42.463
542.49	42.488
542.82	42.511
543.16	42.540
543.50	42.601
543.84	42.607
544.17	42.660
544.51	42.694
544.85	42.725
545.18	42.808
545.52	42.873
545.86	42.949
546.20	43.026
546.53	43.075
546.87	43.145
547.21	43.196
547.54	43.276
547.88	43.359
548.22	43.446
548.55	43.557
548.89	43.634
549.23	43.694
549.56	43.763
549.90	43.797
550.24	43.894
550.57	43.932
550.91	43.979
551.25	44.017
551.58	44.091
551.92	44.172
552.26	44.231
552.59	44.326
552.93	44.447
553.27	44.495
553.60	44.633
553.94	44.717
554.27	44.821
554.61	44.913
554.95	45.033
555.28	45.165
555.62	45.281
555.95	45.322
556.29	45.390
556.63	45.491
556.96	45.613
557.30	45.675
557.63	45.734
557.97	45.834
558.31	45.950
558.64	46.053
558.98	46.109
559.31	46.191
559.65	46.294
559.98	46.355
560.32	46.383
560.65	46.471
560.99	46.574
561.33	46.700
561.66	46.774
562.00	46.856
562.33	46.952
562.67	47.028
563.00	47.121
563.34	47.261
563.67	47.340
564.01	47.449
564.34	47.584
564.68	47.691
565.01	47.729
565.35	47.833
565.68	47.934
566.02	48.004
566.35	48.111
566.69	48.167
567.02	48.234
567.36	48.336
567.69	48.445
568.03	48.499
568.36	48.538
568.69	48.647
569.03	48.737
569.36	48.779
569.70	48.901
570.03	48.929
570.37	49.035
570.70	49.187
571.04	49.239
571.37	49.319
571.70	49.402
572.04	49.502
572.37	49.628
572.71	49.700
573.04	49.823
573.37	49.904
573.71	50.065
574.04	50.167
574.38	50.208
574.71	50.307
575.04	50.447
575.38	50.538
575.71	50.640
576.05	50.723
576.38	50.840
576.71	50.964
577.05	51.012
577.38	51.071
577.71	51.204
578.05	51.282
578.38	51.407
578.71	51.461
579.05	51.575
579.38	51.662
579.71	51.738
580.05	51.796
580.38	51.862
580.71	51.971
581.05	52.073
581.38	52.085
581.71	52.218
582.05	52.333
582.38	52.362
582.71	52.369
583.04	52.433
583.38	52.478
583.71	52.603
584.04	52.675
584.38	52.770
584.71	52.861
585.04	52.977
585.37	53.018
585.71	53.040
586.04	53.153
586.37	53.233
586.70	53.310
587.04	53.445
587.37	53.475
587.70	53.540
588.03	53.616
588.37	53.648
588.70	53.705
589.03	53.804
589.36	53.908
589.69	53.947
590.03	54.061
590.36	54.144
590.69	54.203
591.02	54.295
591.35	54.374
591.69	54.458
592.02	54.527
592.35	54.623
592.68	54.673
593.01	54.758
593.35	54.814
593.68	54.858
594.01	54.916
594.34	54.983
594.67	54.985
595.00	54.979
595.34	54.978
595.67	55.088
596.00	55.082
596.33	55.168
596.66	55.208
596.99	55.318
597.32	55.416
597.65	55.470
597.99	55.459
598.32	55.545
598.65	55.611
598.98	55.632
599.31	55.638
599.64	55.708
599.97	55.643
600.30	55.652
600.63	55.592
600.96	55.556
601.30	55.558
601.63	55.585
601.96	55.606
602.29	55.656
602.62	55.747
602.95	55.752
603.28	55.771
603.61	55.851
603.94	55.888
604.27	55.967
604.60	56.052
604.93	56.124
605.26	56.103
605.59	56.162
605.92	56.178
606.25	56.176
606.58	56.208
606.91	56.262
607.24	56.284
607.57	56.335
607.90	56.354
608.23	56.377
608.56	56.363
608.89	56.486
609.22	56.493
609.55	56.583
609.88	56.640
610.21	56.714
610.54	56.777
610.87	56.795
611.20	56.834
611.53	56.942
611.86	56.942
612.19	57.074
612.52	57.167
612.85	57.237
613.18	57.238
613.51	57.340
613.84	57.368
614.17	57.335
614.49	57.461
614.82	57.469
615.15	57.457
615.48	57.537
615.81	57.497
616.14	57.422
616.47	57.412
616.80	57.464
617.13	57.437
617.46	57.498
617.78	57.654
618.11	57.644
618.44	57.712
618.77	57.720
619.10	57.714
619.43	57.769
619.76	57.890
620.09	57.934
620.41	57.924
620.74	57.919
621.07	57.937
621.40	57.882
621.73	57.919
622.06	57.887
622.38	57.846
622.71	57.877
623.04	57.841
623.37	57.838
623.70	57.804
624.02	57.830
624.35	57.791
624.68	57.800
625.01	57.789
625.34	57.769
625.66	57.796
625.99	57.831
626.32	57.830
626.65	57.878
626.98	57.849
627.30	57.884
627.63	57.905
627.96	58.013
628.29	57.994
628.61	58.059
628.94	58.042
629.27	58.077
629.60	58.076
629.92	58.100
630.25	58.086
630.58	58.061
630.91	58.060
631.23	57.966
631.56	57.940
631.89	57.955
632.21	57.920
632.54	57.965
632.87	57.892
633.19	57.936
633.52	57.889
633.85	57.875
634.18	57.923
634.50	57.958
634.83	58.024
635.16	58.012
635.48	57.888
635.81	57.906
636.14	57.937
636.46	58.013
636.79	58.026
637.11	58.097
637.44	58.111
637.77	58.108
638.09	58.105
638.42	58.111
638.75	58.128
639.07	58.267
639.40	58.239
639.73	58.190
640.05	58.122
640.38	58.120
640.70	58.072
641.03	58.161
641.36	58.118
641.68	58.172
642.01	58.243
642.33	58.222
642.66	58.196
642.98	58.143
643.31	58.106
643.64	58.075
643.96	58.067
644.29	58.089
644.61	57.967
644.94	58.038
645.26	57.995
645.59	57.878
645.91	57.899
646.24	57.857
646.56	57.899
646.89	57.880
647.22	57.877
647.54	57.844
647.87	57.742
648.19	57.716
648.52	57.620
648.84	57.555
649.17	57.580
649.49	57.557
649.82	57.581
650.14	57.505
650.47	57.406
650.79	57.406
651.11	57.266
651.44	57.266
651.76	57.329
652.09	57.330
652.41	57.282
652.74	57.221
653.06	57.147
653.39	57.047
653.71	56.999
654.04	56.967
654.36	56.923
654.68	56.960
655.01	56.874
655.33	56.730
655.66	56.570
655.98	56.500
656.30	56.426
656.63	56.319
656.95	56.232
657.28	56.222
657.60	56.181
657.92	56.167
658.25	56.152
658.57	56.141
658.90	56.144
659.22	56.144
659.54	56.089
659.87	56.127
660.19	56.148
660.51	56.164
660.84	56.133
661.16	56.103
661.48	55.980
661.81	55.912
662.13	55.903
662.45	55.858
662.78	55.841
663.10	55.862
663.42	55.682
663.75	55.630
664.07	55.614
664.39	55.534
664.72	55.528
665.04	55.562
665.36	55.490
665.69	55.421
666.01	55.256
666.33	55.218
666.65	55.087
666.98	55.104
667.30	54.994
667.62	54.929
667.94	54.866
668.27	54.801
668.59	54.621
668.91	54.554
669.23	54.522
669.56	54.499
669.88	54.411
670.20	54.390
670.52	54.273
670.85	54.273
671.17	54.120
671.49	54.125
671.81	53.966
672.13	54.040
672.46	54.013
672.78	53.915
673.10	53.842
673.42	53.768
673.74	53.662
674.07	53.524
674.39	53.397
674.71	53.316
675.03	53.083
675.35	53.111
675.67	52.929
676.00	52.891
676.32	52.684
676.64	52.634
676.96	52.565
677.28	52.518
677.60	52.550
677.92	52.544
678.25	52.462
678.57	52.420
678.89	52.262
679.21	52.175
679.53	51.986
679.85	52.009
680.17	51.907
680.49	51.849
680.81	51.795
681.13	51.702
681.46	51.573
681.78	51.605
682.10	51.640
682.42	51.630
682.74	51.615
683.06	51.556
683.38	51.407
683.70	51.382
684.02	51.168
684.34	51.105
684.66	51.049
684.98	50.943
685.30	50.839
685.62	50.662
685.94	50.571
686.26	50.478
686.58	50.441
686.90	50.424
687.22	50.316
687.54	50.315
687.86	50.178
688.18	50.075
688.50	50.031
688.82	49.930
689.14	49.875
689.46	49.882
689.78	49.858
690.10	49.769
690.42	49.700
690.74	49.572
691.06	49.556
691.38	49.482
691.70	49.340
692.02	49.216
692.34	49.105
692.66	49.060
692.98	48.861
693.30	48.616
693.62	48.499
693.94	48.284
694.26	48.181
694.57	47.995
694.89	47.887
695.21	47.765
695.53	47.650
695.85	47.519
696.17	47.421
696.49	47.298
696.81	47.257
697.13	47.219
697.44	47.258
697.76	47.245
698.08	47.199
698.40	47.127
698.72	47.154
699.04	47.102
699.36	47.094
699.67	46.971
699.99	47.009
700.31	46.952
700.63	46.789
700.95	46.707
701.27	46.629
701.58	46.670
701.90	46.646
702.22	46.588
702.54	46.551
702.86	46.473
703.17	46.388
703.49	46.321
703.81	46.223
704.13	46.196
704.45	46.010
704.76	45.821
705.08	45.637
705.40	45.503
705.72	45.327
706.03	45.271
706.35	45.186
706.67	45.117
706.99	44.924
707.30	44.884
707.62	44.767
707.94	44.820
708.26	44.816
708.57	44.737
708.89	44.625
709.21	44.524
709.53	44.478
709.84	44.392
710.16	44.362
710.48	44.341
710.79	44.227
711.11	44.122
711.43	43.953
711.74	43.922
712.06	43.839
712.38	43.793
712.69	43.742
713.01	43.755
713.33	43.803
713.64	43.746
713.96	43.640
714.28	43.611
714.59	43.727
714.91	43.723
715.23	43.650
715.54	43.681
715.86	43.609
716.17	43.699
716.49	43.576
716.81	43.352
717.12	43.144
717.44	43.105
717.76	43.072
718.07	42.982
718.39	43.023
718.70	42.922
719.02	42.806
719.33	42.862
719.65	42.765
719.97	42.577
720.28	42.568
720.60	42.659
720.91	42.578
721.23	42.534
721.54	42.418
721.86	42.302
722.17	42.334
722.49	42.367
722.81	42.317
723.12	42.150
723.44	41.993
723.75	41.912
724.07	41.841
724.38	41.797
724.70	41.690
725.01	41.612
725.33	41.412
725.64	41.360
725.96	41.277
726.27	41.107
726.59	40.977
726.90	40.904
727.22	40.834
727.53	40.799
727.84	40.801
728.16	40.835
728.47	40.776
728.79	40.745
729.10	40.514
729.42	40.514
729.73	40.457
730.05	40.501
730.36	40.561
730.67	40.464
730.99	40.353
731.30	40.246
731.62	40.079
731.93	40.097
732.24	39.973
732.56	40.008
732.87	39.685
733.19	39.631
733.50	39.547
733.81	39.482
734.13	39.484
734.44	39.450
734.76	39.253
735.07	39.145
735.38	38.935
735.70	38.880
736.01	38.833
736.32	38.913
736.64	38.857
736.95	38.731
737.26	38.783
737.58	38.583
737.89	38.361
738.20	38.357
738.52	38.435
738.83	38.391
739.14	38.275
739.45	38.106
739.77	38.039
740.08	38.068
740.39	37.988
740.71	37.870
741.02	37.920
741.33	37.886
741.64	37.598
741.96	37.350
742.27	37.170
742.58	37.363
742.90	37.260
743.21	37.125
743.52	37.158
743.83	37.125
744.14	36.857
744.46	36.765
744.77	36.809
745.08	37.110
745.39	37.132
745.71	37.016
746.02	36.606
746.33	36.573
746.64	36.472
746.95	36.275
747.27	36.113
747.58	36.219
747.89	36.227
748.20	36.065
748.51	36.033
748.82	35.939
749.14	35.980
749.45	36.181
749.76	36.011
750.07	35.963
750.38	35.947
750.69	36.041
751.01	35.949
751.32	35.712
751.63	35.839
751.94	35.628
752.25	35.493
752.56	35.426
752.87	35.333
753.18	35.493
753.49	35.545
753.81	35.552
754.12	35.526
754.43	35.610
754.74	35.675
755.05	35.749
755.36	35.878
755.67	36.019
755.98	36.141
756.29	36.010
756.60	36.044
756.91	36.067
757.22	35.948
757.53	35.897
757.84	35.910
758.15	36.080
758.46	35.911
758.77	36.033
759.09	35.990
759.40	35.861
759.71	36.043
760.02	36.085
760.33	36.035
760.64	36.114
760.95	36.239
761.26	36.172
761.57	36.015
761.88	36.053
762.18	35.884
762.49	35.955
762.80	35.959
763.11	35.844
763.42	35.767
763.73	35.760
764.04	35.569
764.35	35.418
764.66	35.190
764.97	35.051
765.28	34.905
765.59	34.816
765.90	34.456
766.21	34.226
766.52	34.163
766.83	33.708
767.14	33.403
767.44	33.339
767.75	33.046
768.06	33.340
768.37	33.269
768.68	33.138
768.99	32.808
769.30	32.758
769.61	32.830
769.91	32.520
770.22	32.654
770.53	32.736
770.84	32.585
771.15	32.476
771.46	32.004
771.77	32.036
772.07	32.066
772.38	32.378
772.69	32.192
773.00	32.245
773.31	32.419
773.61	32.618
773.92	32.537
774.23	32.577
774.54	32.484
774.85	32.526
775.15	32.580
775.46	32.553
775.77	32.296
776.08	32.518
776.39	32.262
776.69	31.923
777.00	31.592
777.31	31.517
777.62	31.537
777.92	31.428
778.23	31.394
778.54	31.375
778.85	30.896
779.15	31.167
779.46	31.134
779.77	31.152
780.07	31.509
780.38	31.348
780.69	31.341
781.00	31.128
781.30	31.356
781.61	31.348
781.92	30.954
782.22	31.297
782.53	31.367
782.84	31.275
783.14	31.223
783.45	31.510
783.76	32.048
784.06	32.187
784.37	32.392
784.68	32.460
784.98	32.345
785.29	32.525
785.60	32.254
785.90	32.102
786.21	31.906
786.51	32.173
786.82	31.840
787.13	31.629
787.43	31.476
787.74	31.553
788.04	31.423
788.35	31.434
788.66	31.667
788.96	31.657
789.27	31.351
789.57	31.326
789.88	31.342
790.19	30.948
790.49	30.599
790.80	30.677
791.10	30.209
791.41	30.378
791.71	30.313
792.02	29.695
792.32	29.850
792.63	29.822
792.93	30.087
793.24	29.684
793.54	29.916
793.85	30.077
794.15	30.018
794.46	29.981
794.76	29.535
795.07	29.642
795.37	30.095
795.68	29.840
795.98	29.786
796.29	29.577
796.59	29.407
796.90	29.429
797.20	29.643
797.51	29.258
797.81	29.586
798.12	29.720
798.42	29.333
798.72	29.066
799.03	29.347
799.33	29.286
799.64	29.222
799.94	29.546
800.25	29.498
800.55	28.932
800.85	29.160
801.16	28.897
801.46	28.943
801.77	28.905
802.07	29.030
802.37	28.695
802.68	28.788
802.98	28.953
803.28	28.898
803.59	28.991
803.89	28.899
804.20	28.808
804.50	28.769
804.80	28.476
805.11	28.563
805.41	28.636
805.71	28.664
806.02	28.739
806.32	28.932
806.62	28.692
806.93	28.684
807.23	29.148
807.53	29.247
807.83	29.330
808.14	29.652
808.44	29.883
808.74	29.734
809.05	29.904
809.35	29.714
809.65	29.367
809.95	29.231
810.26	28.765
810.56	28.671
810.86	28.596
811.16	28.241
811.47	28.371
811.77	28.386
812.07	28.324
812.37	27.881
812.68	28.294
812.98	28.656
813.28	29.058
813.58	29.504
813.88	29.531
814.19	29.870
814.49	30.403
814.79	30.577
815.09	30.473
815.39	30.309
815.70	30.916
816.00	30.755
816.30	30.404
816.60	30.556
816.90	30.312
817.20	30.388
817.50	30.173
817.81	30.070
818.11	29.792
818.41	29.822
818.71	29.964
819.01	30.059
819.31	30.179
819.61	30.117
819.92	30.212
820.22	30.221
820.52	30.176
820.82	30.279
821.12	30.301
821.42	30.358
821.72	30.519
822.02	30.497
822.32	30.495
822.62	30.463
822.92	30.553
823.22	30.430
823.52	30.529
823.83	30.514
824.13	30.392
824.43	30.474
824.73	30.511
825.03	30.178
825.33	30.268
825.63	30.198
825.93	30.015
826.23	29.964
826.53	30.001
826.83	29.749
827.13	29.797
827.43	29.994
827.73	29.765
828.03	29.716
828.33	29.852
828.63	29.665
828.93	29.479
829.23	29.639
829.53	29.520
829.83	29.545
830.13	29.514
830.42	29.521
830.72	28.872
831.02	28.804
831.32	28.802
831.62	28.677
831.92	28.749
832.22	28.779
832.52	28.695
832.82	28.538
833.12	28.311
833.42	28.386
833.72	28.266
834.01	28.729
834.31	28.444
834.61	28.284
834.91	28.315
835.21	28.270
835.51	28.307
835.81	28.468
836.11	28.617
836.40	28.615
836.70	28.497
837.00	28.588
837.30	27.674
837.60	28.260
837.90	27.927
838.19	28.111
838.49	28.165
838.79	28.768
839.09	28.593
839.39	27.901
839.68	27.577
839.98	27.615
840.28	27.596
840.58	28.141
840.88	27.901
841.17	28.235
841.47	27.900
841.77	27.307
842.07	26.326
842.36	26.273
842.66	26.649
842.96	26.898
843.26	27.468
843.55	26.876
843.85	26.281
844.15	26.401
844.45	26.316
844.74	26.496
845.04	26.493
845.34	26.525
845.63	26.599
845.93	26.384
846.23	26.873
846.53	25.468
846.82	26.255
847.12	26.003
847.42	24.291
847.71	23.437
848.01	23.137
848.31	21.717
848.60	20.564
848.90	19.169
849.19	19.735
849.49	18.626
849.79	19.314
850.08	18.025
850.38	18.023
850.68	19.738
850.97	20.522
851.27	21.464
851.56	23.855
851.86	23.515
852.16	24.959
852.45	25.540
852.75	27.663
853.04	27.341
853.34	27.893
853.64	28.095
853.93	28.258
854.23	28.265
854.52	27.608
854.82	26.543
855.11	27.780
855.41	27.165
855.70	26.971
856.00	25.497
856.30	25.100
856.59	23.958
856.89	22.746
857.18	21.891
857.48	22.002
857.77	21.629
858.07	22.302
858.36	21.865
858.66	19.907
858.95	18.779
859.25	18.841
859.54	19.999
859.84	21.643
860.13	22.881
860.42	23.219
860.72	22.260
861.01	22.976
861.31	22.547
861.60	22.625
861.90	23.696
862.19	24.921
862.49	24.573
862.78	23.519
863.07	23.551
863.37	23.257
863.66	22.126
863.96	23.214
864.25	23.014
864.54	23.093
864.84	24.477
865.13	25.275
865.43	25.086
865.72	25.848
866.01	29.246
866.31	38.594
866.60	28.307
866.89	29.305
>>>>>End Spectral Data<<<<<
