180.30	0.000
180.67	0.000
181.03	56.010
181.40	44.387
181.77	-320.011
182.14	64.383
182.51	61.647
182.88	190.492
183.25	4.386
183.62	-7.374
183.99	-20.798
184.36	-134.745
184.73	44.245
185.10	-1067.304
185.46	569.170
185.83	5468.447
186.20	265.004
186.57	-3012.692
186.94	36.086
187.31	218.309
187.68	144.395
188.05	-13.112
188.42	-189.727
188.78	488.273
189.15	134.591
189.52	147.080
189.89	141.108
190.26	89.475
190.63	65.772
191.00	32.916
191.37	5.358
191.73	-36.611
192.10	-26.059
192.47	-40.166
192.84	-20.920
193.21	-14.240
193.58	-13.350
193.94	-9.619
194.31	-0.110
194.68	-2.658
195.05	9.428
195.42	1.806
195.79	-13.350
196.15	-1.036
196.52	24.849
196.89	2.996
197.26	-33.630
197.63	-1.533
198.00	-2.865
198.36	-98.514
198.73	-87.764
199.10	-226.931
199.47	-91.712
199.84	-52.021
200.20	-43.093
200.57	-91.781
200.94	-79.325
201.31	-63.908
201.68	-110.327
202.04	-64.564
202.41	-41.076
202.78	-20.224
203.15	-27.143
203.51	-0.819
203.88	8.500
204.25	5.605
204.62	2.116
204.98	5.434
205.35	16.093
205.72	12.343
206.09	13.914
206.46	3.526
206.82	-0.152
207.19	1.302
207.56	-12.389
207.92	-11.041
208.29	-3.383
208.66	10.415
209.03	19.249
209.39	5.613
209.76	15.589
210.13	11.561
210.50	19.179
210.86	-0.804
211.23	21.172
211.60	23.599
211.96	6.941
212.33	-25.061
212.70	-38.139
213.07	-1.282
213.43	25.156
213.80	24.123
214.17	30.885
214.53	27.882
214.90	46.104
215.27	41.510
215.63	45.234
216.00	28.198
216.37	25.334
216.74	20.822
217.10	9.573
217.47	16.752
217.84	19.871
218.20	3.007
218.57	-11.534
218.94	-39.718
219.30	-50.649
219.67	-48.900
220.04	-9.691
220.40	-9.569
220.77	-17.966
221.13	-12.465
221.50	-37.223
221.87	-55.347
222.23	-47.285
222.60	-52.867
222.97	-34.655
223.33	-34.709
223.70	-15.162
224.07	-18.116
224.43	-9.802
224.80	-8.223
225.16	-7.638
225.53	-0.576
225.90	0.499
226.26	2.236
226.63	6.684
226.99	5.096
227.36	5.872
227.73	2.928
228.09	3.974
228.46	3.813
228.82	7.567
229.19	7.283
229.56	7.527
229.92	9.402
230.29	11.161
230.65	12.216
231.02	16.092
231.38	14.426
231.75	14.989
232.12	11.933
232.48	11.673
232.85	9.081
233.21	9.365
233.58	8.743
233.94	7.197
234.31	7.166
234.68	6.146
235.04	3.035
235.41	6.736
235.77	7.661
236.14	9.157
236.50	7.140
236.87	5.432
237.23	4.818
237.60	5.964
237.96	5.389
238.33	3.729
238.69	1.310
239.06	3.132
239.42	1.567
239.79	0.420
240.15	0.306
240.52	1.196
240.88	1.456
241.25	1.174
241.61	0.285
241.98	-0.043
242.34	-0.210
242.71	0.975
243.07	0.638
243.44	1.065
243.80	1.251
244.17	1.545
244.53	1.711
244.90	2.139
245.26	2.614
245.63	3.013
245.99	3.201
246.36	3.624
246.72	3.425
247.09	3.336
247.45	3.678
247.81	4.185
248.18	4.372
248.54	4.509
248.91	4.872
249.27	4.246
249.64	4.146
250.00	4.487
250.36	4.666
250.73	4.984
251.09	4.679
251.46	4.611
251.82	4.550
252.19	4.235
252.55	3.958
252.91	3.199
253.28	3.763
253.64	3.900
254.01	4.003
254.37	4.822
254.73	4.222
255.10	3.946
255.46	3.347
255.83	2.948
256.19	2.887
256.55	3.152
256.92	2.858
257.28	3.333
257.65	2.993
258.01	2.658
258.37	2.160
258.74	2.542
259.10	2.727
259.46	2.874
259.83	2.846
260.19	2.892
260.55	2.745
260.92	3.195
261.28	2.550
261.64	3.019
262.01	3.676
262.37	4.057
262.73	3.807
263.10	4.304
263.46	4.515
263.82	5.214
264.19	5.297
264.55	5.282
264.91	5.215
265.28	5.629
265.64	5.414
266.00	5.409
266.37	5.017
266.73	4.907
267.09	4.707
267.46	4.450
267.82	4.075
268.18	3.923
268.54	3.991
268.91	3.709
269.27	3.961
269.63	3.860
270.00	3.447
270.36	3.549
270.72	3.677
271.08	3.876
271.45	3.766
271.81	3.739
272.17	3.929
272.53	3.881
272.90	3.964
273.26	3.941
273.62	3.856
273.98	3.881
274.35	3.961
274.71	3.709
275.07	3.451
275.43	4.056
275.80	4.304
276.16	4.426
276.52	4.374
276.88	4.553
277.25	4.028
277.61	4.273
277.97	4.337
278.33	4.276
278.69	4.558
279.06	4.387
279.42	4.145
279.78	4.085
280.14	3.952
280.50	4.076
280.87	4.054
281.23	4.383
281.59	4.220
281.95	4.452
282.31	4.641
282.68	4.658
283.04	4.788
283.40	4.743
283.76	4.634
284.12	4.629
284.48	4.576
284.85	4.621
285.21	4.480
285.57	4.591
285.93	4.622
286.29	4.539
286.65	4.613
287.02	4.679
287.38	4.586
287.74	4.604
288.10	4.728
288.46	4.884
288.82	4.832
289.18	5.169
289.54	5.325
289.91	5.355
290.27	5.275
290.63	5.302
290.99	5.473
291.35	5.685
291.71	6.108
292.07	6.541
292.43	6.566
292.79	6.624
293.16	6.606
293.52	6.897
293.88	7.124
294.24	7.445
294.60	7.718
294.96	7.879
295.32	8.160
295.68	8.397
296.04	8.309
296.40	8.696
296.76	9.070
297.12	9.463
297.49	9.596
297.85	9.816
298.21	10.101
298.57	10.470
298.93	10.745
299.29	11.060
299.65	11.212
300.01	11.617
300.37	11.849
300.73	12.154
301.09	12.594
301.45	12.983
301.81	13.254
302.17	13.598
302.53	13.859
302.89	14.149
303.25	14.448
303.61	14.760
303.97	15.061
304.33	15.264
304.69	15.389
305.05	15.465
305.41	15.585
305.77	15.959
306.13	15.979
306.49	15.971
306.85	16.109
307.21	16.317
307.57	16.272
307.93	16.458
308.29	16.559
308.65	16.776
309.01	16.850
309.37	17.135
309.73	17.081
310.09	17.215
310.45	17.279
310.81	17.266
311.17	17.067
311.53	17.174
311.89	17.043
312.25	17.181
312.61	17.213
312.96	17.376
313.32	17.295
313.68	17.417
314.04	17.491
314.40	17.466
314.76	17.537
315.12	17.769
315.48	17.793
315.84	17.908
316.20	18.091
316.56	18.253
316.92	18.095
317.27	18.264
317.63	18.089
317.99	17.877
318.35	18.025
318.71	18.271
319.07	18.102
319.43	18.053
319.79	17.935
320.15	17.670
320.50	17.609
320.86	17.407
321.22	17.160
321.58	17.198
321.94	17.331
322.30	17.333
322.66	17.124
323.01	17.119
323.37	17.425
323.73	17.551
324.09	17.601
324.45	17.307
324.81	17.390
325.17	17.281
325.52	17.246
325.88	17.127
326.24	16.984
326.60	16.902
326.96	16.748
327.31	16.544
327.67	16.443
328.03	16.364
328.39	16.581
328.75	16.514
329.11	16.590
329.46	16.571
329.82	16.594
330.18	16.502
330.54	16.578
330.90	16.728
331.25	16.478
331.61	16.382
331.97	16.282
332.33	16.155
332.68	16.318
333.04	16.383
333.40	16.329
333.76	16.349
334.11	16.439
334.47	16.358
334.83	16.306
335.19	16.326
335.54	16.313
335.90	16.399
336.26	16.415
336.62	16.176
336.97	15.945
337.33	15.869
337.69	15.642
338.05	15.670
338.40	15.693
338.76	15.679
339.12	15.658
339.48	15.646
339.83	15.505
340.19	15.478
340.55	15.530
340.90	15.592
341.26	15.715
341.62	15.953
341.97	15.811
342.33	15.722
342.69	15.763
343.04	15.850
343.40	15.781
343.76	15.818
344.12	15.692
344.47	15.611
344.83	15.505
345.19	15.469
345.54	15.279
345.90	15.226
346.26	15.203
346.61	15.157
346.97	14.974
347.32	14.877
347.68	14.716
348.04	14.624
348.39	14.582
348.75	14.528
349.11	14.319
349.46	14.343
349.82	14.271
350.18	14.299
350.53	14.227
350.89	14.260
351.24	14.288
351.60	14.327
351.96	14.349
352.31	14.336
352.67	14.404
353.02	14.483
353.38	14.456
353.74	14.527
354.09	14.396
354.45	14.328
354.80	14.316
355.16	14.332
355.52	14.247
355.87	14.214
356.23	14.191
356.58	14.136
356.94	14.089
357.29	14.019
357.65	13.988
358.00	13.937
358.36	13.915
358.72	13.847
359.07	13.806
359.43	13.759
359.78	13.697
360.14	13.623
360.49	13.611
360.85	13.515
361.20	13.476
361.56	13.420
361.91	13.436
362.27	13.405
362.62	13.364
362.98	13.365
363.33	13.424
363.69	13.476
364.04	13.384
364.40	13.235
364.75	13.203
365.11	13.220
365.46	13.167
365.82	13.101
366.17	13.139
366.53	13.172
366.88	13.122
367.24	13.087
367.59	12.951
367.95	13.085
368.30	13.176
368.66	13.241
369.01	13.147
369.37	13.156
369.72	13.168
370.08	13.028
370.43	12.955
370.78	12.896
371.14	12.874
371.49	12.961
371.85	12.860
372.20	12.880
372.56	12.866
372.91	12.854
373.26	12.773
373.62	12.762
373.97	12.754
374.33	12.646
374.68	12.607
375.03	12.541
375.39	12.390
375.74	12.390
376.10	12.326
376.45	12.227
376.80	12.226
377.16	12.270
377.51	12.221
377.87	12.274
378.22	12.355
378.57	12.353
378.93	12.337
379.28	12.436
379.63	12.427
379.99	12.432
380.34	12.544
380.70	12.492
381.05	12.428
381.40	12.439
381.76	12.406
382.11	12.435
382.46	12.381
382.82	12.378
383.17	12.282
383.52	12.183
383.88	12.080
384.23	11.913
384.58	11.904
384.94	11.870
385.29	11.796
385.64	11.727
385.99	11.642
386.35	11.681
386.70	11.570
387.05	11.523
387.41	11.484
387.76	11.502
388.11	11.509
388.47	11.469
388.82	11.416
389.17	11.453
389.52	11.452
389.88	11.402
390.23	11.316
390.58	11.363
390.93	11.399
391.29	11.424
391.64	11.436
391.99	11.432
392.34	11.479
392.70	11.456
393.05	11.354
393.40	11.314
393.75	11.253
394.11	11.218
394.46	11.161
394.81	11.090
395.16	11.028
395.52	10.877
395.87	10.767
396.22	10.604
396.57	10.533
396.92	10.405
397.28	10.300
397.63	10.252
397.98	10.169
398.33	10.062
398.68	9.941
399.04	9.866
399.39	9.816
399.74	9.771
400.09	9.717
400.44	9.687
400.80	9.718
401.15	9.734
401.50	9.738
401.85	9.731
402.20	9.762
402.55	9.739
402.90	9.704
403.26	9.669
403.61	9.649
403.96	9.655
404.31	9.663
404.66	9.634
405.01	9.569
405.36	9.546
405.72	9.484
406.07	9.412
406.42	9.343
406.77	9.309
407.12	9.292
407.47	9.238
407.82	9.177
408.17	9.124
408.53	9.098
408.88	9.103
409.23	9.025
409.58	9.023
409.93	8.970
410.28	9.005
410.63	8.986
410.98	8.965
411.33	8.946
411.68	8.962
412.03	8.901
412.38	8.854
412.73	8.819
413.09	8.816
413.44	8.828
413.79	8.899
414.14	8.964
414.49	9.036
414.84	9.050
415.19	9.106
415.54	9.141
415.89	9.173
416.24	9.241
416.59	9.288
416.94	9.329
417.29	9.337
417.64	9.343
417.99	9.324
418.34	9.328
418.69	9.362
419.04	9.346
419.39	9.356
419.74	9.376
420.09	9.354
420.44	9.345
420.79	9.321
421.14	9.335
421.49	9.314
421.84	9.317
422.19	9.276
422.54	9.260
422.89	9.266
423.24	9.226
423.59	9.203
423.94	9.175
424.29	9.125
424.64	9.080
424.99	9.029
425.34	9.006
425.68	8.942
426.03	8.896
426.38	8.844
426.73	8.780
427.08	8.772
427.43	8.755
427.78	8.737
428.13	8.733
428.48	8.736
428.83	8.702
429.18	8.682
429.53	8.680
429.87	8.713
430.22	8.681
430.57	8.678
430.92	8.650
431.27	8.609
431.62	8.589
431.97	8.548
432.32	8.525
432.67	8.518
433.01	8.493
433.36	8.461
433.71	8.402
434.06	8.386
434.41	8.345
434.76	8.336
435.11	8.337
435.45	8.338
435.80	8.355
436.15	8.356
436.50	8.365
436.85	8.366
437.20	8.380
437.54	8.372
437.89	8.364
438.24	8.385
438.59	8.378
438.94	8.340
439.29	8.317
439.63	8.297
439.98	8.266
440.33	8.230
440.68	8.222
441.03	8.213
441.37	8.223
441.72	8.244
442.07	8.249
442.42	8.233
442.76	8.277
443.11	8.282
443.46	8.257
443.81	8.278
444.16	8.279
444.50	8.258
444.85	8.236
445.20	8.209
445.55	8.150
445.89	8.107
446.24	8.071
446.59	7.999
446.94	7.927
447.28	7.877
447.63	7.809
447.98	7.747
448.32	7.664
448.67	7.603
449.02	7.548
449.37	7.503
449.71	7.463
450.06	7.440
450.41	7.420
450.75	7.435
451.10	7.404
451.45	7.380
451.79	7.361
452.14	7.360
452.49	7.337
452.84	7.298
453.18	7.295
453.53	7.262
453.88	7.253
454.22	7.271
454.57	7.248
454.92	7.296
455.26	7.329
455.61	7.371
455.95	7.421
456.30	7.465
456.65	7.502
456.99	7.557
457.34	7.591
457.69	7.605
458.03	7.592
458.38	7.605
458.73	7.579
459.07	7.551
459.42	7.491
459.76	7.426
460.11	7.355
460.46	7.299
460.80	7.205
461.15	7.126
461.49	7.056
461.84	7.005
462.19	6.962
462.53	6.943
462.88	6.903
463.22	6.919
463.57	6.939
463.91	6.953
464.26	6.974
464.61	6.955
464.95	6.972
465.30	6.988
465.64	6.981
465.99	6.979
466.33	6.945
466.68	6.961
467.02	6.909
467.37	6.864
467.71	6.850
468.06	6.813
468.41	6.791
468.75	6.752
469.10	6.690
469.44	6.657
469.79	6.591
470.13	6.562
470.48	6.485
470.82	6.457
471.17	6.434
471.51	6.397
471.86	6.373
472.20	6.365
472.55	6.318
472.89	6.300
473.23	6.262
473.58	6.229
473.92	6.218
474.27	6.232
474.61	6.202
474.96	6.161
475.30	6.132
475.65	6.095
475.99	6.046
476.34	6.043
476.68	6.008
477.02	6.021
477.37	6.029
477.71	6.047
478.06	6.073
478.40	6.227
478.75	6.426
479.09	6.621
479.43	6.830
479.78	7.008
480.12	7.151
480.47	7.306
480.81	7.439
481.15	7.563
481.50	7.667
481.84	7.776
482.19	7.855
482.53	7.897
482.87	7.903
483.22	7.872
483.56	7.851
483.90	7.830
484.25	7.784
484.59	7.717
484.94	7.644
485.28	7.566
485.62	7.464
485.97	7.343
486.31	7.239
486.65	7.161
487.00	7.119
487.34	7.061
487.68	7.004
488.03	6.951
488.37	6.904
488.71	6.865
489.06	6.826
489.40	6.782
489.74	6.743
490.09	6.680
490.43	6.614
490.77	6.519
491.11	6.429
491.46	6.324
491.80	6.214
492.14	6.113
492.49	5.997
492.83	5.862
493.17	5.743
493.51	5.608
493.86	5.492
494.20	5.428
494.54	5.392
494.88	5.352
495.23	5.353
495.57	5.344
495.91	5.325
496.25	5.294
496.60	5.281
496.94	5.254
497.28	5.235
497.62	5.204
497.97	5.128
498.31	5.079
498.65	5.064
498.99	5.035
499.33	5.009
499.68	4.990
500.02	4.970
500.36	4.951
500.70	4.922
501.04	4.888
501.39	4.882
501.73	4.883
502.07	4.865
502.41	4.840
502.75	4.795
503.09	4.781
503.44	4.766
503.78	4.763
504.12	4.753
504.46	4.754
504.80	4.767
505.14	4.782
505.49	4.767
505.83	4.755
506.17	4.760
506.51	4.762
506.85	4.770
507.19	4.756
507.53	4.734
507.87	4.714
508.22	4.693
508.56	4.645
508.90	4.588
509.24	4.553
509.58	4.519
509.92	4.475
510.26	4.429
510.60	4.372
510.94	4.323
511.28	4.284
511.63	4.237
511.97	4.196
512.31	4.178
512.65	4.174
512.99	4.168
513.33	4.184
513.67	4.205
514.01	4.241
514.35	4.276
514.69	4.334
515.03	4.378
515.37	4.431
515.71	4.461
516.05	4.507
516.39	4.521
516.73	4.518
517.07	4.508
517.41	4.456
517.75	4.400
518.09	4.317
518.43	4.208
518.77	4.094
519.11	3.960
519.45	3.831
519.79	3.686
520.13	3.571
520.47	3.498
520.81	3.417
521.15	3.394
521.49	3.391
521.83	3.413
522.17	3.463
522.51	3.547
522.85	3.665
523.19	3.838
523.53	4.069
523.87	4.296
524.21	4.520
524.55	4.707
524.89	4.868
525.23	5.000
525.57	5.115
525.91	5.224
526.25	5.309
526.58	5.375
526.92	5.418
527.26	5.403
527.60	5.366
527.94	5.294
528.28	5.209
528.62	5.121
528.96	5.032
529.30	4.939
529.64	4.827
529.97	4.716
530.31	4.602
530.65	4.477
530.99	4.384
531.33	4.312
531.67	4.261
532.01	4.229
532.35	4.166
532.68	4.081
533.02	3.992
533.36	3.916
533.70	3.824
534.04	3.714
534.38	3.616
534.71	3.502
535.05	3.380
535.39	3.257
535.73	3.176
536.07	3.157
536.41	3.204
536.74	3.290
537.08	3.381
537.42	3.495
537.76	3.630
538.10	3.761
538.43	3.885
538.77	4.005
539.11	4.095
539.45	4.168
539.79	4.214
540.12	4.221
540.46	4.202
540.80	4.148
541.14	4.081
541.47	3.993
541.81	3.883
542.15	3.772
542.49	3.624
542.82	3.488
543.16	3.323
543.50	3.144
543.84	2.981
544.17	2.845
544.51	2.739
544.85	2.638
545.18	2.528
545.52	2.422
545.86	2.270
546.20	2.149
546.53	1.988
546.87	1.844
547.21	1.706
547.54	1.588
547.88	1.456
548.22	1.327
548.55	1.211
548.89	1.136
549.23	1.086
549.56	1.091
549.90	1.071
550.24	1.100
550.57	1.126
550.91	1.155
551.25	1.151
551.58	1.126
551.92	1.099
552.26	1.078
552.59	1.044
552.93	0.975
553.27	0.881
553.60	0.827
553.94	0.763
554.27	0.682
554.61	0.620
554.95	0.551
555.28	0.518
555.62	0.521
555.95	0.543
556.29	0.520
556.63	0.528
556.96	0.537
557.30	0.560
557.63	0.568
557.97	0.587
558.31	0.598
558.64	0.635
558.98	0.636
559.31	0.648
559.65	0.604
559.98	0.633
560.32	0.654
560.65	0.719
560.99	0.764
561.33	0.842
561.66	0.931
562.00	1.010
562.33	1.115
562.67	1.228
563.00	1.313
563.34	1.388
563.67	1.499
564.01	1.588
564.34	1.648
564.68	1.692
565.01	1.724
565.35	1.764
565.68	1.771
566.02	1.791
566.35	1.833
566.69	1.865
567.02	1.911
567.36	1.896
567.69	1.922
568.03	1.954
568.36	2.000
568.69	2.054
569.03	2.076
569.36	2.153
569.70	2.176
570.03	2.201
570.37	2.205
570.70	2.243
571.04	2.270
571.37	2.290
571.70	2.286
572.04	2.277
572.37	2.269
572.71	2.273
573.04	2.251
573.37	2.231
573.71	2.179
574.04	2.171
574.38	2.098
574.71	2.048
575.04	1.985
575.38	1.919
575.71	1.841
576.05	1.767
576.38	1.700
576.71	1.634
577.05	1.533
577.38	1.495
577.71	1.421
578.05	1.400
578.38	1.361
578.71	1.313
579.05	1.283
579.38	1.276
579.71	1.235
580.05	1.196
580.38	1.141
580.71	1.178
581.05	1.130
581.38	1.137
581.71	1.086
582.05	1.086
582.38	1.078
582.71	1.116
583.04	1.124
583.38	1.163
583.71	1.201
584.04	1.288
584.38	1.347
584.71	1.474
585.04	1.545
585.37	1.677
585.71	1.808
586.04	1.953
586.37	2.075
586.70	2.200
587.04	2.291
587.37	2.390
587.70	2.446
588.03	2.464
588.37	2.473
588.70	2.498
589.03	2.488
589.36	2.472
589.69	2.446
590.03	2.425
590.36	2.387
590.69	2.364
591.02	2.331
591.35	2.328
591.69	2.342
592.02	2.376
592.35	2.383
592.68	2.452
593.01	2.484
593.35	2.529
593.68	2.519
594.01	2.560
594.34	2.606
594.67	2.608
595.00	2.612
595.34	2.610
595.67	2.582
596.00	2.556
596.33	2.484
596.66	2.411
596.99	2.334
597.32	2.251
597.65	2.195
597.99	2.100
598.32	2.071
598.65	2.024
598.98	2.023
599.31	1.993
599.64	2.004
599.97	2.048
600.30	2.118
600.63	2.171
600.96	2.270
601.30	2.317
601.63	2.381
601.96	2.457
602.29	2.467
602.62	2.473
602.95	2.456
603.28	2.496
603.61	2.470
603.94	2.446
604.27	2.420
604.60	2.405
604.93	2.371
605.26	2.336
605.59	2.242
605.92	2.243
606.25	2.227
606.58	2.249
606.91	2.230
607.24	2.240
607.57	2.228
607.90	2.237
608.23	2.187
608.56	2.170
608.89	2.139
609.22	2.126
609.55	2.090
609.88	2.055
610.21	2.002
610.54	1.892
610.87	1.814
611.20	1.743
611.53	1.670
611.86	1.632
612.19	1.585
612.52	1.544
612.85	1.529
613.18	1.510
613.51	1.479
613.84	1.480
614.17	1.514
614.49	1.529
614.82	1.515
615.15	1.482
615.48	1.501
615.81	1.474
616.14	1.520
616.47	1.555
616.80	1.592
617.13	1.564
617.46	1.520
617.78	1.511
618.11	1.470
618.44	1.484
618.77	1.481
619.10	1.447
619.43	1.491
619.76	1.468
620.09	1.392
620.41	1.380
620.74	1.373
621.07	1.468
621.40	1.471
621.73	1.516
622.06	1.554
622.38	1.631
622.71	1.735
623.04	1.792
623.37	1.835
623.70	1.934
624.02	1.933
624.35	2.026
624.68	2.061
625.01	2.103
625.34	2.137
625.66	2.178
625.99	2.163
626.32	2.143
626.65	2.104
626.98	2.082
627.30	2.043
627.63	2.075
627.96	2.076
628.29	2.018
628.61	1.986
628.94	2.009
629.27	1.949
629.60	1.942
629.92	1.888
630.25	1.878
630.58	1.878
630.91	1.877
631.23	1.814
631.56	1.784
631.89	1.755
632.21	1.769
632.54	1.695
632.87	1.636
633.19	1.604
633.52	1.589
633.85	1.559
634.18	1.523
634.50	1.452
634.83	1.435
635.16	1.363
635.48	1.289
635.81	1.250
636.14	1.192
636.46	1.193
636.79	1.173
637.11	1.170
637.44	1.145
637.77	1.084
638.09	1.101
638.42	1.063
638.75	1.052
639.07	1.086
639.40	1.018
639.73	1.047
640.05	1.028
640.38	1.006
640.70	1.011
641.03	1.055
641.36	1.101
641.68	1.049
642.01	1.128
642.33	1.193
642.66	1.254
642.98	1.345
643.31	1.435
643.64	1.514
643.96	1.589
644.29	1.631
644.61	1.669
644.94	1.757
645.26	1.858
645.59	1.851
645.91	1.926
646.24	1.976
646.56	2.052
646.89	2.023
647.22	2.060
647.54	2.092
647.87	2.107
648.19	2.098
648.52	2.045
648.84	2.071
649.17	2.092
649.49	1.995
649.82	1.946
650.14	1.855
650.47	1.886
650.79	1.891
651.11	1.866
651.44	1.835
651.76	1.817
652.09	1.837
652.41	1.859
652.74	1.878
653.06	1.939
653.39	1.919
653.71	1.965
654.04	1.976
654.36	2.007
654.68	2.039
655.01	2.056
655.33	2.035
655.66	2.046
655.98	2.014
656.30	2.010
656.63	2.022
656.95	2.109
657.28	2.127
657.60	2.100
657.92	2.055
658.25	2.011
658.57	1.984
658.90	1.975
659.22	1.931
659.54	1.879
659.87	1.822
660.19	1.751
660.51	1.599
660.84	1.511
661.16	1.439
661.48	1.433
661.81	1.396
662.13	1.355
662.45	1.362
662.78	1.338
663.10	1.354
663.42	1.392
663.75	1.399
664.07	1.435
664.39	1.448
664.72	1.500
665.04	1.511
665.36	1.545
665.69	1.616
666.01	1.570
666.33	1.607
666.65	1.658
666.98	1.613
667.30	1.570
667.62	1.543
667.94	1.551
668.27	1.504
668.59	1.430
668.91	1.389
669.23	1.401
669.56	1.432
669.88	1.459
670.20	1.344
670.52	1.335
670.85	1.356
671.17	1.386
671.49	1.341
671.81	1.353
672.13	1.303
672.46	1.300
672.78	1.235
673.10	1.228
673.42	1.149
673.74	1.181
674.07	1.189
674.39	1.219
674.71	1.323
675.03	1.380
675.35	1.487
675.67	1.686
676.00	1.777
676.32	1.840
676.64	1.914
676.96	2.000
677.28	2.073
677.60	2.142
677.92	2.223
678.25	2.197
678.57	2.184
678.89	2.183
679.21	2.126
679.53	2.084
679.85	2.053
680.17	2.034
680.49	2.010
680.81	1.993
681.13	1.908
681.46	1.871
681.78	1.877
682.10	1.901
682.42	1.850
682.74	1.856
683.06	1.895
683.38	2.063
683.70	2.121
684.02	2.179
684.34	2.286
684.66	2.428
684.98	2.504
685.30	2.547
685.62	2.595
685.94	2.645
686.26	2.645
686.58	2.661
686.90	2.551
687.22	2.483
687.54	2.417
687.86	2.329
688.18	2.251
688.50	2.184
688.82	2.138
689.14	2.122
689.46	2.071
689.78	1.993
690.10	1.883
690.42	1.818
690.74	1.773
691.06	1.742
691.38	1.672
691.70	1.621
692.02	1.572
692.34	1.521
692.66	1.415
692.98	1.319
693.30	1.328
693.62	1.352
693.94	1.321
694.26	1.332
694.57	1.353
694.89	1.364
695.21	1.327
695.53	1.369
695.85	1.411
696.17	1.491
696.49	1.569
696.81	1.603
697.13	1.644
697.44	1.648
697.76	1.595
698.08	1.496
698.40	1.358
698.72	1.267
699.04	1.073
699.36	0.818
699.67	0.509
699.99	0.237
700.31	-0.144
700.63	-0.585
700.95	-0.953
701.27	-1.277
701.58	-1.564
701.90	-1.684
702.22	-1.891
702.54	-2.094
702.86	-2.360
703.17	-2.450
703.49	-2.637
703.81	-2.741
704.13	-2.808
704.45	-3.001
704.76	-3.074
705.08	-3.134
705.40	-3.358
705.72	-3.404
706.03	-3.477
706.35	-3.477
706.67	-3.707
706.99	-3.715
707.30	-3.764
707.62	-3.820
707.94	-3.867
708.26	-4.058
708.57	-4.052
708.89	-4.088
709.21	-4.236
709.53	-4.311
709.84	-4.381
710.16	-4.315
710.48	-4.528
710.79	-4.570
711.11	-4.615
711.43	-4.481
711.74	-4.332
712.06	-4.337
712.38	-4.222
712.69	-4.023
713.01	-3.970
713.33	-3.827
713.64	-3.664
713.96	-3.320
714.28	-3.096
714.59	-2.785
714.91	-2.581
715.23	-2.388
715.54	-2.260
715.86	-2.237
716.17	-2.340
716.49	-2.220
716.81	-2.228
717.12	-2.377
717.44	-2.626
717.76	-2.887
718.07	-3.258
718.39	-3.765
718.70	-4.110
719.02	-4.646
719.33	-5.049
719.65	-5.339
719.97	-5.701
720.28	-6.015
720.60	-6.184
720.91	-6.376
721.23	-6.427
721.54	-6.488
721.86	-6.402
722.17	-6.493
722.49	-6.357
722.81	-6.011
723.12	-5.895
723.44	-5.746
723.75	-5.810
724.07	-5.900
724.38	-5.936
724.70	-5.938
725.01	-6.043
725.33	-6.074
725.64	-6.092
725.96	-6.056
726.27	-6.284
726.59	-6.347
726.90	-6.607
727.22	-6.631
727.53	-6.675
727.84	-6.784
728.16	-7.017
728.47	-7.210
728.79	-7.472
729.10	-7.792
729.42	-8.323
729.73	-8.803
730.05	-9.409
730.36	-9.921
730.67	-10.626
730.99	-11.117
731.30	-11.849
731.62	-12.615
731.93	-13.394
732.24	-14.260
732.56	-14.950
732.87	-15.607
733.19	-16.393
733.50	-17.083
733.81	-17.913
734.13	-18.261
734.44	-19.027
734.76	-19.340
735.07	-20.159
735.38	-20.849
735.70	-21.527
736.01	-21.865
736.32	-22.677
736.64	-23.010
736.95	-23.437
737.26	-23.713
737.58	-24.348
737.89	-25.091
738.20	-25.902
738.52	-26.053
738.83	-26.380
739.14	-26.771
739.45	-27.887
739.77	-28.157
740.08	-29.264
740.39	-30.262
740.71	-31.296
741.02	-32.386
741.33	-33.622
741.64	-34.543
741.96	-35.592
742.27	-36.555
742.58	-37.522
742.90	-38.085
743.21	-39.188
743.52	-39.913
743.83	-40.223
744.14	-40.594
744.46	-40.948
744.77	-40.963
745.08	-41.207
745.39	-41.763
745.71	-42.048
746.02	-42.211
746.33	-42.267
746.64	-41.889
746.95	-41.601
747.27	-42.001
747.58	-42.071
747.89	-41.989
748.20	-42.046
748.51	-42.114
748.82	-41.825
749.14	-41.694
749.45	-41.620
749.76	-41.798
750.07	-41.945
750.38	-42.139
750.69	-42.325
751.01	-42.865
751.32	-43.304
751.63	-43.263
751.94	-43.490
752.25	-43.655
752.56	-43.712
752.87	-43.845
753.18	-43.850
753.49	-43.872
753.81	-43.542
754.12	-42.531
754.43	-41.480
754.74	-39.936
755.05	-37.830
755.36	-35.583
755.67	-33.580
755.98	-30.785
756.29	-28.024
756.60	-25.042
756.91	-22.261
757.22	-19.240
757.53	-16.534
757.84	-13.775
758.15	-11.334
758.46	-9.463
758.77	-7.557
759.09	-5.866
759.40	-4.721
759.71	-3.867
760.02	-3.307
760.33	-2.725
760.64	-2.484
760.95	-2.358
761.26	-2.630
761.57	-2.966
761.88	-3.377
762.18	-3.930
762.49	-4.415
762.80	-5.231
763.11	-6.171
763.42	-7.316
763.73	-8.751
764.04	-10.284
764.35	-12.222
764.66	-14.084
764.97	-16.428
765.28	-18.861
765.59	-21.979
765.90	-25.375
766.21	-28.892
766.52	-31.734
766.83	-35.226
767.14	-38.234
767.44	-41.538
767.75	-44.413
768.06	-47.230
768.37	-49.586
768.68	-51.857
768.99	-53.538
769.30	-55.990
769.61	-57.517
769.91	-59.984
770.22	-60.555
770.53	-61.853
770.84	-62.727
771.15	-64.034
771.46	-65.213
771.77	-65.896
772.07	-67.339
772.38	-68.276
772.69	-68.179
773.00	-68.836
773.31	-68.747
773.61	-69.390
773.92	-69.609
774.23	-69.867
774.54	-69.494
774.85	-69.388
775.15	-68.827
775.46	-68.554
775.77	-68.226
776.08	-68.487
776.39	-67.855
776.69	-67.834
777.00	-67.788
777.31	-67.921
777.62	-67.561
777.92	-67.320
778.23	-66.482
778.54	-66.825
778.85	-66.394
779.15	-66.697
779.46	-66.311
779.77	-66.798
780.07	-66.923
780.38	-67.138
780.69	-66.248
781.00	-67.154
781.30	-67.082
781.61	-68.136
781.92	-67.440
782.22	-67.078
782.53	-66.181
782.84	-65.316
783.14	-65.040
783.45	-63.865
783.76	-61.596
784.06	-60.085
784.37	-57.056
784.68	-54.515
784.98	-52.085
785.29	-49.762
785.60	-47.971
785.90	-45.941
786.21	-44.351
786.51	-42.181
786.82	-40.238
787.13	-39.196
787.43	-38.345
787.74	-37.142
788.04	-36.857
788.35	-36.323
788.66	-36.884
788.96	-37.061
789.27	-37.510
789.57	-37.735
789.88	-38.294
790.19	-39.342
790.49	-40.187
790.80	-41.089
791.10	-42.258
791.41	-42.341
791.71	-42.764
792.02	-42.852
792.32	-42.721
792.63	-42.960
792.93	-42.294
793.24	-41.349
793.54	-40.897
793.85	-39.928
794.15	-38.674
794.46	-38.110
794.76	-37.513
795.07	-36.931
795.37	-35.495
795.68	-34.799
795.98	-33.518
796.29	-33.175
796.59	-32.975
796.90	-32.564
797.20	-32.965
797.51	-32.853
797.81	-32.685
798.12	-33.057
798.42	-32.385
798.72	-32.741
799.03	-32.402
799.33	-32.758
799.64	-32.912
799.94	-33.123
800.25	-33.116
800.55	-32.332
800.85	-32.281
801.16	-32.476
801.46	-32.233
801.77	-32.899
802.07	-33.382
802.37	-34.341
802.68	-34.716
802.98	-35.126
803.28	-35.638
803.59	-36.015
803.89	-36.801
804.20	-37.014
804.50	-36.898
804.80	-37.196
805.11	-37.147
805.41	-37.492
805.71	-36.782
806.02	-36.705
806.32	-36.169
806.62	-35.448
806.93	-34.897
807.23	-34.501
807.53	-33.513
807.83	-34.042
808.14	-33.464
808.44	-32.962
808.74	-31.408
809.05	-31.446
809.35	-29.710
809.65	-28.817
809.95	-27.824
810.26	-26.771
810.56	-26.005
810.86	-25.356
811.16	-22.979
811.47	-21.963
811.77	-20.334
812.07	-19.950
812.37	-18.128
812.68	-17.581
812.98	-16.869
813.28	-15.810
813.58	-14.482
813.88	-13.609
814.19	-12.408
814.49	-12.535
814.79	-11.384
815.09	-10.794
815.39	-9.679
815.70	-9.176
816.00	-8.822
816.30	-8.498
816.60	-7.867
816.90	-7.419
817.20	-6.173
817.50	-5.098
817.81	-3.339
818.11	-1.756
818.41	-0.429
818.71	0.593
819.01	1.445
819.31	2.246
819.61	2.986
819.92	3.413
820.22	3.666
820.52	3.923
820.82	4.041
821.12	4.169
821.42	4.213
821.72	4.235
822.02	4.214
822.32	4.139
822.62	4.054
822.92	3.922
823.22	3.776
823.52	3.638
823.83	3.479
824.13	3.326
824.43	3.131
824.73	2.864
825.03	2.644
825.33	2.456
825.63	2.349
825.93	2.126
826.23	1.840
826.53	1.684
826.83	1.677
827.13	1.430
827.43	1.139
827.73	0.828
828.03	0.585
828.33	0.031
828.63	-0.656
828.93	-1.479
829.23	-2.173
829.53	-2.850
829.83	-3.811
830.13	-4.781
830.42	-4.939
830.72	-4.864
831.02	-4.601
831.32	-4.478
831.62	-4.060
831.92	-3.359
832.22	-2.867
832.52	-2.510
832.82	-2.403
833.12	-1.966
833.42	-1.850
833.72	-2.261
834.01	-2.595
834.31	-2.954
834.61	-3.462
834.91	-4.336
835.21	-5.259
835.51	-6.130
835.81	-7.143
836.11	-8.097
836.40	-9.591
836.70	-11.067
837.00	-12.464
837.30	-14.181
837.60	-15.619
837.90	-16.717
838.19	-16.895
838.49	-17.790
838.79	-18.196
839.09	-18.826
839.39	-19.242
839.68	-20.189
839.98	-19.993
840.28	-20.137
840.58	-20.496
840.88	-21.839
841.17	-24.128
841.47	-26.315
841.77	-27.522
842.07	-30.444
842.36	-33.268
842.66	-35.848
842.96	-37.642
843.26	-43.748
843.55	-49.886
843.85	-54.830
844.15	-58.274
844.45	-58.074
844.74	-60.264
845.04	-64.726
845.34	-65.133
845.63	-69.400
845.93	-70.771
846.23	-73.831
846.53	-73.739
846.82	-70.758
847.12	-72.575
847.42	-71.660
847.71	-73.401
848.01	-75.060
848.31	-72.639
848.60	-75.385
848.90	-69.667
849.19	-73.336
849.49	-72.162
849.79	-71.276
850.08	-71.361
850.38	-65.636
850.68	-63.398
850.97	-59.495
851.27	-57.439
851.56	-56.630
851.86	-54.419
852.16	-57.315
852.45	-56.331
852.75	-58.699
853.04	-56.773
853.34	-56.066
853.64	-56.922
853.93	-57.966
854.23	-62.024
854.52	-62.144
854.82	-64.657
855.11	-64.160
855.41	-63.598
855.70	-63.517
856.00	-59.642
856.30	-61.875
856.59	-62.719
856.89	-64.197
857.18	-65.938
857.48	-62.373
857.77	-59.493
858.07	-59.398
858.36	-59.714
858.66	-59.553
858.95	-56.451
859.25	-58.551
859.54	-60.018
859.84	-61.221
860.13	-60.266
860.42	-54.993
860.72	-57.370
861.01	-61.923
861.31	-59.498
861.60	-60.330
861.90	-58.260
862.19	-61.535
862.49	-59.185
862.78	-52.343
863.07	-49.643
863.37	-49.332
863.66	-50.387
863.96	-48.641
864.25	-44.895
864.54	-45.397
864.84	-42.995
865.13	-42.685
865.43	-40.234
865.72	-37.058
866.01	-44.906
866.31	-37.058
866.60	-49.629
866.89	-48.077
>>>>>End Spectral Data<<<<<
