180.30	0.000
180.67	0.000
181.03	10.267
181.40	149.564
181.77	-5.585
182.14	-133.547
182.51	282.003
182.88	75.326
183.25	181.444
183.62	-2.619
183.99	-32.126
184.36	120.107
184.73	-91.076
185.10	670.658
185.46	-92.598
185.83	-25.335
186.20	-21.751
186.57	205.858
186.94	57.717
187.31	32.854
187.68	-4627.915
188.05	-626.778
188.42	-390.755
188.78	331.472
189.15	154.509
189.52	122.874
189.89	91.406
190.26	83.057
190.63	73.688
191.00	86.578
191.37	63.464
191.73	106.139
192.10	65.756
192.47	44.014
192.84	14.422
193.21	-165.906
193.58	-145.970
193.94	-179.907
194.31	-81.635
194.68	-57.154
195.05	-97.276
195.42	-87.912
195.79	-103.673
196.15	-77.798
196.52	-55.465
196.89	-55.944
197.26	-47.853
197.63	-71.462
198.00	-126.951
198.36	-198.645
198.73	-240.126
199.10	-91.863
199.47	-7.587
199.84	35.026
200.20	-0.219
200.57	-20.749
200.94	23.666
201.31	30.937
201.68	32.812
202.04	33.146
202.41	25.527
202.78	32.121
203.15	32.744
203.51	26.396
203.88	5.425
204.25	6.471
204.62	8.525
204.98	-7.245
205.35	-28.985
205.72	-61.514
206.09	-123.494
206.46	-67.620
206.82	-121.947
207.19	-140.896
207.56	-199.066
207.92	-214.405
208.29	-147.397
208.66	-110.870
209.03	-112.127
209.39	-62.023
209.76	-32.929
210.13	-0.248
210.50	-0.139
210.86	1.995
211.23	7.494
211.60	23.731
211.96	34.802
212.33	54.722
212.70	-488.069
213.07	-4.828
213.43	-64.842
213.80	-149.061
214.17	36.579
214.53	104.006
214.90	49.876
215.27	48.676
215.63	15.653
216.00	9.254
216.37	16.380
216.74	13.648
217.10	18.763
217.47	14.857
217.84	15.634
218.20	11.240
218.57	24.642
218.94	26.621
219.30	23.541
219.67	33.659
220.04	36.541
220.40	40.041
220.77	41.589
221.13	44.709
221.50	37.241
221.87	32.627
222.23	41.053
222.60	28.105
222.97	19.824
223.33	18.155
223.70	10.396
224.07	11.038
224.43	9.493
224.80	13.694
225.16	9.690
225.53	7.096
225.90	6.213
226.26	5.128
226.63	2.804
226.99	1.915
227.36	1.668
227.73	1.356
228.09	0.253
228.46	-0.031
228.82	-3.135
229.19	-2.079
229.56	-3.802
229.92	-3.457
230.29	-5.201
230.65	-3.093
231.02	-3.542
231.38	-4.219
231.75	-3.834
232.12	-2.280
232.48	-2.534
232.85	-0.561
233.21	-1.809
233.58	1.794
233.94	1.004
234.31	3.293
234.68	0.385
235.04	1.506
235.41	0.559
235.77	0.630
236.14	1.467
236.50	4.331
236.87	5.146
237.23	6.439
237.60	3.979
237.96	3.601
238.33	1.610
238.69	3.065
239.06	1.975
239.42	1.915
239.79	2.460
240.15	2.052
240.52	0.879
240.88	0.832
241.25	0.377
241.61	0.087
241.98	0.686
242.34	1.237
242.71	1.141
243.07	1.898
243.44	2.614
243.80	2.503
244.17	2.363
244.53	2.378
244.90	2.430
245.26	2.861
245.63	3.243
245.99	3.258
246.36	3.169
246.72	3.140
247.09	2.911
247.45	3.116
247.81	3.218
248.18	3.217
248.54	3.401
248.91	3.219
249.27	2.638
249.64	2.944
250.00	2.976
250.36	3.378
250.73	3.074
251.09	3.168
251.46	2.668
251.82	2.756
252.19	2.863
252.55	2.865
252.91	2.587
253.28	3.143
253.64	3.239
254.01	3.076
254.37	3.164
254.73	3.673
255.10	3.504
255.46	4.174
255.83	4.026
256.19	3.990
256.55	3.770
256.92	3.785
257.28	3.757
257.65	3.801
258.01	3.603
258.37	3.466
258.74	3.448
259.10	3.808
259.46	3.568
259.83	3.683
260.19	3.862
260.55	4.076
260.92	4.261
261.28	4.262
261.64	4.087
262.01	4.127
262.37	4.034
262.73	4.037
263.10	3.314
263.46	3.464
263.82	2.972
264.19	2.591
264.55	2.452
264.91	2.625
265.28	2.556
265.64	2.420
266.00	2.516
266.37	2.958
266.73	3.029
267.09	3.226
267.46	2.641
267.82	3.002
268.18	3.255
268.54	3.298
268.91	3.216
269.27	3.299
269.63	3.353
270.00	3.377
270.36	3.164
270.72	3.042
271.08	2.900
271.45	3.273
271.81	3.432
272.17	3.570
272.53	3.677
272.90	3.555
273.26	3.106
273.62	3.341
273.98	3.562
274.35	3.624
274.71	3.528
275.07	3.795
275.43	3.746
275.80	3.543
276.16	3.269
276.52	3.031
276.88	3.232
277.25	3.228
277.61	2.932
277.97	2.695
278.33	2.702
278.69	2.786
279.06	2.692
279.42	2.824
279.78	2.799
280.14	2.699
280.50	2.819
280.87	2.839
281.23	3.086
281.59	3.296
281.95	3.202
282.31	3.037
282.68	3.096
283.04	3.158
283.40	2.782
283.76	2.740
284.12	2.715
284.48	2.492
284.85	2.247
285.21	2.356
285.57	2.350
285.93	2.406
286.29	2.316
286.65	2.251
287.02	2.284
287.38	2.412
287.74	2.488
288.10	2.563
288.46	2.632
288.82	2.651
289.18	2.498
289.54	2.340
289.91	2.325
290.27	2.582
290.63	2.860
290.99	2.742
291.35	2.922
291.71	2.749
292.07	2.552
292.43	2.617
292.79	2.713
293.16	2.812
293.52	2.851
293.88	3.014
294.24	3.057
294.60	2.933
294.96	2.926
295.32	2.836
295.68	2.684
296.04	2.891
296.40	2.890
296.76	2.915
297.12	2.943
297.49	2.932
297.85	3.022
298.21	3.048
298.57	2.831
298.93	2.877
299.29	3.028
299.65	3.456
300.01	3.304
300.37	3.314
300.73	3.325
301.09	3.439
301.45	3.370
301.81	3.315
302.17	3.177
302.53	3.141
302.89	3.108
303.25	2.928
303.61	2.854
303.97	2.988
304.33	3.157
304.69	3.307
305.05	3.134
305.41	3.271
305.77	3.103
306.13	3.261
306.49	3.392
306.85	3.584
307.21	3.566
307.57	3.371
307.93	3.395
308.29	3.285
308.65	3.019
309.01	3.086
309.37	3.097
309.73	3.204
310.09	3.094
310.45	3.169
310.81	3.063
311.17	3.111
311.53	3.225
311.89	3.170
312.25	3.177
312.61	3.482
312.96	3.607
313.32	3.575
313.68	3.471
314.04	3.477
314.40	3.450
314.76	3.494
315.12	3.531
315.48	3.647
315.84	3.488
316.20	3.509
316.56	3.463
316.92	3.251
317.27	3.289
317.63	3.325
317.99	3.237
318.35	3.320
318.71	3.425
319.07	3.536
319.43	3.311
319.79	3.423
320.15	3.536
320.50	3.532
320.86	3.572
321.22	3.661
321.58	3.601
321.94	3.748
322.30	3.932
322.66	3.879
323.01	3.838
323.37	3.984
323.73	3.911
324.09	3.956
324.45	3.927
324.81	3.998
325.17	3.994
325.52	4.101
325.88	3.921
326.24	3.612
326.60	3.517
326.96	3.536
327.31	3.389
327.67	3.512
328.03	3.393
328.39	3.300
328.75	3.220
329.11	3.164
329.46	3.131
329.82	3.327
330.18	3.450
330.54	3.542
330.90	3.602
331.25	3.703
331.61	3.672
331.97	3.671
332.33	3.689
332.68	3.748
333.04	3.788
333.40	3.828
333.76	3.832
334.11	3.725
334.47	3.728
334.83	3.663
335.19	3.697
335.54	3.758
335.90	3.658
336.26	3.783
336.62	3.813
336.97	3.759
337.33	3.802
337.69	3.854
338.05	4.088
338.40	4.059
338.76	4.066
339.12	4.057
339.48	3.904
339.83	4.025
340.19	4.017
340.55	3.973
340.90	4.078
341.26	4.081
341.62	4.016
341.97	3.955
342.33	3.952
342.69	4.016
343.04	4.009
343.40	4.196
343.76	4.169
344.12	4.175
344.47	4.187
344.83	4.136
345.19	4.136
345.54	4.209
345.90	4.097
346.26	4.093
346.61	3.992
346.97	4.031
347.32	3.941
347.68	3.977
348.04	3.941
348.39	4.008
348.75	4.001
349.11	3.976
349.46	3.931
349.82	3.974
350.18	4.075
350.53	4.174
350.89	4.137
351.24	4.167
351.60	4.111
351.96	4.157
352.31	4.095
352.67	4.072
353.02	4.114
353.38	4.137
353.74	4.149
354.09	4.090
354.45	3.980
354.80	3.950
355.16	4.034
355.52	4.081
355.87	4.022
356.23	4.043
356.58	4.101
356.94	4.081
357.29	4.011
357.65	4.085
358.00	4.087
358.36	4.116
358.72	4.140
359.07	4.069
359.43	4.054
359.78	4.079
360.14	4.091
360.49	4.010
360.85	4.006
361.20	4.062
361.56	4.010
361.91	4.040
362.27	4.049
362.62	4.054
362.98	4.092
363.33	4.098
363.69	4.115
364.04	4.138
364.40	4.191
364.75	4.167
365.11	4.154
365.46	4.167
365.82	4.065
366.17	4.040
366.53	4.091
366.88	4.082
367.24	4.110
367.59	4.059
367.95	4.045
368.30	4.086
368.66	4.130
369.01	4.115
369.37	4.134
369.72	4.199
370.08	4.198
370.43	4.158
370.78	4.172
371.14	4.228
371.49	4.241
371.85	4.265
372.20	4.251
372.56	4.307
372.91	4.336
373.26	4.352
373.62	4.348
373.97	4.424
374.33	4.450
374.68	4.507
375.03	4.427
375.39	4.457
375.74	4.446
376.10	4.451
376.45	4.451
376.80	4.505
377.16	4.500
377.51	4.544
377.87	4.589
378.22	4.617
378.57	4.550
378.93	4.564
379.28	4.591
379.63	4.663
379.99	4.695
380.34	4.652
380.70	4.648
381.05	4.678
381.40	4.705
381.76	4.716
382.11	4.740
382.46	4.817
382.82	4.823
383.17	4.825
383.52	4.836
383.88	4.886
384.23	4.987
384.58	5.012
384.94	5.068
385.29	5.149
385.64	5.152
385.99	5.176
386.35	5.187
386.70	5.280
387.05	5.361
387.41	5.351
387.76	5.351
388.11	5.342
388.47	5.371
388.82	5.405
389.17	5.459
389.52	5.488
389.88	5.573
390.23	5.645
390.58	5.682
390.93	5.727
391.29	5.847
391.64	5.920
391.99	6.009
392.34	6.064
392.70	6.081
393.05	6.080
393.40	6.183
393.75	6.205
394.11	6.230
394.46	6.304
394.81	6.337
395.16	6.353
395.52	6.433
395.87	6.441
396.22	6.506
396.57	6.575
396.92	6.632
397.28	6.692
397.63	6.705
397.98	6.788
398.33	6.862
398.68	6.929
399.04	6.968
399.39	7.018
399.74	7.092
400.09	7.168
400.44	7.221
400.80	7.329
401.15	7.351
401.50	7.471
401.85	7.539
402.20	7.607
402.55	7.700
402.90	7.792
403.26	7.859
403.61	7.953
403.96	8.026
404.31	8.131
404.66	8.191
405.01	8.287
405.36	8.363
405.72	8.460
406.07	8.527
406.42	8.625
406.77	8.702
407.12	8.825
407.47	8.938
407.82	9.063
408.17	9.153
408.53	9.280
408.88	9.382
409.23	9.471
409.58	9.571
409.93	9.700
410.28	9.796
410.63	9.934
410.98	10.003
411.33	10.094
411.68	10.196
412.03	10.297
412.38	10.344
412.73	10.459
413.09	10.536
413.44	10.633
413.79	10.739
414.14	10.814
414.49	10.852
414.84	10.950
415.19	10.988
415.54	11.052
415.89	11.113
416.24	11.188
416.59	11.240
416.94	11.324
417.29	11.370
417.64	11.423
417.99	11.479
418.34	11.556
418.69	11.587
419.04	11.678
419.39	11.752
419.74	11.848
420.09	11.919
420.44	11.998
420.79	12.096
421.14	12.160
421.49	12.258
421.84	12.341
422.19	12.431
422.54	12.544
422.89	12.654
423.24	12.740
423.59	12.844
423.94	12.956
424.29	13.059
424.64	13.158
424.99	13.333
425.34	13.461
425.68	13.588
426.03	13.741
426.38	13.895
426.73	14.016
427.08	14.116
427.43	14.242
427.78	14.329
428.13	14.439
428.48	14.543
428.83	14.586
429.18	14.634
429.53	14.754
429.87	14.829
430.22	14.884
430.57	14.954
430.92	15.045
431.27	15.105
431.62	15.192
431.97	15.264
432.32	15.342
432.67	15.413
433.01	15.496
433.36	15.578
433.71	15.665
434.06	15.759
434.41	15.829
434.76	15.952
435.11	16.034
435.45	16.121
435.80	16.172
436.15	16.216
436.50	16.288
436.85	16.326
437.20	16.363
437.54	16.394
437.89	16.463
438.24	16.528
438.59	16.564
438.94	16.604
439.29	16.655
439.63	16.750
439.98	16.811
440.33	16.871
440.68	16.958
441.03	17.023
441.37	17.087
441.72	17.135
442.07	17.195
442.42	17.235
442.76	17.300
443.11	17.344
443.46	17.370
443.81	17.428
444.16	17.505
444.50	17.555
444.85	17.612
445.20	17.695
445.55	17.754
445.89	17.819
446.24	17.916
446.59	18.003
446.94	18.109
447.28	18.228
447.63	18.340
447.98	18.414
448.32	18.510
448.67	18.623
449.02	18.677
449.37	18.792
449.71	18.869
450.06	18.946
450.41	19.012
450.75	19.069
451.10	19.120
451.45	19.184
451.79	19.279
452.14	19.370
452.49	19.430
452.84	19.521
453.18	19.559
453.53	19.622
453.88	19.700
454.22	19.750
454.57	19.791
454.92	19.862
455.26	19.899
455.61	19.928
455.95	19.947
456.30	20.002
456.65	20.034
456.99	20.064
457.34	20.112
457.69	20.144
458.03	20.199
458.38	20.268
458.73	20.337
459.07	20.416
459.42	20.497
459.76	20.575
460.11	20.687
460.46	20.815
460.80	20.958
461.15	21.083
461.49	21.195
461.84	21.317
462.19	21.442
462.53	21.556
462.88	21.656
463.22	21.755
463.57	21.881
463.91	21.936
464.26	22.048
464.61	22.117
464.95	22.212
465.30	22.291
465.64	22.388
465.99	22.486
466.33	22.554
466.68	22.626
467.02	22.714
467.37	22.787
467.71	22.848
468.06	22.890
468.41	22.961
468.75	23.046
469.10	23.154
469.44	23.228
469.79	23.285
470.13	23.373
470.48	23.455
470.82	23.538
471.17	23.586
471.51	23.668
471.86	23.734
472.20	23.786
472.55	23.841
472.89	23.884
473.23	23.932
473.58	23.959
473.92	23.965
474.27	24.006
474.61	24.030
474.96	24.066
475.30	24.084
475.65	24.115
475.99	24.189
476.34	24.215
476.68	24.244
477.02	24.270
477.37	24.299
477.71	24.318
478.06	24.321
478.40	24.345
478.75	24.442
479.09	24.563
479.43	24.673
479.78	24.805
480.12	24.962
480.47	25.138
480.81	25.338
481.15	25.564
481.50	25.809
481.84	26.121
482.19	26.455
482.53	26.686
482.87	26.751
483.22	26.634
483.56	26.350
483.90	26.054
484.25	25.837
484.59	25.736
484.94	25.587
485.28	25.403
485.62	25.138
485.97	24.820
486.31	24.583
486.65	24.532
487.00	24.711
487.34	25.057
487.68	25.425
488.03	25.679
488.37	25.731
488.71	25.802
489.06	25.877
489.40	25.967
489.74	26.045
490.09	26.126
490.43	26.190
490.77	26.234
491.11	26.308
491.46	26.377
491.80	26.451
492.14	26.533
492.49	26.615
492.83	26.714
493.17	26.790
493.51	26.878
493.86	26.987
494.20	27.091
494.54	27.173
494.88	27.258
495.23	27.334
495.57	27.408
495.91	27.525
496.25	27.646
496.60	27.746
496.94	27.861
497.28	27.996
497.62	28.100
497.97	28.207
498.31	28.361
498.65	28.499
498.99	28.688
499.33	28.841
499.68	28.963
500.02	29.085
500.36	29.181
500.70	29.292
501.04	29.417
501.39	29.543
501.73	29.658
502.07	29.766
502.41	29.900
502.75	29.941
503.09	30.042
503.44	30.165
503.78	30.247
504.12	30.381
504.46	30.466
504.80	30.550
505.14	30.622
505.49	30.726
505.83	30.807
506.17	30.906
506.51	31.008
506.85	31.085
507.19	31.180
507.53	31.280
507.87	31.389
508.22	31.490
508.56	31.588
508.90	31.685
509.24	31.807
509.58	31.933
509.92	32.022
510.26	32.143
510.60	32.264
510.94	32.356
511.28	32.480
511.63	32.594
511.97	32.714
512.31	32.834
512.65	32.953
512.99	33.068
513.33	33.161
513.67	33.233
514.01	33.329
514.35	33.421
514.69	33.507
515.03	33.589
515.37	33.638
515.71	33.689
516.05	33.721
516.39	33.812
516.73	33.854
517.07	33.902
517.41	33.968
517.75	34.049
518.09	34.125
518.43	34.211
518.77	34.281
519.11	34.362
519.45	34.460
519.79	34.566
520.13	34.612
520.47	34.701
520.81	34.807
521.15	34.882
521.49	34.915
521.83	34.929
522.17	34.931
522.51	34.934
522.85	34.941
523.19	34.975
523.53	35.049
523.87	35.176
524.21	35.285
524.55	35.432
524.89	35.543
525.23	35.671
525.57	35.793
525.91	35.900
526.25	36.025
526.58	36.137
526.92	36.246
527.26	36.323
527.60	36.358
527.94	36.370
528.28	36.353
528.62	36.344
528.96	36.310
529.30	36.296
529.64	36.302
529.97	36.268
530.31	36.229
530.65	36.187
530.99	36.153
531.33	36.146
531.67	36.173
532.01	36.189
532.35	36.219
532.68	36.260
533.02	36.294
533.36	36.270
533.70	36.282
534.04	36.334
534.38	36.354
534.71	36.412
535.05	36.428
535.39	36.430
535.73	36.438
536.07	36.438
536.41	36.457
536.74	36.423
537.08	36.444
537.42	36.499
537.76	36.501
538.10	36.556
538.43	36.563
538.77	36.604
539.11	36.634
539.45	36.671
539.79	36.689
540.12	36.700
540.46	36.726
540.80	36.726
541.14	36.737
541.47	36.753
541.81	36.745
542.15	36.744
542.49	36.728
542.82	36.717
543.16	36.717
543.50	36.768
543.84	36.784
544.17	36.811
544.51	36.892
544.85	36.908
545.18	36.924
545.52	36.949
545.86	36.996
546.20	37.074
546.53	37.140
546.87	37.213
547.21	37.235
547.54	37.313
547.88	37.382
548.22	37.412
548.55	37.429
548.89	37.441
549.23	37.482
549.56	37.489
549.90	37.468
550.24	37.480
550.57	37.445
550.91	37.482
551.25	37.480
551.58	37.495
551.92	37.540
552.26	37.594
552.59	37.644
552.93	37.681
553.27	37.702
553.60	37.737
553.94	37.777
554.27	37.784
554.61	37.780
554.95	37.812
555.28	37.798
555.62	37.740
555.95	37.741
556.29	37.711
556.63	37.681
556.96	37.681
557.30	37.703
557.63	37.660
557.97	37.683
558.31	37.673
558.64	37.661
558.98	37.669
559.31	37.676
559.65	37.632
559.98	37.679
560.32	37.646
560.65	37.592
560.99	37.504
561.33	37.456
561.66	37.391
562.00	37.336
562.33	37.287
562.67	37.199
563.00	37.154
563.34	37.108
563.67	37.037
564.01	36.982
564.34	36.985
564.68	36.962
565.01	36.951
565.35	36.958
565.68	36.956
566.02	36.880
566.35	36.909
566.69	36.869
567.02	36.826
567.36	36.790
567.69	36.731
568.03	36.648
568.36	36.602
568.69	36.570
569.03	36.512
569.36	36.432
569.70	36.402
570.03	36.342
570.37	36.282
570.70	36.241
571.04	36.216
571.37	36.205
571.70	36.182
572.04	36.150
572.37	36.129
572.71	36.120
573.04	36.111
573.37	36.108
573.71	36.079
574.04	36.093
574.38	36.116
574.71	36.099
575.04	36.155
575.38	36.194
575.71	36.240
576.05	36.260
576.38	36.277
576.71	36.292
577.05	36.362
577.38	36.411
577.71	36.465
578.05	36.444
578.38	36.448
578.71	36.398
579.05	36.388
579.38	36.393
579.71	36.358
580.05	36.318
580.38	36.313
580.71	36.223
581.05	36.188
581.38	36.131
581.71	36.126
582.05	36.076
582.38	36.018
582.71	35.950
583.04	35.912
583.38	35.882
583.71	35.828
584.04	35.810
584.38	35.802
584.71	35.721
585.04	35.639
585.37	35.555
585.71	35.515
586.04	35.455
586.37	35.412
586.70	35.286
587.04	35.239
587.37	35.130
587.70	35.018
588.03	34.869
588.37	34.808
588.70	34.789
589.03	34.741
589.36	34.648
589.69	34.570
590.03	34.481
590.36	34.454
590.69	34.353
591.02	34.343
591.35	34.257
591.69	34.180
592.02	34.079
592.35	33.974
592.68	33.858
593.01	33.778
593.35	33.683
593.68	33.616
594.01	33.541
594.34	33.440
594.67	33.355
595.00	33.265
595.34	33.235
595.67	33.193
596.00	33.123
596.33	33.096
596.66	33.075
596.99	33.110
597.32	33.093
597.65	33.029
597.99	33.014
598.32	32.938
598.65	32.919
598.98	32.818
599.31	32.737
599.64	32.667
599.97	32.599
600.30	32.508
600.63	32.331
600.96	32.252
601.30	32.128
601.63	32.032
601.96	31.985
602.29	31.935
602.62	31.927
602.95	31.900
603.28	31.843
603.61	31.746
603.94	31.690
604.27	31.734
604.60	31.657
604.93	31.683
605.26	31.650
605.59	31.591
605.92	31.574
606.25	31.509
606.58	31.445
606.91	31.373
607.24	31.352
607.57	31.289
607.90	31.195
608.23	31.154
608.56	31.084
608.89	31.062
609.22	31.026
609.55	30.972
609.88	30.937
610.21	30.931
610.54	30.920
610.87	30.916
611.20	30.879
611.53	30.892
611.86	30.860
612.19	30.846
612.52	30.813
612.85	30.794
613.18	30.734
613.51	30.699
613.84	30.644
614.17	30.622
614.49	30.551
614.82	30.570
615.15	30.470
615.48	30.429
615.81	30.395
616.14	30.336
616.47	30.292
616.80	30.271
617.13	30.253
617.46	30.176
617.78	30.104
618.11	30.092
618.44	30.001
618.77	29.965
619.10	29.920
619.43	29.856
619.76	29.750
620.09	29.675
620.41	29.583
620.74	29.524
621.07	29.473
621.40	29.435
621.73	29.316
622.06	29.247
622.38	29.157
622.71	29.056
623.04	28.960
623.37	28.914
623.70	28.839
624.02	28.761
624.35	28.678
624.68	28.597
625.01	28.503
625.34	28.427
625.66	28.369
625.99	28.328
626.32	28.309
626.65	28.291
626.98	28.253
627.30	28.262
627.63	28.247
627.96	28.165
628.29	28.141
628.61	28.144
628.94	28.111
629.27	28.054
629.60	28.013
629.92	27.964
630.25	27.870
630.58	27.813
630.91	27.674
631.23	27.596
631.56	27.586
631.89	27.528
632.21	27.454
632.54	27.408
632.87	27.388
633.19	27.322
633.52	27.248
633.85	27.214
634.18	27.172
634.50	27.167
634.83	27.186
635.16	27.100
635.48	27.022
635.81	26.969
636.14	26.972
636.46	26.917
636.79	26.927
637.11	26.885
637.44	26.873
637.77	26.867
638.09	26.833
638.42	26.695
638.75	26.664
639.07	26.676
639.40	26.633
639.73	26.554
640.05	26.506
640.38	26.408
640.70	26.402
641.03	26.329
641.36	26.262
641.68	26.196
642.01	26.252
642.33	26.238
642.66	26.165
642.98	26.126
643.31	26.058
643.64	26.048
643.96	26.001
644.29	25.930
644.61	25.877
644.94	25.829
645.26	25.861
645.59	25.815
645.91	25.720
646.24	25.670
646.56	25.590
646.89	25.547
647.22	25.460
647.54	25.421
647.87	25.382
648.19	25.359
648.52	25.278
648.84	25.114
649.17	25.013
649.49	25.008
649.82	24.966
650.14	24.974
650.47	24.964
650.79	24.953
651.11	24.855
651.44	24.800
651.76	24.772
652.09	24.781
652.41	24.877
652.74	24.843
653.06	24.772
653.39	24.702
653.71	24.610
654.04	24.566
654.36	24.501
654.68	24.500
655.01	24.451
655.33	24.384
655.66	24.270
655.98	24.129
656.30	24.056
656.63	24.002
656.95	23.989
657.28	23.987
657.60	23.942
657.92	23.854
658.25	23.809
658.57	23.749
658.90	23.692
659.22	23.665
659.54	23.528
659.87	23.478
660.19	23.442
660.51	23.386
660.84	23.300
661.16	23.204
661.48	23.213
661.81	23.140
662.13	23.145
662.45	23.156
662.78	23.125
663.10	23.195
663.42	23.150
663.75	23.130
664.07	23.121
664.39	23.085
664.72	23.081
665.04	23.048
665.36	23.001
665.69	22.959
666.01	22.886
666.33	22.843
666.65	22.818
666.98	22.780
667.30	22.708
667.62	22.630
667.94	22.575
668.27	22.579
668.59	22.492
668.91	22.524
669.23	22.495
669.56	22.490
669.88	22.421
670.20	22.413
670.52	22.448
670.85	22.469
671.17	22.450
671.49	22.460
671.81	22.397
672.13	22.463
672.46	22.395
672.78	22.392
673.10	22.265
673.42	22.290
673.74	22.248
674.07	22.207
674.39	22.159
674.71	22.154
675.03	22.093
675.35	22.013
675.67	21.874
676.00	21.886
676.32	21.852
676.64	21.919
676.96	21.933
677.28	21.986
677.60	21.923
677.92	21.897
678.25	21.858
678.57	21.865
678.89	21.895
679.21	21.932
679.53	21.903
679.85	21.851
680.17	21.821
680.49	21.737
680.81	21.647
681.13	21.654
681.46	21.599
681.78	21.553
682.10	21.547
682.42	21.520
682.74	21.482
683.06	21.500
683.38	21.518
683.70	21.489
684.02	21.466
684.34	21.416
684.66	21.418
684.98	21.452
685.30	21.522
685.62	21.538
685.94	21.515
686.26	21.549
686.58	21.483
686.90	21.434
687.22	21.402
687.54	21.447
687.86	21.455
688.18	21.390
688.50	21.375
688.82	21.315
689.14	21.233
689.46	21.302
689.78	21.263
690.10	21.228
690.42	21.168
690.74	21.113
691.06	21.097
691.38	21.038
691.70	21.025
692.02	20.992
692.34	20.896
692.66	20.866
692.98	20.794
693.30	20.751
693.62	20.736
693.94	20.701
694.26	20.707
694.57	20.639
694.89	20.601
695.21	20.634
695.53	20.602
695.85	20.637
696.17	20.584
696.49	20.481
696.81	20.439
697.13	20.441
697.44	20.430
697.76	20.393
698.08	20.353
698.40	20.306
698.72	20.203
699.04	20.183
699.36	20.101
699.67	20.031
699.99	19.994
700.31	19.926
700.63	19.775
700.95	19.719
701.27	19.600
701.58	19.558
701.90	19.588
702.22	19.542
702.54	19.585
702.86	19.596
703.17	19.603
703.49	19.616
703.81	19.649
704.13	19.720
704.45	19.698
704.76	19.726
705.08	19.738
705.40	19.715
705.72	19.762
706.03	19.688
706.35	19.685
706.67	19.753
706.99	19.730
707.30	19.716
707.62	19.691
707.94	19.740
708.26	19.750
708.57	19.665
708.89	19.696
709.21	19.693
709.53	19.638
709.84	19.659
710.16	19.504
710.48	19.506
710.79	19.407
711.11	19.377
711.43	19.405
711.74	19.456
712.06	19.494
712.38	19.526
712.69	19.448
713.01	19.460
713.33	19.378
713.64	19.554
713.96	19.603
714.28	19.795
714.59	19.910
714.91	19.969
715.23	20.007
715.54	20.044
715.86	19.937
716.17	20.028
716.49	20.004
716.81	20.092
717.12	20.033
717.44	20.018
717.76	19.856
718.07	19.715
718.39	19.570
718.70	19.452
719.02	19.420
719.33	19.394
719.65	19.353
719.97	19.311
720.28	19.217
720.60	19.195
720.91	19.145
721.23	19.117
721.54	19.053
721.86	19.102
722.17	19.238
722.49	19.210
722.81	19.299
723.12	19.391
723.44	19.460
723.75	19.508
724.07	19.556
724.38	19.615
724.70	19.693
725.01	19.857
725.33	19.909
725.64	19.800
725.96	19.713
726.27	19.718
726.59	19.649
726.90	19.587
727.22	19.536
727.53	19.531
727.84	19.340
728.16	19.247
728.47	19.255
728.79	19.080
729.10	18.986
729.42	19.053
729.73	19.017
730.05	18.899
730.36	18.873
730.67	18.785
730.99	18.683
731.30	18.723
731.62	18.789
731.93	18.665
732.24	18.600
732.56	18.654
732.87	18.576
733.19	18.480
733.50	18.514
733.81	18.459
734.13	18.463
734.44	18.423
734.76	18.468
735.07	18.309
735.38	18.373
735.70	18.491
736.01	18.447
736.32	18.591
736.64	18.587
736.95	18.495
737.26	18.546
737.58	18.563
737.89	18.538
738.20	18.444
738.52	18.374
738.83	18.295
739.14	18.231
739.45	18.213
739.77	17.826
740.08	17.900
740.39	17.833
740.71	17.790
741.02	17.721
741.33	17.712
741.64	17.677
741.96	17.717
742.27	17.704
742.58	17.536
742.90	17.518
743.21	17.787
743.52	17.682
743.83	17.693
744.14	17.481
744.46	17.468
744.77	17.414
745.08	17.379
745.39	17.324
745.71	17.220
746.02	17.278
746.33	17.313
746.64	17.389
746.95	17.308
747.27	17.260
747.58	17.410
747.89	17.428
748.20	17.336
748.51	17.363
748.82	17.400
749.14	17.398
749.45	17.373
749.76	17.212
750.07	17.201
750.38	17.116
750.69	17.222
751.01	17.197
751.32	17.105
751.63	17.038
751.94	17.169
752.25	17.136
752.56	17.083
752.87	17.224
753.18	17.230
753.49	17.152
753.81	17.183
754.12	17.177
754.43	17.392
754.74	17.539
755.05	17.642
755.36	17.596
755.67	17.794
755.98	17.927
756.29	17.987
756.60	18.207
756.91	18.330
757.22	18.689
757.53	18.806
757.84	18.899
758.15	19.196
758.46	19.382
758.77	19.564
759.09	19.647
759.40	19.802
759.71	19.918
760.02	19.902
760.33	19.948
760.64	19.829
760.95	19.813
761.26	19.754
761.57	19.548
761.88	19.506
762.18	19.405
762.49	19.364
762.80	19.270
763.11	19.203
763.42	19.200
763.73	18.982
764.04	18.893
764.35	18.769
764.66	18.699
764.97	18.689
765.28	18.509
765.59	18.345
765.90	18.033
766.21	17.964
766.52	17.617
766.83	17.291
767.14	17.328
767.44	17.184
767.75	17.147
768.06	16.711
768.37	16.530
768.68	16.748
768.99	16.891
769.30	16.985
769.61	16.753
769.91	16.605
770.22	16.684
770.53	16.541
770.84	16.421
771.15	16.320
771.46	16.622
771.77	16.554
772.07	16.083
772.38	15.878
772.69	15.730
773.00	15.568
773.31	15.892
773.61	15.636
773.92	15.795
774.23	15.955
774.54	15.928
774.85	15.915
775.15	16.056
775.46	16.163
775.77	16.091
776.08	16.254
776.39	16.186
776.69	16.107
777.00	16.273
777.31	16.198
777.62	16.114
777.92	16.258
778.23	16.070
778.54	15.945
778.85	16.213
779.15	16.413
779.46	16.348
779.77	16.634
780.07	16.631
780.38	16.857
780.69	16.730
781.00	16.945
781.30	16.957
781.61	16.984
781.92	17.224
782.22	17.131
782.53	16.971
782.84	16.955
783.14	16.901
783.45	16.663
783.76	16.671
784.06	16.800
784.37	16.793
784.68	16.921
784.98	17.117
785.29	17.141
785.60	17.216
785.90	17.426
786.21	17.346
786.51	17.557
786.82	17.904
787.13	17.711
787.43	17.602
787.74	17.662
788.04	17.543
788.35	17.608
788.66	17.429
788.96	17.439
789.27	17.270
789.57	17.426
789.88	17.349
790.19	17.217
790.49	17.365
790.80	17.667
791.10	17.714
791.41	17.689
791.71	17.585
792.02	17.519
792.32	17.485
792.63	17.481
792.93	17.688
793.24	17.780
793.54	17.812
793.85	17.846
794.15	17.815
794.46	17.876
794.76	17.975
795.07	17.801
795.37	17.923
795.68	18.102
795.98	18.121
796.29	18.337
796.59	18.182
796.90	18.207
797.20	18.208
797.51	18.239
797.81	18.231
798.12	18.364
798.42	18.814
798.72	18.870
799.03	18.733
799.33	18.785
799.64	18.594
799.94	18.759
800.25	19.030
800.55	19.100
800.85	18.931
801.16	18.916
801.46	18.754
801.77	18.411
802.07	18.275
802.37	18.338
802.68	18.703
802.98	18.885
803.28	18.695
803.59	18.508
803.89	18.365
804.20	18.623
804.50	18.647
804.80	18.435
805.11	18.172
805.41	18.029
805.71	18.075
806.02	17.694
806.32	17.189
806.62	17.304
806.93	17.358
807.23	17.558
807.53	17.594
807.83	17.512
808.14	17.871
808.44	18.568
808.74	18.945
809.05	18.871
809.35	18.946
809.65	19.428
809.95	19.581
810.26	19.503
810.56	19.556
810.86	19.175
811.16	19.183
811.47	19.351
811.77	19.108
812.07	19.129
812.37	19.337
812.68	19.764
812.98	19.757
813.28	20.081
813.58	20.221
813.88	20.243
814.19	20.981
814.49	21.199
814.79	21.091
815.09	21.089
815.39	21.016
815.70	21.124
816.00	20.865
816.30	20.980
816.60	20.848
816.90	20.534
817.20	20.329
817.50	20.023
817.81	19.684
818.11	19.831
818.41	20.155
818.71	20.158
819.01	20.123
819.31	20.094
819.61	20.097
819.92	20.110
820.22	20.348
820.52	20.405
820.82	20.421
821.12	20.463
821.42	20.386
821.72	20.300
822.02	20.305
822.32	20.276
822.62	20.337
822.92	20.337
823.22	20.280
823.52	20.194
823.83	20.138
824.13	20.156
824.43	20.174
824.73	20.197
825.03	20.242
825.33	20.314
825.63	20.372
825.93	20.308
826.23	20.233
826.53	20.340
826.83	20.258
827.13	20.295
827.43	20.268
827.73	20.203
828.03	20.348
828.33	20.440
828.63	20.361
828.93	20.551
829.23	20.470
829.53	20.534
829.83	20.533
830.13	20.649
830.42	20.547
830.72	20.354
831.02	20.350
831.32	20.001
831.62	19.699
831.92	19.863
832.22	19.610
832.52	19.725
832.82	19.712
833.12	19.732
833.42	19.610
833.72	19.776
834.01	19.755
834.31	19.624
834.61	19.826
834.91	19.737
835.21	19.455
835.51	19.486
835.81	19.196
836.11	19.268
836.40	18.935
836.70	19.008
837.00	18.809
837.30	19.322
837.60	19.636
837.90	19.641
838.19	19.666
838.49	19.731
838.79	19.262
839.09	19.898
839.39	19.566
839.68	19.948
839.98	20.029
840.28	20.043
840.58	19.524
840.88	19.756
841.17	19.381
841.47	20.103
841.77	20.266
842.07	21.288
842.36	21.183
842.66	21.413
842.96	20.831
843.26	20.450
843.55	19.644
843.85	18.787
844.15	17.652
844.45	17.655
844.74	17.221
845.04	17.915
845.34	17.310
845.63	17.219
845.93	17.373
846.23	18.835
846.53	17.430
846.82	18.796
847.12	19.653
847.42	19.498
847.71	20.409
848.01	19.431
848.31	18.171
848.60	18.742
848.90	19.034
849.19	19.517
849.49	17.452
849.79	19.016
850.08	18.734
850.38	18.775
850.68	19.412
850.97	19.376
851.27	19.057
851.56	19.262
851.86	18.045
852.16	19.345
852.45	19.494
852.75	20.379
853.04	19.396
853.34	19.799
853.64	19.734
853.93	20.544
854.23	19.892
854.52	21.025
854.82	19.742
855.11	20.540
855.41	17.838
855.70	17.592
856.00	16.777
856.30	17.389
856.59	15.725
856.89	15.228
857.18	14.962
857.48	15.430
857.77	15.626
858.07	17.688
858.36	17.226
858.66	17.950
858.95	16.457
859.25	17.386
859.54	18.408
859.84	19.185
860.13	19.311
860.42	19.850
860.72	19.694
861.01	18.847
861.31	18.971
861.60	19.452
861.90	19.641
862.19	20.776
862.49	21.062
862.78	21.206
863.07	21.402
863.37	22.646
863.66	22.172
863.96	21.290
864.25	23.356
864.54	23.114
864.84	23.005
865.13	22.637
865.43	21.410
865.72	36.640
866.01	22.463
866.31	24.834
866.60	12.827
866.89	5.705
>>>>>End Spectral Data<<<<<
