180.30	0.000
180.67	0.000
181.03	70.454
181.40	103.913
181.77	-111.412
182.14	-17.422
182.51	41.718
182.88	92.462
183.25	126.817
183.62	-215.150
183.99	39.128
184.36	-56.327
184.73	-132.078
185.10	1938.826
185.46	186.499
185.83	-60.271
186.20	99.743
186.57	559.304
186.94	20.184
187.31	28.753
187.68	680.774
188.05	342.377
188.42	213.551
188.78	16.493
189.15	-3.727
189.52	15.417
189.89	22.547
190.26	16.290
190.63	20.077
191.00	6.706
191.37	0.347
191.73	32.574
192.10	-7.359
192.47	-17.879
192.84	-160.513
193.21	-235.903
193.58	-259.282
193.94	-286.636
194.31	-138.899
194.68	-79.802
195.05	-73.653
195.42	-113.924
195.79	-117.212
196.15	-100.637
196.52	-97.674
196.89	-89.746
197.26	-98.754
197.63	-128.523
198.00	-172.011
198.36	-285.265
198.73	-419.047
199.10	-224.687
199.47	-68.999
199.84	-57.020
200.20	-106.050
200.57	-62.604
200.94	-8.712
201.31	6.101
201.68	14.859
202.04	14.734
202.41	14.097
202.78	19.084
203.15	11.060
203.51	8.456
203.88	16.725
204.25	9.819
204.62	14.070
204.98	0.394
205.35	-8.304
205.72	-6.572
206.09	-59.475
206.46	-41.990
206.82	-76.944
207.19	-59.088
207.56	-52.831
207.92	-53.142
208.29	8.727
208.66	-3.457
209.03	-9.857
209.39	14.986
209.76	0.194
210.13	11.238
210.50	3.101
210.86	-0.465
211.23	-16.638
211.60	-37.009
211.96	-25.130
212.33	-109.762
212.70	5566.138
213.07	521.152
213.43	452.520
213.80	1452.430
214.17	270.429
214.53	1100.780
214.90	-72.016
215.27	-13.767
215.63	-15.483
216.00	-20.338
216.37	2.292
216.74	7.892
217.10	2.336
217.47	-17.556
217.84	-9.858
218.20	-1.518
218.57	-1.678
218.94	-23.765
219.30	-17.313
219.67	-12.752
220.04	-11.020
220.40	-15.276
220.77	-8.540
221.13	-15.568
221.50	-0.356
221.87	-2.291
222.23	-1.155
222.60	-6.427
222.97	-8.292
223.33	-14.701
223.70	-17.784
224.07	-15.783
224.43	-10.978
224.80	-4.329
225.16	-0.680
225.53	-2.502
225.90	-0.838
226.26	1.374
226.63	0.731
226.99	1.696
227.36	3.484
227.73	5.619
228.09	4.453
228.46	4.342
228.82	2.795
229.19	4.490
229.56	3.544
229.92	4.290
230.29	4.297
230.65	6.824
231.02	4.693
231.38	3.854
231.75	1.128
232.12	3.020
232.48	3.801
232.85	4.563
233.21	2.450
233.58	4.336
233.94	3.383
234.31	3.797
234.68	1.619
235.04	4.395
235.41	2.982
235.77	3.288
236.14	2.518
236.50	4.243
236.87	5.981
237.23	7.115
237.60	6.712
237.96	5.672
238.33	4.630
238.69	5.709
239.06	5.093
239.42	6.109
239.79	7.280
240.15	7.724
240.52	7.278
240.88	6.055
241.25	5.461
241.61	5.117
241.98	5.594
242.34	5.721
242.71	5.283
243.07	5.687
243.44	5.483
243.80	5.218
244.17	4.907
244.53	4.563
244.90	4.983
245.26	5.674
245.63	5.818
245.99	5.791
246.36	5.840
246.72	6.099
247.09	6.090
247.45	6.488
247.81	6.556
248.18	6.825
248.54	7.172
248.91	7.167
249.27	6.632
249.64	6.880
250.00	7.283
250.36	7.422
250.73	7.074
251.09	6.588
251.46	6.046
251.82	6.377
252.19	6.326
252.55	5.980
252.91	5.891
253.28	6.049
253.64	6.088
254.01	5.577
254.37	5.655
254.73	6.128
255.10	6.067
255.46	6.066
255.83	5.985
256.19	6.189
256.55	6.332
256.92	6.564
257.28	6.738
257.65	7.002
258.01	6.908
258.37	6.742
258.74	6.701
259.10	7.044
259.46	7.129
259.83	7.188
260.19	7.213
260.55	7.259
260.92	6.908
261.28	6.462
261.64	6.018
262.01	6.007
262.37	5.933
262.73	5.889
263.10	5.525
263.46	5.593
263.82	5.422
264.19	5.266
264.55	5.317
264.91	5.704
265.28	5.939
265.64	5.946
266.00	5.678
266.37	5.855
266.73	5.919
267.09	5.927
267.46	5.558
267.82	5.619
268.18	5.673
268.54	5.666
268.91	5.817
269.27	5.566
269.63	5.494
270.00	5.829
270.36	5.668
270.72	5.568
271.08	5.576
271.45	5.795
271.81	6.022
272.17	6.248
272.53	6.417
272.90	6.232
273.26	6.536
273.62	6.714
273.98	6.990
274.35	7.209
274.71	7.194
275.07	7.449
275.43	7.410
275.80	7.241
276.16	6.844
276.52	6.513
276.88	6.516
277.25	6.167
277.61	6.279
277.97	5.984
278.33	5.921
278.69	6.135
279.06	5.926
279.42	5.855
279.78	5.895
280.14	6.037
280.50	6.362
280.87	6.540
281.23	6.699
281.59	6.700
281.95	6.722
282.31	6.960
282.68	6.853
283.04	6.784
283.40	6.645
283.76	6.398
284.12	6.276
284.48	6.077
284.85	5.837
285.21	5.970
285.57	5.950
285.93	6.009
286.29	5.607
286.65	5.510
287.02	5.667
287.38	5.786
287.74	6.065
288.10	6.079
288.46	6.080
288.82	6.224
289.18	5.942
289.54	5.851
289.91	5.851
290.27	6.230
290.63	6.448
290.99	6.411
291.35	6.625
291.71	6.647
292.07	6.891
292.43	7.009
292.79	7.239
293.16	7.661
293.52	8.095
293.88	8.359
294.24	8.347
294.60	8.398
294.96	8.573
295.32	8.764
295.68	8.738
296.04	8.902
296.40	9.095
296.76	9.162
297.12	9.438
297.49	9.553
297.85	9.848
298.21	10.189
298.57	10.457
298.93	10.877
299.29	11.051
299.65	11.552
300.01	11.811
300.37	12.110
300.73	12.325
301.09	12.439
301.45	12.470
301.81	12.571
302.17	12.663
302.53	12.717
302.89	12.816
303.25	13.188
303.61	13.465
303.97	13.674
304.33	13.941
304.69	14.231
305.05	14.346
305.41	14.571
305.77	14.567
306.13	14.822
306.49	15.129
306.85	15.275
307.21	15.181
307.57	15.030
307.93	15.027
308.29	14.966
308.65	14.815
309.01	14.888
309.37	14.864
309.73	14.897
310.09	14.737
310.45	14.780
310.81	14.768
311.17	14.750
311.53	14.867
311.89	14.904
312.25	15.003
312.61	15.233
312.96	15.327
313.32	15.420
313.68	15.333
314.04	15.565
314.40	15.489
314.76	15.466
315.12	15.556
315.48	15.564
315.84	15.365
316.20	15.190
316.56	15.168
316.92	15.023
317.27	15.198
317.63	15.298
317.99	15.305
318.35	15.354
318.71	15.485
319.07	15.470
319.43	15.337
319.79	15.404
320.15	15.511
320.50	15.393
320.86	15.280
321.22	15.100
321.58	14.975
321.94	14.992
322.30	14.988
322.66	14.902
323.01	14.977
323.37	15.191
323.73	15.183
324.09	15.199
324.45	15.278
324.81	15.372
325.17	15.368
325.52	15.602
325.88	15.420
326.24	15.336
326.60	15.214
326.96	15.157
327.31	14.961
327.67	15.045
328.03	14.997
328.39	14.814
328.75	14.865
329.11	14.910
329.46	14.708
329.82	14.787
330.18	14.932
330.54	14.969
330.90	14.921
331.25	14.893
331.61	14.755
331.97	14.673
332.33	14.821
332.68	14.735
333.04	14.667
333.40	14.595
333.76	14.563
334.11	14.347
334.47	14.395
334.83	14.273
335.19	14.279
335.54	14.297
335.90	14.348
336.26	14.201
336.62	14.234
336.97	14.100
337.33	14.225
337.69	14.144
338.05	14.172
338.40	14.083
338.76	14.072
339.12	14.083
339.48	13.995
339.83	13.896
340.19	13.953
340.55	13.929
340.90	13.944
341.26	13.885
341.62	13.834
341.97	13.886
342.33	13.860
342.69	13.895
343.04	13.846
343.40	13.869
343.76	13.913
344.12	13.861
344.47	13.742
344.83	13.779
345.19	13.742
345.54	13.728
345.90	13.582
346.26	13.559
346.61	13.492
346.97	13.488
347.32	13.449
347.68	13.414
348.04	13.368
348.39	13.356
348.75	13.315
349.11	13.316
349.46	13.340
349.82	13.317
350.18	13.291
350.53	13.382
350.89	13.378
351.24	13.435
351.60	13.419
351.96	13.453
352.31	13.408
352.67	13.402
353.02	13.378
353.38	13.348
353.74	13.367
354.09	13.375
354.45	13.251
354.80	13.143
355.16	13.125
355.52	13.093
355.87	13.071
356.23	13.086
356.58	13.008
356.94	12.969
357.29	12.938
357.65	12.923
358.00	12.738
358.36	12.776
358.72	12.767
359.07	12.632
359.43	12.621
359.78	12.548
360.14	12.561
360.49	12.620
360.85	12.575
361.20	12.551
361.56	12.527
361.91	12.634
362.27	12.590
362.62	12.552
362.98	12.666
363.33	12.636
363.69	12.688
364.04	12.660
364.40	12.581
364.75	12.578
365.11	12.583
365.46	12.591
365.82	12.527
366.17	12.519
366.53	12.509
366.88	12.500
367.24	12.551
367.59	12.527
367.95	12.469
368.30	12.479
368.66	12.456
369.01	12.416
369.37	12.381
369.72	12.377
370.08	12.314
370.43	12.308
370.78	12.219
371.14	12.075
371.49	11.975
371.85	11.975
372.20	11.964
372.56	12.001
372.91	12.009
373.26	12.055
373.62	12.003
373.97	12.042
374.33	12.017
374.68	12.038
375.03	12.030
375.39	12.048
375.74	12.040
376.10	12.032
376.45	12.001
376.80	11.928
377.16	11.829
377.51	11.823
377.87	11.786
378.22	11.822
378.57	11.755
378.93	11.821
379.28	11.801
379.63	11.771
379.99	11.742
380.34	11.677
380.70	11.718
381.05	11.722
381.40	11.662
381.76	11.650
382.11	11.554
382.46	11.539
382.82	11.436
383.17	11.441
383.52	11.443
383.88	11.396
384.23	11.371
384.58	11.346
384.94	11.358
385.29	11.386
385.64	11.340
385.99	11.316
386.35	11.295
386.70	11.282
387.05	11.202
387.41	11.154
387.76	11.096
388.11	11.078
388.47	11.009
388.82	10.918
389.17	10.908
389.52	10.862
389.88	10.875
390.23	10.864
390.58	10.848
390.93	10.912
391.29	10.903
391.64	10.925
391.99	10.944
392.34	10.932
392.70	10.934
393.05	10.889
393.40	10.890
393.75	10.859
394.11	10.771
394.46	10.736
394.81	10.655
395.16	10.619
395.52	10.593
395.87	10.548
396.22	10.534
396.57	10.518
396.92	10.514
397.28	10.488
397.63	10.443
397.98	10.531
398.33	10.543
398.68	10.532
399.04	10.505
399.39	10.464
399.74	10.434
400.09	10.426
400.44	10.402
400.80	10.382
401.15	10.354
401.50	10.343
401.85	10.254
402.20	10.236
402.55	10.205
402.90	10.194
403.26	10.170
403.61	10.152
403.96	10.094
404.31	10.083
404.66	10.058
405.01	10.022
405.36	10.007
405.72	10.034
406.07	10.018
406.42	10.024
406.77	10.020
407.12	10.014
407.47	10.013
407.82	10.026
408.17	9.987
408.53	9.954
408.88	9.988
409.23	9.970
409.58	9.980
409.93	9.969
410.28	9.965
410.63	9.930
410.98	9.911
411.33	9.890
411.68	9.898
412.03	9.886
412.38	9.898
412.73	9.855
413.09	9.830
413.44	9.736
413.79	9.656
414.14	9.616
414.49	9.558
414.84	9.536
415.19	9.509
415.54	9.443
415.89	9.378
416.24	9.322
416.59	9.290
416.94	9.250
417.29	9.223
417.64	9.231
417.99	9.199
418.34	9.181
418.69	9.146
419.04	9.099
419.39	9.097
419.74	9.119
420.09	9.118
420.44	9.086
420.79	9.076
421.14	9.080
421.49	9.089
421.84	9.076
422.19	9.079
422.54	9.091
422.89	9.102
423.24	9.089
423.59	9.082
423.94	9.107
424.29	9.137
424.64	9.175
424.99	9.225
425.34	9.207
425.68	9.235
426.03	9.291
426.38	9.316
426.73	9.348
427.08	9.370
427.43	9.360
427.78	9.336
428.13	9.319
428.48	9.310
428.83	9.242
429.18	9.222
429.53	9.251
429.87	9.212
430.22	9.188
430.57	9.194
430.92	9.179
431.27	9.171
431.62	9.175
431.97	9.154
432.32	9.130
432.67	9.154
433.01	9.164
433.36	9.151
433.71	9.138
434.06	9.149
434.41	9.116
434.76	9.116
435.11	9.132
435.45	9.105
435.80	9.128
436.15	9.142
436.50	9.122
436.85	9.110
437.20	9.073
437.54	9.071
437.89	9.050
438.24	9.038
438.59	9.048
438.94	9.015
439.29	9.014
439.63	9.009
439.98	8.978
440.33	8.953
440.68	8.935
441.03	8.916
441.37	8.889
441.72	8.870
442.07	8.860
442.42	8.839
442.76	8.846
443.11	8.835
443.46	8.812
443.81	8.817
444.16	8.823
444.50	8.824
444.85	8.833
445.20	8.855
445.55	8.866
445.89	8.862
446.24	8.865
446.59	8.869
446.94	8.886
447.28	8.902
447.63	8.899
447.98	8.901
448.32	8.906
448.67	8.910
449.02	8.907
449.37	8.924
449.71	8.947
450.06	8.956
450.41	8.958
450.75	8.939
451.10	8.936
451.45	8.944
451.79	8.962
452.14	8.966
452.49	8.956
452.84	8.947
453.18	8.923
453.53	8.916
453.88	8.892
454.22	8.862
454.57	8.842
454.92	8.819
455.26	8.796
455.61	8.752
455.95	8.736
456.30	8.720
456.65	8.709
456.99	8.700
457.34	8.682
457.69	8.672
458.03	8.687
458.38	8.707
458.73	8.737
459.07	8.757
459.42	8.784
459.76	8.797
460.11	8.833
460.46	8.858
460.80	8.867
461.15	8.876
461.49	8.880
461.84	8.889
462.19	8.871
462.53	8.839
462.88	8.847
463.22	8.854
463.57	8.848
463.91	8.847
464.26	8.845
464.61	8.856
464.95	8.886
465.30	8.923
465.64	8.922
465.99	8.944
466.33	8.960
466.68	8.942
467.02	8.951
467.37	8.952
467.71	8.930
468.06	8.918
468.41	8.914
468.75	8.899
469.10	8.890
469.44	8.892
469.79	8.869
470.13	8.871
470.48	8.884
470.82	8.887
471.17	8.876
471.51	8.883
471.86	8.883
472.20	8.871
472.55	8.856
472.89	8.854
473.23	8.828
473.58	8.812
473.92	8.798
474.27	8.767
474.61	8.714
474.96	8.698
475.30	8.683
475.65	8.661
475.99	8.652
476.34	8.616
476.68	8.574
477.02	8.574
477.37	8.570
477.71	8.550
478.06	8.527
478.40	8.523
478.75	8.522
479.09	8.522
479.43	8.534
479.78	8.578
480.12	8.642
480.47	8.714
480.81	8.777
481.15	8.845
481.50	8.914
481.84	9.021
482.19	9.128
482.53	9.195
482.87	9.221
483.22	9.177
483.56	9.057
483.90	8.928
484.25	8.828
484.59	8.765
484.94	8.687
485.28	8.602
485.62	8.479
485.97	8.348
486.31	8.245
486.65	8.191
487.00	8.212
487.34	8.299
487.68	8.404
488.03	8.461
488.37	8.456
488.71	8.462
489.06	8.457
489.40	8.452
489.74	8.452
490.09	8.461
490.43	8.461
490.77	8.456
491.11	8.458
491.46	8.451
491.80	8.433
492.14	8.427
492.49	8.413
492.83	8.408
493.17	8.386
493.51	8.368
493.86	8.353
494.20	8.332
494.54	8.319
494.88	8.313
495.23	8.314
495.57	8.305
495.91	8.310
496.25	8.323
496.60	8.325
496.94	8.336
497.28	8.337
497.62	8.330
497.97	8.339
498.31	8.348
498.65	8.355
498.99	8.363
499.33	8.400
499.68	8.382
500.02	8.375
500.36	8.376
500.70	8.384
501.04	8.384
501.39	8.400
501.73	8.390
502.07	8.374
502.41	8.380
502.75	8.357
503.09	8.330
503.44	8.337
503.78	8.324
504.12	8.322
504.46	8.321
504.80	8.312
505.14	8.294
505.49	8.301
505.83	8.279
506.17	8.260
506.51	8.253
506.85	8.242
507.19	8.241
507.53	8.262
507.87	8.258
508.22	8.238
508.56	8.239
508.90	8.236
509.24	8.227
509.58	8.255
509.92	8.250
510.26	8.238
510.60	8.241
510.94	8.236
511.28	8.218
511.63	8.217
511.97	8.223
512.31	8.213
512.65	8.222
512.99	8.230
513.33	8.225
513.67	8.219
514.01	8.234
514.35	8.243
514.69	8.237
515.03	8.234
515.37	8.238
515.71	8.237
516.05	8.232
516.39	8.202
516.73	8.199
517.07	8.187
517.41	8.177
517.75	8.166
518.09	8.150
518.43	8.163
518.77	8.146
519.11	8.123
519.45	8.119
519.79	8.112
520.13	8.115
520.47	8.099
520.81	8.111
521.15	8.115
521.49	8.100
521.83	8.087
522.17	8.055
522.51	8.043
522.85	8.044
523.19	8.042
523.53	8.048
523.87	8.053
524.21	8.067
524.55	8.079
524.89	8.116
525.23	8.146
525.57	8.170
525.91	8.200
526.25	8.228
526.58	8.256
526.92	8.272
527.26	8.294
527.60	8.310
527.94	8.311
528.28	8.297
528.62	8.269
528.96	8.249
529.30	8.226
529.64	8.192
529.97	8.169
530.31	8.137
530.65	8.112
530.99	8.082
531.33	8.054
531.67	8.050
532.01	8.057
532.35	8.064
532.68	8.068
533.02	8.068
533.36	8.076
533.70	8.073
534.04	8.074
534.38	8.070
534.71	8.060
535.05	8.063
535.39	8.031
535.73	8.011
536.07	7.986
536.41	7.984
536.74	7.984
537.08	7.987
537.42	7.991
537.76	7.983
538.10	7.993
538.43	8.002
538.77	8.013
539.11	8.038
539.45	8.050
539.79	8.056
540.12	8.055
540.46	8.059
540.80	8.041
541.14	8.030
541.47	8.032
541.81	8.011
542.15	7.999
542.49	7.980
542.82	7.961
543.16	7.954
543.50	7.960
543.84	7.942
544.17	7.924
544.51	7.949
544.85	7.963
545.18	7.946
545.52	7.961
545.86	7.987
546.20	8.002
546.53	7.994
546.87	7.978
547.21	7.968
547.54	7.997
547.88	8.016
548.22	7.991
548.55	7.960
548.89	7.962
549.23	7.952
549.56	7.912
549.90	7.874
550.24	7.881
550.57	7.878
550.91	7.886
551.25	7.866
551.58	7.842
551.92	7.849
552.26	7.862
552.59	7.870
552.93	7.893
553.27	7.885
553.60	7.902
553.94	7.910
554.27	7.892
554.61	7.891
554.95	7.891
555.28	7.890
555.62	7.884
555.95	7.883
556.29	7.877
556.63	7.855
556.96	7.865
557.30	7.875
557.63	7.859
557.97	7.878
558.31	7.867
558.64	7.864
558.98	7.889
559.31	7.894
559.65	7.897
559.98	7.882
560.32	7.873
560.65	7.874
560.99	7.840
561.33	7.826
561.66	7.812
562.00	7.806
562.33	7.798
562.67	7.778
563.00	7.768
563.34	7.762
563.67	7.758
564.01	7.751
564.34	7.737
564.68	7.746
565.01	7.751
565.35	7.768
565.68	7.775
566.02	7.773
566.35	7.781
566.69	7.771
567.02	7.770
567.36	7.786
567.69	7.776
568.03	7.764
568.36	7.759
568.69	7.789
569.03	7.781
569.36	7.759
569.70	7.747
570.03	7.739
570.37	7.740
570.70	7.732
571.04	7.723
571.37	7.718
571.70	7.719
572.04	7.714
572.37	7.685
572.71	7.688
573.04	7.686
573.37	7.714
573.71	7.716
574.04	7.741
574.38	7.751
574.71	7.743
575.04	7.752
575.38	7.786
575.71	7.809
576.05	7.816
576.38	7.834
576.71	7.848
577.05	7.839
577.38	7.837
577.71	7.831
578.05	7.797
578.38	7.796
578.71	7.819
579.05	7.795
579.38	7.807
579.71	7.814
580.05	7.792
580.38	7.787
580.71	7.783
581.05	7.787
581.38	7.751
581.71	7.749
582.05	7.747
582.38	7.696
582.71	7.683
583.04	7.649
583.38	7.618
583.71	7.602
584.04	7.592
584.38	7.560
584.71	7.537
585.04	7.538
585.37	7.566
585.71	7.547
586.04	7.583
586.37	7.583
586.70	7.583
587.04	7.605
587.37	7.596
587.70	7.569
588.03	7.557
588.37	7.542
588.70	7.533
589.03	7.507
589.36	7.524
589.69	7.491
590.03	7.473
590.36	7.465
590.69	7.417
591.02	7.396
591.35	7.391
591.69	7.384
592.02	7.387
592.35	7.374
592.68	7.357
593.01	7.325
593.35	7.301
593.68	7.289
594.01	7.250
594.34	7.255
594.67	7.236
595.00	7.214
595.34	7.200
595.67	7.167
596.00	7.158
596.33	7.140
596.66	7.124
596.99	7.095
597.32	7.073
597.65	7.032
597.99	7.007
598.32	6.971
598.65	6.958
598.98	6.902
599.31	6.893
599.64	6.862
599.97	6.860
600.30	6.825
600.63	6.834
600.96	6.852
601.30	6.866
601.63	6.861
601.96	6.885
602.29	6.908
602.62	6.946
602.95	6.935
603.28	6.940
603.61	6.902
603.94	6.903
604.27	6.892
604.60	6.865
604.93	6.847
605.26	6.820
605.59	6.804
605.92	6.780
606.25	6.769
606.58	6.750
606.91	6.721
607.24	6.732
607.57	6.720
607.90	6.712
608.23	6.684
608.56	6.662
608.89	6.665
609.22	6.619
609.55	6.581
609.88	6.534
610.21	6.527
610.54	6.492
610.87	6.448
611.20	6.422
611.53	6.392
611.86	6.380
612.19	6.405
612.52	6.375
612.85	6.385
613.18	6.369
613.51	6.335
613.84	6.297
614.17	6.290
614.49	6.285
614.82	6.322
615.15	6.321
615.48	6.307
615.81	6.294
616.14	6.261
616.47	6.235
616.80	6.228
617.13	6.239
617.46	6.242
617.78	6.218
618.11	6.214
618.44	6.220
618.77	6.205
619.10	6.179
619.43	6.181
619.76	6.193
620.09	6.197
620.41	6.199
620.74	6.194
621.07	6.211
621.40	6.264
621.73	6.298
622.06	6.270
622.38	6.281
622.71	6.312
623.04	6.310
623.37	6.295
623.70	6.294
624.02	6.294
624.35	6.322
624.68	6.317
625.01	6.322
625.34	6.278
625.66	6.282
625.99	6.276
626.32	6.279
626.65	6.286
626.98	6.309
627.30	6.304
627.63	6.290
627.96	6.252
628.29	6.245
628.61	6.221
628.94	6.235
629.27	6.202
629.60	6.169
629.92	6.173
630.25	6.108
630.58	6.087
630.91	6.080
631.23	6.055
631.56	6.083
631.89	6.051
632.21	6.016
632.54	6.018
632.87	6.028
633.19	6.040
633.52	5.984
633.85	5.993
634.18	5.993
634.50	5.986
634.83	5.960
635.16	5.896
635.48	5.866
635.81	5.856
636.14	5.840
636.46	5.793
636.79	5.779
637.11	5.802
637.44	5.775
637.77	5.715
638.09	5.661
638.42	5.651
638.75	5.627
639.07	5.618
639.40	5.560
639.73	5.513
640.05	5.450
640.38	5.411
640.70	5.402
641.03	5.382
641.36	5.410
641.68	5.414
642.01	5.469
642.33	5.518
642.66	5.528
642.98	5.586
643.31	5.548
643.64	5.640
643.96	5.702
644.29	5.691
644.61	5.692
644.94	5.756
645.26	5.807
645.59	5.820
645.91	5.831
646.24	5.833
646.56	5.818
646.89	5.867
647.22	5.858
647.54	5.817
647.87	5.841
648.19	5.868
648.52	5.801
648.84	5.749
649.17	5.736
649.49	5.647
649.82	5.653
650.14	5.666
650.47	5.631
650.79	5.605
651.11	5.609
651.44	5.551
651.76	5.536
652.09	5.514
652.41	5.591
652.74	5.536
653.06	5.548
653.39	5.558
653.71	5.591
654.04	5.683
654.36	5.689
654.68	5.715
655.01	5.746
655.33	5.817
655.66	5.845
655.98	5.826
656.30	5.883
656.63	5.891
656.95	5.861
657.28	5.843
657.60	5.830
657.92	5.813
658.25	5.785
658.57	5.733
658.90	5.619
659.22	5.607
659.54	5.525
659.87	5.424
660.19	5.399
660.51	5.406
660.84	5.310
661.16	5.233
661.48	5.252
661.81	5.192
662.13	5.187
662.45	5.208
662.78	5.164
663.10	5.162
663.42	5.199
663.75	5.214
664.07	5.251
664.39	5.249
664.72	5.263
665.04	5.250
665.36	5.237
665.69	5.269
666.01	5.274
666.33	5.295
666.65	5.320
666.98	5.343
667.30	5.378
667.62	5.345
667.94	5.413
668.27	5.398
668.59	5.352
668.91	5.408
669.23	5.393
669.56	5.378
669.88	5.385
670.20	5.331
670.52	5.315
670.85	5.300
671.17	5.247
671.49	5.232
671.81	5.253
672.13	5.224
672.46	5.161
672.78	5.144
673.10	5.092
673.42	5.059
673.74	5.118
674.07	5.162
674.39	5.198
674.71	5.221
675.03	5.227
675.35	5.222
675.67	5.238
676.00	5.296
676.32	5.346
676.64	5.435
676.96	5.459
677.28	5.534
677.60	5.504
677.92	5.459
678.25	5.497
678.57	5.526
678.89	5.538
679.21	5.582
679.53	5.575
679.85	5.568
680.17	5.578
680.49	5.564
680.81	5.486
681.13	5.505
681.46	5.519
681.78	5.523
682.10	5.502
682.42	5.502
682.74	5.516
683.06	5.527
683.38	5.578
683.70	5.612
684.02	5.659
684.34	5.651
684.66	5.701
684.98	5.774
685.30	5.827
685.62	5.916
685.94	5.964
686.26	5.985
686.58	6.014
686.90	5.978
687.22	5.981
687.54	5.990
687.86	6.038
688.18	6.004
688.50	5.953
688.82	5.968
689.14	5.861
689.46	5.825
689.78	5.768
690.10	5.762
690.42	5.709
690.74	5.671
691.06	5.675
691.38	5.632
691.70	5.557
692.02	5.551
692.34	5.459
692.66	5.448
692.98	5.415
693.30	5.466
693.62	5.510
693.94	5.618
694.26	5.633
694.57	5.641
694.89	5.673
695.21	5.727
695.53	5.828
695.85	5.893
696.17	5.968
696.49	5.983
696.81	6.016
697.13	6.030
697.44	6.039
697.76	6.070
698.08	6.068
698.40	6.085
698.72	6.017
699.04	5.812
699.36	5.720
699.67	5.569
699.99	5.527
700.31	5.388
700.63	5.208
700.95	5.055
701.27	4.897
701.58	4.729
701.90	4.681
702.22	4.633
702.54	4.736
702.86	4.699
703.17	4.675
703.49	4.615
703.81	4.674
704.13	4.705
704.45	4.680
704.76	4.662
705.08	4.739
705.40	4.675
705.72	4.725
706.03	4.745
706.35	4.772
706.67	4.824
706.99	4.836
707.30	4.793
707.62	4.812
707.94	4.919
708.26	4.921
708.57	4.893
708.89	4.956
709.21	5.001
709.53	4.984
709.84	5.037
710.16	5.006
710.48	5.119
710.79	5.064
711.11	5.050
711.43	5.044
711.74	5.082
712.06	5.128
712.38	5.164
712.69	5.250
713.01	5.322
713.33	5.276
713.64	5.427
713.96	5.491
714.28	5.705
714.59	5.853
714.91	5.925
715.23	6.064
715.54	6.081
715.86	6.150
716.17	6.169
716.49	6.143
716.81	6.213
717.12	6.156
717.44	6.071
717.76	6.005
718.07	5.890
718.39	5.734
718.70	5.654
719.02	5.655
719.33	5.447
719.65	5.339
719.97	5.423
720.28	5.414
720.60	5.351
720.91	5.409
721.23	5.309
721.54	5.364
721.86	5.494
722.17	5.586
722.49	5.652
722.81	5.775
723.12	5.833
723.44	5.806
723.75	5.870
724.07	5.946
724.38	5.945
724.70	6.020
725.01	6.001
725.33	6.027
725.64	5.957
725.96	5.921
726.27	6.028
726.59	6.041
726.90	5.923
727.22	5.927
727.53	5.940
727.84	5.879
728.16	5.877
728.47	5.875
728.79	5.857
729.10	5.856
729.42	5.881
729.73	5.779
730.05	5.706
730.36	5.735
730.67	5.677
730.99	5.598
731.30	5.565
731.62	5.601
731.93	5.535
732.24	5.283
732.56	5.291
732.87	5.185
733.19	5.168
733.50	5.169
733.81	5.016
734.13	4.823
734.44	4.869
734.76	4.927
735.07	4.726
735.38	4.635
735.70	4.679
736.01	4.527
736.32	4.572
736.64	4.457
736.95	4.347
737.26	4.444
737.58	4.570
737.89	4.494
738.20	4.270
738.52	4.229
738.83	4.174
739.14	4.283
739.45	4.240
739.77	4.058
740.08	4.004
740.39	3.730
740.71	3.662
741.02	3.488
741.33	3.377
741.64	3.316
741.96	3.374
742.27	3.495
742.58	3.359
742.90	3.286
743.21	3.153
743.52	3.167
743.83	3.285
744.14	3.103
744.46	2.891
744.77	2.903
745.08	2.923
745.39	2.895
745.71	2.877
746.02	2.886
746.33	2.959
746.64	3.247
746.95	3.147
747.27	3.161
747.58	3.299
747.89	3.637
748.20	3.536
748.51	3.525
748.82	3.423
749.14	3.350
749.45	3.314
749.76	3.309
750.07	3.325
750.38	3.338
750.69	3.373
751.01	3.491
751.32	3.335
751.63	3.356
751.94	3.517
752.25	3.582
752.56	3.508
752.87	3.652
753.18	3.521
753.49	3.371
753.81	3.432
754.12	3.507
754.43	3.545
754.74	3.695
755.05	3.942
755.36	3.968
755.67	4.211
755.98	4.609
756.29	4.784
756.60	5.111
756.91	5.404
757.22	5.817
757.53	6.136
757.84	6.335
758.15	6.712
758.46	6.871
758.77	7.170
759.09	7.499
759.40	7.677
759.71	7.704
760.02	7.922
760.33	8.074
760.64	8.076
760.95	8.113
761.26	8.128
761.57	8.049
761.88	8.032
762.18	7.913
762.49	7.738
762.80	7.683
763.11	7.660
763.42	7.506
763.73	7.334
764.04	7.156
764.35	6.946
764.66	6.641
764.97	6.397
765.28	6.057
765.59	5.655
765.90	5.405
766.21	4.904
766.52	4.450
766.83	4.029
767.14	3.668
767.44	3.235
767.75	2.823
768.06	2.683
768.37	2.434
768.68	2.410
768.99	2.635
769.30	2.377
769.61	2.352
769.91	2.308
770.22	2.119
770.53	2.100
770.84	2.141
771.15	2.162
771.46	2.206
771.77	2.243
772.07	1.961
772.38	1.595
772.69	1.538
773.00	1.319
773.31	1.589
773.61	1.745
773.92	1.865
774.23	2.000
774.54	1.954
774.85	1.922
775.15	1.877
775.46	2.022
775.77	2.156
776.08	2.198
776.39	2.269
776.69	2.005
777.00	2.119
777.31	1.896
777.62	1.656
777.92	2.134
778.23	2.047
778.54	1.943
778.85	2.128
779.15	2.217
779.46	2.188
779.77	2.251
780.07	2.400
780.38	2.298
780.69	2.288
781.00	2.589
781.30	2.214
781.61	2.209
781.92	2.134
782.22	2.026
782.53	1.931
782.84	1.927
783.14	2.086
783.45	2.132
783.76	2.341
784.06	2.532
784.37	2.588
784.68	2.853
784.98	3.215
785.29	3.646
785.60	4.128
785.90	4.331
786.21	4.609
786.51	4.642
786.82	4.594
787.13	4.657
787.43	4.676
787.74	4.602
788.04	4.677
788.35	4.521
788.66	4.465
788.96	4.121
789.27	3.983
789.57	3.910
789.88	3.991
790.19	4.198
790.49	4.191
790.80	4.182
791.10	4.461
791.41	4.443
791.71	4.442
792.02	4.254
792.32	4.123
792.63	4.244
792.93	4.259
793.24	4.105
793.54	4.113
793.85	4.170
794.15	4.502
794.46	4.265
794.76	4.163
795.07	4.041
795.37	4.046
795.68	4.401
795.98	4.341
796.29	4.480
796.59	4.409
796.90	4.300
797.20	4.239
797.51	4.028
797.81	4.037
798.12	4.038
798.42	4.560
798.72	4.723
799.03	4.795
799.33	5.002
799.64	4.851
799.94	5.072
800.25	5.008
800.55	5.171
800.85	5.230
801.16	5.338
801.46	5.385
801.77	5.493
802.07	5.829
802.37	5.901
802.68	6.025
802.98	6.244
803.28	6.178
803.59	6.328
803.89	6.188
804.20	6.074
804.50	5.964
804.80	6.170
805.11	5.628
805.41	5.356
805.71	4.945
806.02	4.639
806.32	4.414
806.62	4.291
806.93	4.255
807.23	4.296
807.53	4.422
807.83	4.906
808.14	4.904
808.44	5.238
808.74	5.447
809.05	5.708
809.35	6.172
809.65	6.339
809.95	6.637
810.26	6.929
810.56	6.943
810.86	7.110
811.16	6.753
811.47	6.767
811.77	6.637
812.07	6.793
812.37	6.943
812.68	7.077
812.98	7.051
813.28	7.249
813.58	7.457
813.88	7.291
814.19	7.945
814.49	8.560
814.79	8.693
815.09	8.844
815.39	9.025
815.70	9.151
816.00	8.865
816.30	9.204
816.60	9.221
816.90	9.011
817.20	9.512
817.50	9.311
817.81	9.323
818.11	9.473
818.41	9.555
818.71	9.590
819.01	9.662
819.31	9.845
819.61	9.964
819.92	10.088
820.22	10.258
820.52	10.277
820.82	10.253
821.12	10.247
821.42	10.233
821.72	10.294
822.02	10.339
822.32	10.413
822.62	10.405
822.92	10.385
823.22	10.293
823.52	10.277
823.83	10.251
824.13	10.282
824.43	10.268
824.73	10.343
825.03	10.334
825.33	10.309
825.63	10.133
825.93	10.108
826.23	10.025
826.53	10.112
826.83	10.065
827.13	10.013
827.43	10.070
827.73	10.079
828.03	9.979
828.33	10.056
828.63	9.840
828.93	9.973
829.23	10.060
829.53	10.149
829.83	10.048
830.13	9.822
830.42	9.820
830.72	9.586
831.02	9.438
831.32	9.334
831.62	9.180
831.92	9.338
832.22	9.398
832.52	9.310
832.82	9.441
833.12	9.466
833.42	9.674
833.72	9.648
834.01	9.646
834.31	9.598
834.61	9.696
834.91	9.505
835.21	9.265
835.51	8.942
835.81	8.675
836.11	8.404
836.40	8.564
836.70	7.928
837.00	7.684
837.30	7.998
837.60	8.346
837.90	8.552
838.19	8.896
838.49	9.650
838.79	9.926
839.09	10.182
839.39	10.007
839.68	9.228
839.98	9.366
840.28	9.696
840.58	9.236
840.88	8.868
841.17	8.411
841.47	8.781
841.77	8.277
842.07	8.215
842.36	8.346
842.66	8.360
842.96	8.882
843.26	8.436
843.55	7.900
843.85	6.918
844.15	5.995
844.45	5.874
844.74	4.604
845.04	4.477
845.34	3.707
845.63	3.944
845.93	4.182
846.23	5.127
846.53	5.638
846.82	5.042
847.12	5.392
847.42	5.388
847.71	6.022
848.01	5.493
848.31	5.355
848.60	6.286
848.90	5.867
849.19	6.210
849.49	3.995
849.79	3.787
850.08	5.624
850.38	6.015
850.68	6.431
850.97	6.895
851.27	7.148
851.56	6.570
851.86	4.885
852.16	5.520
852.45	5.068
852.75	5.839
853.04	5.089
853.34	4.578
853.64	4.425
853.93	5.218
854.23	4.094
854.52	5.422
854.82	5.623
855.11	7.403
855.41	6.039
855.70	4.425
856.00	4.516
856.30	4.612
856.59	2.819
856.89	2.414
857.18	2.250
857.48	1.295
857.77	0.267
858.07	1.710
858.36	1.681
858.66	2.911
858.95	4.267
859.25	4.059
859.54	5.198
859.84	6.795
860.13	6.786
860.42	7.466
860.72	9.141
861.01	8.682
861.31	8.004
861.60	8.776
861.90	8.190
862.19	7.643
862.49	9.051
862.78	9.348
863.07	7.284
863.37	8.521
863.66	8.223
863.96	6.929
864.25	8.105
864.54	8.463
864.84	7.798
865.13	6.592
865.43	6.519
865.72	11.988
866.01	10.581
866.31	12.652
866.60	-5.703
866.89	-0.511
>>>>>End Spectral Data<<<<<
