180.30	0.000
180.67	0.000
181.03	-29.936
181.40	387.087
181.77	-14154.740
182.14	129.370
182.51	-309.138
182.88	43.876
183.25	82.548
183.62	-68.164
183.99	-17.849
184.36	-94.661
184.73	336.520
185.10	29.345
185.46	-46.025
185.83	-263.913
186.20	236.085
186.57	-9.718
186.94	39.731
187.31	49.245
187.68	106.982
188.05	170.302
188.42	264.880
188.78	410.657
189.15	981.721
189.52	-207.132
189.89	-38.618
190.26	-6.946
190.63	11.875
191.00	26.052
191.37	27.200
191.73	29.605
192.10	36.310
192.47	41.537
192.84	29.330
193.21	19.500
193.58	6.274
193.94	-6.706
194.31	-6.273
194.68	-3.879
195.05	-14.210
195.42	-7.477
195.79	-31.033
196.15	-58.173
196.52	-76.069
196.89	-75.106
197.26	-91.674
197.63	-51.628
198.00	-49.070
198.36	-69.728
198.73	-98.190
199.10	-80.120
199.47	-56.777
199.84	-37.276
200.20	-25.112
200.57	-6.008
200.94	-3.961
201.31	15.448
201.68	-6.494
202.04	8.024
202.41	24.555
202.78	28.136
203.15	31.057
203.51	15.777
203.88	6.414
204.25	-13.288
204.62	-40.250
204.98	-45.507
205.35	-49.621
205.72	-48.239
206.09	-47.950
206.46	-108.563
206.82	-95.846
207.19	-93.437
207.56	-144.184
207.92	-110.833
208.29	-116.708
208.66	-72.904
209.03	-76.424
209.39	-47.757
209.76	-45.119
210.13	-108.643
210.50	-85.810
210.86	-59.013
211.23	-56.411
211.60	-33.545
211.96	-44.314
212.33	-25.681
212.70	-36.880
213.07	-36.209
213.43	-71.199
213.80	-55.205
214.17	-22.182
214.53	-7.191
214.90	-16.254
215.27	-13.590
215.63	-11.201
216.00	-7.147
216.37	9.435
216.74	6.626
217.10	9.796
217.47	9.796
217.84	16.414
218.20	15.282
218.57	23.318
218.94	26.329
219.30	24.770
219.67	25.039
220.04	23.536
220.40	10.927
220.77	8.705
221.13	11.418
221.50	16.353
221.87	10.173
222.23	8.918
222.60	0.469
222.97	-3.717
223.33	-1.142
223.70	-4.443
224.07	-4.213
224.43	-6.084
224.80	-3.622
225.16	-4.276
225.53	-5.652
225.90	-6.222
226.26	-3.649
226.63	-2.622
226.99	-1.315
227.36	0.303
227.73	2.782
228.09	3.084
228.46	5.683
228.82	7.375
229.19	7.564
229.56	9.324
229.92	11.380
230.29	11.242
230.65	10.256
231.02	8.272
231.38	4.322
231.75	1.264
232.12	-0.786
232.48	-2.957
232.85	-3.891
233.21	-3.526
233.58	-7.122
233.94	-8.498
234.31	-9.971
234.68	-8.343
235.04	-7.171
235.41	-4.648
235.77	-2.889
236.14	-0.855
236.50	-0.132
236.87	-0.110
237.23	0.975
237.60	1.211
237.96	0.773
238.33	0.069
238.69	0.056
239.06	0.017
239.42	0.317
239.79	-0.094
240.15	-0.300
240.52	0.305
240.88	0.717
241.25	0.421
241.61	1.026
241.98	1.164
242.34	1.733
242.71	2.170
243.07	2.826
243.44	2.443
243.80	2.321
244.17	2.242
244.53	1.846
244.90	1.690
245.26	1.729
245.63	1.624
245.99	1.626
246.36	1.451
246.72	1.724
247.09	1.371
247.45	1.409
247.81	1.613
248.18	1.849
248.54	2.092
248.91	2.018
249.27	1.906
249.64	2.170
250.00	2.506
250.36	2.982
250.73	2.512
251.09	2.526
251.46	2.355
251.82	2.424
252.19	2.053
252.55	1.687
252.91	1.955
253.28	2.000
253.64	1.169
254.01	0.934
254.37	0.770
254.73	1.154
255.10	1.630
255.46	2.440
255.83	2.486
256.19	2.734
256.55	2.737
256.92	3.004
257.28	2.951
257.65	3.242
258.01	3.277
258.37	3.341
258.74	3.148
259.10	2.952
259.46	2.781
259.83	2.727
260.19	2.706
260.55	2.811
260.92	2.474
261.28	2.486
261.64	2.484
262.01	2.410
262.37	2.253
262.73	2.343
263.10	2.684
263.46	2.623
263.82	2.462
264.19	2.041
264.55	1.656
264.91	1.651
265.28	1.950
265.64	1.911
266.00	2.256
266.37	2.393
266.73	2.150
267.09	2.058
267.46	2.014
267.82	2.191
268.18	2.716
268.54	3.013
268.91	3.265
269.27	2.997
269.63	3.027
270.00	2.912
270.36	2.721
270.72	2.944
271.08	2.721
271.45	2.691
271.81	2.522
272.17	2.264
272.53	2.181
272.90	2.139
273.26	2.242
273.62	2.079
273.98	1.741
274.35	1.629
274.71	1.520
275.07	1.813
275.43	1.814
275.80	1.995
276.16	1.801
276.52	1.851
276.88	1.667
277.25	1.363
277.61	1.299
277.97	1.226
278.33	1.478
278.69	1.230
279.06	0.986
279.42	1.245
279.78	1.402
280.14	1.607
280.50	1.717
280.87	1.840
281.23	2.180
281.59	2.279
281.95	2.377
282.31	2.349
282.68	2.434
283.04	2.438
283.40	2.383
283.76	2.191
284.12	2.321
284.48	2.385
284.85	2.427
285.21	2.249
285.57	2.163
285.93	2.190
286.29	2.047
286.65	2.129
287.02	2.484
287.38	2.449
287.74	2.340
288.10	2.196
288.46	2.041
288.82	1.798
289.18	1.802
289.54	1.848
289.91	1.844
290.27	2.075
290.63	2.145
290.99	1.909
291.35	2.005
291.71	2.197
292.07	2.083
292.43	2.198
292.79	2.313
293.16	2.376
293.52	2.558
293.88	2.686
294.24	2.482
294.60	2.368
294.96	2.318
295.32	2.221
295.68	2.222
296.04	2.337
296.40	2.397
296.76	2.507
297.12	2.413
297.49	2.181
297.85	2.054
298.21	2.187
298.57	2.175
298.93	2.287
299.29	2.200
299.65	2.400
300.01	2.342
300.37	2.219
300.73	2.196
301.09	2.194
301.45	2.409
301.81	2.478
302.17	2.469
302.53	2.334
302.89	2.275
303.25	2.326
303.61	2.195
303.97	2.121
304.33	2.106
304.69	2.040
305.05	2.140
305.41	2.000
305.77	2.006
306.13	2.056
306.49	2.141
306.85	2.241
307.21	2.127
307.57	2.179
307.93	2.272
308.29	2.426
308.65	2.453
309.01	2.325
309.37	2.402
309.73	2.407
310.09	2.411
310.45	2.483
310.81	2.352
311.17	2.433
311.53	2.280
311.89	2.369
312.25	2.318
312.61	2.230
312.96	2.341
313.32	2.348
313.68	2.254
314.04	2.268
314.40	2.223
314.76	2.098
315.12	2.005
315.48	2.168
315.84	2.039
316.20	1.923
316.56	1.843
316.92	1.904
317.27	1.901
317.63	1.926
317.99	1.860
318.35	1.905
318.71	2.068
319.07	2.310
319.43	2.198
319.79	2.304
320.15	2.275
320.50	2.420
320.86	2.295
321.22	2.232
321.58	2.192
321.94	2.098
322.30	2.057
322.66	2.011
323.01	1.839
323.37	1.788
323.73	1.727
324.09	1.677
324.45	1.704
324.81	1.711
325.17	1.697
325.52	1.709
325.88	1.747
326.24	1.753
326.60	1.764
326.96	1.754
327.31	1.810
327.67	1.753
328.03	1.717
328.39	1.586
328.75	1.765
329.11	1.921
329.46	2.022
329.82	1.990
330.18	1.965
330.54	1.933
330.90	2.028
331.25	2.017
331.61	2.105
331.97	2.228
332.33	2.263
332.68	2.131
333.04	2.069
333.40	1.936
333.76	1.941
334.11	1.898
334.47	2.003
334.83	1.914
335.19	1.846
335.54	1.750
335.90	1.768
336.26	1.779
336.62	1.781
336.97	1.723
337.33	1.700
337.69	1.727
338.05	1.749
338.40	1.599
338.76	1.600
339.12	1.690
339.48	1.732
339.83	1.697
340.19	1.771
340.55	1.868
340.90	1.874
341.26	1.994
341.62	1.959
341.97	1.943
342.33	2.089
342.69	2.157
343.04	2.211
343.40	2.207
343.76	2.255
344.12	2.264
344.47	2.239
344.83	2.290
345.19	2.317
345.54	2.438
345.90	2.541
346.26	2.463
346.61	2.462
346.97	2.469
347.32	2.513
347.68	2.494
348.04	2.443
348.39	2.319
348.75	2.333
349.11	2.329
349.46	2.230
349.82	2.251
350.18	2.299
350.53	2.323
350.89	2.293
351.24	2.241
351.60	2.250
351.96	2.358
352.31	2.430
352.67	2.476
353.02	2.468
353.38	2.474
353.74	2.483
354.09	2.457
354.45	2.505
354.80	2.519
355.16	2.606
355.52	2.631
355.87	2.554
356.23	2.573
356.58	2.583
356.94	2.596
357.29	2.709
357.65	2.721
358.00	2.749
358.36	2.694
358.72	2.687
359.07	2.710
359.43	2.770
359.78	2.836
360.14	2.854
360.49	2.812
360.85	2.828
361.20	2.777
361.56	2.824
361.91	2.877
362.27	2.932
362.62	2.954
362.98	2.920
363.33	2.913
363.69	2.912
364.04	2.998
364.40	3.082
364.75	3.126
365.11	3.160
365.46	3.125
365.82	3.130
366.17	3.103
366.53	3.127
366.88	3.147
367.24	3.178
367.59	3.177
367.95	3.158
368.30	3.112
368.66	3.126
369.01	3.163
369.37	3.188
369.72	3.279
370.08	3.363
370.43	3.416
370.78	3.502
371.14	3.504
371.49	3.569
371.85	3.585
372.20	3.616
372.56	3.591
372.91	3.583
373.26	3.584
373.62	3.484
373.97	3.501
374.33	3.479
374.68	3.467
375.03	3.485
375.39	3.445
375.74	3.410
376.10	3.428
376.45	3.475
376.80	3.510
377.16	3.498
377.51	3.569
377.87	3.550
378.22	3.505
378.57	3.492
378.93	3.496
379.28	3.567
379.63	3.575
379.99	3.590
380.34	3.585
380.70	3.577
381.05	3.625
381.40	3.595
381.76	3.637
382.11	3.703
382.46	3.766
382.82	3.774
383.17	3.713
383.52	3.722
383.88	3.701
384.23	3.710
384.58	3.705
384.94	3.700
385.29	3.719
385.64	3.714
385.99	3.778
386.35	3.745
386.70	3.745
387.05	3.760
387.41	3.784
387.76	3.807
388.11	3.818
388.47	3.804
388.82	3.823
389.17	3.807
389.52	3.784
389.88	3.747
390.23	3.768
390.58	3.790
390.93	3.801
391.29	3.815
391.64	3.856
391.99	3.901
392.34	3.937
392.70	3.931
393.05	3.958
393.40	3.975
393.75	4.002
394.11	3.952
394.46	3.912
394.81	3.957
395.16	3.928
395.52	3.872
395.87	3.815
396.22	3.843
396.57	3.829
396.92	3.807
397.28	3.773
397.63	3.698
397.98	3.675
398.33	3.673
398.68	3.587
399.04	3.600
399.39	3.572
399.74	3.545
400.09	3.512
400.44	3.530
400.80	3.526
401.15	3.535
401.50	3.574
401.85	3.604
402.20	3.593
402.55	3.636
402.90	3.600
403.26	3.616
403.61	3.631
403.96	3.608
404.31	3.594
404.66	3.597
405.01	3.556
405.36	3.550
405.72	3.538
406.07	3.543
406.42	3.511
406.77	3.530
407.12	3.557
407.47	3.553
407.82	3.557
408.17	3.537
408.53	3.517
408.88	3.534
409.23	3.528
409.58	3.489
409.93	3.494
410.28	3.501
410.63	3.486
410.98	3.477
411.33	3.478
411.68	3.500
412.03	3.527
412.38	3.522
412.73	3.564
413.09	3.559
413.44	3.598
413.79	3.606
414.14	3.633
414.49	3.678
414.84	3.696
415.19	3.712
415.54	3.721
415.89	3.725
416.24	3.774
416.59	3.780
416.94	3.792
417.29	3.824
417.64	3.816
417.99	3.825
418.34	3.844
418.69	3.845
419.04	3.842
419.39	3.857
419.74	3.864
420.09	3.864
420.44	3.861
420.79	3.883
421.14	3.873
421.49	3.904
421.84	3.903
422.19	3.903
422.54	3.898
422.89	3.909
423.24	3.913
423.59	3.908
423.94	3.885
424.29	3.890
424.64	3.868
424.99	3.860
425.34	3.817
425.68	3.804
426.03	3.761
426.38	3.755
426.73	3.715
427.08	3.687
427.43	3.699
427.78	3.711
428.13	3.702
428.48	3.713
428.83	3.711
429.18	3.736
429.53	3.748
429.87	3.751
430.22	3.733
430.57	3.765
430.92	3.749
431.27	3.747
431.62	3.739
431.97	3.737
432.32	3.709
432.67	3.694
433.01	3.668
433.36	3.641
433.71	3.623
434.06	3.618
434.41	3.611
434.76	3.629
435.11	3.618
435.45	3.614
435.80	3.619
436.15	3.638
436.50	3.661
436.85	3.697
437.20	3.707
437.54	3.739
437.89	3.754
438.24	3.748
438.59	3.748
438.94	3.737
439.29	3.729
439.63	3.720
439.98	3.712
440.33	3.703
440.68	3.692
441.03	3.701
441.37	3.707
441.72	3.713
442.07	3.732
442.42	3.739
442.76	3.775
443.11	3.807
443.46	3.835
443.81	3.858
444.16	3.883
444.50	3.891
444.85	3.898
445.20	3.888
445.55	3.892
445.89	3.886
446.24	3.889
446.59	3.860
446.94	3.847
447.28	3.830
447.63	3.827
447.98	3.815
448.32	3.811
448.67	3.801
449.02	3.807
449.37	3.798
449.71	3.812
450.06	3.804
450.41	3.823
450.75	3.828
451.10	3.825
451.45	3.798
451.79	3.780
452.14	3.781
452.49	3.779
452.84	3.760
453.18	3.759
453.53	3.745
453.88	3.760
454.22	3.772
454.57	3.788
454.92	3.798
455.26	3.825
455.61	3.870
455.95	3.901
456.30	3.919
456.65	3.961
456.99	3.992
457.34	4.014
457.69	4.027
458.03	4.035
458.38	4.041
458.73	4.051
459.07	4.051
459.42	4.017
459.76	3.981
460.11	3.955
460.46	3.913
460.80	3.882
461.15	3.849
461.49	3.814
461.84	3.794
462.19	3.765
462.53	3.734
462.88	3.712
463.22	3.706
463.57	3.719
463.91	3.724
464.26	3.743
464.61	3.742
464.95	3.752
465.30	3.754
465.64	3.762
465.99	3.769
466.33	3.783
466.68	3.792
467.02	3.798
467.37	3.797
467.71	3.773
468.06	3.765
468.41	3.754
468.75	3.742
469.10	3.746
469.44	3.726
469.79	3.708
470.13	3.673
470.48	3.660
470.82	3.663
471.17	3.648
471.51	3.672
471.86	3.656
472.20	3.649
472.55	3.641
472.89	3.641
473.23	3.627
473.58	3.630
473.92	3.641
474.27	3.635
474.61	3.624
474.96	3.627
475.30	3.629
475.65	3.628
475.99	3.637
476.34	3.636
476.68	3.617
477.02	3.631
477.37	3.642
477.71	3.683
478.06	3.732
478.40	3.793
478.75	3.870
479.09	3.972
479.43	4.095
479.78	4.217
480.12	4.340
480.47	4.466
480.81	4.589
481.15	4.702
481.50	4.812
481.84	4.936
482.19	5.059
482.53	5.161
482.87	5.220
483.22	5.220
483.56	5.173
483.90	5.094
484.25	4.988
484.59	4.871
484.94	4.769
485.28	4.664
485.62	4.548
485.97	4.424
486.31	4.315
486.65	4.242
487.00	4.211
487.34	4.208
487.68	4.236
488.03	4.273
488.37	4.310
488.71	4.329
489.06	4.325
489.40	4.318
489.74	4.316
490.09	4.309
490.43	4.282
490.77	4.248
491.11	4.222
491.46	4.186
491.80	4.157
492.14	4.116
492.49	4.099
492.83	4.082
493.17	4.059
493.51	4.025
493.86	4.000
494.20	3.997
494.54	4.004
494.88	4.037
495.23	4.052
495.57	4.070
495.91	4.113
496.25	4.136
496.60	4.159
496.94	4.173
497.28	4.201
497.62	4.228
497.97	4.259
498.31	4.294
498.65	4.303
498.99	4.331
499.33	4.375
499.68	4.413
500.02	4.447
500.36	4.485
500.70	4.516
501.04	4.541
501.39	4.566
501.73	4.590
502.07	4.627
502.41	4.673
502.75	4.743
503.09	4.788
503.44	4.839
503.78	4.878
504.12	4.932
504.46	5.006
504.80	5.077
505.14	5.160
505.49	5.242
505.83	5.313
506.17	5.390
506.51	5.450
506.85	5.518
507.19	5.581
507.53	5.646
507.87	5.718
508.22	5.781
508.56	5.847
508.90	5.890
509.24	5.953
509.58	6.019
509.92	6.091
510.26	6.163
510.60	6.230
510.94	6.287
511.28	6.352
511.63	6.430
511.97	6.508
512.31	6.592
512.65	6.705
512.99	6.799
513.33	6.920
513.67	7.023
514.01	7.144
514.35	7.268
514.69	7.413
515.03	7.552
515.37	7.683
515.71	7.810
516.05	7.920
516.39	8.016
516.73	8.114
517.07	8.188
517.41	8.246
517.75	8.301
518.09	8.365
518.43	8.414
518.77	8.453
519.11	8.491
519.45	8.534
519.79	8.596
520.13	8.655
520.47	8.731
520.81	8.831
521.15	8.961
521.49	9.078
521.83	9.189
522.17	9.291
522.51	9.439
522.85	9.582
523.19	9.748
523.53	9.931
523.87	10.132
524.21	10.326
524.55	10.507
524.89	10.661
525.23	10.816
525.57	10.955
525.91	11.091
526.25	11.183
526.58	11.297
526.92	11.379
527.26	11.424
527.60	11.442
527.94	11.461
528.28	11.462
528.62	11.460
528.96	11.443
529.30	11.438
529.64	11.426
529.97	11.429
530.31	11.401
530.65	11.382
530.99	11.395
531.33	11.424
531.67	11.426
532.01	11.444
532.35	11.445
532.68	11.456
533.02	11.442
533.36	11.428
533.70	11.416
534.04	11.400
534.38	11.390
534.71	11.381
535.05	11.367
535.39	11.378
535.73	11.371
536.07	11.398
536.41	11.422
536.74	11.461
537.08	11.499
537.42	11.558
537.76	11.608
538.10	11.672
538.43	11.742
538.77	11.807
539.11	11.852
539.45	11.888
539.79	11.936
540.12	11.963
540.46	11.965
540.80	11.965
541.14	11.949
541.47	11.935
541.81	11.916
542.15	11.876
542.49	11.821
542.82	11.762
543.16	11.734
543.50	11.675
543.84	11.631
544.17	11.611
544.51	11.602
544.85	11.580
545.18	11.575
545.52	11.526
545.86	11.486
546.20	11.485
546.53	11.479
546.87	11.447
547.21	11.432
547.54	11.402
547.88	11.388
548.22	11.345
548.55	11.326
548.89	11.304
549.23	11.299
549.56	11.306
549.90	11.318
550.24	11.313
550.57	11.310
550.91	11.302
551.25	11.322
551.58	11.309
551.92	11.323
552.26	11.312
552.59	11.317
552.93	11.330
553.27	11.308
553.60	11.287
553.94	11.264
554.27	11.257
554.61	11.245
554.95	11.214
555.28	11.195
555.62	11.170
555.95	11.167
556.29	11.112
556.63	11.083
556.96	11.069
557.30	11.032
557.63	11.004
557.97	10.956
558.31	10.900
558.64	10.869
558.98	10.832
559.31	10.820
559.65	10.763
559.98	10.743
560.32	10.720
560.65	10.686
560.99	10.664
561.33	10.633
561.66	10.614
562.00	10.604
562.33	10.577
562.67	10.570
563.00	10.524
563.34	10.512
563.67	10.498
564.01	10.463
564.34	10.424
564.68	10.376
565.01	10.348
565.35	10.309
565.68	10.268
566.02	10.215
566.35	10.155
566.69	10.107
567.02	10.070
567.36	10.009
567.69	9.959
568.03	9.899
568.36	9.862
568.69	9.816
569.03	9.792
569.36	9.753
569.70	9.728
570.03	9.705
570.37	9.665
570.70	9.620
571.04	9.578
571.37	9.524
571.70	9.512
572.04	9.452
572.37	9.403
572.71	9.332
573.04	9.279
573.37	9.214
573.71	9.155
574.04	9.103
574.38	9.045
574.71	9.001
575.04	8.952
575.38	8.879
575.71	8.825
576.05	8.778
576.38	8.736
576.71	8.675
577.05	8.642
577.38	8.594
577.71	8.535
578.05	8.478
578.38	8.436
578.71	8.379
579.05	8.336
579.38	8.286
579.71	8.231
580.05	8.193
580.38	8.152
580.71	8.098
581.05	8.067
581.38	8.033
581.71	8.014
582.05	7.969
582.38	7.973
582.71	7.935
583.04	7.926
583.38	7.894
583.71	7.855
584.04	7.832
584.38	7.810
584.71	7.775
585.04	7.770
585.37	7.750
585.71	7.741
586.04	7.700
586.37	7.733
586.70	7.730
587.04	7.757
587.37	7.747
587.70	7.760
588.03	7.769
588.37	7.761
588.70	7.757
589.03	7.754
589.36	7.766
589.69	7.736
590.03	7.696
590.36	7.659
590.69	7.622
591.02	7.593
591.35	7.554
591.69	7.531
592.02	7.510
592.35	7.478
592.68	7.456
593.01	7.418
593.35	7.435
593.68	7.425
594.01	7.449
594.34	7.427
594.67	7.440
595.00	7.443
595.34	7.415
595.67	7.390
596.00	7.376
596.33	7.331
596.66	7.285
596.99	7.234
597.32	7.187
597.65	7.143
597.99	7.122
598.32	7.055
598.65	7.002
598.98	6.964
599.31	6.960
599.64	6.957
599.97	6.936
600.30	6.967
600.63	6.981
600.96	6.978
601.30	6.977
601.63	6.973
601.96	6.977
602.29	6.991
602.62	6.974
602.95	6.940
603.28	6.921
603.61	6.901
603.94	6.831
604.27	6.800
604.60	6.763
604.93	6.725
605.26	6.694
605.59	6.679
605.92	6.638
606.25	6.611
606.58	6.609
606.91	6.560
607.24	6.540
607.57	6.536
607.90	6.524
608.23	6.497
608.56	6.458
608.89	6.412
609.22	6.366
609.55	6.303
609.88	6.264
610.21	6.204
610.54	6.137
610.87	6.088
611.20	6.041
611.53	5.981
611.86	5.944
612.19	5.873
612.52	5.815
612.85	5.785
613.18	5.763
613.51	5.697
613.84	5.634
614.17	5.593
614.49	5.567
614.82	5.507
615.15	5.476
615.48	5.427
615.81	5.427
616.14	5.400
616.47	5.343
616.80	5.315
617.13	5.320
617.46	5.301
617.78	5.284
618.11	5.261
618.44	5.237
618.77	5.186
619.10	5.157
619.43	5.118
619.76	5.109
620.09	5.107
620.41	5.068
620.74	5.061
621.07	5.113
621.40	5.130
621.73	5.122
622.06	5.155
622.38	5.170
622.71	5.233
623.04	5.261
623.37	5.295
623.70	5.318
624.02	5.375
624.35	5.413
624.68	5.391
625.01	5.413
625.34	5.457
625.66	5.460
625.99	5.474
626.32	5.462
626.65	5.479
626.98	5.472
627.30	5.447
627.63	5.422
627.96	5.377
628.29	5.340
628.61	5.296
628.94	5.249
629.27	5.221
629.60	5.162
629.92	5.137
630.25	5.043
630.58	5.003
630.91	4.990
631.23	4.973
631.56	4.963
631.89	4.938
632.21	4.945
632.54	4.926
632.87	4.892
633.19	4.870
633.52	4.797
633.85	4.815
634.18	4.743
634.50	4.669
634.83	4.607
635.16	4.520
635.48	4.447
635.81	4.361
636.14	4.278
636.46	4.219
636.79	4.190
637.11	4.145
637.44	4.052
637.77	4.005
638.09	3.965
638.42	3.871
638.75	3.824
639.07	3.803
639.40	3.759
639.73	3.704
640.05	3.637
640.38	3.603
640.70	3.541
641.03	3.508
641.36	3.466
641.68	3.407
642.01	3.404
642.33	3.382
642.66	3.376
642.98	3.334
643.31	3.334
643.64	3.347
643.96	3.318
644.29	3.338
644.61	3.333
644.94	3.345
645.26	3.388
645.59	3.415
645.91	3.453
646.24	3.441
646.56	3.456
646.89	3.422
647.22	3.414
647.54	3.415
647.87	3.421
648.19	3.396
648.52	3.370
648.84	3.362
649.17	3.305
649.49	3.276
649.82	3.245
650.14	3.252
650.47	3.275
650.79	3.277
651.11	3.275
651.44	3.277
651.76	3.274
652.09	3.317
652.41	3.339
652.74	3.385
653.06	3.407
653.39	3.469
653.71	3.517
654.04	3.528
654.36	3.547
654.68	3.553
655.01	3.588
655.33	3.671
655.66	3.699
655.98	3.707
656.30	3.684
656.63	3.718
656.95	3.693
657.28	3.689
657.60	3.684
657.92	3.691
658.25	3.705
658.57	3.682
658.90	3.641
659.22	3.609
659.54	3.580
659.87	3.604
660.19	3.544
660.51	3.535
660.84	3.479
661.16	3.484
661.48	3.491
661.81	3.512
662.13	3.521
662.45	3.535
662.78	3.533
663.10	3.593
663.42	3.687
663.75	3.776
664.07	3.821
664.39	3.898
664.72	3.913
665.04	3.956
665.36	4.036
665.69	4.118
666.01	4.209
666.33	4.329
666.65	4.402
666.98	4.449
667.30	4.507
667.62	4.637
667.94	4.714
668.27	4.836
668.59	4.948
668.91	5.069
669.23	5.179
669.56	5.305
669.88	5.448
670.20	5.581
670.52	5.733
670.85	5.845
671.17	5.955
671.49	6.097
671.81	6.323
672.13	6.505
672.46	6.653
672.78	6.817
673.10	7.048
673.42	7.205
673.74	7.385
674.07	7.524
674.39	7.729
674.71	7.920
675.03	8.154
675.35	8.313
675.67	8.445
676.00	8.557
676.32	8.711
676.64	8.759
676.96	8.895
677.28	9.022
677.60	9.179
677.92	9.317
678.25	9.406
678.57	9.523
678.89	9.625
679.21	9.796
679.53	9.983
679.85	10.162
680.17	10.360
680.49	10.548
680.81	10.721
681.13	10.834
681.46	11.042
681.78	11.328
682.10	11.584
682.42	11.857
682.74	12.074
683.06	12.221
683.38	12.446
683.70	12.747
684.02	12.920
684.34	13.172
684.66	13.448
684.98	13.596
685.30	13.742
685.62	13.865
685.94	13.993
686.26	14.050
686.58	14.212
686.90	14.247
687.22	14.222
687.54	14.305
687.86	14.342
688.18	14.406
688.50	14.500
688.82	14.571
689.14	14.635
689.46	14.704
689.78	14.821
690.10	14.886
690.42	15.012
690.74	15.141
691.06	15.303
691.38	15.458
691.70	15.615
692.02	15.735
692.34	15.834
692.66	15.972
692.98	16.088
693.30	16.249
693.62	16.414
693.94	16.452
694.26	16.479
694.57	16.523
694.89	16.568
695.21	16.577
695.53	16.678
695.85	16.713
696.17	16.778
696.49	16.935
696.81	17.027
697.13	17.118
697.44	17.333
697.76	17.586
698.08	17.803
698.40	18.052
698.72	18.338
699.04	18.566
699.36	18.907
699.67	19.259
699.99	19.490
700.31	19.825
700.63	20.184
700.95	20.534
701.27	20.855
701.58	21.202
701.90	21.402
702.22	21.674
702.54	21.995
702.86	22.264
703.17	22.494
703.49	22.789
703.81	23.043
704.13	23.293
704.45	23.523
704.76	23.749
705.08	23.882
705.40	24.092
705.72	24.290
706.03	24.487
706.35	24.724
706.67	24.871
706.99	25.050
707.30	25.314
707.62	25.505
707.94	25.697
708.26	25.847
708.57	26.044
708.89	26.292
709.21	26.487
709.53	26.765
709.84	27.045
710.16	27.361
710.48	27.651
710.79	27.890
711.11	28.175
711.43	28.374
711.74	28.652
712.06	29.008
712.38	29.380
712.69	29.759
713.01	30.014
713.33	30.366
713.64	30.704
713.96	31.046
714.28	31.373
714.59	31.745
714.91	32.209
715.23	32.659
715.54	32.977
715.86	33.312
716.17	33.669
716.49	34.043
716.81	34.331
717.12	34.685
717.44	35.095
717.76	35.619
718.07	36.045
718.39	36.363
718.70	36.652
719.02	36.985
719.33	37.283
719.65	37.608
719.97	37.902
720.28	38.291
720.60	38.583
720.91	38.887
721.23	39.099
721.54	39.300
721.86	39.586
722.17	39.854
722.49	40.203
722.81	40.515
723.12	40.741
723.44	41.074
723.75	41.275
724.07	41.612
724.38	41.801
724.70	41.993
725.01	42.189
725.33	42.372
725.64	42.692
725.96	42.924
726.27	43.079
726.59	43.378
726.90	43.594
727.22	43.574
727.53	43.745
727.84	43.934
728.16	44.048
728.47	44.213
728.79	44.469
729.10	44.579
729.42	44.756
729.73	44.954
730.05	45.004
730.36	45.210
730.67	45.604
730.99	45.674
731.30	45.759
731.62	45.953
731.93	46.205
732.24	46.381
732.56	46.596
732.87	46.846
733.19	47.085
733.50	47.397
733.81	47.565
734.13	47.799
734.44	48.008
734.76	48.398
735.07	48.674
735.38	48.908
735.70	49.152
736.01	49.421
736.32	49.488
736.64	49.755
736.95	49.822
737.26	49.962
737.58	50.092
737.89	50.390
738.20	50.497
738.52	50.620
738.83	50.735
739.14	50.787
739.45	50.959
739.77	51.205
740.08	51.324
740.39	51.616
740.71	51.762
741.02	51.947
741.33	52.123
741.64	52.346
741.96	52.563
742.27	52.665
742.58	52.958
742.90	52.913
743.21	52.949
743.52	53.072
743.83	53.120
744.14	53.150
744.46	53.297
744.77	53.349
745.08	53.222
745.39	53.309
745.71	53.310
746.02	53.257
746.33	53.289
746.64	53.147
746.95	53.130
747.27	53.223
747.58	53.257
747.89	53.082
748.20	52.782
748.51	52.844
748.82	52.621
749.14	52.620
749.45	52.622
749.76	52.957
750.07	53.181
750.38	53.244
750.69	53.148
751.01	53.099
751.32	52.978
751.63	53.190
751.94	52.987
752.25	53.043
752.56	52.863
752.87	52.696
753.18	52.409
753.49	52.289
753.81	52.027
754.12	51.827
754.43	52.110
754.74	52.162
755.05	52.112
755.36	52.273
755.67	52.233
755.98	52.501
756.29	52.697
756.60	52.741
756.91	52.715
757.22	52.901
757.53	53.140
757.84	52.972
758.15	53.123
758.46	53.096
758.77	53.092
759.09	53.085
759.40	52.968
759.71	52.786
760.02	52.610
760.33	52.566
760.64	52.366
760.95	52.412
761.26	52.188
761.57	52.004
761.88	51.966
762.18	51.846
762.49	51.773
762.80	51.653
763.11	51.628
763.42	51.562
763.73	51.603
764.04	51.601
764.35	51.407
764.66	51.447
764.97	51.357
765.28	51.278
765.59	51.144
765.90	50.956
766.21	50.977
766.52	50.903
766.83	50.866
767.14	50.720
767.44	50.532
767.75	50.192
768.06	50.202
768.37	50.203
768.68	50.352
768.99	50.462
769.30	50.350
769.61	50.254
769.91	50.031
770.22	49.738
770.53	49.474
770.84	49.537
771.15	49.694
771.46	49.200
771.77	49.241
772.07	48.890
772.38	48.542
772.69	48.524
773.00	48.311
773.31	48.189
773.61	48.208
773.92	48.280
774.23	48.235
774.54	48.193
774.85	48.229
775.15	47.873
775.46	47.716
775.77	47.739
776.08	47.793
776.39	47.819
776.69	47.876
777.00	47.805
777.31	47.744
777.62	47.501
777.92	47.413
778.23	47.589
778.54	47.829
778.85	47.778
779.15	47.812
779.46	47.804
779.77	47.670
780.07	47.721
780.38	47.883
780.69	47.912
781.00	48.010
781.30	47.863
781.61	47.805
781.92	47.685
782.22	47.796
782.53	47.647
782.84	47.489
783.14	47.733
783.45	47.654
783.76	47.780
784.06	47.763
784.37	47.773
784.68	47.773
784.98	48.071
785.29	47.976
785.60	48.069
785.90	48.087
786.21	48.212
786.51	48.161
786.82	48.351
787.13	48.569
787.43	48.601
787.74	48.948
788.04	49.225
788.35	48.874
788.66	48.887
788.96	48.990
789.27	48.965
789.57	48.941
789.88	49.129
790.19	48.875
790.49	48.543
790.80	48.435
791.10	48.107
791.41	47.890
791.71	48.311
792.02	48.537
792.32	48.385
792.63	48.663
792.93	48.945
793.24	48.712
793.54	49.175
793.85	49.476
794.15	49.425
794.46	49.370
794.76	49.264
795.07	49.140
795.37	49.262
795.68	49.401
795.98	49.591
796.29	49.504
796.59	49.825
796.90	49.415
797.20	48.898
797.51	48.821
797.81	48.582
798.12	48.752
798.42	48.819
798.72	48.638
799.03	48.637
799.33	48.437
799.64	48.437
799.94	48.271
800.25	48.455
800.55	48.639
800.85	48.691
801.16	48.991
801.46	48.957
801.77	48.775
802.07	48.779
802.37	48.570
802.68	48.389
802.98	48.287
803.28	48.200
803.59	48.458
803.89	48.899
804.20	49.162
804.50	49.096
804.80	49.114
805.11	49.238
805.41	49.102
805.71	49.405
806.02	49.663
806.32	50.107
806.62	50.024
806.93	50.212
807.23	50.282
807.53	50.138
807.83	50.323
808.14	50.559
808.44	50.601
808.74	50.388
809.05	50.136
809.35	50.027
809.65	49.916
809.95	50.018
810.26	49.200
810.56	48.910
810.86	49.185
811.16	49.069
811.47	49.279
811.77	49.736
812.07	50.212
812.37	49.980
812.68	50.343
812.98	50.528
813.28	50.809
813.58	51.781
813.88	51.313
814.19	51.651
814.49	52.222
814.79	52.241
815.09	52.293
815.39	52.443
815.70	52.805
816.00	52.685
816.30	52.518
816.60	52.355
816.90	51.931
817.20	52.220
817.50	51.972
817.81	51.355
818.11	51.070
818.41	50.950
818.71	50.892
819.01	51.042
819.31	51.283
819.61	51.512
819.92	51.675
820.22	51.909
820.52	52.031
820.82	52.220
821.12	52.590
821.42	52.857
821.72	52.945
822.02	53.222
822.32	53.515
822.62	53.769
822.92	53.901
823.22	54.184
823.52	54.355
823.83	54.641
824.13	54.700
824.43	54.716
824.73	54.811
825.03	54.967
825.33	55.040
825.63	54.814
825.93	54.716
826.23	54.650
826.53	54.463
826.83	54.488
827.13	54.607
827.43	54.863
827.73	54.942
828.03	55.072
828.33	55.413
828.63	55.473
828.93	55.661
829.23	55.569
829.53	55.337
829.83	55.257
830.13	54.671
830.42	53.999
830.72	53.363
831.02	53.111
831.32	52.842
831.62	52.935
831.92	52.950
832.22	52.663
832.52	52.491
832.82	52.790
833.12	52.806
833.42	53.138
833.72	53.283
834.01	53.776
834.31	53.877
834.61	53.989
834.91	54.053
835.21	54.057
835.51	54.663
835.81	54.541
836.11	54.796
836.40	55.099
836.70	55.206
837.00	55.099
837.30	54.795
837.60	54.915
837.90	54.613
838.19	53.689
838.49	53.608
838.79	53.403
839.09	53.880
839.39	53.683
839.68	53.852
839.98	52.909
840.28	52.823
840.58	52.313
840.88	52.531
841.17	52.971
841.47	53.502
841.77	53.676
842.07	53.535
842.36	53.680
842.66	53.049
842.96	51.631
843.26	52.160
843.55	51.826
843.85	52.533
844.15	52.324
844.45	50.767
844.74	50.403
845.04	48.688
845.34	48.738
845.63	48.025
845.93	48.709
846.23	49.166
846.53	49.239
846.82	49.839
847.12	48.588
847.42	46.937
847.71	47.432
848.01	48.399
848.31	50.201
848.60	49.618
848.90	49.553
849.19	48.861
849.49	49.055
849.79	49.231
850.08	49.076
850.38	48.797
850.68	49.588
850.97	50.822
851.27	49.247
851.56	47.794
851.86	46.451
852.16	45.466
852.45	45.015
852.75	44.704
853.04	44.664
853.34	44.899
853.64	46.147
853.93	44.986
854.23	43.324
854.52	42.220
854.82	43.633
855.11	45.438
855.41	47.797
855.70	49.164
856.00	47.896
856.30	46.492
856.59	46.606
856.89	46.954
857.18	49.707
857.48	50.989
857.77	52.179
858.07	51.719
858.36	49.436
858.66	48.541
858.95	47.750
859.25	48.764
859.54	50.260
859.84	50.073
860.13	50.034
860.42	49.730
860.72	49.011
861.01	49.803
861.31	50.841
861.60	53.619
861.90	53.126
862.19	53.408
862.49	53.551
862.78	52.331
863.07	52.070
863.37	50.819
863.66	49.333
863.96	51.824
864.25	52.023
864.54	52.289
864.84	51.091
865.13	51.279
865.43	51.158
865.72	58.548
866.01	67.661
866.31	46.251
866.60	46.756
866.89	47.441
>>>>>End Spectral Data<<<<<
