180.30	0.000
180.67	0.000
181.03	138.160
181.40	463.666
181.77	-13218.425
182.14	30.052
182.51	-516.172
182.88	-72.979
183.25	26.357
183.62	15.311
183.99	85.525
184.36	100.635
184.73	56.173
185.10	170.711
185.46	694.142
185.83	-223.502
186.20	1020.907
186.57	71.589
186.94	78.999
187.31	3.453
187.68	-136.859
188.05	-139.262
188.42	-149.719
188.78	-257.645
189.15	-607.039
189.52	221.660
189.89	73.387
190.26	24.853
190.63	14.199
191.00	21.982
191.37	28.242
191.73	28.966
192.10	24.254
192.47	30.189
192.84	30.719
193.21	38.754
193.58	42.210
193.94	43.306
194.31	47.761
194.68	31.663
195.05	11.753
195.42	-7.625
195.79	-5.910
196.15	-13.278
196.52	-29.405
196.89	-46.253
197.26	-73.728
197.63	-79.443
198.00	-73.154
198.36	-59.786
198.73	-50.703
199.10	-42.514
199.47	-28.565
199.84	-44.114
200.20	-36.275
200.57	-38.158
200.94	-18.953
201.31	-9.820
201.68	-11.092
202.04	-4.669
202.41	-14.829
202.78	-30.510
203.15	-26.522
203.51	-13.416
203.88	-27.993
204.25	-34.715
204.62	-28.565
204.98	-41.257
205.35	-39.587
205.72	-47.307
206.09	-41.764
206.46	-77.517
206.82	-32.496
207.19	-31.562
207.56	-86.223
207.92	-62.132
208.29	-50.018
208.66	-35.988
209.03	-43.441
209.39	-30.163
209.76	-12.709
210.13	-50.235
210.50	-37.625
210.86	-48.161
211.23	-70.490
211.60	-36.381
211.96	-43.756
212.33	-35.239
212.70	-42.153
213.07	-41.711
213.43	-64.802
213.80	-63.778
214.17	-35.507
214.53	-15.868
214.90	-5.667
215.27	4.770
215.63	0.018
216.00	12.904
216.37	14.968
216.74	7.692
217.10	13.321
217.47	7.282
217.84	4.840
218.20	3.922
218.57	-7.428
218.94	-6.740
219.30	-7.651
219.67	-4.209
220.04	-11.103
220.40	-16.801
220.77	-17.466
221.13	-18.626
221.50	-8.957
221.87	-7.550
222.23	-11.922
222.60	-11.745
222.97	-12.975
223.33	-9.696
223.70	-9.590
224.07	-7.106
224.43	-5.739
224.80	-1.092
225.16	-2.407
225.53	-4.258
225.90	-6.015
226.26	-2.867
226.63	-1.021
226.99	-0.474
227.36	-0.531
227.73	0.255
228.09	0.250
228.46	1.998
228.82	2.477
229.19	2.843
229.56	2.179
229.92	4.921
230.29	4.622
230.65	4.187
231.02	2.963
231.38	0.004
231.75	-1.117
232.12	-1.413
232.48	-4.754
232.85	-6.899
233.21	-7.337
233.58	-7.041
233.94	-8.732
234.31	-9.792
234.68	-9.343
235.04	-8.135
235.41	-6.124
235.77	-5.131
236.14	-4.679
236.50	-1.943
236.87	-2.282
237.23	-0.765
237.60	-1.660
237.96	-1.246
238.33	-0.737
238.69	-0.589
239.06	-0.865
239.42	-0.460
239.79	-1.413
240.15	-1.197
240.52	-1.133
240.88	-0.215
241.25	-0.233
241.61	0.553
241.98	0.315
242.34	0.001
242.71	0.047
243.07	0.281
243.44	0.121
243.80	0.281
244.17	0.282
244.53	0.134
244.90	-0.015
245.26	-0.105
245.63	-0.308
245.99	-0.419
246.36	-0.419
246.72	-0.495
247.09	-0.960
247.45	-0.972
247.81	-0.755
248.18	-0.989
248.54	-1.077
248.91	-1.304
249.27	-1.173
249.64	-0.959
250.00	-0.655
250.36	-0.506
250.73	-0.204
251.09	0.348
251.46	0.167
251.82	-0.048
252.19	0.200
252.55	-0.024
252.91	-0.025
253.28	-0.340
253.64	-0.815
254.01	-0.901
254.37	-0.612
254.73	-0.275
255.10	0.043
255.46	0.838
255.83	1.051
256.19	1.133
256.55	1.253
256.92	1.360
257.28	1.226
257.65	1.450
258.01	1.345
258.37	1.080
258.74	0.724
259.10	0.529
259.46	0.183
259.83	0.105
260.19	0.033
260.55	0.035
260.92	0.000
261.28	-0.051
261.64	-0.082
262.01	0.059
262.37	0.413
262.73	0.538
263.10	0.613
263.46	0.874
263.82	0.582
264.19	0.446
264.55	0.032
264.91	-0.030
265.28	-0.135
265.64	-0.206
266.00	-0.116
266.37	-0.270
266.73	-0.224
267.09	-0.137
267.46	-0.176
267.82	-0.040
268.18	0.040
268.54	0.453
268.91	0.457
269.27	0.609
269.63	0.704
270.00	0.644
270.36	0.600
270.72	0.721
271.08	0.576
271.45	0.494
271.81	0.527
272.17	0.658
272.53	0.489
272.90	0.540
273.26	0.595
273.62	0.486
273.98	0.261
274.35	0.354
274.71	0.459
275.07	0.630
275.43	0.556
275.80	0.518
276.16	0.272
276.52	0.373
276.88	0.282
277.25	0.204
277.61	0.164
277.97	0.235
278.33	0.378
278.69	0.121
279.06	-0.094
279.42	0.105
279.78	0.284
280.14	0.476
280.50	0.571
280.87	0.606
281.23	0.678
281.59	0.776
281.95	0.887
282.31	0.854
282.68	0.768
283.04	0.760
283.40	0.742
283.76	0.744
284.12	0.817
284.48	0.745
284.85	0.849
285.21	0.955
285.57	0.800
285.93	0.735
286.29	0.582
286.65	0.734
287.02	1.048
287.38	0.915
287.74	0.762
288.10	0.477
288.46	0.289
288.82	0.080
289.18	0.009
289.54	0.172
289.91	0.348
290.27	0.556
290.63	0.664
290.99	0.576
291.35	0.759
291.71	1.098
292.07	1.284
292.43	1.449
292.79	1.603
293.16	1.368
293.52	1.294
293.88	1.242
294.24	1.151
294.60	1.014
294.96	0.882
295.32	1.031
295.68	0.875
296.04	0.924
296.40	0.977
296.76	0.949
297.12	1.015
297.49	0.905
297.85	0.804
298.21	0.914
298.57	0.931
298.93	1.068
299.29	0.725
299.65	0.610
300.01	0.532
300.37	0.478
300.73	0.661
301.09	0.836
301.45	1.036
301.81	1.073
302.17	0.963
302.53	0.879
302.89	0.781
303.25	1.058
303.61	1.158
303.97	0.933
304.33	0.975
304.69	0.893
305.05	0.748
305.41	0.560
305.77	0.560
306.13	0.555
306.49	0.647
306.85	0.829
307.21	0.750
307.57	0.780
307.93	0.913
308.29	0.981
308.65	0.946
309.01	1.016
309.37	1.111
309.73	1.220
310.09	1.405
310.45	1.431
310.81	1.289
311.17	1.265
311.53	1.307
311.89	1.441
312.25	1.471
312.61	1.451
312.96	1.457
313.32	1.639
313.68	1.478
314.04	1.253
314.40	1.247
314.76	1.292
315.12	1.225
315.48	1.239
315.84	1.158
316.20	1.058
316.56	1.036
316.92	0.971
317.27	0.789
317.63	0.899
317.99	0.866
318.35	0.810
318.71	0.913
319.07	1.058
319.43	0.931
319.79	1.013
320.15	0.911
320.50	0.909
320.86	0.917
321.22	0.907
321.58	0.827
321.94	0.810
322.30	0.789
322.66	0.672
323.01	0.548
323.37	0.536
323.73	0.478
324.09	0.480
324.45	0.578
324.81	0.558
325.17	0.572
325.52	0.513
325.88	0.534
326.24	0.625
326.60	0.600
326.96	0.629
327.31	0.626
327.67	0.493
328.03	0.552
328.39	0.413
328.75	0.472
329.11	0.539
329.46	0.638
329.82	0.688
330.18	0.648
330.54	0.712
330.90	0.784
331.25	0.887
331.61	1.085
331.97	1.060
332.33	1.115
332.68	1.120
333.04	1.093
333.40	0.987
333.76	0.902
334.11	0.855
334.47	0.843
334.83	0.753
335.19	0.739
335.54	0.669
335.90	0.676
336.26	0.673
336.62	0.628
336.97	0.526
337.33	0.537
337.69	0.580
338.05	0.551
338.40	0.512
338.76	0.566
339.12	0.575
339.48	0.499
339.83	0.477
340.19	0.446
340.55	0.472
340.90	0.488
341.26	0.463
341.62	0.450
341.97	0.507
342.33	0.584
342.69	0.585
343.04	0.515
343.40	0.534
343.76	0.523
344.12	0.608
344.47	0.662
344.83	0.797
345.19	0.868
345.54	0.955
345.90	1.007
346.26	1.007
346.61	0.996
346.97	1.096
347.32	1.170
347.68	1.175
348.04	1.109
348.39	1.039
348.75	1.007
349.11	1.028
349.46	0.964
349.82	0.926
350.18	0.912
350.53	0.934
350.89	0.873
351.24	0.800
351.60	0.824
351.96	0.920
352.31	0.917
352.67	0.894
353.02	0.851
353.38	0.880
353.74	0.856
354.09	0.806
354.45	0.789
354.80	0.825
355.16	0.892
355.52	0.916
355.87	0.813
356.23	0.870
356.58	0.868
356.94	0.963
357.29	1.000
357.65	1.076
358.00	1.148
358.36	1.168
358.72	1.155
359.07	1.167
359.43	1.192
359.78	1.300
360.14	1.290
360.49	1.287
360.85	1.252
361.20	1.220
361.56	1.176
361.91	1.161
362.27	1.206
362.62	1.238
362.98	1.278
363.33	1.266
363.69	1.197
364.04	1.209
364.40	1.236
364.75	1.235
365.11	1.247
365.46	1.236
365.82	1.246
366.17	1.222
366.53	1.211
366.88	1.205
367.24	1.259
367.59	1.276
367.95	1.282
368.30	1.280
368.66	1.291
369.01	1.289
369.37	1.310
369.72	1.350
370.08	1.401
370.43	1.435
370.78	1.381
371.14	1.315
371.49	1.377
371.85	1.390
372.20	1.422
372.56	1.429
372.91	1.447
373.26	1.509
373.62	1.441
373.97	1.436
374.33	1.427
374.68	1.489
375.03	1.584
375.39	1.517
375.74	1.486
376.10	1.483
376.45	1.523
376.80	1.580
377.16	1.548
377.51	1.643
377.87	1.672
378.22	1.630
378.57	1.645
378.93	1.669
379.28	1.735
379.63	1.773
379.99	1.819
380.34	1.833
380.70	1.839
381.05	1.912
381.40	1.895
381.76	1.889
382.11	1.940
382.46	1.949
382.82	1.940
383.17	1.909
383.52	1.962
383.88	1.935
384.23	1.919
384.58	1.921
384.94	1.861
385.29	1.888
385.64	1.879
385.99	1.912
386.35	1.926
386.70	1.927
387.05	1.936
387.41	1.921
387.76	1.911
388.11	1.929
388.47	1.903
388.82	1.953
389.17	1.943
389.52	1.980
389.88	1.991
390.23	2.009
390.58	2.004
390.93	2.043
391.29	2.053
391.64	2.092
391.99	2.154
392.34	2.219
392.70	2.211
393.05	2.189
393.40	2.184
393.75	2.179
394.11	2.176
394.46	2.181
394.81	2.175
395.16	2.132
395.52	2.127
395.87	2.080
396.22	2.065
396.57	2.047
396.92	2.047
397.28	2.027
397.63	1.989
397.98	1.965
398.33	1.931
398.68	1.933
399.04	1.956
399.39	1.935
399.74	1.943
400.09	1.905
400.44	1.913
400.80	1.943
401.15	1.925
401.50	1.956
401.85	1.972
402.20	1.991
402.55	1.985
402.90	1.962
403.26	1.942
403.61	1.902
403.96	1.913
404.31	1.917
404.66	1.915
405.01	1.916
405.36	1.899
405.72	1.864
406.07	1.862
406.42	1.847
406.77	1.861
407.12	1.892
407.47	1.905
407.82	1.909
408.17	1.925
408.53	1.894
408.88	1.892
409.23	1.899
409.58	1.904
409.93	1.901
410.28	1.911
410.63	1.926
410.98	1.907
411.33	1.930
411.68	1.928
412.03	1.929
412.38	1.928
412.73	1.954
413.09	1.956
413.44	1.964
413.79	1.998
414.14	2.019
414.49	2.030
414.84	2.073
415.19	2.091
415.54	2.124
415.89	2.129
416.24	2.190
416.59	2.206
416.94	2.230
417.29	2.263
417.64	2.252
417.99	2.274
418.34	2.300
418.69	2.310
419.04	2.311
419.39	2.319
419.74	2.325
420.09	2.318
420.44	2.318
420.79	2.326
421.14	2.328
421.49	2.350
421.84	2.333
422.19	2.332
422.54	2.324
422.89	2.314
423.24	2.311
423.59	2.296
423.94	2.274
424.29	2.268
424.64	2.261
424.99	2.254
425.34	2.232
425.68	2.231
426.03	2.198
426.38	2.193
426.73	2.204
427.08	2.185
427.43	2.215
427.78	2.239
428.13	2.258
428.48	2.251
428.83	2.252
429.18	2.249
429.53	2.263
429.87	2.264
430.22	2.269
430.57	2.283
430.92	2.284
431.27	2.279
431.62	2.270
431.97	2.266
432.32	2.271
432.67	2.264
433.01	2.253
433.36	2.231
433.71	2.239
434.06	2.226
434.41	2.208
434.76	2.224
435.11	2.218
435.45	2.214
435.80	2.203
436.15	2.221
436.50	2.243
436.85	2.284
437.20	2.303
437.54	2.303
437.89	2.322
438.24	2.345
438.59	2.327
438.94	2.340
439.29	2.346
439.63	2.371
439.98	2.367
440.33	2.360
440.68	2.353
441.03	2.361
441.37	2.389
441.72	2.387
442.07	2.373
442.42	2.394
442.76	2.391
443.11	2.400
443.46	2.404
443.81	2.413
444.16	2.427
444.50	2.434
444.85	2.426
445.20	2.411
445.55	2.404
445.89	2.406
446.24	2.411
446.59	2.396
446.94	2.383
447.28	2.363
447.63	2.336
447.98	2.312
448.32	2.277
448.67	2.276
449.02	2.263
449.37	2.249
449.71	2.251
450.06	2.238
450.41	2.257
450.75	2.265
451.10	2.277
451.45	2.269
451.79	2.255
452.14	2.272
452.49	2.256
452.84	2.262
453.18	2.263
453.53	2.241
453.88	2.212
454.22	2.207
454.57	2.208
454.92	2.208
455.26	2.229
455.61	2.268
455.95	2.304
456.30	2.332
456.65	2.365
456.99	2.389
457.34	2.409
457.69	2.441
458.03	2.450
458.38	2.458
458.73	2.456
459.07	2.453
459.42	2.427
459.76	2.404
460.11	2.371
460.46	2.326
460.80	2.310
461.15	2.304
461.49	2.278
461.84	2.266
462.19	2.248
462.53	2.251
462.88	2.251
463.22	2.245
463.57	2.229
463.91	2.241
464.26	2.262
464.61	2.257
464.95	2.249
465.30	2.246
465.64	2.248
465.99	2.263
466.33	2.261
466.68	2.259
467.02	2.283
467.37	2.283
467.71	2.283
468.06	2.284
468.41	2.272
468.75	2.271
469.10	2.294
469.44	2.294
469.79	2.264
470.13	2.241
470.48	2.227
470.82	2.218
471.17	2.241
471.51	2.229
471.86	2.219
472.20	2.226
472.55	2.213
472.89	2.204
473.23	2.180
473.58	2.195
473.92	2.217
474.27	2.209
474.61	2.197
474.96	2.180
475.30	2.181
475.65	2.174
475.99	2.180
476.34	2.192
476.68	2.183
477.02	2.191
477.37	2.188
477.71	2.222
478.06	2.272
478.40	2.334
478.75	2.394
479.09	2.494
479.43	2.590
479.78	2.685
480.12	2.783
480.47	2.886
480.81	2.991
481.15	3.085
481.50	3.165
481.84	3.259
482.19	3.346
482.53	3.424
482.87	3.466
483.22	3.469
483.56	3.437
483.90	3.372
484.25	3.299
484.59	3.221
484.94	3.146
485.28	3.074
485.62	2.988
485.97	2.895
486.31	2.809
486.65	2.759
487.00	2.736
487.34	2.729
487.68	2.746
488.03	2.754
488.37	2.765
488.71	2.773
489.06	2.771
489.40	2.766
489.74	2.761
490.09	2.753
490.43	2.722
490.77	2.693
491.11	2.667
491.46	2.640
491.80	2.616
492.14	2.585
492.49	2.562
492.83	2.521
493.17	2.475
493.51	2.445
493.86	2.419
494.20	2.395
494.54	2.393
494.88	2.406
495.23	2.410
495.57	2.412
495.91	2.429
496.25	2.435
496.60	2.446
496.94	2.457
497.28	2.464
497.62	2.471
497.97	2.475
498.31	2.480
498.65	2.472
498.99	2.469
499.33	2.497
499.68	2.501
500.02	2.508
500.36	2.512
500.70	2.519
501.04	2.513
501.39	2.522
501.73	2.553
502.07	2.568
502.41	2.591
502.75	2.625
503.09	2.634
503.44	2.647
503.78	2.652
504.12	2.683
504.46	2.722
504.80	2.772
505.14	2.823
505.49	2.855
505.83	2.883
506.17	2.912
506.51	2.932
506.85	2.969
507.19	2.996
507.53	3.039
507.87	3.070
508.22	3.092
508.56	3.098
508.90	3.098
509.24	3.108
509.58	3.124
509.92	3.140
510.26	3.162
510.60	3.176
510.94	3.192
511.28	3.193
511.63	3.203
511.97	3.220
512.31	3.250
512.65	3.270
512.99	3.291
513.33	3.350
513.67	3.393
514.01	3.449
514.35	3.495
514.69	3.544
515.03	3.602
515.37	3.658
515.71	3.709
516.05	3.757
516.39	3.803
516.73	3.852
517.07	3.872
517.41	3.877
517.75	3.873
518.09	3.887
518.43	3.891
518.77	3.877
519.11	3.868
519.45	3.847
519.79	3.837
520.13	3.825
520.47	3.830
520.81	3.838
521.15	3.888
521.49	3.927
521.83	3.959
522.17	4.001
522.51	4.076
522.85	4.160
523.19	4.248
523.53	4.359
523.87	4.483
524.21	4.583
524.55	4.676
524.89	4.760
525.23	4.850
525.57	4.928
525.91	5.010
526.25	5.069
526.58	5.124
526.92	5.166
527.26	5.189
527.60	5.195
527.94	5.205
528.28	5.201
528.62	5.188
528.96	5.167
529.30	5.149
529.64	5.126
529.97	5.117
530.31	5.079
530.65	5.073
530.99	5.063
531.33	5.058
531.67	5.049
532.01	5.062
532.35	5.074
532.68	5.083
533.02	5.074
533.36	5.065
533.70	5.051
534.04	5.052
534.38	5.035
534.71	5.017
535.05	5.009
535.39	5.006
535.73	4.989
536.07	4.996
536.41	5.004
536.74	5.030
537.08	5.055
537.42	5.106
537.76	5.145
538.10	5.195
538.43	5.249
538.77	5.301
539.11	5.345
539.45	5.378
539.79	5.411
540.12	5.436
540.46	5.452
540.80	5.461
541.14	5.446
541.47	5.432
541.81	5.416
542.15	5.399
542.49	5.364
542.82	5.326
543.16	5.300
543.50	5.264
543.84	5.237
544.17	5.206
544.51	5.187
544.85	5.164
545.18	5.157
545.52	5.137
545.86	5.108
546.20	5.110
546.53	5.084
546.87	5.060
547.21	5.030
547.54	4.994
547.88	4.988
548.22	4.957
548.55	4.939
548.89	4.927
549.23	4.910
549.56	4.904
549.90	4.894
550.24	4.917
550.57	4.911
550.91	4.919
551.25	4.939
551.58	4.930
551.92	4.929
552.26	4.931
552.59	4.933
552.93	4.946
553.27	4.969
553.60	4.967
553.94	4.948
554.27	4.956
554.61	4.960
554.95	4.967
555.28	4.982
555.62	4.991
555.95	5.016
556.29	5.020
556.63	5.020
556.96	5.008
557.30	5.023
557.63	5.029
557.97	5.044
558.31	5.045
558.64	5.037
558.98	5.054
559.31	5.094
559.65	5.096
559.98	5.110
560.32	5.115
560.65	5.123
560.99	5.127
561.33	5.155
561.66	5.182
562.00	5.204
562.33	5.218
562.67	5.243
563.00	5.238
563.34	5.265
563.67	5.290
564.01	5.321
564.34	5.337
564.68	5.360
565.01	5.384
565.35	5.391
565.68	5.422
566.02	5.457
566.35	5.463
566.69	5.473
567.02	5.509
567.36	5.525
567.69	5.556
568.03	5.602
568.36	5.640
568.69	5.663
569.03	5.707
569.36	5.736
569.70	5.756
570.03	5.791
570.37	5.837
570.70	5.842
571.04	5.870
571.37	5.882
571.70	5.901
572.04	5.919
572.37	5.947
572.71	5.953
573.04	5.956
573.37	5.972
573.71	5.980
574.04	6.012
574.38	6.034
574.71	6.054
575.04	6.083
575.38	6.095
575.71	6.103
576.05	6.126
576.38	6.171
576.71	6.189
577.05	6.209
577.38	6.243
577.71	6.258
578.05	6.276
578.38	6.308
578.71	6.291
579.05	6.325
579.38	6.337
579.71	6.354
580.05	6.357
580.38	6.389
580.71	6.441
581.05	6.476
581.38	6.516
581.71	6.548
582.05	6.574
582.38	6.659
582.71	6.687
583.04	6.767
583.38	6.794
583.71	6.869
584.04	6.945
584.38	6.993
584.71	7.052
585.04	7.127
585.37	7.215
585.71	7.294
586.04	7.350
586.37	7.435
586.70	7.499
587.04	7.573
587.37	7.610
587.70	7.664
588.03	7.730
588.37	7.789
588.70	7.814
589.03	7.840
589.36	7.873
589.69	7.908
590.03	7.933
590.36	7.965
590.69	7.990
591.02	8.013
591.35	8.030
591.69	8.055
592.02	8.078
592.35	8.100
592.68	8.156
593.01	8.174
593.35	8.176
593.68	8.206
594.01	8.211
594.34	8.243
594.67	8.285
595.00	8.281
595.34	8.272
595.67	8.266
596.00	8.279
596.33	8.244
596.66	8.244
596.99	8.247
597.32	8.225
597.65	8.227
597.99	8.196
598.32	8.152
598.65	8.148
598.98	8.135
599.31	8.166
599.64	8.193
599.97	8.193
600.30	8.208
600.63	8.232
600.96	8.248
601.30	8.253
601.63	8.302
601.96	8.343
602.29	8.359
602.62	8.395
602.95	8.383
603.28	8.353
603.61	8.345
603.94	8.325
604.27	8.328
604.60	8.320
604.93	8.318
605.26	8.266
605.59	8.243
605.92	8.245
606.25	8.227
606.58	8.221
606.91	8.184
607.24	8.196
607.57	8.214
607.90	8.188
608.23	8.154
608.56	8.124
608.89	8.125
609.22	8.106
609.55	8.075
609.88	8.029
610.21	7.994
610.54	7.966
610.87	7.926
611.20	7.871
611.53	7.836
611.86	7.844
612.19	7.806
612.52	7.775
612.85	7.773
613.18	7.752
613.51	7.705
613.84	7.681
614.17	7.695
614.49	7.717
614.82	7.710
615.15	7.728
615.48	7.721
615.81	7.732
616.14	7.759
616.47	7.703
616.80	7.674
617.13	7.699
617.46	7.698
617.78	7.683
618.11	7.639
618.44	7.626
618.77	7.583
619.10	7.554
619.43	7.543
619.76	7.495
620.09	7.538
620.41	7.539
620.74	7.571
621.07	7.597
621.40	7.633
621.73	7.660
622.06	7.674
622.38	7.724
622.71	7.727
623.04	7.732
623.37	7.766
623.70	7.745
624.02	7.784
624.35	7.795
624.68	7.777
625.01	7.784
625.34	7.806
625.66	7.814
625.99	7.824
626.32	7.849
626.65	7.876
626.98	7.865
627.30	7.896
627.63	7.880
627.96	7.844
628.29	7.824
628.61	7.796
628.94	7.784
629.27	7.774
629.60	7.728
629.92	7.732
630.25	7.710
630.58	7.731
630.91	7.716
631.23	7.714
631.56	7.729
631.89	7.738
632.21	7.726
632.54	7.688
632.87	7.667
633.19	7.660
633.52	7.627
633.85	7.609
634.18	7.561
634.50	7.526
634.83	7.486
635.16	7.445
635.48	7.415
635.81	7.408
636.14	7.377
636.46	7.369
636.79	7.351
637.11	7.331
637.44	7.306
637.77	7.274
638.09	7.244
638.42	7.248
638.75	7.252
639.07	7.239
639.40	7.229
639.73	7.197
640.05	7.202
640.38	7.234
640.70	7.218
641.03	7.230
641.36	7.242
641.68	7.278
642.01	7.263
642.33	7.235
642.66	7.247
642.98	7.226
643.31	7.276
643.64	7.268
643.96	7.235
644.29	7.256
644.61	7.258
644.94	7.269
645.26	7.282
645.59	7.332
645.91	7.402
646.24	7.430
646.56	7.459
646.89	7.495
647.22	7.514
647.54	7.527
647.87	7.545
648.19	7.523
648.52	7.526
648.84	7.522
649.17	7.466
649.49	7.414
649.82	7.406
650.14	7.429
650.47	7.399
650.79	7.403
651.11	7.421
651.44	7.402
651.76	7.393
652.09	7.434
652.41	7.446
652.74	7.493
653.06	7.549
653.39	7.576
653.71	7.608
654.04	7.616
654.36	7.666
654.68	7.666
655.01	7.713
655.33	7.782
655.66	7.765
655.98	7.799
656.30	7.791
656.63	7.794
656.95	7.783
657.28	7.768
657.60	7.768
657.92	7.712
658.25	7.672
658.57	7.630
658.90	7.560
659.22	7.514
659.54	7.432
659.87	7.382
660.19	7.303
660.51	7.258
660.84	7.203
661.16	7.125
661.48	7.082
661.81	7.061
662.13	7.013
662.45	7.016
662.78	7.013
663.10	7.015
663.42	7.009
663.75	7.048
664.07	7.057
664.39	7.057
664.72	7.089
665.04	7.078
665.36	7.113
665.69	7.115
666.01	7.135
666.33	7.150
666.65	7.095
666.98	7.140
667.30	7.137
667.62	7.144
667.94	7.121
668.27	7.097
668.59	7.105
668.91	7.074
669.23	7.062
669.56	7.023
669.88	7.060
670.20	7.063
670.52	7.076
670.85	7.025
671.17	7.001
671.49	6.966
671.81	6.975
672.13	6.982
672.46	6.972
672.78	6.972
673.10	7.018
673.42	6.996
673.74	6.999
674.07	6.997
674.39	7.054
674.71	7.024
675.03	7.131
675.35	7.196
675.67	7.197
676.00	7.259
676.32	7.285
676.64	7.303
676.96	7.361
677.28	7.471
677.60	7.442
677.92	7.452
678.25	7.577
678.57	7.581
678.89	7.540
679.21	7.557
679.53	7.578
679.85	7.613
680.17	7.587
680.49	7.499
680.81	7.456
681.13	7.436
681.46	7.420
681.78	7.365
682.10	7.345
682.42	7.393
682.74	7.444
683.06	7.451
683.38	7.546
683.70	7.665
684.02	7.781
684.34	7.922
684.66	8.071
684.98	8.190
685.30	8.274
685.62	8.386
685.94	8.476
686.26	8.497
686.58	8.566
686.90	8.556
687.22	8.524
687.54	8.520
687.86	8.457
688.18	8.403
688.50	8.427
688.82	8.348
689.14	8.276
689.46	8.243
689.78	8.212
690.10	8.178
690.42	8.140
690.74	8.188
691.06	8.191
691.38	8.162
691.70	8.221
692.02	8.170
692.34	8.262
692.66	8.292
692.98	8.247
693.30	8.317
693.62	8.350
693.94	8.374
694.26	8.390
694.57	8.443
694.89	8.541
695.21	8.573
695.53	8.695
695.85	8.678
696.17	8.761
696.49	8.876
696.81	8.948
697.13	8.986
697.44	9.005
697.76	9.005
698.08	9.028
698.40	9.001
698.72	8.966
699.04	8.829
699.36	8.789
699.67	8.703
699.99	8.576
700.31	8.423
700.63	8.324
700.95	8.264
701.27	8.144
701.58	8.046
701.90	7.910
702.22	7.918
702.54	7.912
702.86	7.879
703.17	7.796
703.49	7.795
703.81	7.857
704.13	7.773
704.45	7.739
704.76	7.778
705.08	7.777
705.40	7.821
705.72	7.808
706.03	7.827
706.35	7.917
706.67	8.036
706.99	8.105
707.30	8.131
707.62	8.264
707.94	8.412
708.26	8.454
708.57	8.426
708.89	8.507
709.21	8.490
709.53	8.517
709.84	8.513
710.16	8.504
710.48	8.490
710.79	8.522
711.11	8.589
711.43	8.527
711.74	8.565
712.06	8.648
712.38	8.712
712.69	8.821
713.01	8.899
713.33	9.034
713.64	9.191
713.96	9.312
714.28	9.480
714.59	9.576
714.91	9.762
715.23	9.875
715.54	9.986
715.86	10.135
716.17	10.197
716.49	10.316
716.81	10.316
717.12	10.250
717.44	10.303
717.76	10.301
718.07	10.212
718.39	10.115
718.70	10.069
719.02	10.039
719.33	9.813
719.65	9.760
719.97	9.653
720.28	9.655
720.60	9.722
720.91	9.746
721.23	9.686
721.54	9.724
721.86	9.774
722.17	9.743
722.49	9.839
722.81	9.871
723.12	9.967
723.44	10.140
723.75	10.211
724.07	10.242
724.38	10.259
724.70	10.321
725.01	10.470
725.33	10.503
725.64	10.669
725.96	10.647
726.27	10.776
726.59	10.772
726.90	10.658
727.22	10.536
727.53	10.553
727.84	10.648
728.16	10.591
728.47	10.463
728.79	10.511
729.10	10.387
729.42	10.313
729.73	10.262
730.05	10.212
730.36	10.146
730.67	10.239
730.99	10.108
731.30	9.925
731.62	9.896
731.93	9.870
732.24	9.719
732.56	9.734
732.87	9.768
733.19	9.650
733.50	9.594
733.81	9.552
734.13	9.500
734.44	9.509
734.76	9.513
735.07	9.446
735.38	9.310
735.70	9.417
736.01	9.277
736.32	9.249
736.64	9.407
736.95	9.421
737.26	9.416
737.58	9.379
737.89	9.330
738.20	9.384
738.52	9.301
738.83	9.341
739.14	9.207
739.45	9.352
739.77	9.309
740.08	9.105
740.39	9.041
740.71	9.109
741.02	9.049
741.33	8.935
741.64	8.855
741.96	8.895
742.27	8.766
742.58	8.758
742.90	8.749
743.21	8.693
743.52	8.801
743.83	8.801
744.14	8.740
744.46	8.830
744.77	8.826
745.08	8.719
745.39	8.823
745.71	8.928
746.02	9.050
746.33	9.021
746.64	9.072
746.95	9.265
747.27	9.448
747.58	9.615
747.89	9.437
748.20	9.473
748.51	9.660
748.82	9.611
749.14	9.764
749.45	9.498
749.76	9.570
750.07	9.693
750.38	9.471
750.69	9.530
751.01	9.457
751.32	9.491
751.63	9.672
751.94	9.608
752.25	9.668
752.56	9.560
752.87	9.686
753.18	9.845
753.49	9.876
753.81	9.997
754.12	9.913
754.43	10.013
754.74	10.293
755.05	10.473
755.36	10.833
755.67	11.144
755.98	11.675
756.29	12.005
756.60	12.152
756.91	12.511
757.22	12.973
757.53	13.375
757.84	13.861
758.15	14.273
758.46	14.727
758.77	14.998
759.09	15.234
759.40	15.423
759.71	15.758
760.02	15.918
760.33	16.004
760.64	16.079
760.95	16.175
761.26	16.114
761.57	16.036
761.88	15.933
762.18	15.940
762.49	15.985
762.80	15.788
763.11	15.634
763.42	15.407
763.73	15.171
764.04	15.089
764.35	14.810
764.66	14.511
764.97	14.288
765.28	13.792
765.59	13.315
765.90	12.705
766.21	12.364
766.52	11.877
766.83	11.522
767.14	11.342
767.44	10.681
767.75	10.387
768.06	10.112
768.37	9.715
768.68	9.775
768.99	9.617
769.30	9.634
769.61	9.534
769.91	9.518
770.22	9.510
770.53	9.347
770.84	9.414
771.15	9.471
771.46	9.449
771.77	9.498
772.07	9.412
772.38	9.505
772.69	9.250
773.00	9.306
773.31	9.242
773.61	9.181
773.92	9.073
774.23	9.092
774.54	9.039
774.85	9.089
775.15	9.098
775.46	9.186
775.77	8.914
776.08	9.082
776.39	8.861
776.69	9.075
777.00	9.127
777.31	9.262
777.62	9.153
777.92	9.283
778.23	9.321
778.54	9.413
778.85	9.410
779.15	9.334
779.46	9.367
779.77	9.579
780.07	9.480
780.38	9.650
780.69	9.487
781.00	9.812
781.30	9.570
781.61	9.547
781.92	9.426
782.22	9.443
782.53	9.290
782.84	9.356
783.14	9.717
783.45	9.800
783.76	9.833
784.06	10.225
784.37	9.731
784.68	9.918
784.98	10.055
785.29	10.296
785.60	10.458
785.90	10.739
786.21	10.839
786.51	10.841
786.82	11.006
787.13	11.292
787.43	11.330
787.74	11.793
788.04	12.050
788.35	12.340
788.66	12.154
788.96	12.143
789.27	12.246
789.57	12.091
789.88	11.768
790.19	11.840
790.49	11.799
790.80	11.812
791.10	11.879
791.41	11.769
791.71	11.477
792.02	11.690
792.32	11.651
792.63	11.751
792.93	11.734
793.24	11.687
793.54	11.423
793.85	11.296
794.15	11.301
794.46	11.138
794.76	11.029
795.07	11.162
795.37	11.189
795.68	11.380
795.98	11.577
796.29	11.733
796.59	11.937
796.90	12.149
797.20	11.722
797.51	11.364
797.81	11.027
798.12	11.228
798.42	11.281
798.72	11.392
799.03	11.266
799.33	11.017
799.64	11.072
799.94	11.127
800.25	11.146
800.55	11.565
800.85	11.894
801.16	12.248
801.46	11.930
801.77	11.558
802.07	11.345
802.37	11.483
802.68	11.389
802.98	11.412
803.28	11.271
803.59	11.130
803.89	10.984
804.20	11.182
804.50	11.059
804.80	11.474
805.11	11.780
805.41	11.822
805.71	11.716
806.02	11.849
806.32	11.716
806.62	11.980
806.93	11.913
807.23	12.570
807.53	12.767
807.83	13.044
808.14	13.159
808.44	12.969
808.74	13.234
809.05	13.384
809.35	13.702
809.65	14.093
809.95	14.129
810.26	14.199
810.56	13.775
810.86	13.593
811.16	13.694
811.47	13.721
811.77	14.526
812.07	14.687
812.37	14.827
812.68	14.740
812.98	14.782
813.28	15.219
813.58	15.914
813.88	16.099
814.19	16.427
814.49	17.066
814.79	17.288
815.09	17.271
815.39	17.299
815.70	17.313
816.00	17.101
816.30	16.960
816.60	16.628
816.90	16.393
817.20	16.786
817.50	16.706
817.81	16.441
818.11	16.410
818.41	16.512
818.71	16.684
819.01	16.922
819.31	17.225
819.61	17.481
819.92	17.770
820.22	18.000
820.52	18.096
820.82	18.236
821.12	18.406
821.42	18.530
821.72	18.608
822.02	18.810
822.32	18.982
822.62	19.121
822.92	19.166
823.22	19.195
823.52	19.225
823.83	19.243
824.13	19.252
824.43	19.198
824.73	19.232
825.03	19.319
825.33	19.257
825.63	18.998
825.93	18.864
826.23	18.828
826.53	18.795
826.83	18.745
827.13	18.892
827.43	18.886
827.73	18.993
828.03	19.035
828.33	19.007
828.63	18.743
828.93	18.883
829.23	18.816
829.53	18.660
829.83	18.422
830.13	18.336
830.42	17.859
830.72	17.889
831.02	17.835
831.32	17.668
831.62	17.454
831.92	17.502
832.22	17.653
832.52	17.643
832.82	17.582
833.12	17.557
833.42	17.516
833.72	17.381
834.01	17.526
834.31	17.788
834.61	17.913
834.91	18.096
835.21	18.075
835.51	17.891
835.81	17.711
836.11	17.769
836.40	17.562
836.70	17.908
837.00	18.177
837.30	17.628
837.60	17.079
837.90	17.093
838.19	16.803
838.49	17.336
838.79	16.931
839.09	16.898
839.39	17.175
839.68	16.990
839.98	15.356
840.28	14.377
840.58	14.475
840.88	13.938
841.17	12.534
841.47	12.465
841.77	11.800
842.07	11.980
842.36	11.606
842.66	11.011
842.96	10.841
843.26	11.009
843.55	11.277
843.85	10.197
844.15	9.088
844.45	10.210
844.74	10.263
845.04	10.059
845.34	9.278
845.63	9.204
845.93	9.236
846.23	10.037
846.53	11.563
846.82	12.459
847.12	12.495
847.42	12.626
847.71	10.262
848.01	9.387
848.31	8.160
848.60	7.639
848.90	7.506
849.19	6.057
849.49	4.954
849.79	2.190
850.08	1.770
850.38	1.821
850.68	2.306
850.97	4.131
851.27	4.272
851.56	5.602
851.86	4.779
852.16	4.571
852.45	3.660
852.75	3.688
853.04	5.848
853.34	6.483
853.64	5.777
853.93	5.841
854.23	6.520
854.52	6.803
854.82	6.209
855.11	6.392
855.41	8.723
855.70	11.101
856.00	11.255
856.30	9.266
856.59	10.254
856.89	12.251
857.18	12.957
857.48	11.670
857.77	11.240
858.07	11.706
858.36	12.413
858.66	10.856
858.95	10.228
859.25	10.091
859.54	11.148
859.84	8.805
860.13	6.538
860.42	6.227
860.72	6.523
861.01	7.259
861.31	7.371
861.60	7.249
861.90	6.976
862.19	5.463
862.49	5.115
862.78	5.227
863.07	7.124
863.37	7.608
863.66	7.725
863.96	8.560
864.25	9.512
864.54	9.651
864.84	10.793
865.13	12.371
865.43	14.256
865.72	26.652
866.01	20.176
866.31	15.776
866.60	28.152
866.89	15.584
>>>>>End Spectral Data<<<<<
