180.30	0.000
180.67	0.000
181.03	71.480
181.40	628.690
181.77	75.076
182.14	44.193
182.51	-530.167
182.88	49.983
183.25	24.685
183.62	60.531
183.99	100.508
184.36	61.420
184.73	254.470
185.10	76.693
185.46	-161.811
185.83	-94.636
186.20	1213.525
186.57	-46.766
186.94	-31.587
187.31	64.731
187.68	-35.361
188.05	59.817
188.42	87.772
188.78	1.891
189.15	-131.535
189.52	179.977
189.89	88.219
190.26	69.459
190.63	44.570
191.00	53.797
191.37	47.671
191.73	48.041
192.10	44.002
192.47	39.694
192.84	23.992
193.21	25.421
193.58	8.634
193.94	10.739
194.31	15.908
194.68	13.214
195.05	-2.536
195.42	-2.578
195.79	6.212
196.15	17.046
196.52	33.358
196.89	47.148
197.26	39.947
197.63	59.213
198.00	43.401
198.36	41.357
198.73	31.990
199.10	27.943
199.47	19.737
199.84	9.531
200.20	11.112
200.57	-0.326
200.94	-7.485
201.31	-6.603
201.68	-20.251
202.04	-19.884
202.41	-11.473
202.78	-8.175
203.15	-6.818
203.51	2.726
203.88	-15.690
204.25	-26.422
204.62	-37.042
204.98	-40.599
205.35	-52.836
205.72	-58.177
206.09	-50.242
206.46	-104.607
206.82	-87.191
207.19	-74.926
207.56	-133.530
207.92	-108.986
208.29	-108.246
208.66	-46.264
209.03	-39.101
209.39	-1.214
209.76	1.205
210.13	2.281
210.50	10.231
210.86	14.695
211.23	2.644
211.60	24.546
211.96	36.926
212.33	31.066
212.70	15.982
213.07	20.104
213.43	-26.931
213.80	-28.634
214.17	-9.191
214.53	-2.670
214.90	4.732
215.27	17.214
215.63	16.194
216.00	18.834
216.37	30.087
216.74	17.475
217.10	21.992
217.47	37.581
217.84	33.927
218.20	23.260
218.57	24.110
218.94	20.921
219.30	19.089
219.67	15.062
220.04	11.239
220.40	9.580
220.77	10.905
221.13	13.025
221.50	12.874
221.87	19.682
222.23	22.226
222.60	17.313
222.97	16.610
223.33	18.701
223.70	18.773
224.07	18.652
224.43	11.561
224.80	12.397
225.16	6.645
225.53	5.917
225.90	1.066
226.26	1.681
226.63	2.493
226.99	3.882
227.36	2.431
227.73	2.062
228.09	1.099
228.46	3.640
228.82	4.256
229.19	4.919
229.56	3.626
229.92	7.260
230.29	7.214
230.65	7.621
231.02	5.118
231.38	2.113
231.75	0.644
232.12	0.874
232.48	-2.655
232.85	-4.983
233.21	-5.676
233.58	-6.478
233.94	-8.801
234.31	-10.031
234.68	-10.663
235.04	-9.405
235.41	-7.719
235.77	-4.995
236.14	-4.090
236.50	-2.124
236.87	-1.500
237.23	0.296
237.60	-0.456
237.96	0.577
238.33	0.853
238.69	-0.017
239.06	-0.399
239.42	0.101
239.79	-1.330
240.15	-1.485
240.52	-1.351
240.88	-0.844
241.25	-1.452
241.61	-1.030
241.98	-1.407
242.34	-1.983
242.71	-1.165
243.07	-0.568
243.44	-0.839
243.80	-0.567
244.17	-0.733
244.53	-0.952
244.90	-1.096
245.26	-1.186
245.63	-1.231
245.99	-1.454
246.36	-1.223
246.72	-1.143
247.09	-1.601
247.45	-1.442
247.81	-1.280
248.18	-1.180
248.54	-1.054
248.91	-0.920
249.27	-0.170
249.64	0.197
250.00	0.557
250.36	0.477
250.73	-0.084
251.09	0.061
251.46	-0.063
251.82	-0.082
252.19	-0.216
252.55	-0.264
252.91	-0.458
253.28	-1.059
253.64	-1.781
254.01	-1.349
254.37	-0.826
254.73	-0.238
255.10	0.196
255.46	0.678
255.83	0.488
256.19	0.491
256.55	0.244
256.92	0.136
257.28	0.133
257.65	0.688
258.01	0.691
258.37	0.571
258.74	0.370
259.10	0.176
259.46	-0.048
259.83	-0.004
260.19	0.058
260.55	0.247
260.92	0.222
261.28	0.254
261.64	0.018
262.01	-0.049
262.37	-0.087
262.73	0.136
263.10	0.296
263.46	0.350
263.82	0.264
264.19	0.185
264.55	-0.215
264.91	0.041
265.28	-0.236
265.64	-0.479
266.00	-0.460
266.37	-0.403
266.73	-0.626
267.09	-0.543
267.46	-0.606
267.82	-0.689
268.18	-0.667
268.54	-0.405
268.91	-0.592
269.27	-0.352
269.63	-0.069
270.00	-0.028
270.36	0.027
270.72	0.170
271.08	-0.054
271.45	-0.165
271.81	-0.179
272.17	-0.050
272.53	0.004
272.90	0.183
273.26	0.266
273.62	0.214
273.98	-0.021
274.35	-0.232
274.71	-0.225
275.07	-0.133
275.43	-0.060
275.80	0.202
276.16	0.095
276.52	-0.056
276.88	-0.200
277.25	-0.284
277.61	-0.612
277.97	-0.659
278.33	-0.605
278.69	-0.714
279.06	-0.611
279.42	-0.492
279.78	-0.508
280.14	-0.458
280.50	-0.341
280.87	-0.233
281.23	-0.260
281.59	-0.092
281.95	-0.016
282.31	0.080
282.68	-0.015
283.04	-0.074
283.40	-0.058
283.76	0.031
284.12	0.053
284.48	0.204
284.85	0.159
285.21	0.178
285.57	0.102
285.93	0.170
286.29	0.044
286.65	0.356
287.02	0.623
287.38	0.649
287.74	0.456
288.10	0.326
288.46	0.274
288.82	0.200
289.18	0.209
289.54	0.395
289.91	0.314
290.27	0.506
290.63	0.443
290.99	0.223
291.35	0.155
291.71	0.233
292.07	0.237
292.43	0.089
292.79	0.220
293.16	0.138
293.52	0.114
293.88	0.297
294.24	0.205
294.60	0.162
294.96	0.056
295.32	0.064
295.68	0.061
296.04	0.143
296.40	0.212
296.76	0.207
297.12	0.185
297.49	0.071
297.85	-0.110
298.21	-0.056
298.57	-0.238
298.93	-0.105
299.29	-0.101
299.65	-0.155
300.01	-0.159
300.37	-0.108
300.73	0.003
301.09	0.085
301.45	0.250
301.81	0.399
302.17	0.410
302.53	0.386
302.89	0.288
303.25	0.260
303.61	0.303
303.97	0.151
304.33	0.002
304.69	-0.125
305.05	-0.186
305.41	-0.338
305.77	-0.395
306.13	-0.421
306.49	-0.385
306.85	-0.297
307.21	-0.250
307.57	-0.151
307.93	-0.029
308.29	0.211
308.65	0.264
309.01	0.331
309.37	0.382
309.73	0.403
310.09	0.557
310.45	0.662
310.81	0.615
311.17	0.538
311.53	0.343
311.89	0.333
312.25	0.227
312.61	0.208
312.96	0.246
313.32	0.390
313.68	0.271
314.04	0.088
314.40	0.054
314.76	0.011
315.12	0.138
315.48	0.238
315.84	0.215
316.20	0.140
316.56	0.034
316.92	-0.112
317.27	-0.286
317.63	-0.149
317.99	-0.208
318.35	-0.173
318.71	-0.181
319.07	-0.196
319.43	-0.122
319.79	-0.008
320.15	-0.016
320.50	0.148
320.86	0.210
321.22	0.210
321.58	0.054
321.94	0.078
322.30	-0.112
322.66	-0.125
323.01	-0.253
323.37	-0.346
323.73	-0.410
324.09	-0.471
324.45	-0.480
324.81	-0.496
325.17	-0.464
325.52	-0.435
325.88	-0.416
326.24	-0.240
326.60	-0.195
326.96	-0.045
327.31	-0.009
327.67	-0.125
328.03	-0.095
328.39	-0.195
328.75	-0.196
329.11	-0.109
329.46	-0.041
329.82	0.014
330.18	-0.040
330.54	-0.002
330.90	-0.061
331.25	-0.017
331.61	0.099
331.97	0.155
332.33	0.253
332.68	0.232
333.04	0.189
333.40	0.164
333.76	0.103
334.11	0.075
334.47	0.006
334.83	-0.101
335.19	-0.210
335.54	-0.212
335.90	-0.227
336.26	-0.290
336.62	-0.290
336.97	-0.343
337.33	-0.361
337.69	-0.376
338.05	-0.344
338.40	-0.332
338.76	-0.245
339.12	-0.104
339.48	-0.135
339.83	-0.181
340.19	-0.258
340.55	-0.178
340.90	-0.241
341.26	-0.258
341.62	-0.282
341.97	-0.344
342.33	-0.272
342.69	-0.221
343.04	-0.276
343.40	-0.367
343.76	-0.370
344.12	-0.279
344.47	-0.271
344.83	-0.221
345.19	-0.147
345.54	-0.079
345.90	-0.018
346.26	-0.040
346.61	-0.041
346.97	-0.055
347.32	0.058
347.68	0.093
348.04	0.047
348.39	-0.058
348.75	-0.055
349.11	-0.113
349.46	-0.154
349.82	-0.112
350.18	-0.113
350.53	-0.053
350.89	-0.024
351.24	-0.074
351.60	-0.118
351.96	-0.065
352.31	-0.031
352.67	-0.019
353.02	0.029
353.38	0.112
353.74	0.076
354.09	0.052
354.45	-0.009
354.80	-0.028
355.16	0.014
355.52	0.066
355.87	0.026
356.23	0.099
356.58	0.149
356.94	0.144
357.29	0.123
357.65	0.193
358.00	0.247
358.36	0.262
358.72	0.270
359.07	0.280
359.43	0.295
359.78	0.359
360.14	0.336
360.49	0.283
360.85	0.275
361.20	0.282
361.56	0.238
361.91	0.240
362.27	0.258
362.62	0.312
362.98	0.341
363.33	0.317
363.69	0.286
364.04	0.352
364.40	0.403
364.75	0.430
365.11	0.415
365.46	0.403
365.82	0.395
366.17	0.383
366.53	0.366
366.88	0.367
367.24	0.477
367.59	0.516
367.95	0.501
368.30	0.524
368.66	0.513
369.01	0.552
369.37	0.635
369.72	0.696
370.08	0.777
370.43	0.828
370.78	0.874
371.14	0.846
371.49	0.880
371.85	0.898
372.20	0.914
372.56	0.972
372.91	1.003
373.26	1.017
373.62	1.012
373.97	0.998
374.33	0.971
374.68	0.981
375.03	1.021
375.39	1.027
375.74	1.012
376.10	1.067
376.45	1.129
376.80	1.167
377.16	1.124
377.51	1.180
377.87	1.245
378.22	1.283
378.57	1.304
378.93	1.328
379.28	1.389
379.63	1.451
379.99	1.471
380.34	1.482
380.70	1.480
381.05	1.587
381.40	1.607
381.76	1.616
382.11	1.676
382.46	1.714
382.82	1.747
383.17	1.775
383.52	1.771
383.88	1.797
384.23	1.818
384.58	1.854
384.94	1.863
385.29	1.877
385.64	1.907
385.99	1.942
386.35	1.972
386.70	2.007
387.05	1.984
387.41	2.041
387.76	2.044
388.11	2.051
388.47	2.080
388.82	2.115
389.17	2.153
389.52	2.199
389.88	2.210
390.23	2.225
390.58	2.259
390.93	2.310
391.29	2.350
391.64	2.433
391.99	2.515
392.34	2.541
392.70	2.539
393.05	2.550
393.40	2.557
393.75	2.575
394.11	2.616
394.46	2.631
394.81	2.704
395.16	2.678
395.52	2.669
395.87	2.660
396.22	2.740
396.57	2.794
396.92	2.803
397.28	2.820
397.63	2.829
397.98	2.829
398.33	2.808
398.68	2.769
399.04	2.824
399.39	2.812
399.74	2.812
400.09	2.791
400.44	2.785
400.80	2.805
401.15	2.822
401.50	2.836
401.85	2.872
402.20	2.892
402.55	2.924
402.90	2.910
403.26	2.943
403.61	2.944
403.96	2.933
404.31	2.920
404.66	2.936
405.01	2.918
405.36	2.960
405.72	2.961
406.07	2.974
406.42	2.971
406.77	2.979
407.12	2.956
407.47	2.961
407.82	2.988
408.17	3.016
408.53	3.007
408.88	3.015
409.23	2.982
409.58	2.965
409.93	2.979
410.28	2.981
410.63	2.987
410.98	2.990
411.33	3.025
411.68	3.031
412.03	3.052
412.38	3.042
412.73	3.084
413.09	3.133
413.44	3.159
413.79	3.176
414.14	3.200
414.49	3.235
414.84	3.282
415.19	3.287
415.54	3.310
415.89	3.312
416.24	3.377
416.59	3.382
416.94	3.393
417.29	3.422
417.64	3.432
417.99	3.466
418.34	3.489
418.69	3.499
419.04	3.518
419.39	3.527
419.74	3.535
420.09	3.534
420.44	3.552
420.79	3.556
421.14	3.553
421.49	3.576
421.84	3.567
422.19	3.569
422.54	3.573
422.89	3.571
423.24	3.568
423.59	3.571
423.94	3.547
424.29	3.531
424.64	3.522
424.99	3.511
425.34	3.462
425.68	3.431
426.03	3.396
426.38	3.374
426.73	3.355
427.08	3.332
427.43	3.341
427.78	3.351
428.13	3.359
428.48	3.375
428.83	3.387
429.18	3.392
429.53	3.410
429.87	3.422
430.22	3.414
430.57	3.427
430.92	3.442
431.27	3.448
431.62	3.441
431.97	3.439
432.32	3.415
432.67	3.398
433.01	3.399
433.36	3.379
433.71	3.357
434.06	3.355
434.41	3.345
434.76	3.349
435.11	3.358
435.45	3.372
435.80	3.384
436.15	3.402
436.50	3.430
436.85	3.454
437.20	3.484
437.54	3.509
437.89	3.542
438.24	3.551
438.59	3.557
438.94	3.546
439.29	3.554
439.63	3.550
439.98	3.565
440.33	3.565
440.68	3.596
441.03	3.603
441.37	3.630
441.72	3.652
442.07	3.672
442.42	3.703
442.76	3.747
443.11	3.759
443.46	3.800
443.81	3.821
444.16	3.869
444.50	3.872
444.85	3.898
445.20	3.910
445.55	3.924
445.89	3.948
446.24	3.961
446.59	3.947
446.94	3.975
447.28	3.978
447.63	4.004
447.98	3.989
448.32	4.007
448.67	4.008
449.02	4.017
449.37	4.010
449.71	4.030
450.06	4.035
450.41	4.062
450.75	4.086
451.10	4.118
451.45	4.096
451.79	4.122
452.14	4.118
452.49	4.131
452.84	4.147
453.18	4.164
453.53	4.148
453.88	4.157
454.22	4.180
454.57	4.184
454.92	4.173
455.26	4.210
455.61	4.242
455.95	4.292
456.30	4.316
456.65	4.358
456.99	4.383
457.34	4.421
457.69	4.446
458.03	4.458
458.38	4.472
458.73	4.494
459.07	4.503
459.42	4.489
459.76	4.459
460.11	4.441
460.46	4.401
460.80	4.381
461.15	4.353
461.49	4.332
461.84	4.315
462.19	4.308
462.53	4.294
462.88	4.279
463.22	4.271
463.57	4.289
463.91	4.307
464.26	4.326
464.61	4.332
464.95	4.336
465.30	4.340
465.64	4.340
465.99	4.342
466.33	4.346
466.68	4.348
467.02	4.343
467.37	4.335
467.71	4.318
468.06	4.309
468.41	4.306
468.75	4.307
469.10	4.310
469.44	4.311
469.79	4.293
470.13	4.271
470.48	4.270
470.82	4.275
471.17	4.289
471.51	4.295
471.86	4.293
472.20	4.288
472.55	4.284
472.89	4.275
473.23	4.260
473.58	4.267
473.92	4.277
474.27	4.273
474.61	4.249
474.96	4.249
475.30	4.265
475.65	4.267
475.99	4.279
476.34	4.301
476.68	4.310
477.02	4.339
477.37	4.362
477.71	4.398
478.06	4.442
478.40	4.550
478.75	4.635
479.09	4.741
479.43	4.868
479.78	4.992
480.12	5.123
480.47	5.265
480.81	5.400
481.15	5.525
481.50	5.657
481.84	5.802
482.19	5.934
482.53	6.050
482.87	6.123
483.22	6.137
483.56	6.092
483.90	6.003
484.25	5.891
484.59	5.772
484.94	5.670
485.28	5.571
485.62	5.455
485.97	5.336
486.31	5.241
486.65	5.175
487.00	5.152
487.34	5.184
487.68	5.245
488.03	5.308
488.37	5.370
488.71	5.418
489.06	5.439
489.40	5.459
489.74	5.470
490.09	5.470
490.43	5.475
490.77	5.468
491.11	5.461
491.46	5.461
491.80	5.472
492.14	5.466
492.49	5.478
492.83	5.489
493.17	5.487
493.51	5.503
493.86	5.536
494.20	5.570
494.54	5.625
494.88	5.689
495.23	5.740
495.57	5.800
495.91	5.872
496.25	5.927
496.60	5.981
496.94	6.051
497.28	6.117
497.62	6.178
497.97	6.246
498.31	6.323
498.65	6.384
498.99	6.437
499.33	6.518
499.68	6.599
500.02	6.687
500.36	6.772
500.70	6.857
501.04	6.934
501.39	7.026
501.73	7.123
502.07	7.237
502.41	7.338
502.75	7.481
503.09	7.595
503.44	7.715
503.78	7.814
504.12	7.938
504.46	8.087
504.80	8.227
505.14	8.374
505.49	8.516
505.83	8.610
506.17	8.741
506.51	8.863
506.85	8.989
507.19	9.105
507.53	9.231
507.87	9.367
508.22	9.478
508.56	9.594
508.90	9.700
509.24	9.801
509.58	9.943
509.92	10.076
510.26	10.197
510.60	10.318
510.94	10.477
511.28	10.605
511.63	10.724
511.97	10.879
512.31	11.036
512.65	11.199
512.99	11.365
513.33	11.565
513.67	11.756
514.01	11.972
514.35	12.160
514.69	12.353
515.03	12.551
515.37	12.742
515.71	12.905
516.05	13.064
516.39	13.207
516.73	13.351
517.07	13.464
517.41	13.568
517.75	13.664
518.09	13.783
518.43	13.874
518.77	13.980
519.11	14.081
519.45	14.172
519.79	14.318
520.13	14.459
520.47	14.614
520.81	14.762
521.15	14.959
521.49	15.117
521.83	15.298
522.17	15.471
522.51	15.661
522.85	15.890
523.19	16.130
523.53	16.366
523.87	16.634
524.21	16.897
524.55	17.159
524.89	17.387
525.23	17.616
525.57	17.806
525.91	18.001
526.25	18.170
526.58	18.311
526.92	18.435
527.26	18.512
527.60	18.553
527.94	18.600
528.28	18.630
528.62	18.645
528.96	18.643
529.30	18.648
529.64	18.638
529.97	18.632
530.31	18.631
530.65	18.651
530.99	18.689
531.33	18.738
531.67	18.779
532.01	18.818
532.35	18.847
532.68	18.884
533.02	18.912
533.36	18.931
533.70	18.945
534.04	18.945
534.38	18.939
534.71	18.963
535.05	18.995
535.39	19.008
535.73	19.036
536.07	19.075
536.41	19.111
536.74	19.161
537.08	19.224
537.42	19.326
537.76	19.430
538.10	19.535
538.43	19.619
538.77	19.720
539.11	19.804
539.45	19.854
539.79	19.912
540.12	19.975
540.46	19.994
540.80	20.011
541.14	19.992
541.47	19.961
541.81	19.934
542.15	19.909
542.49	19.848
542.82	19.788
543.16	19.763
543.50	19.740
543.84	19.713
544.17	19.712
544.51	19.699
544.85	19.694
545.18	19.703
545.52	19.704
545.86	19.688
546.20	19.720
546.53	19.745
546.87	19.736
547.21	19.717
547.54	19.686
547.88	19.693
548.22	19.703
548.55	19.705
548.89	19.719
549.23	19.714
549.56	19.730
549.90	19.733
550.24	19.736
550.57	19.746
550.91	19.767
551.25	19.809
551.58	19.823
551.92	19.826
552.26	19.814
552.59	19.820
552.93	19.815
553.27	19.808
553.60	19.805
553.94	19.777
554.27	19.768
554.61	19.741
554.95	19.708
555.28	19.694
555.62	19.684
555.95	19.702
556.29	19.660
556.63	19.640
556.96	19.632
557.30	19.595
557.63	19.604
557.97	19.578
558.31	19.527
558.64	19.497
558.98	19.472
559.31	19.462
559.65	19.442
559.98	19.421
560.32	19.410
560.65	19.365
560.99	19.319
561.33	19.256
561.66	19.225
562.00	19.218
562.33	19.192
562.67	19.136
563.00	19.084
563.34	19.018
563.67	18.959
564.01	18.888
564.34	18.837
564.68	18.807
565.01	18.790
565.35	18.741
565.68	18.661
566.02	18.576
566.35	18.497
566.69	18.405
567.02	18.365
567.36	18.300
567.69	18.261
568.03	18.186
568.36	18.087
568.69	17.971
569.03	17.894
569.36	17.841
569.70	17.789
570.03	17.760
570.37	17.702
570.70	17.633
571.04	17.578
571.37	17.473
571.70	17.433
572.04	17.373
572.37	17.335
572.71	17.275
573.04	17.210
573.37	17.166
573.71	17.089
574.04	17.044
574.38	16.967
574.71	16.910
575.04	16.873
575.38	16.794
575.71	16.720
576.05	16.649
576.38	16.586
576.71	16.513
577.05	16.441
577.38	16.350
577.71	16.274
578.05	16.200
578.38	16.138
578.71	16.087
579.05	16.036
579.38	16.010
579.71	15.961
580.05	15.877
580.38	15.849
580.71	15.760
581.05	15.719
581.38	15.657
581.71	15.618
582.05	15.552
582.38	15.496
582.71	15.434
583.04	15.404
583.38	15.355
583.71	15.366
584.04	15.330
584.38	15.324
584.71	15.301
585.04	15.301
585.37	15.294
585.71	15.296
586.04	15.260
586.37	15.272
586.70	15.243
587.04	15.217
587.37	15.195
587.70	15.177
588.03	15.145
588.37	15.122
588.70	15.079
589.03	15.038
589.36	14.974
589.69	14.948
590.03	14.907
590.36	14.860
590.69	14.796
591.02	14.722
591.35	14.676
591.69	14.637
592.02	14.631
592.35	14.605
592.68	14.577
593.01	14.570
593.35	14.561
593.68	14.520
594.01	14.490
594.34	14.491
594.67	14.483
595.00	14.444
595.34	14.414
595.67	14.358
596.00	14.340
596.33	14.301
596.66	14.242
596.99	14.199
597.32	14.159
597.65	14.132
597.99	14.093
598.32	14.034
598.65	13.984
598.98	13.957
599.31	13.899
599.64	13.872
599.97	13.841
600.30	13.858
600.63	13.834
600.96	13.838
601.30	13.809
601.63	13.800
601.96	13.809
602.29	13.810
602.62	13.780
602.95	13.796
603.28	13.734
603.61	13.733
603.94	13.696
604.27	13.670
604.60	13.607
604.93	13.586
605.26	13.527
605.59	13.472
605.92	13.424
606.25	13.382
606.58	13.310
606.91	13.267
607.24	13.208
607.57	13.173
607.90	13.145
608.23	13.102
608.56	13.051
608.89	13.018
609.22	12.987
609.55	12.940
609.88	12.880
610.21	12.807
610.54	12.764
610.87	12.684
611.20	12.610
611.53	12.521
611.86	12.450
612.19	12.375
612.52	12.286
612.85	12.202
613.18	12.149
613.51	12.079
613.84	12.032
614.17	11.964
614.49	11.930
614.82	11.830
615.15	11.773
615.48	11.745
615.81	11.702
616.14	11.684
616.47	11.639
616.80	11.560
617.13	11.507
617.46	11.479
617.78	11.449
618.11	11.408
618.44	11.411
618.77	11.360
619.10	11.288
619.43	11.282
619.76	11.212
620.09	11.198
620.41	11.198
620.74	11.219
621.07	11.213
621.40	11.205
621.73	11.183
622.06	11.191
622.38	11.219
622.71	11.254
623.04	11.241
623.37	11.302
623.70	11.305
624.02	11.339
624.35	11.355
624.68	11.376
625.01	11.375
625.34	11.424
625.66	11.420
625.99	11.431
626.32	11.436
626.65	11.442
626.98	11.430
627.30	11.406
627.63	11.373
627.96	11.317
628.29	11.252
628.61	11.223
628.94	11.154
629.27	11.138
629.60	11.061
629.92	11.043
630.25	10.950
630.58	10.894
630.91	10.898
631.23	10.895
631.56	10.867
631.89	10.847
632.21	10.823
632.54	10.774
632.87	10.684
633.19	10.630
633.52	10.537
633.85	10.542
634.18	10.460
634.50	10.366
634.83	10.273
635.16	10.186
635.48	10.090
635.81	9.979
636.14	9.908
636.46	9.825
636.79	9.737
637.11	9.658
637.44	9.507
637.77	9.384
638.09	9.264
638.42	9.104
638.75	9.015
639.07	8.937
639.40	8.841
639.73	8.654
640.05	8.571
640.38	8.515
640.70	8.410
641.03	8.347
641.36	8.268
641.68	8.184
642.01	8.139
642.33	8.060
642.66	7.961
642.98	7.888
643.31	7.874
643.64	7.790
643.96	7.692
644.29	7.622
644.61	7.560
644.94	7.533
645.26	7.512
645.59	7.474
645.91	7.414
646.24	7.372
646.56	7.336
646.89	7.298
647.22	7.250
647.54	7.204
647.87	7.202
648.19	7.168
648.52	7.139
648.84	7.103
649.17	7.029
649.49	7.031
649.82	6.991
650.14	6.962
650.47	6.951
650.79	6.913
651.11	6.907
651.44	6.877
651.76	6.814
652.09	6.813
652.41	6.765
652.74	6.798
653.06	6.781
653.39	6.757
653.71	6.781
654.04	6.754
654.36	6.788
654.68	6.770
655.01	6.751
655.33	6.773
655.66	6.718
655.98	6.721
656.30	6.680
656.63	6.651
656.95	6.648
657.28	6.626
657.60	6.573
657.92	6.534
658.25	6.489
658.57	6.440
658.90	6.398
659.22	6.360
659.54	6.294
659.87	6.218
660.19	6.162
660.51	6.097
660.84	5.995
661.16	5.978
661.48	5.897
661.81	5.856
662.13	5.771
662.45	5.731
662.78	5.699
663.10	5.648
663.42	5.653
663.75	5.635
664.07	5.622
664.39	5.580
664.72	5.529
665.04	5.537
665.36	5.525
665.69	5.602
666.01	5.645
666.33	5.696
666.65	5.762
666.98	5.863
667.30	5.914
667.62	5.961
667.94	6.020
668.27	6.110
668.59	6.165
668.91	6.286
669.23	6.354
669.56	6.380
669.88	6.447
670.20	6.552
670.52	6.604
670.85	6.697
671.17	6.857
671.49	6.946
671.81	7.052
672.13	7.168
672.46	7.277
672.78	7.397
673.10	7.554
673.42	7.711
673.74	7.825
674.07	7.977
674.39	8.117
674.71	8.202
675.03	8.399
675.35	8.579
675.67	8.739
676.00	8.853
676.32	8.933
676.64	9.086
676.96	9.245
677.28	9.397
677.60	9.498
677.92	9.630
678.25	9.809
678.57	9.958
678.89	10.058
679.21	10.211
679.53	10.400
679.85	10.640
680.17	10.818
680.49	10.980
680.81	11.198
681.13	11.434
681.46	11.665
681.78	11.935
682.10	12.208
682.42	12.515
682.74	12.784
683.06	13.027
683.38	13.302
683.70	13.607
684.02	13.916
684.34	14.192
684.66	14.438
684.98	14.734
685.30	14.974
685.62	15.223
685.94	15.461
686.26	15.710
686.58	15.975
686.90	16.167
687.22	16.383
687.54	16.562
687.86	16.777
688.18	17.012
688.50	17.240
688.82	17.407
689.14	17.647
689.46	17.941
689.78	18.212
690.10	18.495
690.42	18.778
690.74	19.088
691.06	19.355
691.38	19.637
691.70	20.004
692.02	20.294
692.34	20.624
692.66	20.902
692.98	21.140
693.30	21.500
693.62	21.766
693.94	21.998
694.26	22.196
694.57	22.485
694.89	22.747
695.21	22.920
695.53	23.116
695.85	23.322
696.17	23.567
696.49	23.813
696.81	23.959
697.13	24.175
697.44	24.433
697.76	24.727
698.08	25.063
698.40	25.324
698.72	25.629
699.04	25.942
699.36	26.335
699.67	26.656
699.99	26.974
700.31	27.425
700.63	27.863
700.95	28.273
701.27	28.632
701.58	28.908
701.90	29.161
702.22	29.542
702.54	29.928
702.86	30.261
703.17	30.590
703.49	30.936
703.81	31.163
704.13	31.437
704.45	31.809
704.76	32.078
705.08	32.391
705.40	32.759
705.72	32.999
706.03	33.255
706.35	33.478
706.67	33.707
706.99	34.021
707.30	34.264
707.62	34.432
707.94	34.576
708.26	34.815
708.57	34.972
708.89	35.268
709.21	35.544
709.53	35.753
709.84	36.070
710.16	36.321
710.48	36.600
710.79	36.913
711.11	37.241
711.43	37.573
711.74	37.911
712.06	38.225
712.38	38.566
712.69	38.830
713.01	39.223
713.33	39.505
713.64	40.021
713.96	40.241
714.28	40.589
714.59	40.999
714.91	41.367
715.23	41.691
715.54	42.106
715.86	42.425
716.17	42.898
716.49	43.262
716.81	43.618
717.12	43.755
717.44	44.228
717.76	44.632
718.07	44.909
718.39	45.174
718.70	45.448
719.02	45.647
719.33	45.931
719.65	46.154
719.97	46.358
720.28	46.628
720.60	47.019
720.91	47.167
721.23	47.395
721.54	47.663
721.86	47.929
722.17	48.117
722.49	48.418
722.81	48.587
723.12	48.860
723.44	49.063
723.75	49.273
724.07	49.425
724.38	49.596
724.70	49.783
725.01	49.768
725.33	49.864
725.64	50.255
725.96	50.565
726.27	50.693
726.59	50.907
726.90	51.109
727.22	51.115
727.53	51.289
727.84	51.563
728.16	51.641
728.47	52.037
728.79	52.275
729.10	52.344
729.42	52.363
729.73	52.614
730.05	52.544
730.36	52.644
730.67	52.924
730.99	53.125
731.30	53.186
731.62	53.344
731.93	53.486
732.24	53.673
732.56	53.889
732.87	54.095
733.19	54.240
733.50	54.556
733.81	54.863
734.13	54.938
734.44	55.083
734.76	55.259
735.07	55.585
735.38	55.809
735.70	55.988
736.01	55.906
736.32	56.052
736.64	56.167
736.95	56.213
737.26	56.140
737.58	56.431
737.89	56.454
738.20	56.555
738.52	56.578
738.83	56.557
739.14	56.663
739.45	56.981
739.77	57.130
740.08	57.373
740.39	57.459
740.71	57.911
741.02	57.901
741.33	57.938
741.64	58.179
741.96	58.185
742.27	58.239
742.58	58.376
742.90	58.450
743.21	58.501
743.52	58.467
743.83	58.629
744.14	58.346
744.46	58.708
744.77	58.899
745.08	58.775
745.39	58.896
745.71	58.829
746.02	58.773
746.33	58.689
746.64	58.512
746.95	58.488
747.27	58.585
747.58	58.726
747.89	58.527
748.20	58.530
748.51	58.505
748.82	58.558
749.14	58.702
749.45	58.662
749.76	58.636
750.07	58.879
750.38	59.020
750.69	58.974
751.01	58.979
751.32	58.978
751.63	58.966
751.94	58.944
752.25	58.826
752.56	58.666
752.87	58.635
753.18	58.695
753.49	58.498
753.81	58.539
754.12	58.389
754.43	58.480
754.74	58.440
755.05	58.505
755.36	58.632
755.67	58.639
755.98	58.782
756.29	58.836
756.60	58.809
756.91	59.006
757.22	58.989
757.53	59.381
757.84	59.298
758.15	59.483
758.46	59.485
758.77	59.353
759.09	59.439
759.40	59.499
759.71	59.424
760.02	59.363
760.33	59.179
760.64	59.053
760.95	58.878
761.26	58.876
761.57	58.679
761.88	58.620
762.18	58.803
762.49	58.784
762.80	58.736
763.11	58.699
763.42	58.750
763.73	58.867
764.04	58.858
764.35	58.821
764.66	58.722
764.97	58.679
765.28	58.677
765.59	58.426
765.90	58.231
766.21	58.120
766.52	58.020
766.83	57.946
767.14	57.740
767.44	57.488
767.75	57.278
768.06	57.285
768.37	57.116
768.68	56.853
768.99	56.889
769.30	56.926
769.61	56.615
769.91	56.825
770.22	56.396
770.53	56.385
770.84	56.432
771.15	56.363
771.46	55.984
771.77	56.105
772.07	56.249
772.38	56.012
772.69	55.800
773.00	56.264
773.31	56.192
773.61	56.277
773.92	56.223
774.23	55.964
774.54	55.869
774.85	55.714
775.15	55.527
775.46	55.151
775.77	55.127
776.08	55.405
776.39	55.014
776.69	54.961
777.00	55.088
777.31	55.216
777.62	55.333
777.92	55.352
778.23	55.674
778.54	55.740
778.85	56.073
779.15	56.095
779.46	55.886
779.77	56.131
780.07	56.203
780.38	56.330
780.69	56.272
781.00	56.438
781.30	56.337
781.61	56.410
781.92	56.356
782.22	56.289
782.53	56.194
782.84	56.288
783.14	56.137
783.45	56.184
783.76	56.177
784.06	56.140
784.37	56.095
784.68	56.227
784.98	56.405
785.29	56.546
785.60	56.629
785.90	56.953
786.21	56.956
786.51	56.827
786.82	56.735
787.13	56.653
787.43	56.521
787.74	56.672
788.04	56.825
788.35	56.692
788.66	56.769
788.96	57.044
789.27	57.017
789.57	57.120
789.88	57.581
790.19	57.567
790.49	57.603
790.80	57.626
791.10	57.627
791.41	57.637
791.71	57.451
792.02	57.527
792.32	57.039
792.63	56.975
792.93	56.744
793.24	56.335
793.54	56.495
793.85	56.667
794.15	56.739
794.46	56.723
794.76	56.939
795.07	57.456
795.37	57.640
795.68	57.794
795.98	57.873
796.29	58.385
796.59	58.435
796.90	58.415
797.20	58.350
797.51	58.348
797.81	58.224
798.12	57.924
798.42	57.875
798.72	57.465
799.03	57.612
799.33	57.704
799.64	56.930
799.94	56.939
800.25	56.777
800.55	56.910
800.85	57.245
801.16	57.470
801.46	57.142
801.77	56.822
802.07	57.133
802.37	56.885
802.68	56.902
802.98	57.305
803.28	57.607
803.59	57.554
803.89	57.522
804.20	57.335
804.50	57.373
804.80	57.971
805.11	58.163
805.41	57.857
805.71	58.028
806.02	57.842
806.32	57.716
806.62	57.804
806.93	57.828
807.23	57.903
807.53	58.260
807.83	58.040
808.14	57.919
808.44	57.990
808.74	58.117
809.05	57.914
809.35	57.949
809.65	58.574
809.95	58.702
810.26	59.174
810.56	59.139
810.86	58.669
811.16	59.198
811.47	59.503
811.77	59.672
812.07	59.552
812.37	59.544
812.68	59.876
812.98	59.623
813.28	59.420
813.58	59.435
813.88	59.302
814.19	59.757
814.49	59.892
814.79	59.832
815.09	60.284
815.39	60.288
815.70	60.630
816.00	60.197
816.30	60.309
816.60	59.919
816.90	59.694
817.20	60.013
817.50	59.642
817.81	58.918
818.11	58.641
818.41	58.153
818.71	58.331
819.01	58.323
819.31	58.560
819.61	58.757
819.92	59.118
820.22	59.349
820.52	59.598
820.82	59.872
821.12	60.264
821.42	60.604
821.72	61.025
822.02	61.373
822.32	61.825
822.62	62.239
822.92	62.568
823.22	62.813
823.52	63.109
823.83	63.299
824.13	63.435
824.43	63.405
824.73	63.518
825.03	63.426
825.33	63.429
825.63	63.328
825.93	63.109
826.23	62.829
826.53	62.731
826.83	62.619
827.13	62.692
827.43	62.872
827.73	63.369
828.03	63.424
828.33	63.841
828.63	64.069
828.93	64.092
829.23	63.828
829.53	63.589
829.83	63.290
830.13	62.992
830.42	62.306
830.72	61.675
831.02	61.254
831.32	61.152
831.62	60.960
831.92	60.987
832.22	60.979
832.52	60.998
832.82	61.523
833.12	61.768
833.42	61.988
833.72	62.249
834.01	62.597
834.31	62.914
834.61	63.189
834.91	63.427
835.21	63.251
835.51	63.274
835.81	63.213
836.11	63.291
836.40	63.555
836.70	63.661
837.00	63.406
837.30	63.233
837.60	63.267
837.90	63.133
838.19	62.617
838.49	62.635
838.79	62.503
839.09	63.050
839.39	62.674
839.68	62.504
839.98	61.868
840.28	62.155
840.58	62.771
840.88	62.397
841.17	62.352
841.47	62.913
841.77	63.198
842.07	63.469
842.36	63.040
842.66	62.837
842.96	61.423
843.26	61.600
843.55	61.624
843.85	61.040
844.15	60.021
844.45	60.256
844.74	59.036
845.04	58.351
845.34	58.193
845.63	59.129
845.93	59.697
846.23	61.591
846.53	62.121
846.82	62.446
847.12	62.869
847.42	62.772
847.71	60.999
848.01	61.137
848.31	61.209
848.60	62.510
848.90	60.462
849.19	59.758
849.49	58.952
849.79	58.009
850.08	55.919
850.38	54.641
850.68	55.526
850.97	56.930
851.27	56.582
851.56	56.782
851.86	53.610
852.16	55.546
852.45	54.737
852.75	54.064
853.04	56.744
853.34	57.178
853.64	57.448
853.93	57.088
854.23	56.507
854.52	56.943
854.82	57.217
855.11	57.934
855.41	59.810
855.70	62.115
856.00	62.629
856.30	60.136
856.59	61.370
856.89	63.673
857.18	63.975
857.48	65.005
857.77	63.087
858.07	62.412
858.36	61.840
858.66	61.312
858.95	61.145
859.25	61.732
859.54	61.550
859.84	60.512
860.13	57.855
860.42	58.109
860.72	56.132
861.01	58.324
861.31	58.509
861.60	60.817
861.90	61.599
862.19	61.629
862.49	60.174
862.78	60.276
863.07	60.515
863.37	62.218
863.66	61.418
863.96	64.612
864.25	65.657
864.54	66.317
864.84	67.036
865.13	66.401
865.43	67.807
865.72	76.493
866.01	68.328
866.31	80.372
866.60	68.639
866.89	86.739
>>>>>End Spectral Data<<<<<
