180.30	0.000
180.67	0.000
181.03	16.820
181.40	267.135
181.77	-11830.352
182.14	119.604
182.51	-589.060
182.88	88.133
183.25	67.960
183.62	-9.740
183.99	-44.776
184.36	95.681
184.73	71.940
185.10	14.362
185.46	252.899
185.83	86.308
186.20	-354.805
186.57	-5.341
186.94	6.247
187.31	68.952
187.68	118.870
188.05	128.833
188.42	153.203
188.78	293.960
189.15	723.527
189.52	-239.615
189.89	-57.751
190.26	-48.263
190.63	-17.083
191.00	-7.130
191.37	10.077
191.73	26.747
192.10	19.963
192.47	18.869
192.84	13.610
193.21	16.462
193.58	22.730
193.94	8.864
194.31	11.583
194.68	20.127
195.05	17.743
195.42	18.306
195.79	-8.726
196.15	-1.124
196.52	-15.650
196.89	2.518
197.26	-38.583
197.63	-16.667
198.00	12.605
198.36	17.954
198.73	-11.369
199.10	-30.856
199.47	-45.234
199.84	-38.748
200.20	-44.440
200.57	-24.958
200.94	-24.406
201.31	-0.983
201.68	-9.656
202.04	-14.185
202.41	-16.644
202.78	-24.522
203.15	-30.935
203.51	-14.597
203.88	-14.302
204.25	-6.852
204.62	-20.117
204.98	-32.483
205.35	-35.751
205.72	-35.918
206.09	-44.317
206.46	-97.558
206.82	-86.708
207.19	-90.427
207.56	-129.853
207.92	-117.890
208.29	-134.870
208.66	-88.556
209.03	-100.382
209.39	-77.367
209.76	-89.426
210.13	-137.051
210.50	-92.446
210.86	-80.437
211.23	-82.230
211.60	-69.372
211.96	-70.850
212.33	-61.216
212.70	-73.020
213.07	-62.266
213.43	-104.980
213.80	-82.758
214.17	-44.441
214.53	-26.347
214.90	-11.534
215.27	-7.436
215.63	-5.882
216.00	1.066
216.37	7.884
216.74	6.430
217.10	11.022
217.47	12.055
217.84	7.332
218.20	5.162
218.57	-1.360
218.94	-6.001
219.30	-0.520
219.67	0.382
220.04	2.189
220.40	-6.389
220.77	-13.495
221.13	-8.808
221.50	-3.549
221.87	-7.961
222.23	-14.141
222.60	-18.627
222.97	-21.161
223.33	-20.965
223.70	-14.975
224.07	-20.423
224.43	-18.363
224.80	-15.414
225.16	-17.734
225.53	-17.069
225.90	-15.532
226.26	-11.727
226.63	-7.715
226.99	-5.169
227.36	-3.763
227.73	-2.687
228.09	-1.755
228.46	0.471
228.82	2.371
229.19	3.075
229.56	3.825
229.92	5.248
230.29	5.194
230.65	4.886
231.02	4.321
231.38	1.358
231.75	-0.437
232.12	-1.225
232.48	-4.994
232.85	-6.501
233.21	-6.758
233.58	-9.772
233.94	-8.371
234.31	-9.707
234.68	-9.663
235.04	-9.568
235.41	-8.045
235.77	-6.341
236.14	-4.624
236.50	-1.280
236.87	-0.020
237.23	1.210
237.60	2.476
237.96	2.111
238.33	2.693
238.69	1.997
239.06	1.391
239.42	1.383
239.79	0.280
240.15	-0.346
240.52	-0.366
240.88	-0.527
241.25	-0.768
241.61	-0.830
241.98	-0.820
242.34	-0.989
242.71	-0.282
243.07	0.213
243.44	0.276
243.80	0.615
244.17	0.875
244.53	0.463
244.90	0.467
245.26	0.422
245.63	0.466
245.99	0.491
246.36	0.501
246.72	0.319
247.09	0.041
247.45	-0.079
247.81	0.188
248.18	0.133
248.54	0.472
248.91	0.203
249.27	0.444
249.64	0.692
250.00	0.692
250.36	0.549
250.73	0.357
251.09	0.530
251.46	0.585
251.82	0.340
252.19	0.491
252.55	0.303
252.91	0.978
253.28	0.470
253.64	-0.271
254.01	-0.544
254.37	-0.228
254.73	0.296
255.10	0.604
255.46	1.045
255.83	1.200
256.19	1.069
256.55	1.108
256.92	1.255
257.28	1.517
257.65	1.877
258.01	2.040
258.37	2.077
258.74	1.822
259.10	1.623
259.46	1.492
259.83	1.377
260.19	1.402
260.55	1.346
260.92	1.171
261.28	1.033
261.64	1.015
262.01	1.034
262.37	1.066
262.73	1.247
263.10	1.495
263.46	1.340
263.82	1.288
264.19	1.336
264.55	1.126
264.91	1.169
265.28	1.156
265.64	1.063
266.00	1.026
266.37	0.909
266.73	0.963
267.09	1.116
267.46	1.109
267.82	0.817
268.18	0.851
268.54	1.187
268.91	1.125
269.27	1.129
269.63	1.040
270.00	1.000
270.36	1.066
270.72	1.255
271.08	1.067
271.45	1.171
271.81	1.347
272.17	1.152
272.53	1.056
272.90	1.008
273.26	1.032
273.62	0.897
273.98	0.840
274.35	0.654
274.71	0.569
275.07	0.538
275.43	0.526
275.80	0.477
276.16	0.694
276.52	0.730
276.88	0.827
277.25	0.634
277.61	0.637
277.97	0.629
278.33	0.946
278.69	0.685
279.06	0.789
279.42	0.904
279.78	1.065
280.14	1.050
280.50	1.041
280.87	1.053
281.23	1.323
281.59	1.618
281.95	1.760
282.31	1.706
282.68	1.614
283.04	1.412
283.40	1.412
283.76	1.521
284.12	1.665
284.48	1.654
284.85	1.605
285.21	1.678
285.57	1.621
285.93	1.585
286.29	1.443
286.65	1.667
287.02	2.110
287.38	2.192
287.74	2.188
288.10	2.055
288.46	2.000
288.82	1.919
289.18	1.777
289.54	1.718
289.91	1.801
290.27	1.933
290.63	2.111
290.99	1.905
291.35	1.809
291.71	1.673
292.07	1.749
292.43	1.724
292.79	1.826
293.16	1.756
293.52	1.917
293.88	1.791
294.24	1.812
294.60	1.571
294.96	1.477
295.32	1.374
295.68	1.475
296.04	1.425
296.40	1.509
296.76	1.556
297.12	1.561
297.49	1.356
297.85	1.365
298.21	1.286
298.57	1.208
298.93	1.224
299.29	1.200
299.65	1.106
300.01	1.054
300.37	1.059
300.73	1.142
301.09	1.164
301.45	1.392
301.81	1.489
302.17	1.618
302.53	1.670
302.89	1.706
303.25	1.906
303.61	1.888
303.97	1.772
304.33	1.862
304.69	1.915
305.05	1.999
305.41	1.879
305.77	1.883
306.13	1.744
306.49	1.714
306.85	1.684
307.21	1.664
307.57	1.739
307.93	2.036
308.29	2.064
308.65	2.003
309.01	1.914
309.37	1.898
309.73	1.857
310.09	1.965
310.45	2.027
310.81	2.050
311.17	1.961
311.53	1.911
311.89	1.811
312.25	1.822
312.61	1.722
312.96	1.736
313.32	1.840
313.68	1.827
314.04	1.723
314.40	1.790
314.76	1.687
315.12	1.696
315.48	1.861
315.84	1.834
316.20	1.773
316.56	1.781
316.92	1.748
317.27	1.659
317.63	1.644
317.99	1.716
318.35	1.676
318.71	1.780
319.07	1.882
319.43	1.809
319.79	1.786
320.15	1.754
320.50	1.834
320.86	1.880
321.22	1.818
321.58	1.833
321.94	1.757
322.30	1.678
322.66	1.634
323.01	1.509
323.37	1.442
323.73	1.458
324.09	1.411
324.45	1.433
324.81	1.465
325.17	1.556
325.52	1.501
325.88	1.500
326.24	1.582
326.60	1.601
326.96	1.677
327.31	1.700
327.67	1.670
328.03	1.734
328.39	1.638
328.75	1.589
329.11	1.594
329.46	1.726
329.82	1.845
330.18	1.841
330.54	1.775
330.90	1.629
331.25	1.577
331.61	1.743
331.97	1.759
332.33	1.867
332.68	1.920
333.04	1.864
333.40	1.705
333.76	1.598
334.11	1.532
334.47	1.642
334.83	1.752
335.19	1.810
335.54	1.721
335.90	1.699
336.26	1.652
336.62	1.657
336.97	1.643
337.33	1.637
337.69	1.620
338.05	1.632
338.40	1.557
338.76	1.543
339.12	1.613
339.48	1.543
339.83	1.564
340.19	1.556
340.55	1.597
340.90	1.608
341.26	1.648
341.62	1.723
341.97	1.719
342.33	1.788
342.69	1.847
343.04	1.774
343.40	1.785
343.76	1.718
344.12	1.735
344.47	1.724
344.83	1.806
345.19	1.892
345.54	1.941
345.90	2.036
346.26	2.075
346.61	2.136
346.97	2.188
347.32	2.217
347.68	2.201
348.04	2.199
348.39	2.073
348.75	2.099
349.11	2.112
349.46	2.086
349.82	2.088
350.18	2.087
350.53	2.066
350.89	2.068
351.24	2.066
351.60	2.136
351.96	2.232
352.31	2.339
352.67	2.317
353.02	2.306
353.38	2.343
353.74	2.426
354.09	2.409
354.45	2.463
354.80	2.481
355.16	2.542
355.52	2.636
355.87	2.596
356.23	2.656
356.58	2.768
356.94	2.807
357.29	2.883
357.65	2.843
358.00	2.849
358.36	2.813
358.72	2.772
359.07	2.723
359.43	2.692
359.78	2.735
360.14	2.754
360.49	2.648
360.85	2.646
361.20	2.529
361.56	2.487
361.91	2.508
362.27	2.536
362.62	2.565
362.98	2.642
363.33	2.632
363.69	2.625
364.04	2.665
364.40	2.706
364.75	2.682
365.11	2.692
365.46	2.696
365.82	2.684
366.17	2.637
366.53	2.681
366.88	2.689
367.24	2.721
367.59	2.696
367.95	2.647
368.30	2.622
368.66	2.627
369.01	2.677
369.37	2.741
369.72	2.815
370.08	2.896
370.43	2.924
370.78	2.907
371.14	2.861
371.49	2.899
371.85	2.861
372.20	2.901
372.56	2.934
372.91	2.913
373.26	2.916
373.62	2.874
373.97	2.867
374.33	2.834
374.68	2.845
375.03	2.920
375.39	2.907
375.74	2.946
376.10	2.972
376.45	3.011
376.80	3.079
377.16	3.088
377.51	3.122
377.87	3.150
378.22	3.150
378.57	3.172
378.93	3.178
379.28	3.233
379.63	3.253
379.99	3.285
380.34	3.311
380.70	3.320
381.05	3.357
381.40	3.379
381.76	3.392
382.11	3.434
382.46	3.470
382.82	3.504
383.17	3.490
383.52	3.515
383.88	3.486
384.23	3.476
384.58	3.472
384.94	3.436
385.29	3.465
385.64	3.495
385.99	3.541
386.35	3.571
386.70	3.587
387.05	3.592
387.41	3.631
387.76	3.670
388.11	3.677
388.47	3.697
388.82	3.771
389.17	3.789
389.52	3.778
389.88	3.786
390.23	3.803
390.58	3.829
390.93	3.858
391.29	3.894
391.64	3.916
391.99	3.984
392.34	3.996
392.70	3.974
393.05	3.924
393.40	3.955
393.75	3.967
394.11	3.956
394.46	3.925
394.81	3.951
395.16	3.893
395.52	3.902
395.87	3.857
396.22	3.898
396.57	3.900
396.92	3.915
397.28	3.889
397.63	3.881
397.98	3.900
398.33	3.901
398.68	3.887
399.04	3.936
399.39	3.916
399.74	3.925
400.09	3.897
400.44	3.911
400.80	3.949
401.15	3.940
401.50	3.957
401.85	3.963
402.20	3.980
402.55	4.006
402.90	3.967
403.26	3.971
403.61	3.972
403.96	3.972
404.31	3.985
404.66	3.995
405.01	4.011
405.36	4.024
405.72	4.040
406.07	4.057
406.42	4.040
406.77	4.063
407.12	4.076
407.47	4.094
407.82	4.111
408.17	4.119
408.53	4.113
408.88	4.118
409.23	4.104
409.58	4.051
409.93	4.050
410.28	4.072
410.63	4.062
410.98	4.048
411.33	4.056
411.68	4.089
412.03	4.101
412.38	4.107
412.73	4.134
413.09	4.146
413.44	4.188
413.79	4.223
414.14	4.252
414.49	4.299
414.84	4.342
415.19	4.357
415.54	4.366
415.89	4.376
416.24	4.417
416.59	4.443
416.94	4.462
417.29	4.488
417.64	4.481
417.99	4.492
418.34	4.514
418.69	4.543
419.04	4.556
419.39	4.563
419.74	4.575
420.09	4.594
420.44	4.608
420.79	4.621
421.14	4.632
421.49	4.661
421.84	4.669
422.19	4.685
422.54	4.673
422.89	4.670
423.24	4.671
423.59	4.665
423.94	4.648
424.29	4.645
424.64	4.641
424.99	4.635
425.34	4.614
425.68	4.590
426.03	4.549
426.38	4.543
426.73	4.561
427.08	4.540
427.43	4.550
427.78	4.558
428.13	4.520
428.48	4.520
428.83	4.508
429.18	4.507
429.53	4.519
429.87	4.515
430.22	4.497
430.57	4.484
430.92	4.493
431.27	4.500
431.62	4.464
431.97	4.474
432.32	4.469
432.67	4.442
433.01	4.420
433.36	4.410
433.71	4.390
434.06	4.393
434.41	4.381
434.76	4.404
435.11	4.388
435.45	4.414
435.80	4.433
436.15	4.447
436.50	4.489
436.85	4.525
437.20	4.543
437.54	4.562
437.89	4.582
438.24	4.608
438.59	4.595
438.94	4.606
439.29	4.597
439.63	4.595
439.98	4.589
440.33	4.579
440.68	4.583
441.03	4.592
441.37	4.604
441.72	4.613
442.07	4.614
442.42	4.640
442.76	4.676
443.11	4.696
443.46	4.724
443.81	4.764
444.16	4.798
444.50	4.803
444.85	4.807
445.20	4.828
445.55	4.833
445.89	4.853
446.24	4.858
446.59	4.840
446.94	4.851
447.28	4.839
447.63	4.823
447.98	4.806
448.32	4.816
448.67	4.832
449.02	4.816
449.37	4.821
449.71	4.834
450.06	4.839
450.41	4.863
450.75	4.862
451.10	4.889
451.45	4.881
451.79	4.888
452.14	4.884
452.49	4.883
452.84	4.907
453.18	4.914
453.53	4.887
453.88	4.889
454.22	4.891
454.57	4.918
454.92	4.939
455.26	4.976
455.61	5.011
455.95	5.042
456.30	5.065
456.65	5.087
456.99	5.115
457.34	5.149
457.69	5.172
458.03	5.189
458.38	5.196
458.73	5.192
459.07	5.176
459.42	5.156
459.76	5.126
460.11	5.099
460.46	5.074
460.80	5.039
461.15	5.007
461.49	4.978
461.84	4.958
462.19	4.942
462.53	4.929
462.88	4.943
463.22	4.935
463.57	4.951
463.91	4.953
464.26	4.971
464.61	4.982
464.95	4.979
465.30	4.983
465.64	4.983
465.99	4.999
466.33	5.000
466.68	4.974
467.02	4.965
467.37	4.954
467.71	4.946
468.06	4.928
468.41	4.907
468.75	4.905
469.10	4.895
469.44	4.882
469.79	4.836
470.13	4.798
470.48	4.796
470.82	4.792
471.17	4.796
471.51	4.794
471.86	4.777
472.20	4.775
472.55	4.774
472.89	4.763
473.23	4.752
473.58	4.753
473.92	4.770
474.27	4.763
474.61	4.766
474.96	4.764
475.30	4.772
475.65	4.776
475.99	4.793
476.34	4.800
476.68	4.791
477.02	4.808
477.37	4.812
477.71	4.846
478.06	4.897
478.40	4.969
478.75	5.061
479.09	5.171
479.43	5.294
479.78	5.426
480.12	5.562
480.47	5.718
480.81	5.851
481.15	5.995
481.50	6.132
481.84	6.283
482.19	6.429
482.53	6.553
482.87	6.634
483.22	6.643
483.56	6.588
483.90	6.492
484.25	6.360
484.59	6.231
484.94	6.110
485.28	6.004
485.62	5.861
485.97	5.715
486.31	5.589
486.65	5.498
487.00	5.465
487.34	5.483
487.68	5.517
488.03	5.566
488.37	5.621
488.71	5.662
489.06	5.653
489.40	5.680
489.74	5.682
490.09	5.682
490.43	5.672
490.77	5.665
491.11	5.630
491.46	5.620
491.80	5.612
492.14	5.588
492.49	5.572
492.83	5.568
493.17	5.532
493.51	5.540
493.86	5.541
494.20	5.556
494.54	5.575
494.88	5.624
495.23	5.665
495.57	5.712
495.91	5.764
496.25	5.794
496.60	5.830
496.94	5.862
497.28	5.885
497.62	5.912
497.97	5.942
498.31	5.994
498.65	6.037
498.99	6.091
499.33	6.148
499.68	6.195
500.02	6.271
500.36	6.345
500.70	6.422
501.04	6.480
501.39	6.556
501.73	6.640
502.07	6.718
502.41	6.798
502.75	6.880
503.09	6.976
503.44	7.071
503.78	7.148
504.12	7.229
504.46	7.324
504.80	7.445
505.14	7.553
505.49	7.658
505.83	7.775
506.17	7.896
506.51	8.006
506.85	8.094
507.19	8.197
507.53	8.297
507.87	8.413
508.22	8.517
508.56	8.615
508.90	8.712
509.24	8.825
509.58	8.914
509.92	9.018
510.26	9.116
510.60	9.226
510.94	9.334
511.28	9.443
511.63	9.545
511.97	9.693
512.31	9.834
512.65	9.971
512.99	10.093
513.33	10.275
513.67	10.433
514.01	10.630
514.35	10.815
514.69	10.999
515.03	11.169
515.37	11.350
515.71	11.483
516.05	11.613
516.39	11.749
516.73	11.882
517.07	11.988
517.41	12.094
517.75	12.181
518.09	12.289
518.43	12.376
518.77	12.475
519.11	12.562
519.45	12.660
519.79	12.782
520.13	12.897
520.47	13.039
520.81	13.191
521.15	13.338
521.49	13.494
521.83	13.641
522.17	13.808
522.51	13.995
522.85	14.178
523.19	14.399
523.53	14.633
523.87	14.885
524.21	15.141
524.55	15.350
524.89	15.580
525.23	15.775
525.57	15.962
525.91	16.130
526.25	16.278
526.58	16.425
526.92	16.531
527.26	16.596
527.60	16.637
527.94	16.672
528.28	16.698
528.62	16.700
528.96	16.704
529.30	16.701
529.64	16.688
529.97	16.686
530.31	16.659
530.65	16.661
530.99	16.696
531.33	16.749
531.67	16.773
532.01	16.808
532.35	16.837
532.68	16.855
533.02	16.854
533.36	16.869
533.70	16.861
534.04	16.865
534.38	16.863
534.71	16.854
535.05	16.839
535.39	16.821
535.73	16.826
536.07	16.838
536.41	16.861
536.74	16.910
537.08	16.939
537.42	17.016
537.76	17.099
538.10	17.181
538.43	17.252
538.77	17.330
539.11	17.403
539.45	17.455
539.79	17.512
540.12	17.563
540.46	17.584
540.80	17.610
541.14	17.594
541.47	17.571
541.81	17.535
542.15	17.510
542.49	17.464
542.82	17.409
543.16	17.368
543.50	17.320
543.84	17.272
544.17	17.233
544.51	17.213
544.85	17.193
545.18	17.182
545.52	17.169
545.86	17.153
546.20	17.146
546.53	17.152
546.87	17.113
547.21	17.090
547.54	17.062
547.88	17.055
548.22	17.021
548.55	16.998
548.89	16.984
549.23	16.991
549.56	17.000
549.90	17.020
550.24	17.012
550.57	17.052
550.91	17.053
551.25	17.097
551.58	17.093
551.92	17.094
552.26	17.084
552.59	17.095
552.93	17.088
553.27	17.071
553.60	17.054
553.94	17.028
554.27	17.006
554.61	16.986
554.95	16.912
555.28	16.905
555.62	16.883
555.95	16.909
556.29	16.867
556.63	16.841
556.96	16.811
557.30	16.766
557.63	16.741
557.97	16.702
558.31	16.645
558.64	16.612
558.98	16.566
559.31	16.548
559.65	16.464
559.98	16.409
560.32	16.365
560.65	16.297
560.99	16.238
561.33	16.183
561.66	16.129
562.00	16.100
562.33	16.066
562.67	16.030
563.00	15.968
563.34	15.940
563.67	15.910
564.01	15.852
564.34	15.783
564.68	15.719
565.01	15.668
565.35	15.621
565.68	15.548
566.02	15.468
566.35	15.382
566.69	15.296
567.02	15.224
567.36	15.133
567.69	15.051
568.03	15.034
568.36	14.958
568.69	14.878
569.03	14.794
569.36	14.747
569.70	14.694
570.03	14.636
570.37	14.596
570.70	14.529
571.04	14.458
571.37	14.404
571.70	14.314
572.04	14.265
572.37	14.200
572.71	14.131
573.04	14.067
573.37	14.011
573.71	13.947
574.04	13.868
574.38	13.774
574.71	13.721
575.04	13.643
575.38	13.558
575.71	13.477
576.05	13.428
576.38	13.390
576.71	13.291
577.05	13.193
577.38	13.132
577.71	13.057
578.05	13.030
578.38	12.961
578.71	12.897
579.05	12.863
579.38	12.830
579.71	12.772
580.05	12.665
580.38	12.630
580.71	12.608
581.05	12.557
581.38	12.508
581.71	12.435
582.05	12.391
582.38	12.381
582.71	12.312
583.04	12.256
583.38	12.194
583.71	12.189
584.04	12.149
584.38	12.120
584.71	12.095
585.04	12.070
585.37	12.052
585.71	12.013
586.04	11.974
586.37	11.978
586.70	11.980
587.04	11.988
587.37	11.956
587.70	11.946
588.03	11.908
588.37	11.890
588.70	11.880
589.03	11.860
589.36	11.859
589.69	11.817
590.03	11.787
590.36	11.741
590.69	11.662
591.02	11.622
591.35	11.599
591.69	11.565
592.02	11.531
592.35	11.507
592.68	11.494
593.01	11.469
593.35	11.464
593.68	11.429
594.01	11.408
594.34	11.396
594.67	11.388
595.00	11.352
595.34	11.322
595.67	11.278
596.00	11.248
596.33	11.199
596.66	11.134
596.99	11.090
597.32	11.061
597.65	11.019
597.99	10.986
598.32	10.933
598.65	10.882
598.98	10.859
599.31	10.823
599.64	10.807
599.97	10.772
600.30	10.796
600.63	10.780
600.96	10.762
601.30	10.759
601.63	10.769
601.96	10.763
602.29	10.781
602.62	10.758
602.95	10.772
603.28	10.742
603.61	10.710
603.94	10.647
604.27	10.623
604.60	10.573
604.93	10.539
605.26	10.490
605.59	10.461
605.92	10.409
606.25	10.381
606.58	10.339
606.91	10.278
607.24	10.270
607.57	10.274
607.90	10.234
608.23	10.196
608.56	10.130
608.89	10.084
609.22	10.014
609.55	9.959
609.88	9.894
610.21	9.813
610.54	9.746
610.87	9.690
611.20	9.599
611.53	9.555
611.86	9.499
612.19	9.421
612.52	9.346
612.85	9.317
613.18	9.252
613.51	9.181
613.84	9.136
614.17	9.102
614.49	9.061
614.82	8.994
615.15	8.922
615.48	8.912
615.81	8.856
616.14	8.820
616.47	8.771
616.80	8.723
617.13	8.716
617.46	8.680
617.78	8.674
618.11	8.600
618.44	8.603
618.77	8.572
619.10	8.526
619.43	8.553
619.76	8.553
620.09	8.536
620.41	8.546
620.74	8.513
621.07	8.539
621.40	8.521
621.73	8.516
622.06	8.524
622.38	8.530
622.71	8.542
623.04	8.576
623.37	8.607
623.70	8.626
624.02	8.634
624.35	8.679
624.68	8.661
625.01	8.681
625.34	8.743
625.66	8.748
625.99	8.774
626.32	8.777
626.65	8.773
626.98	8.740
627.30	8.722
627.63	8.696
627.96	8.637
628.29	8.596
628.61	8.548
628.94	8.481
629.27	8.431
629.60	8.355
629.92	8.300
630.25	8.218
630.58	8.182
630.91	8.149
631.23	8.155
631.56	8.172
631.89	8.137
632.21	8.099
632.54	8.053
632.87	8.031
633.19	8.003
633.52	7.996
633.85	7.965
634.18	7.938
634.50	7.885
634.83	7.788
635.16	7.668
635.48	7.585
635.81	7.497
636.14	7.414
636.46	7.331
636.79	7.242
637.11	7.108
637.44	7.022
637.77	6.893
638.09	6.772
638.42	6.680
638.75	6.610
639.07	6.551
639.40	6.473
639.73	6.403
640.05	6.289
640.38	6.261
640.70	6.224
641.03	6.179
641.36	6.103
641.68	6.060
642.01	6.007
642.33	5.951
642.66	5.875
642.98	5.856
643.31	5.841
643.64	5.842
643.96	5.780
644.29	5.726
644.61	5.675
644.94	5.670
645.26	5.657
645.59	5.664
645.91	5.656
646.24	5.662
646.56	5.640
646.89	5.580
647.22	5.566
647.54	5.543
647.87	5.527
648.19	5.487
648.52	5.471
648.84	5.476
649.17	5.437
649.49	5.412
649.82	5.411
650.14	5.399
650.47	5.442
650.79	5.439
651.11	5.440
651.44	5.436
651.76	5.437
652.09	5.455
652.41	5.455
652.74	5.441
653.06	5.436
653.39	5.443
653.71	5.495
654.04	5.462
654.36	5.466
654.68	5.470
655.01	5.505
655.33	5.533
655.66	5.538
655.98	5.533
656.30	5.522
656.63	5.555
656.95	5.557
657.28	5.531
657.60	5.520
657.92	5.464
658.25	5.447
658.57	5.437
658.90	5.414
659.22	5.366
659.54	5.370
659.87	5.396
660.19	5.379
660.51	5.361
660.84	5.305
661.16	5.306
661.48	5.341
661.81	5.347
662.13	5.301
662.45	5.319
662.78	5.362
663.10	5.394
663.42	5.440
663.75	5.448
664.07	5.462
664.39	5.512
664.72	5.520
665.04	5.579
665.36	5.684
665.69	5.770
666.01	5.847
666.33	5.936
666.65	5.997
666.98	6.076
667.30	6.212
667.62	6.349
667.94	6.467
668.27	6.666
668.59	6.784
668.91	6.912
669.23	7.073
669.56	7.186
669.88	7.358
670.20	7.460
670.52	7.606
670.85	7.736
671.17	7.919
671.49	8.105
671.81	8.266
672.13	8.427
672.46	8.652
672.78	8.855
673.10	9.163
673.42	9.318
673.74	9.571
674.07	9.797
674.39	10.002
674.71	10.155
675.03	10.381
675.35	10.575
675.67	10.807
676.00	10.920
676.32	11.074
676.64	11.138
676.96	11.360
677.28	11.499
677.60	11.656
677.92	11.816
678.25	11.998
678.57	12.195
678.89	12.342
679.21	12.525
679.53	12.723
679.85	12.929
680.17	13.165
680.49	13.370
680.81	13.632
681.13	13.845
681.46	14.115
681.78	14.410
682.10	14.626
682.42	14.852
682.74	15.119
683.06	15.412
683.38	15.679
683.70	15.922
684.02	16.059
684.34	16.289
684.66	16.500
684.98	16.729
685.30	16.841
685.62	17.011
685.94	17.233
686.26	17.330
686.58	17.411
686.90	17.503
687.22	17.630
687.54	17.811
687.86	17.936
688.18	18.040
688.50	18.174
688.82	18.318
689.14	18.440
689.46	18.634
689.78	18.825
690.10	19.052
690.42	19.242
690.74	19.483
691.06	19.735
691.38	19.867
691.70	20.132
692.02	20.317
692.34	20.604
692.66	20.825
692.98	20.971
693.30	21.153
693.62	21.257
693.94	21.390
694.26	21.456
694.57	21.563
694.89	21.697
695.21	21.781
695.53	21.907
695.85	21.901
696.17	22.015
696.49	22.125
696.81	22.243
697.13	22.390
697.44	22.584
697.76	22.788
698.08	23.058
698.40	23.357
698.72	23.641
699.04	23.845
699.36	24.284
699.67	24.623
699.99	24.998
700.31	25.352
700.63	25.814
700.95	26.214
701.27	26.644
701.58	26.939
701.90	27.244
702.22	27.521
702.54	27.890
702.86	28.210
703.17	28.437
703.49	28.685
703.81	28.941
704.13	29.140
704.45	29.344
704.76	29.568
705.08	29.888
705.40	30.077
705.72	30.332
706.03	30.552
706.35	30.684
706.67	30.932
706.99	31.133
707.30	31.383
707.62	31.576
707.94	31.835
708.26	32.030
708.57	32.214
708.89	32.424
709.21	32.644
709.53	32.873
709.84	33.104
710.16	33.318
710.48	33.658
710.79	34.004
711.11	34.300
711.43	34.530
711.74	34.866
712.06	35.102
712.38	35.564
712.69	35.835
713.01	36.161
713.33	36.551
713.64	36.962
713.96	37.162
714.28	37.479
714.59	37.894
714.91	38.302
715.23	38.678
715.54	39.037
715.86	39.289
716.17	39.680
716.49	40.118
716.81	40.534
717.12	40.853
717.44	41.320
717.76	41.786
718.07	42.093
718.39	42.356
718.70	42.583
719.02	42.894
719.33	43.260
719.65	43.606
719.97	43.795
720.28	43.965
720.60	44.365
720.91	44.699
721.23	44.939
721.54	45.200
721.86	45.546
722.17	45.858
722.49	46.198
722.81	46.326
723.12	46.634
723.44	46.836
723.75	47.125
724.07	47.345
724.38	47.486
724.70	47.674
725.01	47.738
725.33	48.061
725.64	48.262
725.96	48.329
726.27	48.408
726.59	48.531
726.90	48.704
727.22	48.732
727.53	48.755
727.84	48.947
728.16	48.991
728.47	49.315
728.79	49.426
729.10	49.561
729.42	49.761
729.73	50.089
730.05	50.161
730.36	50.348
730.67	50.610
730.99	50.812
731.30	50.972
731.62	51.252
731.93	51.371
732.24	51.508
732.56	51.680
732.87	51.920
733.19	51.999
733.50	52.295
733.81	52.480
734.13	52.660
734.44	52.834
734.76	52.883
735.07	52.983
735.38	53.108
735.70	53.309
736.01	53.351
736.32	53.367
736.64	53.554
736.95	53.517
737.26	53.623
737.58	53.637
737.89	53.723
738.20	53.880
738.52	53.995
738.83	54.031
739.14	54.001
739.45	54.176
739.77	54.412
740.08	54.508
740.39	54.707
740.71	54.863
741.02	54.867
741.33	54.938
741.64	55.106
741.96	55.022
742.27	55.088
742.58	55.258
742.90	55.267
743.21	55.010
743.52	54.973
743.83	54.883
744.14	54.904
744.46	55.122
744.77	55.365
745.08	55.198
745.39	55.117
745.71	54.960
746.02	54.898
746.33	54.933
746.64	55.050
746.95	55.050
747.27	55.203
747.58	54.983
747.89	54.921
748.20	54.784
748.51	54.899
748.82	54.984
749.14	55.109
749.45	54.955
749.76	54.830
750.07	54.749
750.38	54.862
750.69	54.573
751.01	54.710
751.32	54.594
751.63	54.506
751.94	54.365
752.25	54.369
752.56	54.267
752.87	54.190
753.18	54.109
753.49	54.280
753.81	54.141
754.12	54.075
754.43	53.971
754.74	53.976
755.05	53.892
755.36	53.885
755.67	53.840
755.98	54.027
756.29	54.088
756.60	54.281
756.91	54.239
757.22	54.411
757.53	54.610
757.84	54.798
758.15	54.899
758.46	55.039
758.77	55.084
759.09	54.954
759.40	54.651
759.71	54.532
760.02	54.356
760.33	54.294
760.64	54.004
760.95	53.995
761.26	53.602
761.57	53.358
761.88	53.035
762.18	52.964
762.49	52.893
762.80	52.966
763.11	52.951
763.42	52.882
763.73	52.729
764.04	52.733
764.35	52.581
764.66	52.634
764.97	52.548
765.28	52.586
765.59	52.290
765.90	52.217
766.21	52.014
766.52	51.990
766.83	51.793
767.14	51.685
767.44	51.565
767.75	51.367
768.06	51.247
768.37	51.134
768.68	51.005
768.99	51.100
769.30	50.779
769.61	50.679
769.91	50.304
770.22	50.264
770.53	50.038
770.84	50.058
771.15	49.823
771.46	49.850
771.77	49.943
772.07	49.831
772.38	49.711
772.69	49.913
773.00	49.966
773.31	50.038
773.61	49.935
773.92	49.816
774.23	49.464
774.54	49.631
774.85	49.171
775.15	49.087
775.46	49.076
775.77	49.182
776.08	49.040
776.39	48.703
776.69	48.735
777.00	48.512
777.31	48.686
777.62	48.836
777.92	48.681
778.23	49.005
778.54	48.789
778.85	48.973
779.15	48.694
779.46	48.810
779.77	48.981
780.07	49.121
780.38	49.513
780.69	49.435
781.00	49.278
781.30	49.209
781.61	48.937
781.92	49.064
782.22	49.168
782.53	49.012
782.84	49.061
783.14	49.035
783.45	48.531
783.76	48.618
784.06	48.636
784.37	48.723
784.68	48.984
784.98	49.245
785.29	49.395
785.60	49.375
785.90	49.652
786.21	49.550
786.51	49.521
786.82	49.948
787.13	50.078
787.43	50.036
787.74	50.072
788.04	50.173
788.35	50.216
788.66	50.333
788.96	50.200
789.27	50.182
789.57	50.290
789.88	50.417
790.19	50.301
790.49	50.041
790.80	50.336
791.10	50.379
791.41	50.208
791.71	50.219
792.02	50.099
792.32	49.984
792.63	49.975
792.93	49.860
793.24	50.034
793.54	50.010
793.85	49.898
794.15	49.855
794.46	49.841
794.76	49.779
795.07	49.900
795.37	49.851
795.68	49.931
795.98	50.169
796.29	50.375
796.59	50.177
796.90	50.060
797.20	49.938
797.51	49.624
797.81	49.486
798.12	49.683
798.42	49.592
798.72	49.383
799.03	49.456
799.33	49.217
799.64	49.075
799.94	49.127
800.25	49.269
800.55	49.660
800.85	50.199
801.16	50.366
801.46	49.996
801.77	49.839
802.07	50.082
802.37	50.151
802.68	49.886
802.98	49.939
803.28	49.720
803.59	49.591
803.89	49.797
804.20	49.683
804.50	49.932
804.80	50.171
805.11	50.220
805.41	50.309
805.71	50.354
806.02	50.281
806.32	50.179
806.62	50.574
806.93	50.780
807.23	50.585
807.53	50.334
807.83	49.792
808.14	49.818
808.44	49.840
808.74	49.796
809.05	49.655
809.35	49.885
809.65	50.316
809.95	49.912
810.26	49.720
810.56	49.825
810.86	50.021
811.16	50.605
811.47	50.888
811.77	51.655
812.07	51.234
812.37	51.310
812.68	51.478
812.98	51.024
813.28	51.641
813.58	52.216
813.88	51.828
814.19	52.330
814.49	52.348
814.79	52.601
815.09	52.636
815.39	52.972
815.70	53.399
816.00	53.761
816.30	53.641
816.60	53.170
816.90	52.761
817.20	53.140
817.50	52.686
817.81	52.393
818.11	51.953
818.41	51.737
818.71	51.782
819.01	51.789
819.31	52.020
819.61	52.284
819.92	52.552
820.22	52.806
820.52	52.956
820.82	53.165
821.12	53.413
821.42	53.749
821.72	53.918
822.02	54.190
822.32	54.488
822.62	54.717
822.92	54.923
823.22	55.160
823.52	55.402
823.83	55.577
824.13	55.705
824.43	55.701
824.73	55.689
825.03	55.779
825.33	55.837
825.63	55.754
825.93	55.535
826.23	55.430
826.53	55.265
826.83	55.002
827.13	55.037
827.43	55.090
827.73	55.475
828.03	55.793
828.33	56.015
828.63	55.925
828.93	56.105
829.23	56.249
829.53	56.329
829.83	56.130
830.13	55.982
830.42	55.369
830.72	54.878
831.02	54.528
831.32	53.919
831.62	53.691
831.92	53.708
832.22	53.427
832.52	53.085
832.82	53.021
833.12	53.244
833.42	53.409
833.72	53.729
834.01	54.199
834.31	54.173
834.61	54.621
834.91	55.125
835.21	55.167
835.51	55.280
835.81	55.415
836.11	55.699
836.40	55.553
836.70	55.413
837.00	55.167
837.30	54.261
837.60	54.345
837.90	54.270
838.19	53.549
838.49	53.575
838.79	53.920
839.09	54.544
839.39	54.425
839.68	54.377
839.98	54.119
840.28	53.774
840.58	54.490
840.88	54.148
841.17	53.495
841.47	53.591
841.77	53.510
842.07	52.475
842.36	51.411
842.66	50.816
842.96	51.009
843.26	50.558
843.55	50.724
843.85	49.899
844.15	49.959
844.45	48.011
844.74	48.102
845.04	47.597
845.34	47.774
845.63	48.693
845.93	48.477
846.23	49.272
846.53	50.585
846.82	50.197
847.12	51.298
847.42	50.358
847.71	50.634
848.01	49.841
848.31	49.337
848.60	49.320
848.90	49.028
849.19	48.770
849.49	47.821
849.79	47.821
850.08	47.625
850.38	46.737
850.68	46.638
850.97	47.870
851.27	47.023
851.56	48.590
851.86	49.161
852.16	50.009
852.45	49.553
852.75	49.617
853.04	49.981
853.34	50.404
853.64	49.780
853.93	49.299
854.23	50.563
854.52	52.041
854.82	52.848
855.11	50.476
855.41	51.356
855.70	53.735
856.00	52.041
856.30	50.976
856.59	50.343
856.89	51.119
857.18	53.445
857.48	52.119
857.77	50.991
858.07	49.849
858.36	49.940
858.66	49.301
858.95	48.625
859.25	48.276
859.54	48.626
859.84	48.287
860.13	47.170
860.42	46.138
860.72	46.228
861.01	46.767
861.31	48.024
861.60	49.853
861.90	49.426
862.19	49.447
862.49	51.338
862.78	50.801
863.07	52.094
863.37	52.439
863.66	51.073
863.96	51.487
864.25	52.358
864.54	51.551
864.84	53.382
865.13	52.265
865.43	52.886
865.72	60.594
866.01	55.718
866.31	74.295
866.60	41.396
866.89	61.336
>>>>>End Spectral Data<<<<<
