180.30	0.000
180.67	0.000
181.03	22.661
181.40	495.999
181.77	-14420.948
182.14	7.459
182.51	-347.776
182.88	-70.954
183.25	15.038
183.62	-5.020
183.99	212.054
184.36	-128.758
184.73	86.945
185.10	20.342
185.46	494.187
185.83	-480.508
186.20	1043.136
186.57	169.807
186.94	119.308
187.31	11.422
187.68	-12.532
188.05	-5.849
188.42	6.461
188.78	-9.133
189.15	173.961
189.52	-9.860
189.89	36.967
190.26	43.417
190.63	39.561
191.00	39.799
191.37	33.781
191.73	46.508
192.10	46.242
192.47	45.902
192.84	43.231
193.21	54.548
193.58	50.430
193.94	27.322
194.31	23.980
194.68	13.309
195.05	0.461
195.42	6.720
195.79	-1.977
196.15	-0.231
196.52	4.321
196.89	18.226
197.26	-4.388
197.63	18.520
198.00	38.390
198.36	41.517
198.73	46.178
199.10	39.933
199.47	24.174
199.84	1.959
200.20	7.525
200.57	6.906
200.94	-6.325
201.31	8.760
201.68	-1.994
202.04	6.877
202.41	5.213
202.78	7.658
203.15	31.323
203.51	59.822
203.88	59.722
204.25	46.125
204.62	48.034
204.98	48.868
205.35	22.592
205.72	15.910
206.09	17.235
206.46	-13.579
206.82	-4.169
207.19	-18.318
207.56	-99.107
207.92	-58.518
208.29	-57.690
208.66	-52.662
209.03	-48.863
209.39	-21.519
209.76	-13.949
210.13	-68.774
210.50	-32.040
210.86	-16.295
211.23	-25.402
211.60	4.241
211.96	-2.083
212.33	8.445
212.70	10.478
213.07	18.453
213.43	3.036
213.80	-8.606
214.17	25.864
214.53	21.870
214.90	15.729
215.27	18.871
215.63	16.962
216.00	22.273
216.37	25.685
216.74	18.737
217.10	23.239
217.47	22.643
217.84	32.323
218.20	26.358
218.57	24.665
218.94	18.990
219.30	13.581
219.67	15.967
220.04	13.287
220.40	4.400
220.77	4.711
221.13	2.476
221.50	0.231
221.87	-4.405
222.23	-8.540
222.60	-9.950
222.97	-8.540
223.33	-5.227
223.70	-4.125
224.07	-4.798
224.43	-3.263
224.80	-1.508
225.16	-3.591
225.53	-4.580
225.90	-6.957
226.26	-6.229
226.63	-4.338
226.99	-2.028
227.36	-0.563
227.73	1.153
228.09	1.374
228.46	3.971
228.82	6.199
229.19	6.878
229.56	7.923
229.92	10.663
230.29	12.462
230.65	12.173
231.02	9.591
231.38	7.110
231.75	4.345
232.12	2.509
232.48	-0.758
232.85	-3.732
233.21	-4.723
233.58	-5.357
233.94	-6.804
234.31	-8.829
234.68	-8.703
235.04	-6.552
235.41	-4.895
235.77	-2.758
236.14	-1.237
236.50	1.331
236.87	2.261
237.23	3.377
237.60	3.541
237.96	3.678
238.33	3.822
238.69	3.401
239.06	2.669
239.42	3.226
239.79	2.346
240.15	1.499
240.52	1.383
240.88	1.628
241.25	1.422
241.61	1.841
241.98	1.878
242.34	1.894
242.71	2.314
243.07	2.429
243.44	2.288
243.80	2.462
244.17	2.792
244.53	2.503
244.90	2.323
245.26	2.161
245.63	1.980
245.99	1.836
246.36	1.671
246.72	1.834
247.09	1.585
247.45	1.556
247.81	1.714
248.18	1.690
248.54	1.867
248.91	1.804
249.27	2.087
249.64	2.446
250.00	2.807
250.36	2.840
250.73	2.267
251.09	2.307
251.46	1.887
251.82	1.460
252.19	1.486
252.55	1.013
252.91	1.339
253.28	0.886
253.64	0.281
254.01	0.097
254.37	0.703
254.73	0.983
255.10	1.825
255.46	2.583
255.83	2.766
256.19	2.727
256.55	2.558
256.92	2.562
257.28	2.553
257.65	2.677
258.01	2.571
258.37	2.559
258.74	2.615
259.10	2.260
259.46	2.020
259.83	1.960
260.19	1.859
260.55	1.950
260.92	1.763
261.28	1.730
261.64	1.868
262.01	1.937
262.37	1.585
262.73	1.688
263.10	2.236
263.46	2.276
263.82	2.143
264.19	2.050
264.55	1.707
264.91	1.505
265.28	1.411
265.64	1.268
266.00	1.272
266.37	1.334
266.73	1.116
267.09	0.838
267.46	0.701
267.82	0.802
268.18	0.982
268.54	1.315
268.91	1.556
269.27	1.811
269.63	1.999
270.00	2.119
270.36	2.218
270.72	2.334
271.08	2.240
271.45	2.341
271.81	2.353
272.17	2.408
272.53	2.452
272.90	2.450
273.26	2.506
273.62	2.220
273.98	2.067
274.35	2.165
274.71	2.172
275.07	2.462
275.43	2.592
275.80	2.623
276.16	2.489
276.52	2.525
276.88	2.438
277.25	2.056
277.61	1.780
277.97	1.776
278.33	1.639
278.69	1.465
279.06	1.226
279.42	1.170
279.78	1.144
280.14	1.303
280.50	1.396
280.87	1.386
281.23	1.596
281.59	1.902
281.95	1.922
282.31	2.067
282.68	2.111
283.04	2.134
283.40	2.204
283.76	2.264
284.12	2.190
284.48	2.117
284.85	2.165
285.21	2.147
285.57	2.066
285.93	2.112
286.29	1.950
286.65	2.058
287.02	2.327
287.38	2.225
287.74	2.128
288.10	2.140
288.46	2.087
288.82	1.909
289.18	1.974
289.54	2.042
289.91	2.085
290.27	2.052
290.63	2.167
290.99	1.980
291.35	2.055
291.71	2.098
292.07	2.104
292.43	2.111
292.79	2.179
293.16	2.090
293.52	2.268
293.88	2.365
294.24	2.582
294.60	2.388
294.96	2.397
295.32	2.374
295.68	2.504
296.04	2.559
296.40	2.601
296.76	2.612
297.12	2.590
297.49	2.489
297.85	2.281
298.21	2.199
298.57	2.022
298.93	1.977
299.29	1.804
299.65	1.795
300.01	1.812
300.37	1.868
300.73	2.125
301.09	2.271
301.45	2.347
301.81	2.584
302.17	2.690
302.53	2.804
302.89	2.818
303.25	2.978
303.61	2.868
303.97	2.611
304.33	2.599
304.69	2.464
305.05	2.444
305.41	2.325
305.77	2.391
306.13	2.255
306.49	2.178
306.85	2.231
307.21	2.328
307.57	2.363
307.93	2.536
308.29	2.600
308.65	2.538
309.01	2.521
309.37	2.432
309.73	2.165
310.09	2.219
310.45	2.332
310.81	2.307
311.17	2.227
311.53	2.176
311.89	2.169
312.25	2.040
312.61	2.086
312.96	2.017
313.32	2.130
313.68	2.230
314.04	2.213
314.40	2.257
314.76	2.186
315.12	2.149
315.48	2.132
315.84	2.144
316.20	2.185
316.56	2.135
316.92	2.146
317.27	2.043
317.63	2.070
317.99	2.053
318.35	2.016
318.71	2.126
319.07	2.320
319.43	2.367
319.79	2.399
320.15	2.440
320.50	2.615
320.86	2.647
321.22	2.724
321.58	2.712
321.94	2.646
322.30	2.581
322.66	2.528
323.01	2.261
323.37	2.206
323.73	2.016
324.09	1.868
324.45	1.823
324.81	1.751
325.17	1.736
325.52	1.622
325.88	1.685
326.24	1.761
326.60	1.824
326.96	1.831
327.31	1.881
327.67	1.991
328.03	2.141
328.39	2.017
328.75	2.066
329.11	2.090
329.46	2.189
329.82	2.114
330.18	1.988
330.54	1.884
330.90	1.909
331.25	1.813
331.61	1.902
331.97	1.860
332.33	1.952
332.68	1.954
333.04	1.977
333.40	1.934
333.76	1.971
334.11	2.083
334.47	2.080
334.83	2.064
335.19	2.054
335.54	1.973
335.90	1.956
336.26	1.935
336.62	1.920
336.97	1.891
337.33	1.894
337.69	1.935
338.05	1.891
338.40	1.833
338.76	1.830
339.12	1.835
339.48	1.755
339.83	1.712
340.19	1.716
340.55	1.725
340.90	1.697
341.26	1.723
341.62	1.644
341.97	1.624
342.33	1.629
342.69	1.660
343.04	1.697
343.40	1.724
343.76	1.610
344.12	1.560
344.47	1.630
344.83	1.680
345.19	1.712
345.54	1.746
345.90	1.795
346.26	1.915
346.61	1.978
346.97	1.946
347.32	1.965
347.68	2.072
348.04	1.999
348.39	1.851
348.75	1.792
349.11	1.746
349.46	1.723
349.82	1.685
350.18	1.565
350.53	1.538
350.89	1.577
351.24	1.566
351.60	1.571
351.96	1.618
352.31	1.663
352.67	1.700
353.02	1.659
353.38	1.672
353.74	1.662
354.09	1.714
354.45	1.704
354.80	1.646
355.16	1.682
355.52	1.649
355.87	1.644
356.23	1.658
356.58	1.654
356.94	1.656
357.29	1.659
357.65	1.655
358.00	1.680
358.36	1.641
358.72	1.696
359.07	1.694
359.43	1.737
359.78	1.804
360.14	1.828
360.49	1.792
360.85	1.812
361.20	1.774
361.56	1.752
361.91	1.739
362.27	1.761
362.62	1.758
362.98	1.752
363.33	1.712
363.69	1.683
364.04	1.695
364.40	1.673
364.75	1.650
365.11	1.652
365.46	1.666
365.82	1.632
366.17	1.625
366.53	1.607
366.88	1.602
367.24	1.629
367.59	1.601
367.95	1.579
368.30	1.623
368.66	1.648
369.01	1.637
369.37	1.687
369.72	1.729
370.08	1.768
370.43	1.795
370.78	1.821
371.14	1.828
371.49	1.864
371.85	1.866
372.20	1.867
372.56	1.860
372.91	1.864
373.26	1.812
373.62	1.755
373.97	1.744
374.33	1.728
374.68	1.718
375.03	1.727
375.39	1.705
375.74	1.701
376.10	1.733
376.45	1.772
376.80	1.804
377.16	1.817
377.51	1.890
377.87	1.908
378.22	1.881
378.57	1.851
378.93	1.870
379.28	1.888
379.63	1.879
379.99	1.849
380.34	1.845
380.70	1.851
381.05	1.870
381.40	1.853
381.76	1.837
382.11	1.876
382.46	1.950
382.82	1.941
383.17	1.943
383.52	1.919
383.88	1.942
384.23	1.937
384.58	1.921
384.94	1.884
385.29	1.890
385.64	1.897
385.99	1.908
386.35	1.881
386.70	1.894
387.05	1.876
387.41	1.905
387.76	1.880
388.11	1.857
388.47	1.853
388.82	1.913
389.17	1.902
389.52	1.913
389.88	1.929
390.23	1.934
390.58	1.926
390.93	1.956
391.29	1.958
391.64	2.011
391.99	2.095
392.34	2.121
392.70	2.099
393.05	2.074
393.40	2.062
393.75	2.015
394.11	2.003
394.46	1.969
394.81	1.945
395.16	1.937
395.52	1.908
395.87	1.853
396.22	1.874
396.57	1.885
396.92	1.898
397.28	1.897
397.63	1.892
397.98	1.884
398.33	1.913
398.68	1.898
399.04	1.892
399.39	1.850
399.74	1.833
400.09	1.808
400.44	1.820
400.80	1.841
401.15	1.810
401.50	1.827
401.85	1.830
402.20	1.825
402.55	1.852
402.90	1.842
403.26	1.856
403.61	1.839
403.96	1.835
404.31	1.778
404.66	1.754
405.01	1.737
405.36	1.743
405.72	1.734
406.07	1.719
406.42	1.678
406.77	1.684
407.12	1.682
407.47	1.702
407.82	1.701
408.17	1.731
408.53	1.716
408.88	1.723
409.23	1.688
409.58	1.669
409.93	1.676
410.28	1.701
410.63	1.692
410.98	1.684
411.33	1.683
411.68	1.685
412.03	1.707
412.38	1.705
412.73	1.742
413.09	1.800
413.44	1.812
413.79	1.825
414.14	1.847
414.49	1.899
414.84	1.924
415.19	1.947
415.54	1.978
415.89	1.985
416.24	2.038
416.59	2.058
416.94	2.057
417.29	2.097
417.64	2.102
417.99	2.120
418.34	2.116
418.69	2.131
419.04	2.136
419.39	2.149
419.74	2.154
420.09	2.148
420.44	2.144
420.79	2.152
421.14	2.151
421.49	2.162
421.84	2.155
422.19	2.178
422.54	2.174
422.89	2.173
423.24	2.151
423.59	2.142
423.94	2.128
424.29	2.125
424.64	2.117
424.99	2.092
425.34	2.063
425.68	2.043
426.03	2.000
426.38	1.987
426.73	1.981
427.08	1.986
427.43	1.991
427.78	2.020
428.13	2.022
428.48	2.025
428.83	2.040
429.18	2.058
429.53	2.070
429.87	2.065
430.22	2.062
430.57	2.068
430.92	2.066
431.27	2.072
431.62	2.054
431.97	2.063
432.32	2.063
432.67	2.037
433.01	2.033
433.36	2.007
433.71	1.996
434.06	1.987
434.41	1.962
434.76	1.957
435.11	1.954
435.45	1.957
435.80	1.951
436.15	1.953
436.50	1.998
436.85	2.011
437.20	2.032
437.54	2.045
437.89	2.062
438.24	2.082
438.59	2.081
438.94	2.080
439.29	2.073
439.63	2.085
439.98	2.089
440.33	2.067
440.68	2.081
441.03	2.096
441.37	2.112
441.72	2.111
442.07	2.104
442.42	2.121
442.76	2.132
443.11	2.149
443.46	2.155
443.81	2.160
444.16	2.175
444.50	2.160
444.85	2.149
445.20	2.143
445.55	2.150
445.89	2.161
446.24	2.148
446.59	2.129
446.94	2.110
447.28	2.087
447.63	2.066
447.98	2.057
448.32	2.049
448.67	2.037
449.02	2.013
449.37	1.976
449.71	1.972
450.06	1.976
450.41	1.985
450.75	1.999
451.10	2.006
451.45	1.996
451.79	1.982
452.14	1.977
452.49	1.982
452.84	1.995
453.18	2.007
453.53	1.985
453.88	1.973
454.22	1.973
454.57	1.962
454.92	1.967
455.26	1.998
455.61	2.032
455.95	2.070
456.30	2.081
456.65	2.102
456.99	2.131
457.34	2.162
457.69	2.174
458.03	2.174
458.38	2.198
458.73	2.196
459.07	2.184
459.42	2.146
459.76	2.108
460.11	2.088
460.46	2.060
460.80	2.020
461.15	1.990
461.49	1.966
461.84	1.957
462.19	1.916
462.53	1.906
462.88	1.906
463.22	1.913
463.57	1.909
463.91	1.906
464.26	1.910
464.61	1.926
464.95	1.918
465.30	1.917
465.64	1.930
465.99	1.936
466.33	1.938
466.68	1.942
467.02	1.941
467.37	1.952
467.71	1.944
468.06	1.934
468.41	1.913
468.75	1.914
469.10	1.923
469.44	1.906
469.79	1.893
470.13	1.861
470.48	1.838
470.82	1.834
471.17	1.833
471.51	1.828
471.86	1.830
472.20	1.826
472.55	1.829
472.89	1.819
473.23	1.798
473.58	1.812
473.92	1.821
474.27	1.821
474.61	1.806
474.96	1.808
475.30	1.823
475.65	1.802
475.99	1.804
476.34	1.807
476.68	1.808
477.02	1.830
477.37	1.818
477.71	1.855
478.06	1.897
478.40	1.984
478.75	2.049
479.09	2.135
479.43	2.242
479.78	2.343
480.12	2.435
480.47	2.528
480.81	2.609
481.15	2.699
481.50	2.783
481.84	2.869
482.19	2.942
482.53	3.012
482.87	3.051
483.22	3.051
483.56	3.020
483.90	2.964
484.25	2.903
484.59	2.839
484.94	2.771
485.28	2.701
485.62	2.623
485.97	2.539
486.31	2.475
486.65	2.423
487.00	2.405
487.34	2.400
487.68	2.405
488.03	2.416
488.37	2.423
488.71	2.428
489.06	2.412
489.40	2.411
489.74	2.406
490.09	2.383
490.43	2.361
490.77	2.321
491.11	2.296
491.46	2.274
491.80	2.239
492.14	2.203
492.49	2.179
492.83	2.151
493.17	2.106
493.51	2.059
493.86	2.029
494.20	2.001
494.54	1.991
494.88	1.987
495.23	1.999
495.57	2.008
495.91	2.029
496.25	2.039
496.60	2.044
496.94	2.040
497.28	2.055
497.62	2.057
497.97	2.058
498.31	2.076
498.65	2.071
498.99	2.059
499.33	2.064
499.68	2.063
500.02	2.070
500.36	2.081
500.70	2.096
501.04	2.100
501.39	2.093
501.73	2.107
502.07	2.118
502.41	2.141
502.75	2.172
503.09	2.192
503.44	2.219
503.78	2.222
504.12	2.234
504.46	2.270
504.80	2.303
505.14	2.341
505.49	2.381
505.83	2.408
506.17	2.436
506.51	2.454
506.85	2.497
507.19	2.523
507.53	2.559
507.87	2.593
508.22	2.611
508.56	2.635
508.90	2.666
509.24	2.697
509.58	2.710
509.92	2.742
510.26	2.773
510.60	2.789
510.94	2.807
511.28	2.815
511.63	2.842
511.97	2.879
512.31	2.921
512.65	2.948
512.99	2.983
513.33	3.068
513.67	3.126
514.01	3.206
514.35	3.272
514.69	3.363
515.03	3.462
515.37	3.556
515.71	3.624
516.05	3.688
516.39	3.754
516.73	3.813
517.07	3.854
517.41	3.887
517.75	3.905
518.09	3.932
518.43	3.942
518.77	3.942
519.11	3.958
519.45	3.968
519.79	3.996
520.13	4.025
520.47	4.065
520.81	4.110
521.15	4.200
521.49	4.279
521.83	4.357
522.17	4.436
522.51	4.539
522.85	4.635
523.19	4.781
523.53	4.922
523.87	5.069
524.21	5.215
524.55	5.340
524.89	5.451
525.23	5.567
525.57	5.665
525.91	5.761
526.25	5.831
526.58	5.900
526.92	5.945
527.26	5.986
527.60	5.999
527.94	6.011
528.28	6.025
528.62	6.019
528.96	6.006
529.30	6.006
529.64	5.996
529.97	5.995
530.31	5.982
530.65	5.977
530.99	5.970
531.33	5.990
531.67	6.005
532.01	6.016
532.35	6.026
532.68	6.039
533.02	6.032
533.36	6.027
533.70	6.023
534.04	6.022
534.38	6.029
534.71	6.023
535.05	6.009
535.39	5.996
535.73	5.991
536.07	6.010
536.41	6.042
536.74	6.078
537.08	6.119
537.42	6.187
537.76	6.246
538.10	6.302
538.43	6.365
538.77	6.425
539.11	6.467
539.45	6.507
539.79	6.534
540.12	6.534
540.46	6.544
540.80	6.551
541.14	6.535
541.47	6.510
541.81	6.487
542.15	6.452
542.49	6.416
542.82	6.391
543.16	6.360
543.50	6.334
543.84	6.331
544.17	6.301
544.51	6.286
544.85	6.259
545.18	6.256
545.52	6.237
545.86	6.226
546.20	6.218
546.53	6.191
546.87	6.172
547.21	6.132
547.54	6.082
547.88	6.081
548.22	6.068
548.55	6.067
548.89	6.052
549.23	6.038
549.56	6.022
549.90	6.028
550.24	6.031
550.57	6.031
550.91	6.037
551.25	6.056
551.58	6.035
551.92	6.021
552.26	6.008
552.59	6.007
552.93	6.008
553.27	6.021
553.60	6.019
553.94	5.994
554.27	5.981
554.61	5.971
554.95	5.959
555.28	5.958
555.62	5.958
555.95	5.967
556.29	5.965
556.63	5.944
556.96	5.927
557.30	5.899
557.63	5.884
557.97	5.855
558.31	5.834
558.64	5.820
558.98	5.827
559.31	5.811
559.65	5.773
559.98	5.724
560.32	5.710
560.65	5.682
560.99	5.662
561.33	5.656
561.66	5.653
562.00	5.678
562.33	5.670
562.67	5.626
563.00	5.615
563.34	5.620
563.67	5.634
564.01	5.623
564.34	5.610
564.68	5.612
565.01	5.599
565.35	5.581
565.68	5.537
566.02	5.513
566.35	5.489
566.69	5.439
567.02	5.416
567.36	5.378
567.69	5.350
568.03	5.332
568.36	5.299
568.69	5.272
569.03	5.261
569.36	5.238
569.70	5.209
570.03	5.196
570.37	5.186
570.70	5.167
571.04	5.142
571.37	5.100
571.70	5.082
572.04	5.046
572.37	5.009
572.71	4.953
573.04	4.928
573.37	4.901
573.71	4.872
574.04	4.844
574.38	4.785
574.71	4.761
575.04	4.751
575.38	4.689
575.71	4.661
576.05	4.644
576.38	4.635
576.71	4.584
577.05	4.551
577.38	4.519
577.71	4.472
578.05	4.437
578.38	4.385
578.71	4.336
579.05	4.309
579.38	4.247
579.71	4.205
580.05	4.140
580.38	4.121
580.71	4.091
581.05	4.064
581.38	4.044
581.71	4.034
582.05	4.014
582.38	4.020
582.71	3.999
583.04	4.024
583.38	4.018
583.71	4.008
584.04	3.995
584.38	3.976
584.71	3.974
585.04	4.000
585.37	3.999
585.71	4.013
586.04	3.999
586.37	4.043
586.70	4.032
587.04	4.028
587.37	4.047
587.70	4.052
588.03	4.074
588.37	4.082
588.70	4.064
589.03	4.049
589.36	4.045
589.69	4.008
590.03	3.983
590.36	3.968
590.69	3.943
591.02	3.922
591.35	3.903
591.69	3.898
592.02	3.880
592.35	3.879
592.68	3.901
593.01	3.897
593.35	3.929
593.68	3.922
594.01	3.930
594.34	3.934
594.67	3.945
595.00	3.942
595.34	3.906
595.67	3.868
596.00	3.838
596.33	3.790
596.66	3.755
596.99	3.699
597.32	3.643
597.65	3.614
597.99	3.568
598.32	3.514
598.65	3.461
598.98	3.448
599.31	3.459
599.64	3.452
599.97	3.451
600.30	3.451
600.63	3.485
600.96	3.495
601.30	3.485
601.63	3.531
601.96	3.541
602.29	3.581
602.62	3.563
602.95	3.539
603.28	3.544
603.61	3.518
603.94	3.511
604.27	3.500
604.60	3.482
604.93	3.478
605.26	3.439
605.59	3.427
605.92	3.399
606.25	3.392
606.58	3.383
606.91	3.322
607.24	3.296
607.57	3.257
607.90	3.213
608.23	3.175
608.56	3.135
608.89	3.085
609.22	3.046
609.55	2.988
609.88	2.939
610.21	2.908
610.54	2.901
610.87	2.887
611.20	2.854
611.53	2.806
611.86	2.776
612.19	2.687
612.52	2.642
612.85	2.638
613.18	2.613
613.51	2.572
613.84	2.505
614.17	2.451
614.49	2.413
614.82	2.364
615.15	2.346
615.48	2.339
615.81	2.350
616.14	2.378
616.47	2.319
616.80	2.296
617.13	2.282
617.46	2.279
617.78	2.279
618.11	2.285
618.44	2.283
618.77	2.246
619.10	2.227
619.43	2.205
619.76	2.162
620.09	2.162
620.41	2.151
620.74	2.168
621.07	2.211
621.40	2.199
621.73	2.195
622.06	2.222
622.38	2.257
622.71	2.292
623.04	2.342
623.37	2.398
623.70	2.403
624.02	2.446
624.35	2.470
624.68	2.472
625.01	2.502
625.34	2.527
625.66	2.504
625.99	2.507
626.32	2.496
626.65	2.512
626.98	2.499
627.30	2.500
627.63	2.469
627.96	2.428
628.29	2.393
628.61	2.376
628.94	2.332
629.27	2.367
629.60	2.331
629.92	2.304
630.25	2.221
630.58	2.169
630.91	2.161
631.23	2.167
631.56	2.136
631.89	2.116
632.21	2.087
632.54	2.082
632.87	2.034
633.19	2.024
633.52	1.990
633.85	2.029
634.18	2.006
634.50	1.959
634.83	1.924
635.16	1.887
635.48	1.831
635.81	1.765
636.14	1.710
636.46	1.658
636.79	1.600
637.11	1.558
637.44	1.436
637.77	1.379
638.09	1.342
638.42	1.284
638.75	1.272
639.07	1.258
639.40	1.278
639.73	1.238
640.05	1.221
640.38	1.256
640.70	1.232
641.03	1.228
641.36	1.218
641.68	1.227
642.01	1.200
642.33	1.217
642.66	1.221
642.98	1.189
643.31	1.220
643.64	1.207
643.96	1.174
644.29	1.192
644.61	1.224
644.94	1.243
645.26	1.253
645.59	1.288
645.91	1.268
646.24	1.297
646.56	1.299
646.89	1.299
647.22	1.321
647.54	1.322
647.87	1.287
648.19	1.288
648.52	1.306
648.84	1.281
649.17	1.229
649.49	1.234
649.82	1.192
650.14	1.222
650.47	1.198
650.79	1.202
651.11	1.200
651.44	1.253
651.76	1.270
652.09	1.303
652.41	1.344
652.74	1.403
653.06	1.429
653.39	1.447
653.71	1.437
654.04	1.470
654.36	1.493
654.68	1.524
655.01	1.552
655.33	1.600
655.66	1.566
655.98	1.596
656.30	1.597
656.63	1.606
656.95	1.652
657.28	1.679
657.60	1.637
657.92	1.635
658.25	1.614
658.57	1.603
658.90	1.522
659.22	1.501
659.54	1.407
659.87	1.349
660.19	1.271
660.51	1.186
660.84	1.107
661.16	1.062
661.48	1.005
661.81	0.970
662.13	0.907
662.45	0.968
662.78	0.962
663.10	1.025
663.42	1.057
663.75	1.101
664.07	1.118
664.39	1.115
664.72	1.175
665.04	1.190
665.36	1.215
665.69	1.236
666.01	1.234
666.33	1.271
666.65	1.228
666.98	1.281
667.30	1.368
667.62	1.445
667.94	1.486
668.27	1.546
668.59	1.634
668.91	1.750
669.23	1.842
669.56	1.860
669.88	1.955
670.20	2.033
670.52	2.107
670.85	2.093
671.17	2.124
671.49	2.205
671.81	2.288
672.13	2.317
672.46	2.353
672.78	2.432
673.10	2.509
673.42	2.555
673.74	2.702
674.07	2.747
674.39	2.929
674.71	3.000
675.03	3.165
675.35	3.241
675.67	3.335
676.00	3.406
676.32	3.462
676.64	3.603
676.96	3.718
677.28	3.784
677.60	3.882
677.92	3.930
678.25	4.060
678.57	4.104
678.89	4.182
679.21	4.238
679.53	4.322
679.85	4.396
680.17	4.440
680.49	4.503
680.81	4.563
681.13	4.620
681.46	4.686
681.78	4.727
682.10	4.774
682.42	4.864
682.74	4.971
683.06	5.043
683.38	5.138
683.70	5.285
684.02	5.397
684.34	5.549
684.66	5.666
684.98	5.796
685.30	5.925
685.62	6.051
685.94	6.156
686.26	6.235
686.58	6.313
686.90	6.402
687.22	6.393
687.54	6.381
687.86	6.301
688.18	6.288
688.50	6.271
688.82	6.226
689.14	6.201
689.46	6.208
689.78	6.223
690.10	6.190
690.42	6.118
690.74	6.174
691.06	6.235
691.38	6.344
691.70	6.456
692.02	6.497
692.34	6.554
692.66	6.617
692.98	6.637
693.30	6.678
693.62	6.858
693.94	6.985
694.26	7.025
694.57	7.111
694.89	7.242
695.21	7.334
695.53	7.461
695.85	7.609
696.17	7.725
696.49	7.875
696.81	8.028
697.13	8.080
697.44	8.230
697.76	8.374
698.08	8.505
698.40	8.642
698.72	8.801
699.04	8.954
699.36	9.155
699.67	9.342
699.99	9.429
700.31	9.575
700.63	9.813
700.95	10.011
701.27	10.244
701.58	10.434
701.90	10.599
702.22	10.813
702.54	10.978
702.86	11.148
703.17	11.313
703.49	11.613
703.81	11.838
704.13	12.000
704.45	12.284
704.76	12.569
705.08	12.788
705.40	12.970
705.72	13.172
706.03	13.466
706.35	13.695
706.67	13.970
706.99	14.244
707.30	14.507
707.62	14.794
707.94	15.065
708.26	15.284
708.57	15.578
708.89	15.926
709.21	16.183
709.53	16.461
709.84	16.782
710.16	17.136
710.48	17.411
710.79	17.808
711.11	18.118
711.43	18.335
711.74	18.660
712.06	19.015
712.38	19.289
712.69	19.653
713.01	19.954
713.33	20.319
713.64	20.664
713.96	21.079
714.28	21.496
714.59	22.011
714.91	22.557
715.23	23.003
715.54	23.387
715.86	23.910
716.17	24.359
716.49	24.845
716.81	25.234
717.12	25.565
717.44	25.983
717.76	26.293
718.07	26.554
718.39	26.886
718.70	27.100
719.02	27.386
719.33	27.688
719.65	28.000
719.97	28.251
720.28	28.595
720.60	29.008
720.91	29.330
721.23	29.659
721.54	30.098
721.86	30.325
722.17	30.676
722.49	31.136
722.81	31.475
723.12	31.900
723.44	32.299
723.75	32.721
724.07	33.053
724.38	33.370
724.70	33.848
725.01	34.097
725.33	34.426
725.64	34.905
725.96	35.226
726.27	35.437
726.59	35.768
726.90	36.051
727.22	36.119
727.53	36.519
727.84	36.879
728.16	36.991
728.47	37.265
728.79	37.521
729.10	37.676
729.42	38.017
729.73	38.322
730.05	38.516
730.36	38.833
730.67	39.273
730.99	39.481
731.30	39.633
731.62	39.951
731.93	40.216
732.24	40.597
732.56	40.887
732.87	41.153
733.19	41.494
733.50	41.804
733.81	41.969
734.13	42.216
734.44	42.491
734.76	42.747
735.07	42.964
735.38	43.210
735.70	43.417
736.01	43.755
736.32	43.932
736.64	44.161
736.95	44.298
737.26	44.610
737.58	44.874
737.89	45.050
738.20	45.334
738.52	45.514
738.83	45.672
739.14	45.825
739.45	45.960
739.77	46.204
740.08	46.328
740.39	46.504
740.71	46.686
741.02	46.712
741.33	46.917
741.64	47.084
741.96	47.199
742.27	47.342
742.58	47.679
742.90	47.947
743.21	48.056
743.52	48.416
743.83	48.504
744.14	48.537
744.46	48.840
744.77	48.894
745.08	48.792
745.39	48.910
745.71	49.127
746.02	48.949
746.33	48.981
746.64	48.923
746.95	48.935
747.27	49.167
747.58	49.294
747.89	49.126
748.20	49.252
748.51	49.498
748.82	49.620
749.14	49.618
749.45	49.744
749.76	49.729
750.07	49.983
750.38	49.721
750.69	49.865
751.01	49.809
751.32	49.895
751.63	50.042
751.94	50.047
752.25	50.126
752.56	50.189
752.87	50.018
753.18	49.844
753.49	49.673
753.81	49.882
754.12	49.582
754.43	49.675
754.74	49.792
755.05	49.721
755.36	49.726
755.67	49.893
755.98	50.124
756.29	50.440
756.60	50.833
756.91	50.981
757.22	51.038
757.53	51.402
757.84	51.668
758.15	51.854
758.46	51.966
758.77	52.135
759.09	52.133
759.40	51.987
759.71	52.083
760.02	52.009
760.33	52.051
760.64	51.984
760.95	51.916
761.26	51.704
761.57	51.513
761.88	51.490
762.18	51.443
762.49	51.324
762.80	51.332
763.11	51.198
763.42	51.149
763.73	51.123
764.04	51.223
764.35	51.201
764.66	51.265
764.97	51.319
765.28	51.198
765.59	51.084
765.90	50.982
766.21	50.796
766.52	50.852
766.83	50.793
767.14	50.642
767.44	50.506
767.75	50.272
768.06	50.278
768.37	49.969
768.68	50.025
768.99	50.015
769.30	50.277
769.61	50.125
769.91	49.946
770.22	49.506
770.53	49.324
770.84	49.289
771.15	49.202
771.46	48.746
771.77	49.014
772.07	48.834
772.38	48.734
772.69	48.597
773.00	48.899
773.31	48.790
773.61	49.155
773.92	49.194
774.23	49.160
774.54	48.992
774.85	49.117
775.15	48.760
775.46	48.673
775.77	48.574
776.08	48.419
776.39	48.209
776.69	48.249
777.00	48.317
777.31	48.511
777.62	48.421
777.92	48.734
778.23	48.927
778.54	49.374
778.85	49.473
779.15	49.523
779.46	49.428
779.77	49.830
780.07	49.934
780.38	49.776
780.69	49.457
781.00	49.650
781.30	49.526
781.61	49.278
781.92	49.123
782.22	49.191
782.53	49.121
782.84	49.133
783.14	48.851
783.45	48.616
783.76	48.826
784.06	49.159
784.37	48.917
784.68	48.814
784.98	49.137
785.29	49.111
785.60	49.107
785.90	49.410
786.21	49.584
786.51	49.676
786.82	50.146
787.13	50.263
787.43	50.210
787.74	50.410
788.04	50.766
788.35	50.943
788.66	51.048
788.96	51.173
789.27	51.117
789.57	51.111
789.88	51.101
790.19	50.763
790.49	50.525
790.80	50.498
791.10	50.544
791.41	50.593
791.71	50.440
792.02	50.281
792.32	50.127
792.63	50.026
792.93	49.938
793.24	50.058
793.54	49.931
793.85	50.077
794.15	50.048
794.46	49.968
794.76	49.715
795.07	49.720
795.37	49.748
795.68	49.981
795.98	50.169
796.29	50.707
796.59	50.589
796.90	50.772
797.20	50.776
797.51	50.629
797.81	50.681
798.12	50.834
798.42	50.922
798.72	51.326
799.03	51.057
799.33	50.913
799.64	50.500
799.94	50.729
800.25	50.680
800.55	50.743
800.85	51.146
801.16	51.091
801.46	50.559
801.77	50.550
802.07	50.395
802.37	50.463
802.68	50.530
802.98	50.615
803.28	50.587
803.59	50.822
803.89	50.944
804.20	51.116
804.50	51.050
804.80	51.569
805.11	51.662
805.41	51.989
805.71	51.883
806.02	51.903
806.32	51.923
806.62	51.935
806.93	52.228
807.23	52.040
807.53	51.996
807.83	52.255
808.14	52.449
808.44	52.317
808.74	52.095
809.05	52.706
809.35	52.691
809.65	52.840
809.95	52.632
810.26	52.219
810.56	52.306
810.86	52.412
811.16	52.716
811.47	53.084
811.77	53.548
812.07	53.851
812.37	53.452
812.68	54.329
812.98	54.396
813.28	54.936
813.58	55.663
813.88	55.710
814.19	56.018
814.49	55.903
814.79	55.447
815.09	55.460
815.39	54.973
815.70	55.409
816.00	54.729
816.30	54.620
816.60	54.168
816.90	53.988
817.20	53.974
817.50	53.378
817.81	52.941
818.11	52.739
818.41	52.265
818.71	52.266
819.01	52.260
819.31	52.502
819.61	52.827
819.92	53.051
820.22	53.192
820.52	53.397
820.82	53.692
821.12	54.049
821.42	54.328
821.72	54.687
822.02	55.056
822.32	55.395
822.62	55.656
822.92	55.858
823.22	56.142
823.52	56.424
823.83	56.553
824.13	56.679
824.43	56.616
824.73	56.778
825.03	56.801
825.33	56.796
825.63	56.623
825.93	56.538
826.23	56.398
826.53	56.262
826.83	56.121
827.13	56.362
827.43	56.471
827.73	56.912
828.03	57.064
828.33	57.330
828.63	57.440
828.93	57.665
829.23	57.683
829.53	57.574
829.83	57.648
830.13	57.466
830.42	56.969
830.72	56.334
831.02	55.869
831.32	55.774
831.62	55.651
831.92	55.464
832.22	55.217
832.52	55.094
832.82	55.201
833.12	55.141
833.42	55.261
833.72	55.631
834.01	56.006
834.31	56.183
834.61	56.100
834.91	56.371
835.21	56.603
835.51	56.762
835.81	56.862
836.11	56.704
836.40	56.827
836.70	57.007
837.00	56.683
837.30	56.453
837.60	56.513
837.90	56.664
838.19	56.377
838.49	55.944
838.79	56.061
839.09	56.430
839.39	57.229
839.68	56.987
839.98	56.140
840.28	55.437
840.58	55.691
840.88	55.771
841.17	55.743
841.47	55.911
841.77	55.996
842.07	56.213
842.36	55.691
842.66	54.906
842.96	54.953
843.26	54.926
843.55	54.785
843.85	53.682
844.15	53.724
844.45	53.079
844.74	52.621
845.04	52.052
845.34	51.948
845.63	52.440
845.93	53.374
846.23	53.994
846.53	55.194
846.82	56.132
847.12	58.086
847.42	56.215
847.71	55.501
848.01	55.556
848.31	55.725
848.60	55.847
848.90	55.574
849.19	54.127
849.49	53.258
849.79	52.915
850.08	52.483
850.38	50.653
850.68	51.390
850.97	52.963
851.27	52.263
851.56	52.686
851.86	52.292
852.16	52.663
852.45	52.585
852.75	52.664
853.04	54.322
853.34	55.530
853.64	57.235
853.93	56.705
854.23	55.370
854.52	55.469
854.82	56.537
855.11	56.933
855.41	56.773
855.70	57.925
856.00	57.030
856.30	56.120
856.59	55.425
856.89	55.547
857.18	56.000
857.48	56.080
857.77	54.787
858.07	53.285
858.36	52.499
858.66	51.100
858.95	51.411
859.25	51.732
859.54	50.807
859.84	49.808
860.13	47.470
860.42	47.722
860.72	46.983
861.01	48.146
861.31	49.479
861.60	51.401
861.90	53.147
862.19	52.568
862.49	53.891
862.78	54.589
863.07	54.516
863.37	54.859
863.66	53.956
863.96	56.300
864.25	57.500
864.54	57.393
864.84	55.177
865.13	55.911
865.43	55.439
865.72	68.252
866.01	60.376
866.31	45.373
866.60	65.641
866.89	49.245
>>>>>End Spectral Data<<<<<
