180.30	0.000
180.67	0.000
181.03	-92.392
181.40	439.689
181.77	-5571.177
182.14	109.327
182.51	-391.529
182.88	-79.416
183.25	-21.637
183.62	-22.181
183.99	174.678
184.36	-66.657
184.73	398.936
185.10	43.102
185.46	-865.128
185.83	5.695
186.20	2172.644
186.57	177.505
186.94	97.359
187.31	4.871
187.68	202.171
188.05	-13.854
188.42	33.658
188.78	38.252
189.15	213.675
189.52	6.955
189.89	64.125
190.26	51.870
190.63	32.639
191.00	27.882
191.37	26.203
191.73	33.000
192.10	31.382
192.47	34.549
192.84	24.802
193.21	28.803
193.58	14.377
193.94	1.766
194.31	2.520
194.68	5.095
195.05	-6.312
195.42	-1.095
195.79	-9.453
196.15	-2.490
196.52	-24.904
196.89	-25.708
197.26	-50.252
197.63	-24.763
198.00	-25.989
198.36	-34.354
198.73	-55.062
199.10	-54.897
199.47	-44.067
199.84	-51.260
200.20	-59.019
200.57	-43.019
200.94	-26.871
201.31	-5.763
201.68	-21.510
202.04	-9.743
202.41	-4.806
202.78	-21.322
203.15	-22.620
203.51	-26.331
203.88	-31.175
204.25	-35.172
204.62	-48.561
204.98	-70.811
205.35	-95.033
205.72	-89.435
206.09	-81.560
206.46	-157.536
206.82	-107.803
207.19	-94.189
207.56	-186.634
207.92	-143.470
208.29	-147.540
208.66	-76.908
209.03	-62.831
209.39	-22.589
209.76	-31.067
210.13	-74.647
210.50	-53.658
210.86	-51.648
211.23	-51.355
211.60	-10.153
211.96	-24.257
212.33	-15.230
212.70	-43.955
213.07	-58.120
213.43	-110.506
213.80	-104.032
214.17	-61.015
214.53	-38.777
214.90	-35.329
215.27	-33.986
215.63	-43.534
216.00	-36.640
216.37	-38.610
216.74	-43.891
217.10	-34.669
217.47	-29.737
217.84	-23.319
218.20	-19.269
218.57	-19.903
218.94	-9.711
219.30	-2.076
219.67	-4.409
220.04	-1.973
220.40	-0.534
220.77	-1.542
221.13	2.036
221.50	5.468
221.87	6.330
222.23	1.703
222.60	0.596
222.97	-10.932
223.33	-12.267
223.70	-4.836
224.07	-5.320
224.43	-6.841
224.80	-0.995
225.16	-2.596
225.53	-2.619
225.90	-2.836
226.26	-0.279
226.63	0.805
226.99	3.208
227.36	2.745
227.73	3.313
228.09	3.698
228.46	5.550
228.82	4.618
229.19	4.833
229.56	4.340
229.92	6.152
230.29	5.206
230.65	5.569
231.02	3.409
231.38	1.228
231.75	-1.543
232.12	-5.106
232.48	-9.530
232.85	-10.863
233.21	-10.719
233.58	-11.014
233.94	-12.086
234.31	-13.500
234.68	-14.370
235.04	-14.237
235.41	-12.266
235.77	-9.022
236.14	-6.066
236.50	-3.851
236.87	-3.263
237.23	-2.843
237.60	-3.214
237.96	-3.063
238.33	-2.911
238.69	-3.021
239.06	-2.606
239.42	-1.750
239.79	-2.363
240.15	-1.864
240.52	-1.333
240.88	-0.661
241.25	-1.027
241.61	-0.563
241.98	-0.580
242.34	-0.282
242.71	0.387
243.07	0.895
243.44	0.480
243.80	0.440
244.17	0.349
244.53	0.076
244.90	0.249
245.26	0.402
245.63	0.527
245.99	0.530
246.36	0.489
246.72	0.562
247.09	0.103
247.45	0.318
247.81	0.737
248.18	0.597
248.54	0.898
248.91	0.663
249.27	0.740
249.64	0.992
250.00	1.266
250.36	1.468
250.73	1.066
251.09	1.562
251.46	1.299
251.82	0.771
252.19	0.694
252.55	0.549
252.91	0.618
253.28	0.828
253.64	0.101
254.01	0.169
254.37	0.242
254.73	0.610
255.10	0.776
255.46	1.305
255.83	1.409
256.19	1.436
256.55	1.152
256.92	1.123
257.28	1.047
257.65	1.280
258.01	1.062
258.37	0.974
258.74	0.713
259.10	0.534
259.46	0.222
259.83	0.089
260.19	0.184
260.55	0.440
260.92	0.252
261.28	0.085
261.64	0.067
262.01	0.169
262.37	0.227
262.73	0.404
263.10	0.643
263.46	0.753
263.82	0.838
264.19	0.741
264.55	0.280
264.91	0.363
265.28	0.374
265.64	0.156
266.00	0.201
266.37	0.093
266.73	0.012
267.09	0.049
267.46	-0.070
267.82	-0.368
268.18	-0.226
268.54	0.085
268.91	-0.078
269.27	0.007
269.63	0.120
270.00	0.078
270.36	0.104
270.72	0.321
271.08	0.252
271.45	0.386
271.81	0.639
272.17	0.503
272.53	0.475
272.90	0.687
273.26	0.772
273.62	0.699
273.98	0.618
274.35	0.789
274.71	0.800
275.07	0.868
275.43	0.773
275.80	0.822
276.16	0.760
276.52	0.777
276.88	0.689
277.25	0.414
277.61	0.212
277.97	0.316
278.33	0.205
278.69	0.055
279.06	-0.073
279.42	0.076
279.78	0.135
280.14	0.172
280.50	0.063
280.87	0.058
281.23	0.201
281.59	0.329
281.95	0.246
282.31	0.219
282.68	0.116
283.04	0.111
283.40	0.094
283.76	0.072
284.12	0.207
284.48	0.352
284.85	0.419
285.21	0.457
285.57	0.477
285.93	0.542
286.29	0.506
286.65	0.680
287.02	1.080
287.38	1.182
287.74	1.214
288.10	1.115
288.46	1.066
288.82	1.128
289.18	1.063
289.54	1.027
289.91	1.061
290.27	1.032
290.63	1.046
290.99	0.855
291.35	0.843
291.71	0.800
292.07	0.692
292.43	0.605
292.79	0.569
293.16	0.649
293.52	0.830
293.88	0.872
294.24	1.125
294.60	1.160
294.96	0.973
295.32	0.901
295.68	0.954
296.04	1.030
296.40	1.156
296.76	1.090
297.12	1.138
297.49	1.042
297.85	1.005
298.21	0.819
298.57	0.511
298.93	0.531
299.29	0.468
299.65	0.333
300.01	0.346
300.37	0.280
300.73	0.499
301.09	0.470
301.45	0.501
301.81	0.643
302.17	0.813
302.53	0.852
302.89	0.772
303.25	0.861
303.61	0.840
303.97	0.713
304.33	0.736
304.69	0.707
305.05	0.535
305.41	0.482
305.77	0.382
306.13	0.249
306.49	0.358
306.85	0.449
307.21	0.444
307.57	0.558
307.93	0.580
308.29	0.698
308.65	0.594
309.01	0.698
309.37	0.759
309.73	0.721
310.09	0.838
310.45	0.963
310.81	1.019
311.17	0.961
311.53	0.976
311.89	1.181
312.25	1.008
312.61	0.905
312.96	0.931
313.32	1.028
313.68	1.118
314.04	0.953
314.40	0.921
314.76	0.854
315.12	0.848
315.48	0.756
315.84	0.607
316.20	0.661
316.56	0.771
316.92	0.672
317.27	0.429
317.63	0.361
317.99	0.394
318.35	0.364
318.71	0.377
319.07	0.467
319.43	0.570
319.79	0.673
320.15	0.637
320.50	0.791
320.86	0.809
321.22	0.892
321.58	0.826
321.94	0.893
322.30	0.896
322.66	0.843
323.01	0.790
323.37	0.735
323.73	0.618
324.09	0.596
324.45	0.492
324.81	0.476
325.17	0.540
325.52	0.542
325.88	0.480
326.24	0.527
326.60	0.572
326.96	0.578
327.31	0.497
327.67	0.405
328.03	0.369
328.39	0.265
328.75	0.358
329.11	0.286
329.46	0.366
329.82	0.373
330.18	0.273
330.54	0.233
330.90	0.145
331.25	0.199
331.61	0.373
331.97	0.510
332.33	0.682
332.68	0.719
333.04	0.772
333.40	0.702
333.76	0.649
334.11	0.666
334.47	0.666
334.83	0.741
335.19	0.649
335.54	0.578
335.90	0.503
336.26	0.393
336.62	0.244
336.97	0.164
337.33	0.160
337.69	0.235
338.05	0.181
338.40	0.175
338.76	0.183
339.12	0.306
339.48	0.269
339.83	0.239
340.19	0.242
340.55	0.329
340.90	0.352
341.26	0.360
341.62	0.333
341.97	0.382
342.33	0.473
342.69	0.473
343.04	0.498
343.40	0.452
343.76	0.450
344.12	0.447
344.47	0.496
344.83	0.556
345.19	0.559
345.54	0.564
345.90	0.629
346.26	0.649
346.61	0.634
346.97	0.596
347.32	0.643
347.68	0.650
348.04	0.618
348.39	0.506
348.75	0.475
349.11	0.475
349.46	0.444
349.82	0.342
350.18	0.260
350.53	0.255
350.89	0.247
351.24	0.226
351.60	0.277
351.96	0.373
352.31	0.414
352.67	0.419
353.02	0.375
353.38	0.407
353.74	0.451
354.09	0.415
354.45	0.467
354.80	0.469
355.16	0.522
355.52	0.454
355.87	0.408
356.23	0.404
356.58	0.430
356.94	0.489
357.29	0.459
357.65	0.460
358.00	0.524
358.36	0.513
358.72	0.496
359.07	0.509
359.43	0.552
359.78	0.549
360.14	0.505
360.49	0.452
360.85	0.402
361.20	0.372
361.56	0.322
361.91	0.252
362.27	0.224
362.62	0.235
362.98	0.243
363.33	0.241
363.69	0.242
364.04	0.321
364.40	0.326
364.75	0.327
365.11	0.369
365.46	0.388
365.82	0.444
366.17	0.462
366.53	0.466
366.88	0.482
367.24	0.493
367.59	0.504
367.95	0.457
368.30	0.488
368.66	0.530
369.01	0.521
369.37	0.555
369.72	0.592
370.08	0.601
370.43	0.623
370.78	0.548
371.14	0.524
371.49	0.533
371.85	0.527
372.20	0.473
372.56	0.464
372.91	0.495
373.26	0.479
373.62	0.429
373.97	0.443
374.33	0.419
374.68	0.508
375.03	0.528
375.39	0.507
375.74	0.505
376.10	0.552
376.45	0.581
376.80	0.572
377.16	0.514
377.51	0.527
377.87	0.524
378.22	0.477
378.57	0.426
378.93	0.420
379.28	0.466
379.63	0.496
379.99	0.526
380.34	0.515
380.70	0.526
381.05	0.608
381.40	0.581
381.76	0.600
382.11	0.650
382.46	0.687
382.82	0.706
383.17	0.646
383.52	0.644
383.88	0.599
384.23	0.596
384.58	0.589
384.94	0.565
385.29	0.622
385.64	0.644
385.99	0.687
386.35	0.696
386.70	0.697
387.05	0.712
387.41	0.705
387.76	0.704
388.11	0.694
388.47	0.668
388.82	0.689
389.17	0.654
389.52	0.638
389.88	0.630
390.23	0.600
390.58	0.613
390.93	0.609
391.29	0.603
391.64	0.655
391.99	0.686
392.34	0.719
392.70	0.709
393.05	0.723
393.40	0.714
393.75	0.674
394.11	0.684
394.46	0.642
394.81	0.652
395.16	0.631
395.52	0.593
395.87	0.605
396.22	0.603
396.57	0.574
396.92	0.552
397.28	0.521
397.63	0.519
397.98	0.508
398.33	0.508
398.68	0.486
399.04	0.511
399.39	0.496
399.74	0.434
400.09	0.438
400.44	0.473
400.80	0.476
401.15	0.480
401.50	0.472
401.85	0.480
402.20	0.467
402.55	0.497
402.90	0.471
403.26	0.473
403.61	0.476
403.96	0.451
404.31	0.437
404.66	0.449
405.01	0.432
405.36	0.471
405.72	0.480
406.07	0.470
406.42	0.422
406.77	0.444
407.12	0.441
407.47	0.465
407.82	0.466
408.17	0.468
408.53	0.452
408.88	0.458
409.23	0.422
409.58	0.369
409.93	0.416
410.28	0.449
410.63	0.433
410.98	0.428
411.33	0.423
411.68	0.456
412.03	0.490
412.38	0.483
412.73	0.489
413.09	0.517
413.44	0.555
413.79	0.551
414.14	0.580
414.49	0.635
414.84	0.660
415.19	0.673
415.54	0.690
415.89	0.681
416.24	0.740
416.59	0.763
416.94	0.778
417.29	0.811
417.64	0.826
417.99	0.838
418.34	0.848
418.69	0.864
419.04	0.874
419.39	0.877
419.74	0.884
420.09	0.877
420.44	0.890
420.79	0.898
421.14	0.889
421.49	0.904
421.84	0.900
422.19	0.903
422.54	0.905
422.89	0.899
423.24	0.891
423.59	0.885
423.94	0.873
424.29	0.871
424.64	0.862
424.99	0.845
425.34	0.805
425.68	0.787
426.03	0.737
426.38	0.714
426.73	0.703
427.08	0.692
427.43	0.705
427.78	0.715
428.13	0.690
428.48	0.692
428.83	0.709
429.18	0.729
429.53	0.742
429.87	0.747
430.22	0.734
430.57	0.765
430.92	0.759
431.27	0.749
431.62	0.736
431.97	0.741
432.32	0.738
432.67	0.724
433.01	0.716
433.36	0.697
433.71	0.685
434.06	0.690
434.41	0.678
434.76	0.695
435.11	0.707
435.45	0.698
435.80	0.695
436.15	0.696
436.50	0.715
436.85	0.728
437.20	0.735
437.54	0.750
437.89	0.765
438.24	0.763
438.59	0.755
438.94	0.738
439.29	0.730
439.63	0.740
439.98	0.739
440.33	0.715
440.68	0.719
441.03	0.735
441.37	0.745
441.72	0.749
442.07	0.750
442.42	0.757
442.76	0.771
443.11	0.789
443.46	0.797
443.81	0.800
444.16	0.825
444.50	0.818
444.85	0.807
445.20	0.792
445.55	0.781
445.89	0.770
446.24	0.761
446.59	0.737
446.94	0.718
447.28	0.689
447.63	0.666
447.98	0.637
448.32	0.606
448.67	0.588
449.02	0.566
449.37	0.552
449.71	0.558
450.06	0.540
450.41	0.551
450.75	0.557
451.10	0.555
451.45	0.549
451.79	0.540
452.14	0.541
452.49	0.536
452.84	0.548
453.18	0.549
453.53	0.524
453.88	0.532
454.22	0.531
454.57	0.550
454.92	0.553
455.26	0.590
455.61	0.626
455.95	0.661
456.30	0.692
456.65	0.716
456.99	0.731
457.34	0.754
457.69	0.768
458.03	0.770
458.38	0.764
458.73	0.760
459.07	0.737
459.42	0.710
459.76	0.676
460.11	0.633
460.46	0.606
460.80	0.580
461.15	0.547
461.49	0.500
461.84	0.480
462.19	0.455
462.53	0.457
462.88	0.456
463.22	0.441
463.57	0.444
463.91	0.455
464.26	0.465
464.61	0.463
464.95	0.461
465.30	0.471
465.64	0.488
465.99	0.496
466.33	0.495
466.68	0.493
467.02	0.498
467.37	0.501
467.71	0.496
468.06	0.479
468.41	0.468
468.75	0.461
469.10	0.454
469.44	0.419
469.79	0.403
470.13	0.373
470.48	0.354
470.82	0.344
471.17	0.339
471.51	0.322
471.86	0.313
472.20	0.306
472.55	0.306
472.89	0.300
473.23	0.307
473.58	0.309
473.92	0.309
474.27	0.309
474.61	0.290
474.96	0.282
475.30	0.292
475.65	0.281
475.99	0.285
476.34	0.288
476.68	0.286
477.02	0.287
477.37	0.287
477.71	0.323
478.06	0.362
478.40	0.446
478.75	0.513
479.09	0.591
479.43	0.684
479.78	0.761
480.12	0.832
480.47	0.905
480.81	0.969
481.15	1.029
481.50	1.077
481.84	1.126
482.19	1.164
482.53	1.199
482.87	1.224
483.22	1.218
483.56	1.195
483.90	1.161
484.25	1.127
484.59	1.091
484.94	1.047
485.28	1.008
485.62	0.967
485.97	0.912
486.31	0.876
486.65	0.831
487.00	0.808
487.34	0.797
487.68	0.787
488.03	0.773
488.37	0.761
488.71	0.757
489.06	0.738
489.40	0.727
489.74	0.721
490.09	0.694
490.43	0.672
490.77	0.638
491.11	0.605
491.46	0.572
491.80	0.545
492.14	0.502
492.49	0.471
492.83	0.436
493.17	0.384
493.51	0.337
493.86	0.309
494.20	0.279
494.54	0.267
494.88	0.275
495.23	0.285
495.57	0.286
495.91	0.305
496.25	0.312
496.60	0.319
496.94	0.316
497.28	0.317
497.62	0.305
497.97	0.301
498.31	0.297
498.65	0.284
498.99	0.266
499.33	0.276
499.68	0.262
500.02	0.248
500.36	0.237
500.70	0.244
501.04	0.246
501.39	0.251
501.73	0.265
502.07	0.281
502.41	0.290
502.75	0.310
503.09	0.311
503.44	0.333
503.78	0.343
504.12	0.355
504.46	0.374
504.80	0.396
505.14	0.419
505.49	0.439
505.83	0.452
506.17	0.472
506.51	0.490
506.85	0.507
507.19	0.515
507.53	0.539
507.87	0.572
508.22	0.589
508.56	0.600
508.90	0.618
509.24	0.630
509.58	0.636
509.92	0.646
510.26	0.657
510.60	0.664
510.94	0.681
511.28	0.681
511.63	0.696
511.97	0.711
512.31	0.732
512.65	0.745
512.99	0.782
513.33	0.843
513.67	0.900
514.01	0.982
514.35	1.052
514.69	1.116
515.03	1.188
515.37	1.257
515.71	1.331
516.05	1.394
516.39	1.455
516.73	1.507
517.07	1.546
517.41	1.581
517.75	1.596
518.09	1.617
518.43	1.643
518.77	1.655
519.11	1.657
519.45	1.646
519.79	1.667
520.13	1.687
520.47	1.718
520.81	1.748
521.15	1.813
521.49	1.869
521.83	1.940
522.17	2.001
522.51	2.091
522.85	2.200
523.19	2.344
523.53	2.471
523.87	2.620
524.21	2.747
524.55	2.866
524.89	2.960
525.23	3.062
525.57	3.142
525.91	3.221
526.25	3.291
526.58	3.357
526.92	3.399
527.26	3.432
527.60	3.440
527.94	3.452
528.28	3.465
528.62	3.466
528.96	3.462
529.30	3.463
529.64	3.464
529.97	3.457
530.31	3.440
530.65	3.433
530.99	3.435
531.33	3.453
531.67	3.460
532.01	3.465
532.35	3.481
532.68	3.487
533.02	3.483
533.36	3.472
533.70	3.474
534.04	3.477
534.38	3.469
534.71	3.465
535.05	3.452
535.39	3.453
535.73	3.451
536.07	3.459
536.41	3.469
536.74	3.499
537.08	3.535
537.42	3.574
537.76	3.612
538.10	3.663
538.43	3.709
538.77	3.752
539.11	3.787
539.45	3.828
539.79	3.852
540.12	3.880
540.46	3.891
540.80	3.901
541.14	3.889
541.47	3.863
541.81	3.848
542.15	3.822
542.49	3.793
542.82	3.756
543.16	3.718
543.50	3.698
543.84	3.667
544.17	3.644
544.51	3.619
544.85	3.608
545.18	3.617
545.52	3.597
545.86	3.570
546.20	3.557
546.53	3.543
546.87	3.522
547.21	3.482
547.54	3.459
547.88	3.439
548.22	3.404
548.55	3.380
548.89	3.359
549.23	3.347
549.56	3.352
549.90	3.369
550.24	3.379
550.57	3.376
550.91	3.390
551.25	3.398
551.58	3.390
551.92	3.394
552.26	3.388
552.59	3.388
552.93	3.376
553.27	3.364
553.60	3.317
553.94	3.276
554.27	3.254
554.61	3.229
554.95	3.204
555.28	3.196
555.62	3.183
555.95	3.172
556.29	3.161
556.63	3.136
556.96	3.117
557.30	3.122
557.63	3.117
557.97	3.104
558.31	3.069
558.64	3.025
558.98	3.000
559.31	2.991
559.65	2.962
559.98	2.921
560.32	2.900
560.65	2.863
560.99	2.846
561.33	2.837
561.66	2.813
562.00	2.807
562.33	2.797
562.67	2.784
563.00	2.755
563.34	2.758
563.67	2.748
564.01	2.740
564.34	2.736
564.68	2.700
565.01	2.668
565.35	2.645
565.68	2.625
566.02	2.605
566.35	2.568
566.69	2.536
567.02	2.513
567.36	2.477
567.69	2.445
568.03	2.423
568.36	2.397
568.69	2.365
569.03	2.344
569.36	2.317
569.70	2.291
570.03	2.289
570.37	2.279
570.70	2.248
571.04	2.224
571.37	2.189
571.70	2.145
572.04	2.126
572.37	2.115
572.71	2.093
573.04	2.068
573.37	2.050
573.71	2.008
574.04	1.967
574.38	1.924
574.71	1.896
575.04	1.869
575.38	1.849
575.71	1.797
576.05	1.758
576.38	1.716
576.71	1.657
577.05	1.606
577.38	1.564
577.71	1.526
578.05	1.490
578.38	1.462
578.71	1.416
579.05	1.372
579.38	1.326
579.71	1.290
580.05	1.257
580.38	1.235
580.71	1.188
581.05	1.164
581.38	1.121
581.71	1.117
582.05	1.093
582.38	1.103
582.71	1.090
583.04	1.101
583.38	1.084
583.71	1.095
584.04	1.101
584.38	1.132
584.71	1.129
585.04	1.158
585.37	1.139
585.71	1.135
586.04	1.114
586.37	1.139
586.70	1.149
587.04	1.163
587.37	1.153
587.70	1.138
588.03	1.125
588.37	1.138
588.70	1.140
589.03	1.144
589.36	1.142
589.69	1.144
590.03	1.114
590.36	1.080
590.69	1.045
591.02	1.026
591.35	1.016
591.69	1.003
592.02	0.982
592.35	0.973
592.68	0.976
593.01	0.973
593.35	0.977
593.68	0.986
594.01	1.007
594.34	1.000
594.67	1.008
595.00	1.006
595.34	0.992
595.67	0.967
596.00	0.941
596.33	0.888
596.66	0.837
596.99	0.800
597.32	0.728
597.65	0.675
597.99	0.640
598.32	0.581
598.65	0.537
598.98	0.508
599.31	0.493
599.64	0.499
599.97	0.509
600.30	0.533
600.63	0.543
600.96	0.584
601.30	0.598
601.63	0.614
601.96	0.634
602.29	0.638
602.62	0.629
602.95	0.621
603.28	0.603
603.61	0.559
603.94	0.514
604.27	0.512
604.60	0.479
604.93	0.462
605.26	0.435
605.59	0.404
605.92	0.395
606.25	0.374
606.58	0.361
606.91	0.311
607.24	0.334
607.57	0.326
607.90	0.279
608.23	0.239
608.56	0.191
608.89	0.162
609.22	0.117
609.55	0.049
609.88	0.014
610.21	-0.060
610.54	-0.103
610.87	-0.155
611.20	-0.201
611.53	-0.263
611.86	-0.295
612.19	-0.341
612.52	-0.405
612.85	-0.416
613.18	-0.425
613.51	-0.460
613.84	-0.483
614.17	-0.481
614.49	-0.479
614.82	-0.511
615.15	-0.524
615.48	-0.523
615.81	-0.541
616.14	-0.531
616.47	-0.578
616.80	-0.617
617.13	-0.628
617.46	-0.644
617.78	-0.672
618.11	-0.727
618.44	-0.733
618.77	-0.776
619.10	-0.805
619.43	-0.799
619.76	-0.833
620.09	-0.821
620.41	-0.813
620.74	-0.791
621.07	-0.750
621.40	-0.738
621.73	-0.702
622.06	-0.676
622.38	-0.622
622.71	-0.585
623.04	-0.559
623.37	-0.513
623.70	-0.467
624.02	-0.413
624.35	-0.395
624.68	-0.402
625.01	-0.389
625.34	-0.361
625.66	-0.343
625.99	-0.330
626.32	-0.325
626.65	-0.326
626.98	-0.347
627.30	-0.372
627.63	-0.438
627.96	-0.493
628.29	-0.526
628.61	-0.559
628.94	-0.615
629.27	-0.675
629.60	-0.739
629.92	-0.770
630.25	-0.820
630.58	-0.838
630.91	-0.853
631.23	-0.853
631.56	-0.853
631.89	-0.855
632.21	-0.876
632.54	-0.901
632.87	-0.917
633.19	-0.923
633.52	-0.971
633.85	-0.970
634.18	-1.010
634.50	-1.062
634.83	-1.091
635.16	-1.130
635.48	-1.192
635.81	-1.231
636.14	-1.271
636.46	-1.314
636.79	-1.369
637.11	-1.410
637.44	-1.479
637.77	-1.503
638.09	-1.549
638.42	-1.613
638.75	-1.650
639.07	-1.650
639.40	-1.676
639.73	-1.698
640.05	-1.709
640.38	-1.681
640.70	-1.696
641.03	-1.699
641.36	-1.726
641.68	-1.699
642.01	-1.662
642.33	-1.669
642.66	-1.671
642.98	-1.651
643.31	-1.642
643.64	-1.611
643.96	-1.604
644.29	-1.574
644.61	-1.553
644.94	-1.516
645.26	-1.490
645.59	-1.486
645.91	-1.425
646.24	-1.401
646.56	-1.404
646.89	-1.360
647.22	-1.373
647.54	-1.367
647.87	-1.368
648.19	-1.385
648.52	-1.391
648.84	-1.393
649.17	-1.401
649.49	-1.430
649.82	-1.448
650.14	-1.453
650.47	-1.502
650.79	-1.470
651.11	-1.482
651.44	-1.490
651.76	-1.472
652.09	-1.449
652.41	-1.442
652.74	-1.417
653.06	-1.422
653.39	-1.409
653.71	-1.368
654.04	-1.327
654.36	-1.304
654.68	-1.277
655.01	-1.228
655.33	-1.156
655.66	-1.127
655.98	-1.102
656.30	-1.104
656.63	-1.047
656.95	-1.010
657.28	-1.005
657.60	-1.038
657.92	-1.047
658.25	-1.069
658.57	-1.067
658.90	-1.133
659.22	-1.171
659.54	-1.216
659.87	-1.211
660.19	-1.285
660.51	-1.332
660.84	-1.384
661.16	-1.417
661.48	-1.477
661.81	-1.522
662.13	-1.601
662.45	-1.609
662.78	-1.615
663.10	-1.582
663.42	-1.584
663.75	-1.530
664.07	-1.510
664.39	-1.507
664.72	-1.480
665.04	-1.433
665.36	-1.362
665.69	-1.294
666.01	-1.227
666.33	-1.132
666.65	-1.134
666.98	-1.062
667.30	-1.030
667.62	-0.975
667.94	-0.879
668.27	-0.789
668.59	-0.748
668.91	-0.675
669.23	-0.626
669.56	-0.564
669.88	-0.528
670.20	-0.502
670.52	-0.485
670.85	-0.475
671.17	-0.433
671.49	-0.383
671.81	-0.304
672.13	-0.232
672.46	-0.186
672.78	-0.123
673.10	-0.038
673.42	-0.024
673.74	0.118
674.07	0.205
674.39	0.375
674.71	0.411
675.03	0.515
675.35	0.598
675.67	0.708
676.00	0.814
676.32	0.869
676.64	0.921
676.96	1.053
677.28	1.157
677.60	1.265
677.92	1.341
678.25	1.453
678.57	1.535
678.89	1.578
679.21	1.613
679.53	1.664
679.85	1.773
680.17	1.833
680.49	1.888
680.81	1.936
681.13	1.932
681.46	1.965
681.78	2.087
682.10	2.136
682.42	2.215
682.74	2.325
683.06	2.388
683.38	2.450
683.70	2.534
684.02	2.612
684.34	2.700
684.66	2.829
684.98	2.928
685.30	2.991
685.62	3.030
685.94	3.089
686.26	3.097
686.58	3.109
686.90	3.143
687.22	3.145
687.54	3.107
687.86	3.052
688.18	2.982
688.50	2.915
688.82	2.809
689.14	2.762
689.46	2.737
689.78	2.690
690.10	2.673
690.42	2.611
690.74	2.575
691.06	2.556
691.38	2.506
691.70	2.572
692.02	2.573
692.34	2.589
692.66	2.603
692.98	2.581
693.30	2.653
693.62	2.723
693.94	2.752
694.26	2.787
694.57	2.871
694.89	3.045
695.21	3.082
695.53	3.175
695.85	3.234
696.17	3.328
696.49	3.476
696.81	3.578
697.13	3.644
697.44	3.793
697.76	3.968
698.08	4.112
698.40	4.159
698.72	4.272
699.04	4.376
699.36	4.584
699.67	4.764
699.99	4.857
700.31	4.948
700.63	5.084
700.95	5.222
701.27	5.369
701.58	5.450
701.90	5.655
702.22	5.871
702.54	6.097
702.86	6.329
703.17	6.502
703.49	6.766
703.81	7.081
704.13	7.317
704.45	7.543
704.76	7.786
705.08	8.109
705.40	8.362
705.72	8.595
706.03	8.886
706.35	9.097
706.67	9.456
706.99	9.668
707.30	9.974
707.62	10.311
707.94	10.665
708.26	10.883
708.57	11.160
708.89	11.521
709.21	11.807
709.53	12.046
709.84	12.372
710.16	12.616
710.48	12.972
710.79	13.230
711.11	13.502
711.43	13.828
711.74	14.194
712.06	14.552
712.38	14.833
712.69	15.207
713.01	15.592
713.33	15.962
713.64	16.406
713.96	16.819
714.28	17.299
714.59	17.838
714.91	18.195
715.23	18.682
715.54	19.038
715.86	19.533
716.17	20.018
716.49	20.500
716.81	20.953
717.12	21.272
717.44	21.690
717.76	22.087
718.07	22.360
718.39	22.764
718.70	23.038
719.02	23.359
719.33	23.572
719.65	23.783
719.97	24.077
720.28	24.321
720.60	24.693
720.91	24.957
721.23	25.280
721.54	25.646
721.86	25.962
722.17	26.356
722.49	26.941
722.81	27.358
723.12	27.819
723.44	28.293
723.75	28.765
724.07	29.085
724.38	29.551
724.70	29.873
725.01	30.227
725.33	30.639
725.64	30.932
725.96	31.218
726.27	31.525
726.59	31.846
726.90	31.967
727.22	32.099
727.53	32.530
727.84	32.762
728.16	33.031
728.47	33.360
728.79	33.676
729.10	34.008
729.42	34.161
729.73	34.431
730.05	34.714
730.36	35.018
730.67	35.286
730.99	35.390
731.30	35.658
731.62	35.972
731.93	36.122
732.24	36.209
732.56	36.457
732.87	36.722
733.19	36.951
733.50	37.108
733.81	37.323
734.13	37.610
734.44	37.880
734.76	37.977
735.07	38.090
735.38	38.189
735.70	38.505
736.01	38.653
736.32	38.905
736.64	39.168
736.95	39.455
737.26	39.666
737.58	39.862
737.89	40.112
738.20	40.370
738.52	40.602
738.83	40.871
739.14	41.034
739.45	41.158
739.77	41.186
740.08	41.273
740.39	41.306
740.71	41.565
741.02	41.713
741.33	41.808
741.64	41.901
741.96	41.967
742.27	42.082
742.58	42.199
742.90	42.468
743.21	42.628
743.52	42.905
743.83	43.088
744.14	43.124
744.46	43.317
744.77	43.365
745.08	43.436
745.39	43.553
745.71	43.677
746.02	43.617
746.33	43.508
746.64	43.485
746.95	43.297
747.27	43.395
747.58	43.369
747.89	43.292
748.20	43.311
748.51	43.429
748.82	43.395
749.14	43.484
749.45	43.745
749.76	43.896
750.07	44.192
750.38	44.323
750.69	44.365
751.01	44.551
751.32	44.654
751.63	44.828
751.94	44.748
752.25	44.743
752.56	44.610
752.87	44.539
753.18	44.593
753.49	44.493
753.81	44.615
754.12	44.637
754.43	44.782
754.74	44.873
755.05	44.843
755.36	45.180
755.67	45.485
755.98	46.010
756.29	46.194
756.60	46.401
756.91	46.591
757.22	46.789
757.53	46.993
757.84	47.068
758.15	47.414
758.46	47.799
758.77	47.852
759.09	47.899
759.40	47.740
759.71	47.773
760.02	47.751
760.33	47.775
760.64	47.640
760.95	47.709
761.26	47.665
761.57	47.410
761.88	47.225
762.18	47.212
762.49	47.149
762.80	47.171
763.11	47.095
763.42	47.013
763.73	46.872
764.04	46.809
764.35	46.622
764.66	46.476
764.97	46.280
765.28	46.199
765.59	45.966
765.90	45.675
766.21	45.419
766.52	45.149
766.83	44.860
767.14	44.766
767.44	44.602
767.75	44.266
768.06	44.252
768.37	44.230
768.68	44.099
768.99	43.970
769.30	43.962
769.61	43.747
769.91	43.822
770.22	43.868
770.53	43.722
770.84	43.681
771.15	43.690
771.46	43.371
771.77	43.563
772.07	43.382
772.38	43.403
772.69	43.495
773.00	43.440
773.31	43.466
773.61	43.596
773.92	43.645
774.23	43.761
774.54	43.652
774.85	43.631
775.15	43.370
775.46	43.418
775.77	43.436
776.08	43.341
776.39	43.442
776.69	43.590
777.00	43.474
777.31	43.584
777.62	43.437
777.92	43.658
778.23	43.822
778.54	43.913
778.85	44.063
779.15	43.688
779.46	43.700
779.77	43.888
780.07	43.822
780.38	43.838
780.69	43.580
781.00	43.733
781.30	43.443
781.61	43.397
781.92	43.432
782.22	43.441
782.53	43.469
782.84	43.524
783.14	43.290
783.45	43.125
783.76	43.385
784.06	43.794
784.37	43.896
784.68	44.202
784.98	44.159
785.29	44.261
785.60	44.177
785.90	44.634
786.21	44.664
786.51	44.767
786.82	45.149
787.13	45.163
787.43	45.230
787.74	45.218
788.04	45.353
788.35	45.577
788.66	45.705
788.96	45.695
789.27	45.643
789.57	45.711
789.88	45.784
790.19	45.080
790.49	44.852
790.80	44.830
791.10	44.735
791.41	44.668
791.71	44.482
792.02	44.453
792.32	44.598
792.63	44.702
792.93	44.796
793.24	44.986
793.54	45.676
793.85	45.538
794.15	45.200
794.46	45.276
794.76	45.214
795.07	45.301
795.37	45.173
795.68	45.091
795.98	45.270
796.29	45.623
796.59	45.513
796.90	45.487
797.20	45.639
797.51	45.898
797.81	45.822
798.12	46.071
798.42	46.204
798.72	46.295
799.03	46.438
799.33	46.073
799.64	45.694
799.94	45.622
800.25	45.183
800.55	45.433
800.85	45.540
801.16	45.692
801.46	45.494
801.77	45.387
802.07	45.375
802.37	45.512
802.68	45.506
802.98	45.530
803.28	45.776
803.59	46.123
803.89	45.989
804.20	46.344
804.50	46.499
804.80	46.481
805.11	46.633
805.41	46.568
805.71	46.321
806.02	46.665
806.32	46.442
806.62	46.379
806.93	46.402
807.23	46.515
807.53	45.971
807.83	46.167
808.14	46.762
808.44	46.637
808.74	46.884
809.05	46.851
809.35	46.513
809.65	47.266
809.95	47.491
810.26	47.645
810.56	47.440
810.86	47.737
811.16	47.354
811.47	47.476
811.77	47.928
812.07	47.871
812.37	48.040
812.68	48.539
812.98	48.224
813.28	48.357
813.58	48.771
813.88	48.943
814.19	49.892
814.49	50.488
814.79	50.352
815.09	50.299
815.39	50.521
815.70	50.676
816.00	50.415
816.30	50.561
816.60	50.412
816.90	50.370
817.20	50.638
817.50	50.015
817.81	49.539
818.11	49.648
818.41	49.633
818.71	49.614
819.01	49.772
819.31	50.019
819.61	50.218
819.92	50.472
820.22	50.675
820.52	50.927
820.82	51.136
821.12	51.529
821.42	51.707
821.72	51.960
822.02	52.256
822.32	52.523
822.62	52.845
822.92	53.033
823.22	53.234
823.52	53.404
823.83	53.377
824.13	53.372
824.43	53.267
824.73	53.349
825.03	53.180
825.33	53.250
825.63	53.172
825.93	52.919
826.23	52.737
826.53	52.590
826.83	52.407
827.13	52.701
827.43	52.877
827.73	53.069
828.03	53.154
828.33	53.471
828.63	53.390
828.93	53.264
829.23	53.166
829.53	53.208
829.83	52.828
830.13	52.756
830.42	52.146
830.72	52.007
831.02	51.884
831.32	51.589
831.62	51.526
831.92	51.583
832.22	51.585
832.52	51.615
832.82	51.648
833.12	51.906
833.42	52.073
833.72	52.147
834.01	52.167
834.31	52.092
834.61	52.095
834.91	52.389
835.21	52.324
835.51	52.491
835.81	52.353
836.11	52.639
836.40	52.503
836.70	52.507
837.00	52.740
837.30	52.454
837.60	52.663
837.90	52.440
838.19	52.175
838.49	51.918
838.79	52.114
839.09	52.466
839.39	51.806
839.68	52.288
839.98	51.964
840.28	51.222
840.58	51.799
840.88	51.344
841.17	51.218
841.47	50.784
841.77	50.565
842.07	50.067
842.36	49.656
842.66	49.692
842.96	48.975
843.26	48.283
843.55	48.141
843.85	47.800
844.15	47.861
844.45	47.764
844.74	48.400
845.04	47.339
845.34	46.369
845.63	45.980
845.93	46.036
846.23	45.800
846.53	45.856
846.82	47.015
847.12	46.246
847.42	45.428
847.71	45.318
848.01	43.497
848.31	44.996
848.60	45.238
848.90	44.536
849.19	44.481
849.49	44.553
849.79	44.808
850.08	44.617
850.38	45.404
850.68	45.534
850.97	47.620
851.27	49.056
851.56	48.565
851.86	49.097
852.16	50.060
852.45	48.630
852.75	47.788
853.04	49.439
853.34	50.378
853.64	50.994
853.93	51.955
854.23	49.953
854.52	49.827
854.82	49.246
855.11	49.516
855.41	49.560
855.70	51.964
856.00	52.052
856.30	48.130
856.59	46.965
856.89	46.160
857.18	44.546
857.48	45.390
857.77	44.615
858.07	44.933
858.36	43.386
858.66	43.691
858.95	43.369
859.25	45.478
859.54	46.528
859.84	47.343
860.13	46.193
860.42	46.948
860.72	46.922
861.01	47.668
861.31	49.570
861.60	51.152
861.90	50.309
862.19	50.304
862.49	47.675
862.78	48.558
863.07	48.192
863.37	49.591
863.66	48.198
863.96	49.983
864.25	50.810
864.54	50.101
864.84	50.657
865.13	52.550
865.43	52.665
865.72	59.913
866.01	58.015
866.31	58.873
866.60	58.999
866.89	56.101
>>>>>End Spectral Data<<<<<
