180.30	0.000
180.67	0.000
181.03	112.368
181.40	227.727
181.77	-12047.171
182.14	-1.722
182.51	-682.921
182.88	166.253
183.25	69.321
183.62	61.140
183.99	388.191
184.36	-8.024
184.73	128.765
185.10	-11.542
185.46	1.172
185.83	155.400
186.20	113.542
186.57	23.541
186.94	139.704
187.31	43.327
187.68	116.921
188.05	57.673
188.42	71.129
188.78	99.625
189.15	474.970
189.52	-45.846
189.89	-4.774
190.26	2.405
190.63	11.806
191.00	16.186
191.37	27.792
191.73	35.186
192.10	38.848
192.47	43.793
192.84	41.464
193.21	49.352
193.58	36.363
193.94	43.035
194.31	29.645
194.68	26.686
195.05	16.790
195.42	5.859
195.79	1.977
196.15	-3.433
196.52	-24.342
196.89	-44.128
197.26	-70.700
197.63	-33.508
198.00	-26.551
198.36	-8.298
198.73	-11.890
199.10	-11.055
199.47	-17.025
199.84	-11.427
200.20	-5.563
200.57	4.130
200.94	15.814
201.31	31.951
201.68	8.836
202.04	-3.410
202.41	-1.305
202.78	-6.415
203.15	-6.812
203.51	-3.469
203.88	-22.690
204.25	-34.130
204.62	-54.635
204.98	-62.908
205.35	-73.682
205.72	-67.398
206.09	-48.035
206.46	-134.294
206.82	-105.954
207.19	-102.003
207.56	-152.006
207.92	-118.225
208.29	-139.705
208.66	-91.017
209.03	-85.601
209.39	-55.385
209.76	-52.469
210.13	-96.890
210.50	-53.185
210.86	-35.501
211.23	-40.574
211.60	-26.960
211.96	-41.702
212.33	-28.493
212.70	-33.636
213.07	-19.854
213.43	-49.675
213.80	-61.051
214.17	-43.992
214.53	-25.890
214.90	-32.215
215.27	-29.197
215.63	-34.686
216.00	-16.996
216.37	-19.935
216.74	-34.409
217.10	-28.561
217.47	-19.049
217.84	-7.314
218.20	-2.754
218.57	-0.690
218.94	7.811
219.30	9.814
219.67	9.151
220.04	7.792
220.40	8.465
220.77	12.767
221.13	12.665
221.50	9.082
221.87	4.197
222.23	1.169
222.60	-6.962
222.97	-15.678
223.33	-10.423
223.70	-7.746
224.07	-8.860
224.43	-7.803
224.80	-4.463
225.16	-8.951
225.53	-7.583
225.90	-7.769
226.26	-4.520
226.63	-2.323
226.99	-0.033
227.36	-0.149
227.73	2.231
228.09	1.182
228.46	1.966
228.82	1.942
229.19	3.866
229.56	4.547
229.92	6.413
230.29	7.386
230.65	6.644
231.02	4.841
231.38	4.362
231.75	2.071
232.12	0.167
232.48	-2.551
232.85	-4.260
233.21	-4.452
233.58	-6.376
233.94	-6.543
234.31	-8.644
234.68	-8.543
235.04	-7.983
235.41	-7.628
235.77	-6.448
236.14	-4.171
236.50	-2.048
236.87	-0.738
237.23	-0.470
237.60	-0.574
237.96	-0.019
238.33	-0.427
238.69	-0.835
239.06	-0.853
239.42	-0.861
239.79	-1.294
240.15	-1.382
240.52	-1.512
240.88	-1.183
241.25	-1.627
241.61	-1.223
241.98	-2.062
242.34	-2.056
242.71	-1.463
243.07	-1.020
243.44	-0.879
243.80	-0.642
244.17	-0.680
244.53	-0.852
244.90	-1.128
245.26	-0.959
245.63	-1.157
245.99	-1.004
246.36	-0.963
246.72	-0.851
247.09	-1.390
247.45	-1.395
247.81	-1.360
248.18	-1.230
248.54	-0.736
248.91	-0.939
249.27	-1.069
249.64	-0.354
250.00	-0.120
250.36	0.080
250.73	-0.243
251.09	0.524
251.46	0.600
251.82	0.627
252.19	0.606
252.55	0.144
252.91	0.112
253.28	0.122
253.64	-0.992
254.01	-1.271
254.37	-1.439
254.73	-1.065
255.10	-1.109
255.46	-0.901
255.83	-0.838
256.19	-0.921
256.55	-1.009
256.92	-0.723
257.28	-0.538
257.65	-0.015
258.01	0.108
258.37	0.249
258.74	0.043
259.10	-0.223
259.46	-0.464
259.83	-0.557
260.19	-0.596
260.55	-0.472
260.92	-0.650
261.28	-0.664
261.64	-1.055
262.01	-1.157
262.37	-1.279
262.73	-1.081
263.10	-0.688
263.46	-0.571
263.82	-0.625
264.19	-0.515
264.55	-0.702
264.91	-0.544
265.28	-0.794
265.64	-0.966
266.00	-1.011
266.37	-1.029
266.73	-1.313
267.09	-1.370
267.46	-1.380
267.82	-1.306
268.18	-1.140
268.54	-1.077
268.91	-1.036
269.27	-1.098
269.63	-0.809
270.00	-0.636
270.36	-0.666
270.72	-0.399
271.08	-0.376
271.45	-0.372
271.81	-0.408
272.17	-0.673
272.53	-0.520
272.90	-0.368
273.26	-0.115
273.62	-0.454
273.98	-0.727
274.35	-0.862
274.71	-0.950
275.07	-0.942
275.43	-0.913
275.80	-1.014
276.16	-0.913
276.52	-0.839
276.88	-0.955
277.25	-1.250
277.61	-1.202
277.97	-1.017
278.33	-0.860
278.69	-0.811
279.06	-0.753
279.42	-0.735
279.78	-0.598
280.14	-0.446
280.50	-0.481
280.87	-0.484
281.23	-0.310
281.59	-0.131
281.95	-0.149
282.31	-0.022
282.68	-0.151
283.04	-0.118
283.40	-0.014
283.76	0.124
284.12	0.303
284.48	0.328
284.85	0.283
285.21	0.335
285.57	0.341
285.93	0.270
286.29	-0.080
286.65	-0.003
287.02	0.128
287.38	0.014
287.74	-0.288
288.10	-0.627
288.46	-0.767
288.82	-0.684
289.18	-0.757
289.54	-0.817
289.91	-0.784
290.27	-0.410
290.63	-0.343
290.99	-0.362
291.35	-0.329
291.71	-0.032
292.07	0.012
292.43	0.117
292.79	0.048
293.16	0.129
293.52	0.294
293.88	0.439
294.24	0.367
294.60	0.202
294.96	-0.005
295.32	0.057
295.68	0.061
296.04	0.099
296.40	0.118
296.76	0.157
297.12	0.032
297.49	-0.121
297.85	-0.223
298.21	-0.208
298.57	-0.238
298.93	-0.136
299.29	-0.356
299.65	-0.516
300.01	-0.594
300.37	-0.569
300.73	-0.465
301.09	-0.404
301.45	-0.244
301.81	-0.082
302.17	-0.084
302.53	0.028
302.89	0.026
303.25	0.368
303.61	0.419
303.97	0.444
304.33	0.463
304.69	0.570
305.05	0.614
305.41	0.534
305.77	0.334
306.13	0.300
306.49	0.249
306.85	0.306
307.21	0.082
307.57	0.152
307.93	0.127
308.29	0.254
308.65	0.115
309.01	0.109
309.37	0.094
309.73	0.146
310.09	0.178
310.45	0.293
310.81	0.237
311.17	0.236
311.53	0.149
311.89	0.183
312.25	0.026
312.61	-0.002
312.96	0.002
313.32	-0.059
313.68	-0.100
314.04	-0.273
314.40	-0.374
314.76	-0.489
315.12	-0.445
315.48	-0.359
315.84	-0.347
316.20	-0.350
316.56	-0.461
316.92	-0.549
317.27	-0.434
317.63	-0.366
317.99	-0.259
318.35	-0.312
318.71	-0.199
319.07	-0.202
319.43	-0.234
319.79	-0.168
320.15	-0.217
320.50	-0.050
320.86	0.008
321.22	-0.026
321.58	-0.056
321.94	-0.019
322.30	-0.009
322.66	0.004
323.01	-0.020
323.37	-0.007
323.73	-0.009
324.09	0.063
324.45	0.066
324.81	0.062
325.17	0.034
325.52	-0.081
325.88	-0.136
326.24	-0.113
326.60	-0.274
326.96	-0.284
327.31	-0.309
327.67	-0.387
328.03	-0.486
328.39	-0.623
328.75	-0.684
329.11	-0.530
329.46	-0.381
329.82	-0.293
330.18	-0.272
330.54	-0.138
330.90	-0.139
331.25	-0.126
331.61	0.022
331.97	0.074
332.33	0.203
332.68	0.322
333.04	0.218
333.40	0.096
333.76	-0.081
334.11	-0.127
334.47	-0.122
334.83	-0.125
335.19	-0.182
335.54	-0.254
335.90	-0.287
336.26	-0.257
336.62	-0.340
336.97	-0.445
337.33	-0.480
337.69	-0.390
338.05	-0.435
338.40	-0.495
338.76	-0.488
339.12	-0.416
339.48	-0.431
339.83	-0.399
340.19	-0.492
340.55	-0.457
340.90	-0.453
341.26	-0.329
341.62	-0.328
341.97	-0.265
342.33	-0.174
342.69	-0.115
343.04	-0.107
343.40	-0.138
343.76	-0.230
344.12	-0.172
344.47	-0.144
344.83	-0.064
345.19	-0.093
345.54	-0.118
345.90	-0.131
346.26	-0.125
346.61	-0.114
346.97	-0.162
347.32	-0.124
347.68	-0.073
348.04	-0.146
348.39	-0.220
348.75	-0.227
349.11	-0.247
349.46	-0.232
349.82	-0.201
350.18	-0.315
350.53	-0.250
350.89	-0.224
351.24	-0.247
351.60	-0.258
351.96	-0.208
352.31	-0.201
352.67	-0.152
353.02	-0.051
353.38	0.030
353.74	0.049
354.09	0.163
354.45	0.144
354.80	0.163
355.16	0.196
355.52	0.230
355.87	0.159
356.23	0.198
356.58	0.179
356.94	0.135
357.29	0.144
357.65	0.152
358.00	0.140
358.36	0.053
358.72	0.015
359.07	-0.006
359.43	-0.013
359.78	0.096
360.14	0.091
360.49	0.083
360.85	0.066
361.20	0.002
361.56	-0.002
361.91	-0.016
362.27	0.019
362.62	0.055
362.98	0.125
363.33	0.151
363.69	0.104
364.04	0.102
364.40	0.106
364.75	0.084
365.11	0.093
365.46	0.032
365.82	0.060
366.17	0.034
366.53	0.030
366.88	0.004
367.24	0.023
367.59	0.033
367.95	0.042
368.30	0.049
368.66	0.081
369.01	0.112
369.37	0.145
369.72	0.115
370.08	0.150
370.43	0.148
370.78	0.137
371.14	0.140
371.49	0.158
371.85	0.145
372.20	0.164
372.56	0.159
372.91	0.193
373.26	0.226
373.62	0.257
373.97	0.267
374.33	0.302
374.68	0.280
375.03	0.292
375.39	0.261
375.74	0.262
376.10	0.246
376.45	0.286
376.80	0.301
377.16	0.276
377.51	0.286
377.87	0.299
378.22	0.230
378.57	0.266
378.93	0.257
379.28	0.305
379.63	0.351
379.99	0.395
380.34	0.389
380.70	0.356
381.05	0.385
381.40	0.375
381.76	0.423
382.11	0.496
382.46	0.534
382.82	0.544
383.17	0.537
383.52	0.505
383.88	0.469
384.23	0.461
384.58	0.474
384.94	0.478
385.29	0.507
385.64	0.510
385.99	0.529
386.35	0.507
386.70	0.521
387.05	0.493
387.41	0.527
387.76	0.528
388.11	0.521
388.47	0.531
388.82	0.558
389.17	0.539
389.52	0.496
389.88	0.506
390.23	0.500
390.58	0.524
390.93	0.543
391.29	0.539
391.64	0.557
391.99	0.603
392.34	0.615
392.70	0.617
393.05	0.611
393.40	0.641
393.75	0.612
394.11	0.638
394.46	0.592
394.81	0.593
395.16	0.575
395.52	0.574
395.87	0.555
396.22	0.555
396.57	0.517
396.92	0.516
397.28	0.476
397.63	0.464
397.98	0.442
398.33	0.427
398.68	0.403
399.04	0.413
399.39	0.425
399.74	0.415
400.09	0.382
400.44	0.402
400.80	0.402
401.15	0.385
401.50	0.381
401.85	0.381
402.20	0.392
402.55	0.418
402.90	0.395
403.26	0.370
403.61	0.352
403.96	0.344
404.31	0.337
404.66	0.353
405.01	0.368
405.36	0.386
405.72	0.386
406.07	0.375
406.42	0.345
406.77	0.354
407.12	0.360
407.47	0.374
407.82	0.381
408.17	0.362
408.53	0.318
408.88	0.312
409.23	0.281
409.58	0.234
409.93	0.256
410.28	0.262
410.63	0.246
410.98	0.237
411.33	0.217
411.68	0.222
412.03	0.248
412.38	0.248
412.73	0.263
413.09	0.291
413.44	0.348
413.79	0.357
414.14	0.386
414.49	0.415
414.84	0.452
415.19	0.480
415.54	0.513
415.89	0.532
416.24	0.594
416.59	0.610
416.94	0.626
417.29	0.640
417.64	0.633
417.99	0.644
418.34	0.664
418.69	0.666
419.04	0.685
419.39	0.686
419.74	0.685
420.09	0.682
420.44	0.701
420.79	0.704
421.14	0.708
421.49	0.729
421.84	0.724
422.19	0.729
422.54	0.727
422.89	0.707
423.24	0.703
423.59	0.697
423.94	0.674
424.29	0.640
424.64	0.628
424.99	0.622
425.34	0.581
425.68	0.566
426.03	0.514
426.38	0.485
426.73	0.491
427.08	0.468
427.43	0.478
427.78	0.497
428.13	0.499
428.48	0.489
428.83	0.474
429.18	0.502
429.53	0.509
429.87	0.525
430.22	0.534
430.57	0.529
430.92	0.522
431.27	0.514
431.62	0.494
431.97	0.509
432.32	0.511
432.67	0.493
433.01	0.470
433.36	0.461
433.71	0.455
434.06	0.435
434.41	0.420
434.76	0.437
435.11	0.435
435.45	0.441
435.80	0.433
436.15	0.448
436.50	0.472
436.85	0.486
437.20	0.490
437.54	0.493
437.89	0.512
438.24	0.541
438.59	0.541
438.94	0.533
439.29	0.523
439.63	0.539
439.98	0.534
440.33	0.516
440.68	0.528
441.03	0.524
441.37	0.538
441.72	0.543
442.07	0.546
442.42	0.549
442.76	0.575
443.11	0.592
443.46	0.602
443.81	0.616
444.16	0.648
444.50	0.653
444.85	0.670
445.20	0.670
445.55	0.674
445.89	0.658
446.24	0.657
446.59	0.628
446.94	0.618
447.28	0.595
447.63	0.579
447.98	0.551
448.32	0.534
448.67	0.517
449.02	0.491
449.37	0.473
449.71	0.483
450.06	0.489
450.41	0.500
450.75	0.504
451.10	0.514
451.45	0.505
451.79	0.490
452.14	0.488
452.49	0.495
452.84	0.500
453.18	0.491
453.53	0.473
453.88	0.471
454.22	0.493
454.57	0.506
454.92	0.523
455.26	0.550
455.61	0.592
455.95	0.617
456.30	0.629
456.65	0.658
456.99	0.686
457.34	0.724
457.69	0.737
458.03	0.730
458.38	0.733
458.73	0.724
459.07	0.718
459.42	0.696
459.76	0.667
460.11	0.639
460.46	0.601
460.80	0.570
461.15	0.522
461.49	0.476
461.84	0.450
462.19	0.434
462.53	0.429
462.88	0.420
463.22	0.412
463.57	0.424
463.91	0.447
464.26	0.467
464.61	0.468
464.95	0.467
465.30	0.479
465.64	0.489
465.99	0.493
466.33	0.493
466.68	0.476
467.02	0.480
467.37	0.461
467.71	0.441
468.06	0.433
468.41	0.428
468.75	0.425
469.10	0.421
469.44	0.410
469.79	0.384
470.13	0.349
470.48	0.343
470.82	0.324
471.17	0.331
471.51	0.308
471.86	0.296
472.20	0.284
472.55	0.283
472.89	0.279
473.23	0.267
473.58	0.266
473.92	0.266
474.27	0.264
474.61	0.252
474.96	0.256
475.30	0.270
475.65	0.250
475.99	0.259
476.34	0.250
476.68	0.239
477.02	0.252
477.37	0.269
477.71	0.310
478.06	0.342
478.40	0.416
478.75	0.481
479.09	0.577
479.43	0.679
479.78	0.758
480.12	0.837
480.47	0.916
480.81	0.974
481.15	1.027
481.50	1.078
481.84	1.133
482.19	1.180
482.53	1.220
482.87	1.244
483.22	1.248
483.56	1.233
483.90	1.210
484.25	1.173
484.59	1.148
484.94	1.120
485.28	1.081
485.62	1.039
485.97	0.999
486.31	0.959
486.65	0.921
487.00	0.899
487.34	0.895
487.68	0.891
488.03	0.887
488.37	0.880
488.71	0.875
489.06	0.865
489.40	0.872
489.74	0.861
490.09	0.864
490.43	0.850
490.77	0.831
491.11	0.807
491.46	0.790
491.80	0.775
492.14	0.751
492.49	0.736
492.83	0.726
493.17	0.690
493.51	0.671
493.86	0.645
494.20	0.640
494.54	0.644
494.88	0.664
495.23	0.675
495.57	0.699
495.91	0.730
496.25	0.759
496.60	0.781
496.94	0.807
497.28	0.838
497.62	0.857
497.97	0.883
498.31	0.910
498.65	0.937
498.99	0.963
499.33	1.007
499.68	1.042
500.02	1.079
500.36	1.115
500.70	1.171
501.04	1.201
501.39	1.236
501.73	1.287
502.07	1.353
502.41	1.405
502.75	1.483
503.09	1.538
503.44	1.610
503.78	1.661
504.12	1.731
504.46	1.808
504.80	1.899
505.14	2.011
505.49	2.100
505.83	2.173
506.17	2.273
506.51	2.355
506.85	2.449
507.19	2.542
507.53	2.635
507.87	2.731
508.22	2.812
508.56	2.906
508.90	2.980
509.24	3.072
509.58	3.161
509.92	3.256
510.26	3.360
510.60	3.456
510.94	3.556
511.28	3.654
511.63	3.774
511.97	3.890
512.31	4.010
512.65	4.142
512.99	4.285
513.33	4.477
513.67	4.657
514.01	4.844
514.35	5.028
514.69	5.216
515.03	5.404
515.37	5.579
515.71	5.750
516.05	5.895
516.39	6.043
516.73	6.186
517.07	6.291
517.41	6.389
517.75	6.491
518.09	6.591
518.43	6.687
518.77	6.776
519.11	6.889
519.45	6.977
519.79	7.108
520.13	7.242
520.47	7.377
520.81	7.515
521.15	7.698
521.49	7.873
521.83	8.060
522.17	8.213
522.51	8.404
522.85	8.577
523.19	8.790
523.53	9.023
523.87	9.240
524.21	9.471
524.55	9.691
524.89	9.875
525.23	10.051
525.57	10.201
525.91	10.350
526.25	10.486
526.58	10.611
526.92	10.729
527.26	10.803
527.60	10.861
527.94	10.906
528.28	10.937
528.62	10.965
528.96	10.972
529.30	10.988
529.64	11.008
529.97	11.014
530.31	11.020
530.65	11.018
530.99	11.036
531.33	11.073
531.67	11.096
532.01	11.126
532.35	11.143
532.68	11.172
533.02	11.185
533.36	11.187
533.70	11.202
534.04	11.208
534.38	11.212
534.71	11.222
535.05	11.225
535.39	11.230
535.73	11.231
536.07	11.253
536.41	11.273
536.74	11.297
537.08	11.332
537.42	11.379
537.76	11.413
538.10	11.482
538.43	11.536
538.77	11.597
539.11	11.643
539.45	11.698
539.79	11.738
540.12	11.778
540.46	11.804
540.80	11.816
541.14	11.802
541.47	11.795
541.81	11.758
542.15	11.730
542.49	11.690
542.82	11.658
543.16	11.620
543.50	11.590
543.84	11.542
544.17	11.508
544.51	11.495
544.85	11.486
545.18	11.492
545.52	11.499
545.86	11.485
546.20	11.482
546.53	11.472
546.87	11.464
547.21	11.438
547.54	11.417
547.88	11.417
548.22	11.412
548.55	11.415
548.89	11.397
549.23	11.409
549.56	11.410
549.90	11.430
550.24	11.434
550.57	11.434
550.91	11.424
551.25	11.438
551.58	11.435
551.92	11.414
552.26	11.383
552.59	11.393
552.93	11.367
553.27	11.345
553.60	11.321
553.94	11.281
554.27	11.246
554.61	11.229
554.95	11.201
555.28	11.165
555.62	11.138
555.95	11.137
556.29	11.088
556.63	11.036
556.96	11.009
557.30	10.953
557.63	10.908
557.97	10.846
558.31	10.782
558.64	10.718
558.98	10.666
559.31	10.630
559.65	10.565
559.98	10.499
560.32	10.465
560.65	10.393
560.99	10.345
561.33	10.297
561.66	10.250
562.00	10.196
562.33	10.160
562.67	10.096
563.00	10.027
563.34	9.986
563.67	9.942
564.01	9.886
564.34	9.825
564.68	9.752
565.01	9.704
565.35	9.647
565.68	9.583
566.02	9.496
566.35	9.443
566.69	9.351
567.02	9.249
567.36	9.152
567.69	9.052
568.03	8.976
568.36	8.889
568.69	8.814
569.03	8.726
569.36	8.644
569.70	8.564
570.03	8.483
570.37	8.436
570.70	8.379
571.04	8.325
571.37	8.269
571.70	8.224
572.04	8.172
572.37	8.092
572.71	8.038
573.04	7.987
573.37	7.925
573.71	7.862
574.04	7.776
574.38	7.697
574.71	7.612
575.04	7.525
575.38	7.427
575.71	7.335
576.05	7.254
576.38	7.183
576.71	7.083
577.05	7.016
577.38	6.948
577.71	6.862
578.05	6.801
578.38	6.731
578.71	6.649
579.05	6.580
579.38	6.519
579.71	6.459
580.05	6.383
580.38	6.329
580.71	6.266
581.05	6.209
581.38	6.161
581.71	6.108
582.05	6.081
582.38	6.066
582.71	6.010
583.04	5.989
583.38	5.924
583.71	5.905
584.04	5.876
584.38	5.856
584.71	5.822
585.04	5.830
585.37	5.798
585.71	5.768
586.04	5.725
586.37	5.745
586.70	5.715
587.04	5.721
587.37	5.692
587.70	5.675
588.03	5.649
588.37	5.649
588.70	5.606
589.03	5.601
589.36	5.561
589.69	5.531
590.03	5.481
590.36	5.442
590.69	5.391
591.02	5.340
591.35	5.299
591.69	5.257
592.02	5.196
592.35	5.188
592.68	5.149
593.01	5.126
593.35	5.118
593.68	5.099
594.01	5.082
594.34	5.057
594.67	5.051
595.00	5.044
595.34	5.019
595.67	4.993
596.00	4.948
596.33	4.891
596.66	4.836
596.99	4.784
597.32	4.723
597.65	4.682
597.99	4.648
598.32	4.576
598.65	4.510
598.98	4.454
599.31	4.433
599.64	4.411
599.97	4.410
600.30	4.432
600.63	4.426
600.96	4.459
601.30	4.461
601.63	4.472
601.96	4.487
602.29	4.489
602.62	4.493
602.95	4.468
603.28	4.438
603.61	4.400
603.94	4.335
604.27	4.315
604.60	4.248
604.93	4.210
605.26	4.147
605.59	4.109
605.92	4.076
606.25	4.042
606.58	4.009
606.91	3.977
607.24	3.955
607.57	3.940
607.90	3.902
608.23	3.833
608.56	3.777
608.89	3.728
609.22	3.682
609.55	3.602
609.88	3.527
610.21	3.469
610.54	3.379
610.87	3.307
611.20	3.211
611.53	3.129
611.86	3.106
612.19	3.035
612.52	2.997
612.85	2.974
613.18	2.947
613.51	2.908
613.84	2.841
614.17	2.810
614.49	2.794
614.82	2.776
615.15	2.737
615.48	2.705
615.81	2.644
616.14	2.597
616.47	2.467
616.80	2.400
617.13	2.354
617.46	2.310
617.78	2.267
618.11	2.210
618.44	2.188
618.77	2.145
619.10	2.102
619.43	2.082
619.76	2.062
620.09	2.120
620.41	2.120
620.74	2.113
621.07	2.132
621.40	2.132
621.73	2.129
622.06	2.129
622.38	2.156
622.71	2.185
623.04	2.242
623.37	2.278
623.70	2.274
624.02	2.312
624.35	2.346
624.68	2.351
625.01	2.407
625.34	2.463
625.66	2.460
625.99	2.446
626.32	2.419
626.65	2.388
626.98	2.349
627.30	2.330
627.63	2.305
627.96	2.260
628.29	2.227
628.61	2.145
628.94	2.055
629.27	2.028
629.60	1.996
629.92	1.992
630.25	1.952
630.58	1.935
630.91	1.880
631.23	1.840
631.56	1.816
631.89	1.771
632.21	1.758
632.54	1.737
632.87	1.696
633.19	1.658
633.52	1.588
633.85	1.551
634.18	1.477
634.50	1.413
634.83	1.347
635.16	1.269
635.48	1.177
635.81	1.083
636.14	0.994
636.46	0.906
636.79	0.834
637.11	0.742
637.44	0.641
637.77	0.547
638.09	0.486
638.42	0.398
638.75	0.318
639.07	0.266
639.40	0.215
639.73	0.168
640.05	0.122
640.38	0.096
640.70	0.033
641.03	-0.002
641.36	-0.038
641.68	-0.080
642.01	-0.102
642.33	-0.138
642.66	-0.145
642.98	-0.189
643.31	-0.238
643.64	-0.280
643.96	-0.335
644.29	-0.326
644.61	-0.343
644.94	-0.357
645.26	-0.346
645.59	-0.360
645.91	-0.333
646.24	-0.335
646.56	-0.331
646.89	-0.309
647.22	-0.308
647.54	-0.292
647.87	-0.300
648.19	-0.341
648.52	-0.333
648.84	-0.344
649.17	-0.386
649.49	-0.408
649.82	-0.442
650.14	-0.440
650.47	-0.481
650.79	-0.499
651.11	-0.524
651.44	-0.536
651.76	-0.513
652.09	-0.492
652.41	-0.463
652.74	-0.411
653.06	-0.419
653.39	-0.380
653.71	-0.358
654.04	-0.339
654.36	-0.281
654.68	-0.257
655.01	-0.216
655.33	-0.185
655.66	-0.206
655.98	-0.203
656.30	-0.198
656.63	-0.168
656.95	-0.146
657.28	-0.168
657.60	-0.134
657.92	-0.180
658.25	-0.185
658.57	-0.181
658.90	-0.211
659.22	-0.219
659.54	-0.246
659.87	-0.255
660.19	-0.314
660.51	-0.353
660.84	-0.360
661.16	-0.420
661.48	-0.409
661.81	-0.446
662.13	-0.512
662.45	-0.490
662.78	-0.437
663.10	-0.352
663.42	-0.307
663.75	-0.227
664.07	-0.230
664.39	-0.209
664.72	-0.147
665.04	-0.101
665.36	-0.003
665.69	0.104
666.01	0.206
666.33	0.284
666.65	0.316
666.98	0.393
667.30	0.521
667.62	0.628
667.94	0.726
668.27	0.842
668.59	0.936
668.91	1.037
669.23	1.155
669.56	1.263
669.88	1.379
670.20	1.490
670.52	1.616
670.85	1.692
671.17	1.858
671.49	2.030
671.81	2.219
672.13	2.379
672.46	2.553
672.78	2.702
673.10	2.872
673.42	3.041
673.74	3.211
674.07	3.356
674.39	3.543
674.71	3.711
675.03	3.924
675.35	4.076
675.67	4.254
676.00	4.397
676.32	4.512
676.64	4.646
676.96	4.795
677.28	4.949
677.60	5.141
677.92	5.283
678.25	5.438
678.57	5.542
678.89	5.600
679.21	5.776
679.53	5.900
679.85	6.094
680.17	6.251
680.49	6.411
680.81	6.603
681.13	6.706
681.46	6.883
681.78	7.080
682.10	7.228
682.42	7.493
682.74	7.656
683.06	7.797
683.38	7.975
683.70	8.150
684.02	8.287
684.34	8.455
684.66	8.616
684.98	8.707
685.30	8.773
685.62	8.928
685.94	9.038
686.26	9.093
686.58	9.180
686.90	9.264
687.22	9.319
687.54	9.409
687.86	9.394
688.18	9.468
688.50	9.611
688.82	9.738
689.14	9.802
689.46	9.926
689.78	10.072
690.10	10.265
690.42	10.372
690.74	10.555
691.06	10.729
691.38	10.978
691.70	11.248
692.02	11.430
692.34	11.616
692.66	11.857
692.98	12.009
693.30	12.206
693.62	12.516
693.94	12.765
694.26	12.987
694.57	13.252
694.89	13.531
695.21	13.738
695.53	14.005
695.85	14.249
696.17	14.452
696.49	14.752
696.81	15.028
697.13	15.213
697.44	15.509
697.76	15.770
698.08	16.096
698.40	16.366
698.72	16.676
699.04	16.987
699.36	17.404
699.67	17.860
699.99	18.245
700.31	18.709
700.63	19.227
700.95	19.764
701.27	20.253
701.58	20.616
701.90	21.009
702.22	21.437
702.54	21.819
702.86	22.136
703.17	22.494
703.49	22.827
703.81	23.208
704.13	23.447
704.45	23.712
704.76	24.051
705.08	24.375
705.40	24.706
705.72	25.040
706.03	25.486
706.35	25.775
706.67	26.093
706.99	26.417
707.30	26.684
707.62	27.056
707.94	27.281
708.26	27.512
708.57	27.775
708.89	28.088
709.21	28.392
709.53	28.618
709.84	28.962
710.16	29.243
710.48	29.574
710.79	29.826
711.11	30.051
711.43	30.377
711.74	30.760
712.06	31.135
712.38	31.476
712.69	31.714
713.01	31.970
713.33	32.242
713.64	32.667
713.96	32.912
714.28	33.307
714.59	33.694
714.91	34.009
715.23	34.355
715.54	34.668
715.86	35.026
716.17	35.477
716.49	35.933
716.81	36.401
717.12	36.613
717.44	37.072
717.76	37.459
718.07	37.826
718.39	38.153
718.70	38.387
719.02	38.733
719.33	38.917
719.65	39.104
719.97	39.298
720.28	39.441
720.60	39.818
720.91	40.005
721.23	40.273
721.54	40.504
721.86	40.833
722.17	41.107
722.49	41.273
722.81	41.514
723.12	41.780
723.44	41.991
723.75	42.203
724.07	42.276
724.38	42.464
724.70	42.663
725.01	42.771
725.33	42.906
725.64	43.059
725.96	43.208
726.27	43.241
726.59	43.484
726.90	43.559
727.22	43.550
727.53	43.679
727.84	43.769
728.16	43.766
728.47	43.944
728.79	44.027
729.10	44.133
729.42	44.283
729.73	44.467
730.05	44.486
730.36	44.636
730.67	44.916
730.99	44.991
731.30	45.152
731.62	45.322
731.93	45.442
732.24	45.564
732.56	45.704
732.87	45.830
733.19	46.017
733.50	46.123
733.81	46.185
734.13	46.210
734.44	46.437
734.76	46.380
735.07	46.595
735.38	46.711
735.70	46.918
736.01	47.134
736.32	47.195
736.64	47.422
736.95	47.462
737.26	47.575
737.58	47.689
737.89	47.786
738.20	47.994
738.52	47.871
738.83	47.944
739.14	47.853
739.45	47.748
739.77	47.772
740.08	47.736
740.39	47.864
740.71	48.060
741.02	48.111
741.33	48.041
741.64	48.182
741.96	48.432
742.27	48.429
742.58	48.617
742.90	48.733
743.21	48.838
743.52	48.916
743.83	48.962
744.14	48.760
744.46	48.892
744.77	49.133
745.08	49.209
745.39	48.934
745.71	48.748
746.02	48.718
746.33	48.616
746.64	48.570
746.95	48.303
747.27	48.364
747.58	48.587
747.89	48.540
748.20	48.246
748.51	48.208
748.82	48.194
749.14	48.480
749.45	48.505
749.76	48.596
750.07	48.661
750.38	48.771
750.69	48.748
751.01	48.705
751.32	48.594
751.63	48.645
751.94	48.429
752.25	48.462
752.56	48.208
752.87	48.086
753.18	48.033
753.49	48.034
753.81	48.184
754.12	48.105
754.43	47.953
754.74	47.958
755.05	48.038
755.36	48.141
755.67	48.210
755.98	48.485
756.29	48.692
756.60	48.783
756.91	48.760
757.22	48.644
757.53	48.716
757.84	48.864
758.15	49.064
758.46	49.154
758.77	49.210
759.09	49.242
759.40	49.089
759.71	48.864
760.02	48.808
760.33	48.701
760.64	48.629
760.95	48.617
761.26	48.528
761.57	48.418
761.88	48.377
762.18	48.258
762.49	48.216
762.80	48.254
763.11	48.340
763.42	48.217
763.73	48.177
764.04	48.079
764.35	47.935
764.66	47.861
764.97	47.664
765.28	47.459
765.59	47.360
765.90	47.058
766.21	46.744
766.52	46.498
766.83	46.327
767.14	46.290
767.44	46.102
767.75	45.820
768.06	45.467
768.37	45.349
768.68	45.311
768.99	45.059
769.30	45.156
769.61	44.859
769.91	44.857
770.22	44.684
770.53	44.599
770.84	44.778
771.15	44.827
771.46	44.851
771.77	44.994
772.07	44.677
772.38	44.793
772.69	44.567
773.00	44.858
773.31	44.688
773.61	44.733
773.92	44.406
774.23	44.159
774.54	44.045
774.85	44.010
775.15	43.597
775.46	43.577
775.77	43.463
776.08	43.449
776.39	43.351
776.69	43.419
777.00	43.479
777.31	43.444
777.62	43.410
777.92	43.319
778.23	43.441
778.54	43.681
778.85	44.002
779.15	43.991
779.46	44.021
779.77	43.945
780.07	43.977
780.38	44.184
780.69	44.165
781.00	44.270
781.30	44.461
781.61	44.297
781.92	44.299
782.22	44.202
782.53	43.998
782.84	44.026
783.14	44.337
783.45	44.082
783.76	43.991
784.06	44.161
784.37	43.902
784.68	43.722
784.98	43.854
785.29	43.638
785.60	43.601
785.90	43.787
786.21	43.742
786.51	43.706
786.82	43.849
787.13	44.166
787.43	44.077
787.74	44.288
788.04	44.622
788.35	44.784
788.66	44.850
788.96	44.902
789.27	45.302
789.57	45.347
789.88	45.249
790.19	45.117
790.49	44.634
790.80	44.768
791.10	44.830
791.41	44.837
791.71	44.736
792.02	44.963
792.32	44.840
792.63	44.573
792.93	44.659
793.24	44.610
793.54	44.800
793.85	44.829
794.15	44.948
794.46	45.059
794.76	44.695
795.07	44.589
795.37	44.633
795.68	44.671
795.98	44.676
796.29	44.840
796.59	44.707
796.90	44.917
797.20	44.885
797.51	44.509
797.81	44.405
798.12	44.757
798.42	45.044
798.72	44.740
799.03	44.717
799.33	44.804
799.64	44.650
799.94	45.069
800.25	44.719
800.55	44.736
800.85	45.247
801.16	45.436
801.46	45.030
801.77	45.094
802.07	45.632
802.37	45.498
802.68	45.372
802.98	45.547
803.28	45.057
803.59	45.334
803.89	45.327
804.20	45.627
804.50	45.372
804.80	45.774
805.11	45.487
805.41	45.146
805.71	45.418
806.02	45.403
806.32	44.971
806.62	45.556
806.93	45.473
807.23	45.693
807.53	45.234
807.83	45.574
808.14	45.668
808.44	46.028
808.74	45.915
809.05	45.792
809.35	45.678
809.65	46.567
809.95	46.400
810.26	46.236
810.56	45.877
810.86	46.226
811.16	46.259
811.47	46.115
811.77	46.063
812.07	46.205
812.37	46.101
812.68	46.317
812.98	46.077
813.28	46.446
813.58	47.105
813.88	47.591
814.19	48.057
814.49	48.578
814.79	48.946
815.09	49.162
815.39	49.285
815.70	49.671
816.00	49.964
816.30	49.842
816.60	49.296
816.90	48.922
817.20	48.989
817.50	48.474
817.81	47.836
818.11	47.534
818.41	47.570
818.71	47.584
819.01	47.696
819.31	47.896
819.61	48.150
819.92	48.440
820.22	48.706
820.52	48.900
820.82	49.102
821.12	49.432
821.42	49.680
821.72	49.888
822.02	50.253
822.32	50.564
822.62	50.866
822.92	51.075
823.22	51.250
823.52	51.484
823.83	51.588
824.13	51.739
824.43	51.703
824.73	51.828
825.03	51.795
825.33	51.765
825.63	51.594
825.93	51.314
826.23	51.102
826.53	50.977
826.83	50.779
827.13	50.919
827.43	50.871
827.73	51.074
828.03	51.183
828.33	51.306
828.63	51.272
828.93	51.398
829.23	51.367
829.53	51.295
829.83	51.152
830.13	50.729
830.42	50.355
830.72	50.084
831.02	49.992
831.32	49.511
831.62	49.503
831.92	49.297
832.22	49.168
832.52	48.936
832.82	49.255
833.12	49.465
833.42	49.639
833.72	49.575
834.01	50.106
834.31	50.371
834.61	50.901
834.91	51.315
835.21	51.553
835.51	51.814
835.81	52.041
836.11	52.045
836.40	52.045
836.70	52.333
837.00	52.812
837.30	51.753
837.60	51.451
837.90	51.459
838.19	51.055
838.49	51.420
838.79	50.902
839.09	51.148
839.39	50.718
839.68	50.956
839.98	50.283
840.28	50.123
840.58	50.905
840.88	50.303
841.17	49.723
841.47	50.012
841.77	49.587
842.07	50.032
842.36	50.435
842.66	49.653
842.96	48.362
843.26	48.720
843.55	48.419
843.85	47.858
844.15	47.999
844.45	46.742
844.74	46.224
845.04	44.785
845.34	44.679
845.63	42.856
845.93	44.810
846.23	47.147
846.53	46.897
846.82	44.933
847.12	45.700
847.42	46.325
847.71	46.583
848.01	45.365
848.31	45.912
848.60	44.968
848.90	44.773
849.19	43.730
849.49	41.518
849.79	42.116
850.08	43.326
850.38	42.429
850.68	42.226
850.97	43.498
851.27	44.148
851.56	45.137
851.86	45.625
852.16	48.239
852.45	47.266
852.75	47.245
853.04	46.949
853.34	48.330
853.64	48.065
853.93	47.070
854.23	46.809
854.52	45.847
854.82	45.198
855.11	43.990
855.41	44.255
855.70	46.264
856.00	45.750
856.30	46.848
856.59	45.793
856.89	47.564
857.18	48.298
857.48	49.451
857.77	49.262
858.07	49.748
858.36	50.310
858.66	48.574
858.95	48.209
859.25	50.259
859.54	48.372
859.84	48.114
860.13	45.317
860.42	44.829
860.72	43.243
861.01	44.278
861.31	44.311
861.60	45.471
861.90	45.117
862.19	45.332
862.49	43.240
862.78	44.133
863.07	45.412
863.37	46.697
863.66	46.597
863.96	48.900
864.25	48.275
864.54	47.261
864.84	46.472
865.13	47.422
865.43	46.737
865.72	43.894
866.01	40.886
866.31	41.396
866.60	49.213
866.89	44.181
>>>>>End Spectral Data<<<<<
