180.30	0.000
180.67	0.000
181.03	44.905
181.40	272.940
181.77	-5823.930
182.14	43.244
182.51	-851.859
182.88	-201.468
183.25	49.130
183.62	-53.017
183.99	322.677
184.36	-85.034
184.73	507.957
185.10	-22.669
185.46	200.590
185.83	-486.573
186.20	90.169
186.57	103.015
186.94	153.576
187.31	14.925
187.68	-16.323
188.05	8.147
188.42	0.615
188.78	-31.594
189.15	228.843
189.52	-48.118
189.89	3.180
190.26	19.156
190.63	28.144
191.00	44.786
191.37	36.417
191.73	45.631
192.10	43.204
192.47	36.884
192.84	27.938
193.21	34.821
193.58	25.181
193.94	0.781
194.31	-6.685
194.68	-22.119
195.05	-46.388
195.42	-50.440
195.79	-60.403
196.15	-72.623
196.52	-80.345
196.89	-92.440
197.26	-89.870
197.63	-59.467
198.00	-14.231
198.36	-7.748
198.73	-33.221
199.10	-28.215
199.47	-28.824
199.84	-53.947
200.20	-37.505
200.57	-30.080
200.94	-16.584
201.31	-16.906
201.68	-19.008
202.04	-28.895
202.41	-32.227
202.78	-20.828
203.15	-16.568
203.51	-14.355
203.88	-6.228
204.25	-7.592
204.62	-21.144
204.98	-37.804
205.35	-49.235
205.72	-55.285
206.09	-60.743
206.46	-125.236
206.82	-107.897
207.19	-85.647
207.56	-142.074
207.92	-125.520
208.29	-131.913
208.66	-66.462
209.03	-41.676
209.39	-5.208
209.76	4.347
210.13	15.559
210.50	27.527
210.86	34.282
211.23	17.947
211.60	28.546
211.96	36.438
212.33	13.432
212.70	-3.492
213.07	-27.416
213.43	-83.291
213.80	-86.698
214.17	-57.444
214.53	-37.208
214.90	-22.865
215.27	-14.698
215.63	-20.137
216.00	-17.843
216.37	-12.778
216.74	-17.021
217.10	-7.568
217.47	-3.806
217.84	-0.975
218.20	-7.313
218.57	-14.973
218.94	-22.205
219.30	-28.729
219.67	-27.840
220.04	-26.148
220.40	-26.110
220.77	-29.832
221.13	-23.344
221.50	-17.323
221.87	-12.200
222.23	-8.151
222.60	-10.571
222.97	-8.502
223.33	-1.779
223.70	-4.855
224.07	-6.846
224.43	-7.921
224.80	-4.007
225.16	-8.879
225.53	-10.498
225.90	-15.267
226.26	-12.620
226.63	-8.733
226.99	-5.433
227.36	-3.668
227.73	-0.575
228.09	-0.513
228.46	1.447
228.82	2.536
229.19	4.879
229.56	5.589
229.92	8.913
230.29	8.450
230.65	6.242
231.02	2.292
231.38	-1.647
231.75	-4.606
232.12	-5.353
232.48	-8.090
232.85	-10.598
233.21	-12.052
233.58	-13.473
233.94	-12.682
234.31	-12.652
234.68	-10.716
235.04	-8.884
235.41	-5.516
235.77	-4.181
236.14	-4.377
236.50	-3.134
236.87	-1.676
237.23	-0.439
237.60	-0.013
237.96	-1.024
238.33	-1.684
238.69	-2.313
239.06	-2.197
239.42	-2.421
239.79	-2.874
240.15	-2.735
240.52	-2.567
240.88	-2.433
241.25	-2.432
241.61	-1.898
241.98	-1.997
242.34	-1.773
242.71	-1.016
243.07	-1.095
243.44	-1.292
243.80	-0.913
244.17	-0.919
244.53	-1.176
244.90	-1.215
245.26	-1.542
245.63	-1.739
245.99	-1.736
246.36	-1.795
246.72	-2.025
247.09	-2.419
247.45	-2.484
247.81	-2.510
248.18	-2.514
248.54	-2.300
248.91	-2.533
249.27	-2.234
249.64	-2.101
250.00	-1.888
250.36	-1.497
250.73	-1.666
251.09	-0.899
251.46	-0.834
251.82	-0.974
252.19	-0.778
252.55	-0.888
252.91	-0.472
253.28	-0.731
253.64	-1.059
254.01	-0.821
254.37	-1.109
254.73	-0.571
255.10	-0.489
255.46	0.326
255.83	0.272
256.19	0.312
256.55	0.250
256.92	0.066
257.28	0.009
257.65	0.221
258.01	0.185
258.37	0.112
258.74	0.028
259.10	-0.158
259.46	-0.521
259.83	-0.562
260.19	-0.667
260.55	-0.638
260.92	-0.705
261.28	-0.541
261.64	-0.430
262.01	-0.465
262.37	-0.217
262.73	-0.251
263.10	0.077
263.46	-0.046
263.82	-0.117
264.19	-0.077
264.55	-0.412
264.91	-0.337
265.28	-0.576
265.64	-0.885
266.00	-0.947
266.37	-0.994
266.73	-1.040
267.09	-0.977
267.46	-0.722
267.82	-0.669
268.18	-0.542
268.54	-0.295
268.91	-0.497
269.27	-0.495
269.63	-0.282
270.00	-0.177
270.36	-0.191
270.72	0.002
271.08	-0.095
271.45	-0.274
271.81	-0.426
272.17	-0.587
272.53	-0.550
272.90	-0.397
273.26	-0.276
273.62	-0.387
273.98	-0.598
274.35	-0.856
274.71	-1.072
275.07	-1.192
275.43	-1.101
275.80	-0.981
276.16	-0.907
276.52	-0.961
276.88	-1.013
277.25	-1.345
277.61	-1.586
277.97	-1.678
278.33	-1.329
278.69	-1.503
279.06	-1.422
279.42	-1.507
279.78	-1.411
280.14	-1.326
280.50	-1.198
280.87	-0.949
281.23	-0.741
281.59	-0.479
281.95	-0.307
282.31	-0.212
282.68	-0.327
283.04	-0.440
283.40	-0.364
283.76	-0.405
284.12	-0.285
284.48	-0.247
284.85	-0.414
285.21	-0.369
285.57	-0.430
285.93	-0.329
286.29	-0.542
286.65	-0.216
287.02	0.183
287.38	0.289
287.74	0.366
288.10	0.183
288.46	-0.002
288.82	-0.096
289.18	-0.056
289.54	0.010
289.91	-0.112
290.27	-0.054
290.63	-0.021
290.99	-0.131
291.35	-0.306
291.71	-0.264
292.07	-0.358
292.43	-0.192
292.79	-0.002
293.16	-0.087
293.52	0.015
293.88	0.168
294.24	0.193
294.60	0.127
294.96	0.060
295.32	0.165
295.68	0.219
296.04	0.408
296.40	0.389
296.76	0.392
297.12	0.305
297.49	0.127
297.85	-0.039
298.21	-0.045
298.57	-0.242
298.93	-0.274
299.29	-0.503
299.65	-0.737
300.01	-0.808
300.37	-0.727
300.73	-0.606
301.09	-0.433
301.45	-0.209
301.81	-0.141
302.17	-0.072
302.53	-0.053
302.89	-0.064
303.25	0.071
303.61	0.106
303.97	-0.037
304.33	-0.117
304.69	-0.213
305.05	-0.251
305.41	-0.372
305.77	-0.200
306.13	-0.259
306.49	-0.192
306.85	-0.143
307.21	-0.035
307.57	0.149
307.93	0.255
308.29	0.403
308.65	0.415
309.01	0.415
309.37	0.356
309.73	0.200
310.09	0.333
310.45	0.330
310.81	0.343
311.17	0.285
311.53	0.211
311.89	0.288
312.25	0.108
312.61	0.013
312.96	0.042
313.32	0.127
313.68	0.088
314.04	-0.077
314.40	-0.027
314.76	-0.071
315.12	-0.183
315.48	-0.129
315.84	-0.267
316.20	-0.205
316.56	-0.214
316.92	-0.224
317.27	-0.239
317.63	-0.203
317.99	-0.288
318.35	-0.341
318.71	-0.266
319.07	-0.080
319.43	-0.082
319.79	0.105
320.15	0.029
320.50	0.121
320.86	0.136
321.22	0.083
321.58	0.051
321.94	0.110
322.30	0.141
322.66	0.012
323.01	-0.134
323.37	-0.267
323.73	-0.392
324.09	-0.420
324.45	-0.386
324.81	-0.413
325.17	-0.446
325.52	-0.443
325.88	-0.535
326.24	-0.465
326.60	-0.415
326.96	-0.298
327.31	-0.258
327.67	-0.299
328.03	-0.264
328.39	-0.460
328.75	-0.414
329.11	-0.255
329.46	-0.155
329.82	-0.031
330.18	-0.149
330.54	-0.177
330.90	-0.339
331.25	-0.257
331.61	-0.160
331.97	-0.182
332.33	-0.112
332.68	-0.149
333.04	-0.218
333.40	-0.361
333.76	-0.423
334.11	-0.441
334.47	-0.406
334.83	-0.345
335.19	-0.486
335.54	-0.556
335.90	-0.523
336.26	-0.450
336.62	-0.458
336.97	-0.512
337.33	-0.492
337.69	-0.451
338.05	-0.483
338.40	-0.547
338.76	-0.522
339.12	-0.432
339.48	-0.460
339.83	-0.463
340.19	-0.459
340.55	-0.399
340.90	-0.451
341.26	-0.466
341.62	-0.509
341.97	-0.432
342.33	-0.405
342.69	-0.397
343.04	-0.432
343.40	-0.533
343.76	-0.567
344.12	-0.563
344.47	-0.568
344.83	-0.431
345.19	-0.361
345.54	-0.327
345.90	-0.339
346.26	-0.274
346.61	-0.235
346.97	-0.180
347.32	-0.069
347.68	-0.090
348.04	-0.159
348.39	-0.240
348.75	-0.304
349.11	-0.406
349.46	-0.457
349.82	-0.490
350.18	-0.537
350.53	-0.505
350.89	-0.535
351.24	-0.531
351.60	-0.512
351.96	-0.406
352.31	-0.358
352.67	-0.354
353.02	-0.331
353.38	-0.261
353.74	-0.252
354.09	-0.312
354.45	-0.372
354.80	-0.368
355.16	-0.361
355.52	-0.384
355.87	-0.488
356.23	-0.489
356.58	-0.484
356.94	-0.408
357.29	-0.416
357.65	-0.411
358.00	-0.354
358.36	-0.334
358.72	-0.343
359.07	-0.342
359.43	-0.294
359.78	-0.236
360.14	-0.227
360.49	-0.260
360.85	-0.312
361.20	-0.363
361.56	-0.377
361.91	-0.404
362.27	-0.449
362.62	-0.447
362.98	-0.411
363.33	-0.459
363.69	-0.488
364.04	-0.481
364.40	-0.420
364.75	-0.383
365.11	-0.370
365.46	-0.388
365.82	-0.365
366.17	-0.361
366.53	-0.373
366.88	-0.422
367.24	-0.406
367.59	-0.441
367.95	-0.455
368.30	-0.508
368.66	-0.524
369.01	-0.517
369.37	-0.467
369.72	-0.465
370.08	-0.435
370.43	-0.390
370.78	-0.371
371.14	-0.373
371.49	-0.315
371.85	-0.332
372.20	-0.293
372.56	-0.289
372.91	-0.279
373.26	-0.249
373.62	-0.303
373.97	-0.298
374.33	-0.338
374.68	-0.317
375.03	-0.260
375.39	-0.316
375.74	-0.326
376.10	-0.341
376.45	-0.320
376.80	-0.305
377.16	-0.371
377.51	-0.308
377.87	-0.303
378.22	-0.333
378.57	-0.375
378.93	-0.365
379.28	-0.316
379.63	-0.312
379.99	-0.278
380.34	-0.269
380.70	-0.271
381.05	-0.211
381.40	-0.225
381.76	-0.216
382.11	-0.149
382.46	-0.091
382.82	-0.106
383.17	-0.101
383.52	-0.080
383.88	-0.097
384.23	-0.150
384.58	-0.154
384.94	-0.163
385.29	-0.136
385.64	-0.135
385.99	-0.137
386.35	-0.141
386.70	-0.148
387.05	-0.174
387.41	-0.203
387.76	-0.241
388.11	-0.228
388.47	-0.244
388.82	-0.250
389.17	-0.293
389.52	-0.278
389.88	-0.265
390.23	-0.275
390.58	-0.251
390.93	-0.236
391.29	-0.208
391.64	-0.155
391.99	-0.107
392.34	-0.063
392.70	-0.064
393.05	-0.053
393.40	-0.067
393.75	-0.116
394.11	-0.110
394.46	-0.177
394.81	-0.196
395.16	-0.229
395.52	-0.277
395.87	-0.314
396.22	-0.334
396.57	-0.336
396.92	-0.328
397.28	-0.350
397.63	-0.360
397.98	-0.393
398.33	-0.364
398.68	-0.394
399.04	-0.366
399.39	-0.362
399.74	-0.347
400.09	-0.368
400.44	-0.366
400.80	-0.364
401.15	-0.386
401.50	-0.369
401.85	-0.326
402.20	-0.324
402.55	-0.266
402.90	-0.299
403.26	-0.283
403.61	-0.293
403.96	-0.283
404.31	-0.295
404.66	-0.288
405.01	-0.268
405.36	-0.261
405.72	-0.291
406.07	-0.299
406.42	-0.326
406.77	-0.301
407.12	-0.318
407.47	-0.306
407.82	-0.292
408.17	-0.287
408.53	-0.285
408.88	-0.303
409.23	-0.308
409.58	-0.321
409.93	-0.286
410.28	-0.269
410.63	-0.288
410.98	-0.255
411.33	-0.260
411.68	-0.255
412.03	-0.216
412.38	-0.211
412.73	-0.151
413.09	-0.113
413.44	-0.047
413.79	-0.030
414.14	0.012
414.49	0.070
414.84	0.101
415.19	0.133
415.54	0.176
415.89	0.202
416.24	0.258
416.59	0.287
416.94	0.315
417.29	0.339
417.64	0.366
417.99	0.394
418.34	0.421
418.69	0.444
419.04	0.468
419.39	0.491
419.74	0.506
420.09	0.512
420.44	0.524
420.79	0.534
421.14	0.548
421.49	0.573
421.84	0.569
422.19	0.578
422.54	0.589
422.89	0.593
423.24	0.587
423.59	0.581
423.94	0.567
424.29	0.578
424.64	0.582
424.99	0.565
425.34	0.533
425.68	0.538
426.03	0.518
426.38	0.508
426.73	0.515
427.08	0.524
427.43	0.549
427.78	0.584
428.13	0.554
428.48	0.562
428.83	0.577
429.18	0.601
429.53	0.609
429.87	0.608
430.22	0.611
430.57	0.622
430.92	0.618
431.27	0.631
431.62	0.621
431.97	0.637
432.32	0.645
432.67	0.637
433.01	0.632
433.36	0.621
433.71	0.635
434.06	0.622
434.41	0.611
434.76	0.627
435.11	0.625
435.45	0.634
435.80	0.655
436.15	0.667
436.50	0.705
436.85	0.723
437.20	0.728
437.54	0.729
437.89	0.751
438.24	0.766
438.59	0.761
438.94	0.747
439.29	0.721
439.63	0.704
439.98	0.684
440.33	0.655
440.68	0.656
441.03	0.669
441.37	0.696
441.72	0.705
442.07	0.700
442.42	0.714
442.76	0.751
443.11	0.777
443.46	0.794
443.81	0.814
444.16	0.833
444.50	0.832
444.85	0.829
445.20	0.818
445.55	0.802
445.89	0.807
446.24	0.795
446.59	0.757
446.94	0.746
447.28	0.730
447.63	0.715
447.98	0.697
448.32	0.684
448.67	0.665
449.02	0.640
449.37	0.622
449.71	0.607
450.06	0.603
450.41	0.603
450.75	0.591
451.10	0.587
451.45	0.575
451.79	0.545
452.14	0.523
452.49	0.527
452.84	0.527
453.18	0.526
453.53	0.504
453.88	0.501
454.22	0.508
454.57	0.528
454.92	0.545
455.26	0.566
455.61	0.626
455.95	0.662
456.30	0.682
456.65	0.712
456.99	0.744
457.34	0.778
457.69	0.791
458.03	0.809
458.38	0.814
458.73	0.799
459.07	0.785
459.42	0.744
459.76	0.712
460.11	0.685
460.46	0.646
460.80	0.599
461.15	0.574
461.49	0.549
461.84	0.525
462.19	0.496
462.53	0.496
462.88	0.487
463.22	0.483
463.57	0.490
463.91	0.492
464.26	0.513
464.61	0.520
464.95	0.486
465.30	0.479
465.64	0.487
465.99	0.504
466.33	0.515
466.68	0.510
467.02	0.510
467.37	0.498
467.71	0.484
468.06	0.457
468.41	0.454
468.75	0.474
469.10	0.471
469.44	0.439
469.79	0.414
470.13	0.365
470.48	0.363
470.82	0.364
471.17	0.372
471.51	0.358
471.86	0.367
472.20	0.358
472.55	0.354
472.89	0.344
473.23	0.334
473.58	0.338
473.92	0.346
474.27	0.329
474.61	0.311
474.96	0.303
475.30	0.318
475.65	0.302
475.99	0.298
476.34	0.302
476.68	0.301
477.02	0.306
477.37	0.302
477.71	0.337
478.06	0.372
478.40	0.454
478.75	0.528
479.09	0.608
479.43	0.700
479.78	0.776
480.12	0.843
480.47	0.923
480.81	0.986
481.15	1.045
481.50	1.102
481.84	1.157
482.19	1.198
482.53	1.237
482.87	1.257
483.22	1.256
483.56	1.244
483.90	1.216
484.25	1.176
484.59	1.143
484.94	1.108
485.28	1.066
485.62	1.021
485.97	0.971
486.31	0.932
486.65	0.896
487.00	0.876
487.34	0.864
487.68	0.857
488.03	0.843
488.37	0.834
488.71	0.818
489.06	0.810
489.40	0.808
489.74	0.797
490.09	0.780
490.43	0.767
490.77	0.731
491.11	0.697
491.46	0.674
491.80	0.656
492.14	0.621
492.49	0.613
492.83	0.565
493.17	0.512
493.51	0.471
493.86	0.442
494.20	0.406
494.54	0.403
494.88	0.415
495.23	0.422
495.57	0.433
495.91	0.458
496.25	0.461
496.60	0.487
496.94	0.504
497.28	0.512
497.62	0.505
497.97	0.518
498.31	0.532
498.65	0.530
498.99	0.520
499.33	0.534
499.68	0.542
500.02	0.555
500.36	0.561
500.70	0.573
501.04	0.585
501.39	0.599
501.73	0.632
502.07	0.656
502.41	0.684
502.75	0.729
503.09	0.761
503.44	0.787
503.78	0.817
504.12	0.856
504.46	0.910
504.80	0.984
505.14	1.057
505.49	1.103
505.83	1.156
506.17	1.222
506.51	1.281
506.85	1.335
507.19	1.398
507.53	1.450
507.87	1.511
508.22	1.559
508.56	1.598
508.90	1.642
509.24	1.692
509.58	1.747
509.92	1.799
510.26	1.857
510.60	1.925
510.94	1.988
511.28	2.051
511.63	2.118
511.97	2.195
512.31	2.275
512.65	2.373
512.99	2.480
513.33	2.609
513.67	2.728
514.01	2.880
514.35	3.015
514.69	3.156
515.03	3.300
515.37	3.445
515.71	3.581
516.05	3.722
516.39	3.827
516.73	3.937
517.07	4.034
517.41	4.129
517.75	4.195
518.09	4.276
518.43	4.366
518.77	4.449
519.11	4.533
519.45	4.620
519.79	4.714
520.13	4.824
520.47	4.959
520.81	5.103
521.15	5.277
521.49	5.442
521.83	5.599
522.17	5.749
522.51	5.930
522.85	6.115
523.19	6.341
523.53	6.573
523.87	6.817
524.21	7.052
524.55	7.268
524.89	7.453
525.23	7.634
525.57	7.799
525.91	7.944
526.25	8.074
526.58	8.204
526.92	8.292
527.26	8.365
527.60	8.424
527.94	8.461
528.28	8.495
528.62	8.521
528.96	8.549
529.30	8.583
529.64	8.626
529.97	8.655
530.31	8.679
530.65	8.733
530.99	8.784
531.33	8.840
531.67	8.903
532.01	8.948
532.35	8.997
532.68	9.036
533.02	9.051
533.36	9.075
533.70	9.102
534.04	9.119
534.38	9.126
534.71	9.148
535.05	9.153
535.39	9.172
535.73	9.214
536.07	9.260
536.41	9.309
536.74	9.371
537.08	9.422
537.42	9.504
537.76	9.574
538.10	9.651
538.43	9.735
538.77	9.817
539.11	9.877
539.45	9.922
539.79	9.957
540.12	9.983
540.46	10.006
540.80	10.026
541.14	10.013
541.47	10.006
541.81	9.993
542.15	9.967
542.49	9.942
542.82	9.907
543.16	9.874
543.50	9.863
543.84	9.851
544.17	9.829
544.51	9.820
544.85	9.824
545.18	9.822
545.52	9.824
545.86	9.796
546.20	9.792
546.53	9.807
546.87	9.804
547.21	9.784
547.54	9.761
547.88	9.784
548.22	9.773
548.55	9.755
548.89	9.766
549.23	9.766
549.56	9.761
549.90	9.764
550.24	9.765
550.57	9.773
550.91	9.780
551.25	9.798
551.58	9.768
551.92	9.756
552.26	9.753
552.59	9.735
552.93	9.707
553.27	9.719
553.60	9.686
553.94	9.638
554.27	9.602
554.61	9.573
554.95	9.513
555.28	9.506
555.62	9.450
555.95	9.429
556.29	9.399
556.63	9.363
556.96	9.303
557.30	9.268
557.63	9.223
557.97	9.170
558.31	9.093
558.64	9.049
558.98	9.000
559.31	8.973
559.65	8.900
559.98	8.847
560.32	8.784
560.65	8.730
560.99	8.666
561.33	8.619
561.66	8.572
562.00	8.539
562.33	8.500
562.67	8.430
563.00	8.371
563.34	8.311
563.67	8.233
564.01	8.176
564.34	8.129
564.68	8.080
565.01	8.024
565.35	7.960
565.68	7.883
566.02	7.789
566.35	7.701
566.69	7.615
567.02	7.550
567.36	7.466
567.69	7.404
568.03	7.331
568.36	7.240
568.69	7.148
569.03	7.061
569.36	7.009
569.70	6.936
570.03	6.868
570.37	6.811
570.70	6.739
571.04	6.683
571.37	6.592
571.70	6.496
572.04	6.422
572.37	6.345
572.71	6.269
573.04	6.173
573.37	6.128
573.71	6.066
574.04	5.999
574.38	5.924
574.71	5.857
575.04	5.779
575.38	5.720
575.71	5.650
576.05	5.604
576.38	5.572
576.71	5.511
577.05	5.429
577.38	5.345
577.71	5.245
578.05	5.163
578.38	5.080
578.71	5.008
579.05	4.935
579.38	4.866
579.71	4.791
580.05	4.707
580.38	4.645
580.71	4.571
581.05	4.531
581.38	4.496
581.71	4.450
582.05	4.419
582.38	4.412
582.71	4.379
583.04	4.359
583.38	4.304
583.71	4.269
584.04	4.250
584.38	4.238
584.71	4.205
585.04	4.196
585.37	4.195
585.71	4.169
586.04	4.145
586.37	4.146
586.70	4.124
587.04	4.121
587.37	4.113
587.70	4.077
588.03	4.069
588.37	4.068
588.70	4.049
589.03	4.026
589.36	4.017
589.69	3.966
590.03	3.938
590.36	3.920
590.69	3.887
591.02	3.854
591.35	3.847
591.69	3.809
592.02	3.781
592.35	3.757
592.68	3.750
593.01	3.732
593.35	3.744
593.68	3.717
594.01	3.695
594.34	3.687
594.67	3.671
595.00	3.648
595.34	3.633
595.67	3.609
596.00	3.577
596.33	3.509
596.66	3.472
596.99	3.420
597.32	3.379
597.65	3.334
597.99	3.295
598.32	3.248
598.65	3.202
598.98	3.178
599.31	3.139
599.64	3.138
599.97	3.141
600.30	3.123
600.63	3.130
600.96	3.123
601.30	3.122
601.63	3.135
601.96	3.131
602.29	3.129
602.62	3.111
602.95	3.113
603.28	3.073
603.61	3.036
603.94	2.989
604.27	2.963
604.60	2.913
604.93	2.877
605.26	2.816
605.59	2.780
605.92	2.744
606.25	2.687
606.58	2.625
606.91	2.567
607.24	2.539
607.57	2.502
607.90	2.449
608.23	2.409
608.56	2.370
608.89	2.311
609.22	2.254
609.55	2.183
609.88	2.110
610.21	2.038
610.54	1.957
610.87	1.886
611.20	1.817
611.53	1.742
611.86	1.679
612.19	1.572
612.52	1.497
612.85	1.448
613.18	1.392
613.51	1.330
613.84	1.286
614.17	1.258
614.49	1.236
614.82	1.181
615.15	1.136
615.48	1.113
615.81	1.096
616.14	1.067
616.47	1.025
616.80	0.970
617.13	0.953
617.46	0.903
617.78	0.861
618.11	0.810
618.44	0.801
618.77	0.780
619.10	0.738
619.43	0.722
619.76	0.692
620.09	0.676
620.41	0.670
620.74	0.676
621.07	0.713
621.40	0.739
621.73	0.736
622.06	0.765
622.38	0.789
622.71	0.800
623.04	0.809
623.37	0.833
623.70	0.863
624.02	0.910
624.35	0.923
624.68	0.918
625.01	0.945
625.34	1.004
625.66	0.994
625.99	1.002
626.32	1.008
626.65	1.029
626.98	1.029
627.30	1.004
627.63	0.972
627.96	0.936
628.29	0.907
628.61	0.867
628.94	0.799
629.27	0.758
629.60	0.684
629.92	0.665
630.25	0.584
630.58	0.544
630.91	0.497
631.23	0.455
631.56	0.430
631.89	0.397
632.21	0.367
632.54	0.322
632.87	0.292
633.19	0.286
633.52	0.235
633.85	0.243
634.18	0.195
634.50	0.150
634.83	0.116
635.16	0.062
635.48	-0.010
635.81	-0.077
636.14	-0.144
636.46	-0.204
636.79	-0.273
637.11	-0.346
637.44	-0.452
637.77	-0.492
638.09	-0.566
638.42	-0.614
638.75	-0.650
639.07	-0.655
639.40	-0.684
639.73	-0.713
640.05	-0.773
640.38	-0.787
640.70	-0.811
641.03	-0.836
641.36	-0.870
641.68	-0.860
642.01	-0.905
642.33	-0.917
642.66	-0.937
642.98	-0.987
643.31	-0.994
643.64	-0.988
643.96	-0.973
644.29	-0.940
644.61	-0.921
644.94	-0.916
645.26	-0.900
645.59	-0.880
645.91	-0.872
646.24	-0.853
646.56	-0.821
646.89	-0.819
647.22	-0.813
647.54	-0.837
647.87	-0.883
648.19	-0.903
648.52	-0.911
648.84	-0.933
649.17	-0.940
649.49	-0.941
649.82	-0.985
650.14	-0.988
650.47	-1.013
650.79	-0.997
651.11	-1.021
651.44	-1.008
651.76	-1.026
652.09	-1.018
652.41	-0.991
652.74	-0.980
653.06	-0.994
653.39	-0.971
653.71	-0.964
654.04	-0.961
654.36	-0.953
654.68	-0.946
655.01	-0.948
655.33	-0.902
655.66	-0.881
655.98	-0.881
656.30	-0.878
656.63	-0.841
656.95	-0.841
657.28	-0.846
657.60	-0.858
657.92	-0.888
658.25	-0.914
658.57	-0.899
658.90	-0.946
659.22	-1.003
659.54	-1.045
659.87	-1.083
660.19	-1.179
660.51	-1.247
660.84	-1.326
661.16	-1.352
661.48	-1.372
661.81	-1.393
662.13	-1.463
662.45	-1.454
662.78	-1.467
663.10	-1.436
663.42	-1.417
663.75	-1.348
664.07	-1.312
664.39	-1.284
664.72	-1.265
665.04	-1.264
665.36	-1.199
665.69	-1.143
666.01	-1.100
666.33	-1.024
666.65	-1.015
666.98	-0.966
667.30	-0.929
667.62	-0.859
667.94	-0.770
668.27	-0.673
668.59	-0.545
668.91	-0.493
669.23	-0.398
669.56	-0.319
669.88	-0.252
670.20	-0.195
670.52	-0.105
670.85	-0.085
671.17	0.014
671.49	0.138
671.81	0.216
672.13	0.243
672.46	0.348
672.78	0.411
673.10	0.533
673.42	0.672
673.74	0.816
674.07	0.914
674.39	1.120
674.71	1.249
675.03	1.391
675.35	1.551
675.67	1.655
676.00	1.745
676.32	1.850
676.64	1.936
676.96	2.038
677.28	2.149
677.60	2.271
677.92	2.365
678.25	2.474
678.57	2.534
678.89	2.516
679.21	2.673
679.53	2.803
679.85	2.913
680.17	3.001
680.49	3.063
680.81	3.159
681.13	3.196
681.46	3.275
681.78	3.323
682.10	3.374
682.42	3.528
682.74	3.584
683.06	3.632
683.38	3.754
683.70	3.824
684.02	3.886
684.34	3.977
684.66	4.100
684.98	4.184
685.30	4.258
685.62	4.338
685.94	4.396
686.26	4.379
686.58	4.426
686.90	4.437
687.22	4.434
687.54	4.427
687.86	4.372
688.18	4.373
688.50	4.356
688.82	4.334
689.14	4.365
689.46	4.462
689.78	4.564
690.10	4.597
690.42	4.642
690.74	4.768
691.06	4.957
691.38	5.112
691.70	5.250
692.02	5.415
692.34	5.601
692.66	5.807
692.98	5.905
693.30	6.130
693.62	6.403
693.94	6.721
694.26	6.983
694.57	7.200
694.89	7.505
695.21	7.751
695.53	8.018
695.85	8.272
696.17	8.523
696.49	8.827
696.81	9.077
697.13	9.337
697.44	9.548
697.76	9.803
698.08	10.117
698.40	10.370
698.72	10.639
699.04	10.922
699.36	11.299
699.67	11.600
699.99	11.919
700.31	12.274
700.63	12.637
700.95	13.091
701.27	13.529
701.58	13.891
701.90	14.296
702.22	14.752
702.54	15.176
702.86	15.608
703.17	16.033
703.49	16.533
703.81	17.093
704.13	17.486
704.45	17.831
704.76	18.229
705.08	18.607
705.40	19.022
705.72	19.472
706.03	19.869
706.35	20.193
706.67	20.616
706.99	20.924
707.30	21.250
707.62	21.722
707.94	22.138
708.26	22.543
708.57	22.991
708.89	23.373
709.21	23.755
709.53	24.219
709.84	24.685
710.16	25.109
710.48	25.565
710.79	25.940
711.11	26.287
711.43	26.633
711.74	27.114
712.06	27.586
712.38	28.046
712.69	28.453
713.01	28.812
713.33	29.194
713.64	29.661
713.96	30.060
714.28	30.470
714.59	31.015
714.91	31.556
715.23	31.873
715.54	32.190
715.86	32.603
716.17	33.044
716.49	33.541
716.81	34.071
717.12	34.471
717.44	34.955
717.76	35.553
718.07	36.022
718.39	36.414
718.70	36.852
719.02	37.374
719.33	37.814
719.65	38.196
719.97	38.609
720.28	38.970
720.60	39.360
720.91	39.773
721.23	40.181
721.54	40.459
721.86	40.887
722.17	41.360
722.49	41.810
722.81	42.059
723.12	42.481
723.44	42.833
723.75	43.196
724.07	43.587
724.38	43.951
724.70	44.161
725.01	44.480
725.33	44.742
725.64	45.043
725.96	45.279
726.27	45.619
726.59	45.925
726.90	46.211
727.22	46.372
727.53	46.647
727.84	46.838
728.16	47.152
728.47	47.500
728.79	47.838
729.10	48.039
729.42	48.239
729.73	48.572
730.05	48.817
730.36	49.051
730.67	49.453
730.99	49.633
731.30	49.946
731.62	50.201
731.93	50.377
732.24	50.610
732.56	50.917
732.87	51.263
733.19	51.515
733.50	51.742
733.81	51.924
734.13	51.922
734.44	52.224
734.76	52.346
735.07	52.416
735.38	52.545
735.70	52.737
736.01	52.862
736.32	53.052
736.64	53.332
736.95	53.498
737.26	53.593
737.58	53.879
737.89	54.028
738.20	54.230
738.52	54.431
738.83	54.670
739.14	54.775
739.45	54.977
739.77	55.021
740.08	55.093
740.39	55.318
740.71	55.658
741.02	55.944
741.33	55.992
741.64	56.189
741.96	56.498
742.27	56.640
742.58	56.902
742.90	56.979
743.21	57.094
743.52	57.172
743.83	57.156
744.14	57.245
744.46	57.251
744.77	57.593
745.08	57.628
745.39	57.423
745.71	57.544
746.02	57.359
746.33	57.444
746.64	57.416
746.95	57.335
747.27	57.404
747.58	57.257
747.89	57.061
748.20	56.924
748.51	56.985
748.82	57.083
749.14	57.018
749.45	57.306
749.76	57.368
750.07	57.622
750.38	57.738
750.69	57.773
751.01	57.975
751.32	58.264
751.63	58.299
751.94	58.169
752.25	58.126
752.56	58.020
752.87	57.828
753.18	57.908
753.49	57.805
753.81	57.995
754.12	58.075
754.43	58.145
754.74	58.180
755.05	58.266
755.36	58.413
755.67	58.675
755.98	58.911
756.29	59.096
756.60	59.288
756.91	59.356
757.22	59.419
757.53	59.591
757.84	59.722
758.15	59.949
758.46	59.953
758.77	60.015
759.09	60.098
759.40	60.138
759.71	60.094
760.02	59.919
760.33	60.017
760.64	59.830
760.95	59.758
761.26	59.575
761.57	59.503
761.88	59.510
762.18	59.466
762.49	59.309
762.80	59.178
763.11	59.120
763.42	59.161
763.73	59.113
764.04	59.056
764.35	59.103
764.66	59.030
764.97	58.759
765.28	58.609
765.59	58.573
765.90	58.458
766.21	58.404
766.52	58.418
766.83	58.188
767.14	58.149
767.44	58.227
767.75	57.783
768.06	57.797
768.37	57.681
768.68	57.861
768.99	57.622
769.30	57.734
769.61	57.665
769.91	57.569
770.22	57.302
770.53	56.864
770.84	56.640
771.15	56.696
771.46	56.617
771.77	56.661
772.07	56.449
772.38	56.342
772.69	56.352
773.00	56.330
773.31	56.176
773.61	56.405
773.92	56.363
774.23	56.428
774.54	56.261
774.85	55.972
775.15	55.847
775.46	55.558
775.77	55.729
776.08	55.517
776.39	55.341
776.69	55.506
777.00	55.526
777.31	55.993
777.62	56.069
777.92	56.103
778.23	56.340
778.54	56.343
778.85	56.312
779.15	56.089
779.46	56.342
779.77	56.420
780.07	56.506
780.38	56.451
780.69	56.197
781.00	56.187
781.30	56.342
781.61	56.215
781.92	56.397
782.22	56.718
782.53	56.710
782.84	56.551
783.14	56.633
783.45	56.399
783.76	56.710
784.06	56.756
784.37	56.732
784.68	56.570
784.98	56.912
785.29	57.011
785.60	57.111
785.90	57.314
786.21	57.222
786.51	57.123
786.82	57.293
787.13	57.064
787.43	56.963
787.74	56.984
788.04	57.083
788.35	56.907
788.66	57.031
788.96	56.993
789.27	57.080
789.57	57.243
789.88	57.575
790.19	57.622
790.49	57.509
790.80	57.759
791.10	57.721
791.41	57.695
791.71	57.731
792.02	57.560
792.32	57.255
792.63	57.125
792.93	56.867
793.24	56.602
793.54	56.553
793.85	56.712
794.15	56.435
794.46	56.755
794.76	56.996
795.07	56.991
795.37	57.010
795.68	57.202
795.98	57.598
796.29	57.903
796.59	57.874
796.90	58.032
797.20	57.871
797.51	57.785
797.81	57.559
798.12	57.795
798.42	57.648
798.72	57.833
799.03	57.787
799.33	57.597
799.64	57.282
799.94	57.748
800.25	57.166
800.55	57.318
800.85	57.763
801.16	57.932
801.46	57.347
801.77	57.558
802.07	57.954
802.37	57.977
802.68	57.553
802.98	57.976
803.28	57.503
803.59	58.005
803.89	58.199
804.20	58.156
804.50	57.699
804.80	57.770
805.11	57.866
805.41	57.461
805.71	57.384
806.02	57.866
806.32	57.641
806.62	57.863
806.93	58.041
807.23	58.306
807.53	58.459
807.83	58.591
808.14	59.083
808.44	59.023
808.74	58.795
809.05	58.892
809.35	58.453
809.65	58.768
809.95	58.562
810.26	57.848
810.56	57.575
810.86	57.569
811.16	57.967
811.47	58.190
811.77	58.665
812.07	58.844
812.37	59.494
812.68	59.964
812.98	59.965
813.28	60.269
813.58	61.158
813.88	61.322
814.19	61.495
814.49	61.453
814.79	61.162
815.09	60.899
815.39	60.964
815.70	60.656
816.00	60.527
816.30	60.203
816.60	60.284
816.90	59.994
817.20	59.925
817.50	59.828
817.81	59.605
818.11	59.637
818.41	59.771
818.71	59.673
819.01	59.996
819.31	60.168
819.61	60.524
819.92	60.813
820.22	61.231
820.52	61.492
820.82	61.714
821.12	62.040
821.42	62.382
821.72	62.601
822.02	63.039
822.32	63.282
822.62	63.577
822.92	63.844
823.22	64.033
823.52	64.126
823.83	64.216
824.13	64.365
824.43	64.425
824.73	64.367
825.03	64.322
825.33	64.211
825.63	64.081
825.93	63.933
826.23	63.740
826.53	63.572
826.83	63.330
827.13	63.320
827.43	63.192
827.73	63.337
828.03	63.473
828.33	63.862
828.63	63.800
828.93	63.811
829.23	63.741
829.53	63.299
829.83	62.982
830.13	62.709
830.42	62.484
830.72	62.073
831.02	61.960
831.32	61.652
831.62	61.364
831.92	61.346
832.22	61.402
832.52	61.359
832.82	61.652
833.12	61.783
833.42	62.116
833.72	62.244
834.01	62.623
834.31	62.364
834.61	62.623
834.91	62.976
835.21	62.954
835.51	62.843
835.81	62.732
836.11	62.754
836.40	62.773
836.70	62.464
837.00	62.273
837.30	61.971
837.60	62.332
837.90	61.755
838.19	61.275
838.49	61.448
838.79	61.367
839.09	62.080
839.39	61.847
839.68	62.171
839.98	61.853
840.28	61.971
840.58	62.726
840.88	62.474
841.17	62.655
841.47	62.863
841.77	63.249
842.07	63.451
842.36	63.379
842.66	63.200
842.96	62.759
843.26	62.489
843.55	61.800
843.85	60.160
844.15	59.215
844.45	59.087
844.74	58.483
845.04	56.477
845.34	56.071
845.63	55.968
845.93	56.396
846.23	57.404
846.53	58.296
846.82	59.064
847.12	59.310
847.42	59.553
847.71	58.171
848.01	58.309
848.31	59.608
848.60	59.931
848.90	58.856
849.19	57.454
849.49	54.590
849.79	54.764
850.08	54.626
850.38	54.823
850.68	55.559
850.97	58.318
851.27	58.115
851.56	57.416
851.86	57.823
852.16	58.629
852.45	59.909
852.75	61.473
853.04	63.257
853.34	63.776
853.64	64.221
853.93	63.360
854.23	60.421
854.52	60.499
854.82	61.024
855.11	58.986
855.41	60.081
855.70	61.204
856.00	60.684
856.30	58.807
856.59	58.340
856.89	58.454
857.18	59.062
857.48	59.420
857.77	58.515
858.07	59.166
858.36	59.314
858.66	58.285
858.95	56.997
859.25	57.381
859.54	56.237
859.84	55.576
860.13	53.862
860.42	52.759
860.72	53.133
861.01	53.963
861.31	53.172
861.60	54.468
861.90	54.661
862.19	56.049
862.49	56.376
862.78	57.071
863.07	57.185
863.37	58.729
863.66	59.425
863.96	61.384
864.25	62.341
864.54	62.166
864.84	62.849
865.13	62.551
865.43	62.574
865.72	75.465
866.01	56.557
866.31	71.552
866.60	56.668
866.89	65.726
>>>>>End Spectral Data<<<<<
