180.30	0.000
180.67	0.000
181.03	106.487
181.40	727.805
181.77	5571.942
182.14	51.499
182.51	-1029.312
182.88	-40.574
183.25	84.525
183.62	55.328
183.99	90.601
184.36	12.825
184.73	318.941
185.10	-10.005
185.46	-818.821
185.83	4.487
186.20	270.992
186.57	108.858
186.94	181.698
187.31	84.679
187.68	95.141
188.05	99.070
188.42	126.207
188.78	272.778
189.15	1079.827
189.52	-247.968
189.89	-74.308
190.26	-75.802
190.63	-37.681
191.00	-16.447
191.37	6.063
191.73	26.272
192.10	29.113
192.47	31.710
192.84	37.295
193.21	40.448
193.58	37.643
193.94	31.610
194.31	34.957
194.68	34.338
195.05	21.706
195.42	30.647
195.79	7.170
196.15	-2.032
196.52	-20.664
196.89	-14.531
197.26	-19.162
197.63	-1.084
198.00	4.794
198.36	-1.109
198.73	-35.037
199.10	-40.179
199.47	-60.817
199.84	-50.766
200.20	-48.617
200.57	-38.181
200.94	-57.411
201.31	-56.448
201.68	-68.040
202.04	-48.585
202.41	-32.481
202.78	-44.497
203.15	-48.561
203.51	-60.038
203.88	-70.609
204.25	-61.773
204.62	-87.499
204.98	-79.243
205.35	-94.407
205.72	-99.314
206.09	-117.198
206.46	-227.783
206.82	-167.118
207.19	-159.164
207.56	-216.521
207.92	-165.373
208.29	-169.567
208.66	-92.800
209.03	-97.609
209.39	-49.728
209.76	-43.259
210.13	-61.448
210.50	-30.270
210.86	-3.999
211.23	-2.896
211.60	2.680
211.96	-12.998
212.33	-17.231
212.70	-36.015
213.07	-37.292
213.43	-60.909
213.80	-52.296
214.17	-19.974
214.53	-12.827
214.90	-19.638
215.27	-8.431
215.63	-7.173
216.00	0.010
216.37	4.286
216.74	-1.759
217.10	4.499
217.47	-2.896
217.84	-7.260
218.20	-16.039
218.57	-15.521
218.94	-11.918
219.30	-17.969
219.67	-19.859
220.04	-15.157
220.40	-18.680
220.77	-19.168
221.13	-12.056
221.50	-10.881
221.87	-8.640
222.23	-11.774
222.60	-16.307
222.97	-15.284
223.33	-14.862
223.70	-14.283
224.07	-16.126
224.43	-12.885
224.80	-9.345
225.16	-11.504
225.53	-9.805
225.90	-11.723
226.26	-7.809
226.63	-4.872
226.99	-3.725
227.36	-2.629
227.73	-0.668
228.09	-0.540
228.46	0.241
228.82	0.435
229.19	0.650
229.56	0.038
229.92	1.527
230.29	1.664
230.65	2.049
231.02	1.152
231.38	-0.194
231.75	-1.787
232.12	-3.238
232.48	-4.814
232.85	-5.974
233.21	-6.886
233.58	-7.043
233.94	-6.826
234.31	-7.420
234.68	-8.628
235.04	-9.179
235.41	-8.158
235.77	-6.930
236.14	-4.241
236.50	-3.069
236.87	-2.875
237.23	-1.407
237.60	-1.991
237.96	-1.627
238.33	-2.143
238.69	-2.000
239.06	-1.343
239.42	-0.693
239.79	-1.108
240.15	-1.335
240.52	-1.217
240.88	-0.370
241.25	-0.776
241.61	-0.165
241.98	-0.748
242.34	-0.641
242.71	-0.426
243.07	-0.323
243.44	-0.454
243.80	-0.074
244.17	-0.186
244.53	-0.531
244.90	-0.685
245.26	-0.378
245.63	-0.346
245.99	0.015
246.36	0.122
246.72	0.161
247.09	-0.368
247.45	-0.417
247.81	-0.378
248.18	-0.520
248.54	-0.363
248.91	-0.596
249.27	-0.813
249.64	-0.837
250.00	-1.091
250.36	-1.367
250.73	-1.696
251.09	-1.295
251.46	-1.529
251.82	-2.076
252.19	-2.056
252.55	-2.139
252.91	-1.880
253.28	-2.046
253.64	-2.620
254.01	-2.653
254.37	-2.319
254.73	-1.447
255.10	-1.085
255.46	-0.837
255.83	-0.543
256.19	-0.310
256.55	-0.543
256.92	-0.461
257.28	-0.478
257.65	-0.132
258.01	0.109
258.37	0.262
258.74	-0.075
259.10	-0.229
259.46	-0.280
259.83	-0.365
260.19	-0.485
260.55	-0.228
260.92	-0.273
261.28	-0.245
261.64	-0.365
262.01	-0.379
262.37	-0.605
262.73	-0.316
263.10	-0.073
263.46	0.049
263.82	-0.041
264.19	-0.191
264.55	-0.495
264.91	-0.539
265.28	-0.521
265.64	-0.650
266.00	-0.734
266.37	-0.583
266.73	-0.792
267.09	-0.620
267.46	-0.822
267.82	-0.912
268.18	-0.612
268.54	-0.387
268.91	-0.565
269.27	-0.609
269.63	-0.322
270.00	-0.286
270.36	-0.488
270.72	-0.267
271.08	-0.421
271.45	-0.195
271.81	-0.098
272.17	-0.254
272.53	-0.367
272.90	-0.152
273.26	0.101
273.62	-0.048
273.98	-0.218
274.35	-0.025
274.71	-0.160
275.07	-0.025
275.43	-0.046
275.80	0.039
276.16	0.096
276.52	0.193
276.88	0.146
277.25	-0.292
277.61	-0.522
277.97	-0.445
278.33	-0.518
278.69	-0.734
279.06	-0.621
279.42	-0.615
279.78	-0.654
280.14	-0.520
280.50	-0.404
280.87	-0.209
281.23	-0.046
281.59	0.206
281.95	0.300
282.31	0.325
282.68	0.320
283.04	0.115
283.40	0.064
283.76	0.195
284.12	0.262
284.48	0.215
284.85	0.243
285.21	0.338
285.57	0.086
285.93	-0.008
286.29	-0.304
286.65	-0.167
287.02	0.062
287.38	0.076
287.74	-0.167
288.10	-0.329
288.46	-0.442
288.82	-0.690
289.18	-0.837
289.54	-0.696
289.91	-0.792
290.27	-0.574
290.63	-0.557
290.99	-0.708
291.35	-0.716
291.71	-0.520
292.07	-0.623
292.43	-0.424
292.79	-0.385
293.16	-0.353
293.52	-0.133
293.88	0.209
294.24	0.239
294.60	0.110
294.96	0.095
295.32	0.090
295.68	0.106
296.04	0.211
296.40	0.177
296.76	0.203
297.12	0.018
297.49	-0.237
297.85	-0.500
298.21	-0.525
298.57	-0.563
298.93	-0.550
299.29	-0.657
299.65	-0.617
300.01	-0.650
300.37	-0.574
300.73	-0.351
301.09	-0.072
301.45	0.155
301.81	0.276
302.17	0.411
302.53	0.389
302.89	0.282
303.25	0.525
303.61	0.482
303.97	0.401
304.33	0.349
304.69	0.199
305.05	0.177
305.41	-0.007
305.77	-0.122
306.13	-0.223
306.49	-0.173
306.85	-0.027
307.21	-0.057
307.57	-0.026
307.93	0.034
308.29	0.158
308.65	0.169
309.01	0.129
309.37	0.170
309.73	0.171
310.09	0.320
310.45	0.460
310.81	0.484
311.17	0.435
311.53	0.315
311.89	0.335
312.25	0.203
312.61	0.167
312.96	0.259
313.32	0.418
313.68	0.380
314.04	0.252
314.40	0.204
314.76	0.072
315.12	-0.029
315.48	0.046
315.84	-0.010
316.20	0.052
316.56	0.029
316.92	-0.058
317.27	-0.266
317.63	-0.166
317.99	-0.252
318.35	-0.272
318.71	-0.255
319.07	-0.112
319.43	-0.096
319.79	0.061
320.15	0.082
320.50	0.132
320.86	0.128
321.22	0.153
321.58	0.096
321.94	0.058
322.30	-0.020
322.66	0.011
323.01	-0.125
323.37	-0.104
323.73	-0.160
324.09	-0.307
324.45	-0.324
324.81	-0.361
325.17	-0.342
325.52	-0.338
325.88	-0.283
326.24	-0.227
326.60	-0.205
326.96	-0.165
327.31	-0.292
327.67	-0.364
328.03	-0.367
328.39	-0.380
328.75	-0.174
329.11	0.021
329.46	0.125
329.82	0.143
330.18	0.108
330.54	0.063
330.90	0.028
331.25	0.062
331.61	0.146
331.97	0.233
332.33	0.258
332.68	0.194
333.04	0.061
333.40	-0.029
333.76	-0.056
334.11	-0.053
334.47	-0.060
334.83	-0.005
335.19	-0.026
335.54	-0.098
335.90	-0.119
336.26	-0.116
336.62	-0.229
336.97	-0.318
337.33	-0.416
337.69	-0.420
338.05	-0.362
338.40	-0.416
338.76	-0.406
339.12	-0.339
339.48	-0.355
339.83	-0.302
340.19	-0.327
340.55	-0.292
340.90	-0.325
341.26	-0.311
341.62	-0.315
341.97	-0.392
342.33	-0.321
342.69	-0.304
343.04	-0.348
343.40	-0.365
343.76	-0.441
344.12	-0.353
344.47	-0.357
344.83	-0.302
345.19	-0.292
345.54	-0.238
345.90	-0.239
346.26	-0.259
346.61	-0.344
346.97	-0.295
347.32	-0.265
347.68	-0.280
348.04	-0.364
348.39	-0.388
348.75	-0.350
349.11	-0.309
349.46	-0.395
349.82	-0.387
350.18	-0.392
350.53	-0.348
350.89	-0.369
351.24	-0.405
351.60	-0.387
351.96	-0.328
352.31	-0.338
352.67	-0.326
353.02	-0.394
353.38	-0.374
353.74	-0.375
354.09	-0.369
354.45	-0.330
354.80	-0.299
355.16	-0.235
355.52	-0.253
355.87	-0.296
356.23	-0.281
356.58	-0.294
356.94	-0.224
357.29	-0.196
357.65	-0.171
358.00	-0.147
358.36	-0.163
358.72	-0.181
359.07	-0.179
359.43	-0.129
359.78	-0.075
360.14	-0.055
360.49	-0.084
360.85	-0.075
361.20	-0.080
361.56	-0.089
361.91	-0.115
362.27	-0.103
362.62	-0.122
362.98	-0.103
363.33	-0.136
363.69	-0.193
364.04	-0.164
364.40	-0.122
364.75	-0.130
365.11	-0.116
365.46	-0.152
365.82	-0.120
366.17	-0.176
366.53	-0.144
366.88	-0.145
367.24	-0.153
367.59	-0.158
367.95	-0.199
368.30	-0.248
368.66	-0.245
369.01	-0.278
369.37	-0.241
369.72	-0.218
370.08	-0.134
370.43	-0.130
370.78	-0.140
371.14	-0.131
371.49	-0.107
371.85	-0.072
372.20	-0.039
372.56	-0.024
372.91	-0.032
373.26	-0.011
373.62	-0.073
373.97	-0.052
374.33	-0.077
374.68	-0.092
375.03	-0.062
375.39	-0.109
375.74	-0.157
376.10	-0.129
376.45	-0.113
376.80	-0.068
377.16	-0.113
377.51	-0.073
377.87	-0.083
378.22	-0.113
378.57	-0.098
378.93	-0.065
379.28	0.001
379.63	0.021
379.99	0.040
380.34	0.051
380.70	0.042
381.05	0.084
381.40	0.079
381.76	0.090
382.11	0.154
382.46	0.177
382.82	0.145
383.17	0.107
383.52	0.108
383.88	0.077
384.23	0.035
384.58	0.043
384.94	0.010
385.29	0.030
385.64	0.018
385.99	0.048
386.35	0.055
386.70	0.060
387.05	0.060
387.41	0.065
387.76	0.056
388.11	0.070
388.47	0.059
388.82	0.120
389.17	0.097
389.52	0.080
389.88	0.064
390.23	0.080
390.58	0.103
390.93	0.133
391.29	0.133
391.64	0.152
391.99	0.209
392.34	0.243
392.70	0.205
393.05	0.210
393.40	0.230
393.75	0.208
394.11	0.176
394.46	0.140
394.81	0.122
395.16	0.103
395.52	0.066
395.87	0.015
396.22	0.008
396.57	-0.013
396.92	-0.023
397.28	-0.065
397.63	-0.089
397.98	-0.114
398.33	-0.136
398.68	-0.140
399.04	-0.135
399.39	-0.109
399.74	-0.123
400.09	-0.129
400.44	-0.122
400.80	-0.114
401.15	-0.117
401.50	-0.112
401.85	-0.092
402.20	-0.057
402.55	-0.038
402.90	-0.053
403.26	-0.061
403.61	-0.062
403.96	-0.078
404.31	-0.084
404.66	-0.071
405.01	-0.079
405.36	-0.080
405.72	-0.098
406.07	-0.138
406.42	-0.186
406.77	-0.173
407.12	-0.179
407.47	-0.173
407.82	-0.160
408.17	-0.163
408.53	-0.186
408.88	-0.185
409.23	-0.197
409.58	-0.220
409.93	-0.181
410.28	-0.161
410.63	-0.183
410.98	-0.188
411.33	-0.195
411.68	-0.206
412.03	-0.179
412.38	-0.185
412.73	-0.158
413.09	-0.144
413.44	-0.096
413.79	-0.104
414.14	-0.066
414.49	-0.006
414.84	0.030
415.19	0.044
415.54	0.079
415.89	0.079
416.24	0.127
416.59	0.156
416.94	0.193
417.29	0.208
417.64	0.221
417.99	0.225
418.34	0.230
418.69	0.231
419.04	0.242
419.39	0.244
419.74	0.258
420.09	0.259
420.44	0.263
420.79	0.258
421.14	0.262
421.49	0.267
421.84	0.264
422.19	0.271
422.54	0.268
422.89	0.269
423.24	0.262
423.59	0.251
423.94	0.231
424.29	0.225
424.64	0.208
424.99	0.190
425.34	0.159
425.68	0.148
426.03	0.108
426.38	0.098
426.73	0.082
427.08	0.066
427.43	0.080
427.78	0.079
428.13	0.068
428.48	0.097
428.83	0.095
429.18	0.119
429.53	0.127
429.87	0.129
430.22	0.140
430.57	0.146
430.92	0.145
431.27	0.145
431.62	0.142
431.97	0.138
432.32	0.122
432.67	0.103
433.01	0.095
433.36	0.080
433.71	0.071
434.06	0.042
434.41	0.034
434.76	0.053
435.11	0.053
435.45	0.056
435.80	0.052
436.15	0.047
436.50	0.067
436.85	0.075
437.20	0.073
437.54	0.075
437.89	0.096
438.24	0.102
438.59	0.096
438.94	0.072
439.29	0.069
439.63	0.073
439.98	0.074
440.33	0.053
440.68	0.056
441.03	0.053
441.37	0.075
441.72	0.080
442.07	0.081
442.42	0.091
442.76	0.119
443.11	0.125
443.46	0.134
443.81	0.135
444.16	0.161
444.50	0.154
444.85	0.160
445.20	0.141
445.55	0.130
445.89	0.123
446.24	0.104
446.59	0.079
446.94	0.054
447.28	0.036
447.63	0.026
447.98	-0.008
448.32	-0.012
448.67	-0.032
449.02	-0.038
449.37	-0.070
449.71	-0.078
450.06	-0.097
450.41	-0.100
450.75	-0.110
451.10	-0.110
451.45	-0.123
451.79	-0.122
452.14	-0.141
452.49	-0.125
452.84	-0.130
453.18	-0.126
453.53	-0.130
453.88	-0.110
454.22	-0.101
454.57	-0.079
454.92	-0.078
455.26	-0.062
455.61	-0.034
455.95	-0.005
456.30	-0.004
456.65	0.019
456.99	0.047
457.34	0.062
457.69	0.062
458.03	0.074
458.38	0.083
458.73	0.078
459.07	0.075
459.42	0.050
459.76	0.022
460.11	-0.009
460.46	-0.050
460.80	-0.081
461.15	-0.109
461.49	-0.143
461.84	-0.165
462.19	-0.199
462.53	-0.214
462.88	-0.226
463.22	-0.233
463.57	-0.246
463.91	-0.230
464.26	-0.209
464.61	-0.215
464.95	-0.225
465.30	-0.225
465.64	-0.225
465.99	-0.212
466.33	-0.208
466.68	-0.216
467.02	-0.207
467.37	-0.211
467.71	-0.229
468.06	-0.236
468.41	-0.233
468.75	-0.236
469.10	-0.242
469.44	-0.266
469.79	-0.294
470.13	-0.325
470.48	-0.333
470.82	-0.363
471.17	-0.354
471.51	-0.369
471.86	-0.387
472.20	-0.403
472.55	-0.411
472.89	-0.400
473.23	-0.414
473.58	-0.415
473.92	-0.408
474.27	-0.412
474.61	-0.414
474.96	-0.424
475.30	-0.404
475.65	-0.413
475.99	-0.416
476.34	-0.410
476.68	-0.414
477.02	-0.385
477.37	-0.371
477.71	-0.349
478.06	-0.321
478.40	-0.255
478.75	-0.186
479.09	-0.111
479.43	-0.032
479.78	0.036
480.12	0.098
480.47	0.156
480.81	0.200
481.15	0.244
481.50	0.289
481.84	0.330
482.19	0.356
482.53	0.380
482.87	0.395
483.22	0.397
483.56	0.388
483.90	0.367
484.25	0.344
484.59	0.327
484.94	0.303
485.28	0.273
485.62	0.243
485.97	0.211
486.31	0.182
486.65	0.149
487.00	0.128
487.34	0.115
487.68	0.103
488.03	0.085
488.37	0.068
488.71	0.052
489.06	0.034
489.40	0.030
489.74	0.016
490.09	0.002
490.43	-0.016
490.77	-0.049
491.11	-0.084
491.46	-0.111
491.80	-0.143
492.14	-0.184
492.49	-0.209
492.83	-0.250
493.17	-0.307
493.51	-0.347
493.86	-0.391
494.20	-0.417
494.54	-0.425
494.88	-0.420
495.23	-0.423
495.57	-0.421
495.91	-0.413
496.25	-0.406
496.60	-0.391
496.94	-0.393
497.28	-0.393
497.62	-0.386
497.97	-0.391
498.31	-0.400
498.65	-0.408
498.99	-0.418
499.33	-0.404
499.68	-0.410
500.02	-0.400
500.36	-0.406
500.70	-0.396
501.04	-0.402
501.39	-0.415
501.73	-0.411
502.07	-0.383
502.41	-0.380
502.75	-0.346
503.09	-0.347
503.44	-0.324
503.78	-0.325
504.12	-0.304
504.46	-0.283
504.80	-0.241
505.14	-0.200
505.49	-0.171
505.83	-0.148
506.17	-0.107
506.51	-0.097
506.85	-0.054
507.19	-0.030
507.53	-0.005
507.87	0.022
508.22	0.043
508.56	0.062
508.90	0.065
509.24	0.084
509.58	0.090
509.92	0.112
510.26	0.133
510.60	0.146
510.94	0.160
511.28	0.169
511.63	0.193
511.97	0.238
512.31	0.270
512.65	0.322
512.99	0.379
513.33	0.450
513.67	0.508
514.01	0.596
514.35	0.665
514.69	0.746
515.03	0.833
515.37	0.919
515.71	0.980
516.05	1.054
516.39	1.110
516.73	1.157
517.07	1.208
517.41	1.241
517.75	1.259
518.09	1.292
518.43	1.309
518.77	1.322
519.11	1.336
519.45	1.354
519.79	1.383
520.13	1.422
520.47	1.478
520.81	1.527
521.15	1.618
521.49	1.702
521.83	1.781
522.17	1.856
522.51	1.975
522.85	2.094
523.19	2.236
523.53	2.379
523.87	2.528
524.21	2.655
524.55	2.784
524.89	2.887
525.23	2.994
525.57	3.089
525.91	3.189
526.25	3.263
526.58	3.328
526.92	3.377
527.26	3.415
527.60	3.438
527.94	3.465
528.28	3.478
528.62	3.486
528.96	3.492
529.30	3.506
529.64	3.503
529.97	3.511
530.31	3.506
530.65	3.518
530.99	3.530
531.33	3.551
531.67	3.566
532.01	3.584
532.35	3.600
532.68	3.608
533.02	3.607
533.36	3.625
533.70	3.624
534.04	3.634
534.38	3.627
534.71	3.629
535.05	3.616
535.39	3.621
535.73	3.624
536.07	3.647
536.41	3.664
536.74	3.692
537.08	3.704
537.42	3.746
537.76	3.785
538.10	3.829
538.43	3.874
538.77	3.928
539.11	3.963
539.45	3.989
539.79	4.018
540.12	4.048
540.46	4.060
540.80	4.077
541.14	4.068
541.47	4.053
541.81	4.039
542.15	4.015
542.49	3.979
542.82	3.958
543.16	3.932
543.50	3.903
543.84	3.865
544.17	3.836
544.51	3.826
544.85	3.814
545.18	3.816
545.52	3.811
545.86	3.790
546.20	3.787
546.53	3.760
546.87	3.738
547.21	3.698
547.54	3.662
547.88	3.642
548.22	3.609
548.55	3.572
548.89	3.547
549.23	3.521
549.56	3.518
549.90	3.531
550.24	3.537
550.57	3.545
550.91	3.548
551.25	3.559
551.58	3.556
551.92	3.550
552.26	3.551
552.59	3.537
552.93	3.534
553.27	3.519
553.60	3.483
553.94	3.456
554.27	3.436
554.61	3.420
554.95	3.400
555.28	3.378
555.62	3.347
555.95	3.341
556.29	3.333
556.63	3.313
556.96	3.282
557.30	3.257
557.63	3.241
557.97	3.196
558.31	3.156
558.64	3.120
558.98	3.097
559.31	3.089
559.65	3.045
559.98	3.004
560.32	2.952
560.65	2.921
560.99	2.898
561.33	2.849
561.66	2.847
562.00	2.845
562.33	2.838
562.67	2.816
563.00	2.796
563.34	2.772
563.67	2.756
564.01	2.743
564.34	2.733
564.68	2.706
565.01	2.684
565.35	2.637
565.68	2.597
566.02	2.547
566.35	2.510
566.69	2.441
567.02	2.425
567.36	2.380
567.69	2.356
568.03	2.317
568.36	2.270
568.69	2.249
569.03	2.231
569.36	2.202
569.70	2.173
570.03	2.157
570.37	2.155
570.70	2.112
571.04	2.079
571.37	2.027
571.70	1.988
572.04	1.964
572.37	1.927
572.71	1.872
573.04	1.825
573.37	1.797
573.71	1.747
574.04	1.700
574.38	1.649
574.71	1.622
575.04	1.594
575.38	1.534
575.71	1.480
576.05	1.420
576.38	1.406
576.71	1.348
577.05	1.303
577.38	1.270
577.71	1.208
578.05	1.167
578.38	1.113
578.71	1.055
579.05	1.002
579.38	0.947
579.71	0.904
580.05	0.851
580.38	0.819
580.71	0.776
581.05	0.745
581.38	0.725
581.71	0.720
582.05	0.703
582.38	0.709
582.71	0.721
583.04	0.721
583.38	0.702
583.71	0.693
584.04	0.714
584.38	0.704
584.71	0.687
585.04	0.703
585.37	0.677
585.71	0.669
586.04	0.663
586.37	0.678
586.70	0.693
587.04	0.714
587.37	0.725
587.70	0.699
588.03	0.710
588.37	0.721
588.70	0.698
589.03	0.687
589.36	0.678
589.69	0.644
590.03	0.618
590.36	0.596
590.69	0.566
591.02	0.521
591.35	0.511
591.69	0.505
592.02	0.494
592.35	0.505
592.68	0.513
593.01	0.515
593.35	0.543
593.68	0.556
594.01	0.554
594.34	0.546
594.67	0.554
595.00	0.550
595.34	0.511
595.67	0.463
596.00	0.431
596.33	0.388
596.66	0.336
596.99	0.271
597.32	0.197
597.65	0.153
597.99	0.103
598.32	0.061
598.65	0.008
598.98	-0.022
599.31	-0.031
599.64	-0.030
599.97	-0.037
600.30	-0.016
600.63	-0.008
600.96	0.033
601.30	0.046
601.63	0.097
601.96	0.100
602.29	0.116
602.62	0.117
602.95	0.102
603.28	0.079
603.61	0.050
603.94	0.020
604.27	0.013
604.60	-0.040
604.93	-0.060
605.26	-0.113
605.59	-0.130
605.92	-0.155
606.25	-0.169
606.58	-0.178
606.91	-0.216
607.24	-0.204
607.57	-0.228
607.90	-0.270
608.23	-0.306
608.56	-0.342
608.89	-0.384
609.22	-0.431
609.55	-0.488
609.88	-0.549
610.21	-0.591
610.54	-0.669
610.87	-0.750
611.20	-0.823
611.53	-0.860
611.86	-0.881
612.19	-0.950
612.52	-1.001
612.85	-1.027
613.18	-1.050
613.51	-1.107
613.84	-1.162
614.17	-1.148
614.49	-1.149
614.82	-1.167
615.15	-1.206
615.48	-1.219
615.81	-1.228
616.14	-1.227
616.47	-1.264
616.80	-1.290
617.13	-1.284
617.46	-1.308
617.78	-1.333
618.11	-1.355
618.44	-1.364
618.77	-1.405
619.10	-1.441
619.43	-1.439
619.76	-1.466
620.09	-1.467
620.41	-1.479
620.74	-1.477
621.07	-1.434
621.40	-1.415
621.73	-1.420
622.06	-1.411
622.38	-1.351
622.71	-1.318
623.04	-1.312
623.37	-1.264
623.70	-1.231
624.02	-1.181
624.35	-1.130
624.68	-1.122
625.01	-1.091
625.34	-1.046
625.66	-1.027
625.99	-1.018
626.32	-1.012
626.65	-1.018
626.98	-1.033
627.30	-1.057
627.63	-1.097
627.96	-1.155
628.29	-1.196
628.61	-1.247
628.94	-1.304
629.27	-1.328
629.60	-1.380
629.92	-1.398
630.25	-1.437
630.58	-1.477
630.91	-1.497
631.23	-1.517
631.56	-1.529
631.89	-1.551
632.21	-1.571
632.54	-1.591
632.87	-1.624
633.19	-1.653
633.52	-1.711
633.85	-1.710
634.18	-1.738
634.50	-1.772
634.83	-1.817
635.16	-1.873
635.48	-1.926
635.81	-1.964
636.14	-2.025
636.46	-2.060
636.79	-2.095
637.11	-2.151
637.44	-2.223
637.77	-2.251
638.09	-2.321
638.42	-2.343
638.75	-2.354
639.07	-2.339
639.40	-2.346
639.73	-2.373
640.05	-2.390
640.38	-2.368
640.70	-2.371
641.03	-2.354
641.36	-2.397
641.68	-2.378
642.01	-2.388
642.33	-2.397
642.66	-2.406
642.98	-2.440
643.31	-2.419
643.64	-2.402
643.96	-2.407
644.29	-2.366
644.61	-2.366
644.94	-2.309
645.26	-2.282
645.59	-2.225
645.91	-2.182
646.24	-2.146
646.56	-2.123
646.89	-2.107
647.22	-2.125
647.54	-2.137
647.87	-2.130
648.19	-2.128
648.52	-2.120
648.84	-2.104
649.17	-2.139
649.49	-2.142
649.82	-2.164
650.14	-2.136
650.47	-2.149
650.79	-2.110
651.11	-2.097
651.44	-2.094
651.76	-2.072
652.09	-2.047
652.41	-2.052
652.74	-2.020
653.06	-2.017
653.39	-1.989
653.71	-1.977
654.04	-1.903
654.36	-1.877
654.68	-1.857
655.01	-1.803
655.33	-1.758
655.66	-1.747
655.98	-1.713
656.30	-1.696
656.63	-1.671
656.95	-1.653
657.28	-1.628
657.60	-1.661
657.92	-1.667
658.25	-1.644
658.57	-1.655
658.90	-1.701
659.22	-1.714
659.54	-1.736
659.87	-1.755
660.19	-1.800
660.51	-1.830
660.84	-1.878
661.16	-1.880
661.48	-1.894
661.81	-1.919
662.13	-1.958
662.45	-1.931
662.78	-1.954
663.10	-1.933
663.42	-1.925
663.75	-1.831
664.07	-1.836
664.39	-1.820
664.72	-1.794
665.04	-1.769
665.36	-1.694
665.69	-1.633
666.01	-1.558
666.33	-1.469
666.65	-1.452
666.98	-1.354
667.30	-1.295
667.62	-1.172
667.94	-1.062
668.27	-0.971
668.59	-0.903
668.91	-0.830
669.23	-0.740
669.56	-0.689
669.88	-0.590
670.20	-0.481
670.52	-0.405
670.85	-0.342
671.17	-0.289
671.49	-0.236
671.81	-0.117
672.13	-0.010
672.46	0.084
672.78	0.187
673.10	0.308
673.42	0.404
673.74	0.540
674.07	0.663
674.39	0.794
674.71	0.891
675.03	1.069
675.35	1.193
675.67	1.305
676.00	1.404
676.32	1.494
676.64	1.605
676.96	1.729
677.28	1.858
677.60	1.970
677.92	2.078
678.25	2.235
678.57	2.304
678.89	2.381
679.21	2.502
679.53	2.624
679.85	2.740
680.17	2.816
680.49	2.911
680.81	2.992
681.13	3.042
681.46	3.117
681.78	3.201
682.10	3.321
682.42	3.375
682.74	3.469
683.06	3.517
683.38	3.613
683.70	3.741
684.02	3.799
684.34	3.951
684.66	4.083
684.98	4.173
685.30	4.224
685.62	4.277
685.94	4.342
686.26	4.393
686.58	4.389
686.90	4.402
687.22	4.339
687.54	4.285
687.86	4.122
688.18	3.993
688.50	3.918
688.82	3.862
689.14	3.753
689.46	3.783
689.78	3.690
690.10	3.691
690.42	3.614
690.74	3.710
691.06	3.785
691.38	3.827
691.70	3.915
692.02	3.943
692.34	3.964
692.66	4.052
692.98	3.987
693.30	4.105
693.62	4.159
693.94	4.232
694.26	4.176
694.57	4.234
694.89	4.361
695.21	4.478
695.53	4.542
695.85	4.638
696.17	4.705
696.49	4.852
696.81	4.972
697.13	5.088
697.44	5.221
697.76	5.437
698.08	5.570
698.40	5.711
698.72	5.820
699.04	6.053
699.36	6.314
699.67	6.492
699.99	6.663
700.31	6.848
700.63	7.079
700.95	7.304
701.27	7.483
701.58	7.693
701.90	7.952
702.22	8.267
702.54	8.412
702.86	8.603
703.17	8.893
703.49	9.192
703.81	9.434
704.13	9.585
704.45	9.824
704.76	10.093
705.08	10.314
705.40	10.467
705.72	10.657
706.03	10.921
706.35	11.138
706.67	11.389
706.99	11.632
707.30	11.852
707.62	12.160
707.94	12.431
708.26	12.618
708.57	12.935
708.89	13.216
709.21	13.513
709.53	13.787
709.84	14.017
710.16	14.330
710.48	14.601
710.79	14.886
711.11	15.173
711.43	15.365
711.74	15.668
712.06	15.932
712.38	16.266
712.69	16.465
713.01	16.795
713.33	17.175
713.64	17.526
713.96	17.835
714.28	18.259
714.59	18.800
714.91	19.302
715.23	19.725
715.54	20.126
715.86	20.550
716.17	21.103
716.49	21.523
716.81	21.957
717.12	22.242
717.44	22.735
717.76	23.206
718.07	23.457
718.39	23.803
718.70	24.227
719.02	24.499
719.33	24.744
719.65	25.003
719.97	25.366
720.28	25.637
720.60	26.062
720.91	26.426
721.23	26.686
721.54	27.004
721.86	27.366
722.17	27.604
722.49	28.125
722.81	28.564
723.12	28.932
723.44	29.286
723.75	29.685
724.07	30.156
724.38	30.521
724.70	30.969
725.01	31.289
725.33	31.636
725.64	31.998
725.96	32.261
726.27	32.475
726.59	32.868
726.90	33.090
727.22	33.261
727.53	33.429
727.84	33.647
728.16	33.773
728.47	34.138
728.79	34.364
729.10	34.540
729.42	34.713
729.73	35.108
730.05	35.316
730.36	35.663
730.67	36.179
730.99	36.413
731.30	36.638
731.62	37.001
731.93	37.207
732.24	37.570
732.56	38.022
732.87	38.485
733.19	38.709
733.50	39.019
733.81	39.277
734.13	39.309
734.44	39.659
734.76	39.831
735.07	40.051
735.38	40.296
735.70	40.614
736.01	40.688
736.32	40.740
736.64	41.014
736.95	41.141
737.26	41.300
737.58	41.576
737.89	41.799
738.20	42.117
738.52	42.239
738.83	42.317
739.14	42.359
739.45	42.748
739.77	42.963
740.08	43.183
740.39	43.379
740.71	43.765
741.02	43.934
741.33	44.095
741.64	44.336
741.96	44.567
742.27	44.844
742.58	44.973
742.90	45.004
743.21	45.296
743.52	45.381
743.83	45.559
744.14	45.587
744.46	45.847
744.77	45.798
745.08	45.814
745.39	45.788
745.71	45.818
746.02	45.893
746.33	46.048
746.64	46.151
746.95	46.048
747.27	46.124
747.58	46.236
747.89	46.086
748.20	46.184
748.51	46.351
748.82	46.449
749.14	46.526
749.45	46.508
749.76	46.585
750.07	46.615
750.38	46.783
750.69	46.877
751.01	46.651
751.32	46.702
751.63	46.729
751.94	46.537
752.25	46.436
752.56	46.412
752.87	46.433
753.18	46.204
753.49	46.067
753.81	46.031
754.12	45.879
754.43	46.113
754.74	46.188
755.05	46.178
755.36	46.311
755.67	46.543
755.98	46.876
756.29	47.032
756.60	47.272
756.91	47.521
757.22	47.716
757.53	48.046
757.84	48.327
758.15	48.482
758.46	48.755
758.77	48.802
759.09	48.850
759.40	48.759
759.71	48.717
760.02	48.658
760.33	48.520
760.64	48.398
760.95	48.236
761.26	47.931
761.57	47.818
761.88	47.636
762.18	47.619
762.49	47.485
762.80	47.282
763.11	47.279
763.42	47.128
763.73	47.055
764.04	47.017
764.35	47.041
764.66	47.012
764.97	46.881
765.28	46.763
765.59	46.502
765.90	46.247
766.21	46.122
766.52	45.936
766.83	45.890
767.14	45.842
767.44	45.610
767.75	45.196
768.06	45.176
768.37	44.992
768.68	45.148
768.99	45.170
769.30	45.289
769.61	45.282
769.91	45.315
770.22	45.083
770.53	44.776
770.84	44.761
771.15	44.708
771.46	44.224
771.77	44.273
772.07	43.916
772.38	43.802
772.69	43.591
773.00	43.696
773.31	43.422
773.61	43.324
773.92	43.195
774.23	43.223
774.54	43.009
774.85	43.141
775.15	42.766
775.46	42.809
775.77	42.867
776.08	42.865
776.39	42.622
776.69	42.852
777.00	43.058
777.31	43.220
777.62	43.149
777.92	43.323
778.23	43.487
778.54	43.884
778.85	43.936
779.15	43.872
779.46	43.943
779.77	43.949
780.07	44.081
780.38	44.338
780.69	44.248
781.00	44.414
781.30	44.415
781.61	44.254
781.92	44.049
782.22	44.315
782.53	44.206
782.84	44.323
783.14	44.376
783.45	44.074
783.76	43.760
784.06	43.812
784.37	43.454
784.68	43.690
784.98	43.605
785.29	43.619
785.60	43.463
785.90	43.597
786.21	43.800
786.51	43.945
786.82	44.038
787.13	44.170
787.43	44.286
787.74	44.391
788.04	44.217
788.35	44.445
788.66	44.382
788.96	44.362
789.27	44.530
789.57	43.999
789.88	43.918
790.19	43.668
790.49	43.665
790.80	43.839
791.10	43.850
791.41	43.899
791.71	43.851
792.02	44.276
792.32	44.371
792.63	44.278
792.93	44.439
793.24	44.147
793.54	44.269
793.85	44.381
794.15	44.047
794.46	44.100
794.76	44.031
795.07	44.085
795.37	43.897
795.68	43.594
795.98	43.733
796.29	43.995
796.59	44.245
796.90	44.325
797.20	44.074
797.51	44.129
797.81	43.506
798.12	43.610
798.42	43.427
798.72	43.398
799.03	43.580
799.33	43.353
799.64	43.428
799.94	43.733
800.25	43.471
800.55	43.419
800.85	43.655
801.16	44.426
801.46	44.073
801.77	44.294
802.07	44.649
802.37	44.718
802.68	44.431
802.98	44.132
803.28	44.144
803.59	44.723
803.89	44.994
804.20	45.298
804.50	45.134
804.80	45.297
805.11	45.056
805.41	44.667
805.71	44.622
806.02	44.752
806.32	44.774
806.62	44.855
806.93	44.674
807.23	44.928
807.53	44.786
807.83	44.811
808.14	45.599
808.44	45.837
808.74	45.646
809.05	45.635
809.35	45.809
809.65	46.205
809.95	46.086
810.26	46.036
810.56	45.917
810.86	45.927
811.16	46.378
811.47	46.453
811.77	46.632
812.07	47.124
812.37	47.292
812.68	47.584
812.98	47.883
813.28	47.839
813.58	48.140
813.88	47.946
814.19	48.521
814.49	48.737
814.79	48.576
815.09	48.931
815.39	48.999
815.70	49.413
816.00	49.201
816.30	48.769
816.60	48.581
816.90	48.503
817.20	48.640
817.50	48.131
817.81	47.734
818.11	47.643
818.41	47.481
818.71	47.476
819.01	47.377
819.31	47.671
819.61	47.861
819.92	48.209
820.22	48.413
820.52	48.585
820.82	48.831
821.12	49.166
821.42	49.409
821.72	49.565
822.02	49.818
822.32	50.131
822.62	50.379
822.92	50.609
823.22	50.774
823.52	50.972
823.83	51.030
824.13	51.056
824.43	50.980
824.73	50.967
825.03	51.064
825.33	51.085
825.63	50.974
825.93	50.799
826.23	50.556
826.53	50.340
826.83	50.071
827.13	50.252
827.43	50.370
827.73	50.442
828.03	50.473
828.33	50.819
828.63	50.850
828.93	50.812
829.23	50.804
829.53	50.850
829.83	50.806
830.13	50.842
830.42	50.455
830.72	49.905
831.02	49.619
831.32	49.327
831.62	48.957
831.92	48.859
832.22	48.698
832.52	48.615
832.82	48.718
833.12	48.833
833.42	48.930
833.72	48.951
834.01	49.204
834.31	49.475
834.61	49.913
834.91	50.145
835.21	50.211
835.51	50.604
835.81	50.457
836.11	50.400
836.40	50.180
836.70	50.452
837.00	50.239
837.30	50.642
837.60	50.508
837.90	50.605
838.19	50.271
838.49	50.680
838.79	49.962
839.09	50.666
839.39	51.062
839.68	50.940
839.98	50.123
840.28	50.614
840.58	49.941
840.88	50.099
841.17	48.891
841.47	48.441
841.77	47.388
842.07	47.987
842.36	46.879
842.66	46.041
842.96	45.238
843.26	44.460
843.55	44.464
843.85	44.461
844.15	43.795
844.45	43.797
844.74	44.029
845.04	43.201
845.34	42.475
845.63	42.628
845.93	43.059
846.23	44.422
846.53	45.451
846.82	44.767
847.12	44.042
847.42	44.054
847.71	44.123
848.01	42.794
848.31	43.133
848.60	43.480
848.90	42.462
849.19	42.311
849.49	40.899
849.79	40.174
850.08	40.463
850.38	40.566
850.68	38.521
850.97	38.873
851.27	39.737
851.56	40.238
851.86	39.141
852.16	40.654
852.45	39.493
852.75	40.454
853.04	40.955
853.34	40.773
853.64	41.018
853.93	42.287
854.23	42.319
854.52	42.750
854.82	43.951
855.11	44.876
855.41	45.365
855.70	46.768
856.00	45.443
856.30	44.864
856.59	46.045
856.89	46.525
857.18	46.988
857.48	47.578
857.77	47.413
858.07	46.732
858.36	45.676
858.66	45.457
858.95	44.887
859.25	46.437
859.54	46.724
859.84	45.999
860.13	44.870
860.42	45.312
860.72	43.858
861.01	44.383
861.31	44.858
861.60	47.369
861.90	47.662
862.19	47.931
862.49	46.126
862.78	46.378
863.07	44.874
863.37	44.530
863.66	43.408
863.96	44.806
864.25	45.167
864.54	46.895
864.84	46.481
865.13	46.051
865.43	46.979
865.72	56.410
866.01	68.757
866.31	55.431
866.60	47.871
866.89	55.224
>>>>>End Spectral Data<<<<<
