180.30	0.000
180.67	0.000
181.03	150.275
181.40	405.066
181.77	-5341.896
182.14	10.443
182.51	-824.546
182.88	34.380
183.25	90.130
183.62	132.068
183.99	149.601
184.36	139.193
184.73	34.122
185.10	122.828
185.46	-140.453
185.83	7.241
186.20	1036.441
186.57	135.449
186.94	118.841
187.31	38.713
187.68	6.029
188.05	37.991
188.42	81.874
188.78	139.092
189.15	529.675
189.52	-132.953
189.89	-47.481
190.26	-49.603
190.63	-29.711
191.00	-30.582
191.37	-11.896
191.73	-2.153
192.10	1.265
192.47	2.548
192.84	-12.465
193.21	-14.818
193.58	-22.631
193.94	-28.175
194.31	-19.977
194.68	-15.491
195.05	-19.700
195.42	-26.816
195.79	-46.261
196.15	-64.581
196.52	-77.195
196.89	-60.886
197.26	-56.048
197.63	-29.827
198.00	-11.352
198.36	-22.597
198.73	-35.039
199.10	-36.672
199.47	-26.092
199.84	-17.682
200.20	-10.349
200.57	7.980
200.94	-0.472
201.31	-0.014
201.68	-20.141
202.04	-27.447
202.41	-29.354
202.78	-46.271
203.15	-47.540
203.51	-46.612
203.88	-40.583
204.25	-50.220
204.62	-99.600
204.98	-102.723
205.35	-101.706
205.72	-88.957
206.09	-89.700
206.46	-138.695
206.82	-94.539
207.19	-89.206
207.56	-148.737
207.92	-124.399
208.29	-118.074
208.66	-60.077
209.03	-42.004
209.39	-23.110
209.76	-20.514
210.13	-58.701
210.50	-49.100
210.86	-27.131
211.23	-31.335
211.60	-11.562
211.96	-13.892
212.33	-22.744
212.70	-30.226
213.07	-43.540
213.43	-76.836
213.80	-64.886
214.17	-35.927
214.53	-19.572
214.90	-25.324
215.27	-20.053
215.63	-21.466
216.00	-22.408
216.37	-8.365
216.74	-17.111
217.10	-10.402
217.47	-10.173
217.84	-6.821
218.20	-4.344
218.57	1.427
218.94	1.186
219.30	-0.221
219.67	-7.615
220.04	-6.725
220.40	-10.844
220.77	-11.360
221.13	-10.972
221.50	-7.087
221.87	-11.894
222.23	-15.635
222.60	-27.323
222.97	-24.059
223.33	-18.817
223.70	-13.020
224.07	-14.473
224.43	-17.354
224.80	-11.184
225.16	-13.112
225.53	-11.941
225.90	-12.235
226.26	-8.847
226.63	-5.999
226.99	-5.734
227.36	-4.675
227.73	-3.434
228.09	-3.013
228.46	-0.001
228.82	0.515
229.19	2.838
229.56	3.302
229.92	5.679
230.29	5.856
230.65	5.873
231.02	4.205
231.38	-0.099
231.75	-2.398
232.12	-3.039
232.48	-5.331
232.85	-6.287
233.21	-8.619
233.58	-11.375
233.94	-13.009
234.31	-13.360
234.68	-12.674
235.04	-11.927
235.41	-7.257
235.77	-4.280
236.14	-2.869
236.50	-2.173
236.87	-2.253
237.23	0.383
237.60	0.383
237.96	0.759
238.33	0.514
238.69	0.545
239.06	0.927
239.42	0.577
239.79	0.016
240.15	-0.035
240.52	0.566
240.88	0.709
241.25	-0.104
241.61	0.027
241.98	-0.355
242.34	-0.444
242.71	-0.242
243.07	-0.000
243.44	-0.172
243.80	-0.430
244.17	-0.326
244.53	-0.897
244.90	-0.858
245.26	-0.954
245.63	-0.890
245.99	-0.898
246.36	-0.745
246.72	-0.686
247.09	-1.239
247.45	-1.220
247.81	-0.764
248.18	-0.940
248.54	-0.204
248.91	-0.261
249.27	0.028
249.64	0.408
250.00	0.898
250.36	0.794
250.73	0.329
251.09	0.555
251.46	0.390
251.82	-0.269
252.19	0.036
252.55	-0.713
252.91	-0.792
253.28	-1.076
253.64	-1.567
254.01	-1.855
254.37	-1.730
254.73	-0.850
255.10	-0.096
255.46	0.475
255.83	0.679
256.19	0.465
256.55	0.471
256.92	0.602
257.28	0.653
257.65	0.867
258.01	0.891
258.37	0.817
258.74	0.540
259.10	0.179
259.46	-0.168
259.83	-0.324
260.19	-0.420
260.55	-0.286
260.92	-0.382
261.28	-0.517
261.64	-0.572
262.01	-0.569
262.37	-0.559
262.73	-0.411
263.10	0.072
263.46	0.178
263.82	0.088
264.19	0.366
264.55	-0.134
264.91	-0.339
265.28	-0.370
265.64	-0.399
266.00	-0.385
266.37	-0.455
266.73	-0.680
267.09	-0.676
267.46	-0.401
267.82	-0.363
268.18	-0.376
268.54	-0.129
268.91	-0.184
269.27	-0.087
269.63	0.090
270.00	-0.024
270.36	0.064
270.72	0.035
271.08	-0.075
271.45	-0.150
271.81	-0.041
272.17	-0.162
272.53	-0.030
272.90	0.129
273.26	0.255
273.62	0.073
273.98	-0.094
274.35	-0.101
274.71	0.120
275.07	0.013
275.43	-0.214
275.80	-0.233
276.16	-0.046
276.52	-0.193
276.88	-0.160
277.25	-0.534
277.61	-0.861
277.97	-0.778
278.33	-0.713
278.69	-0.987
279.06	-0.752
279.42	-0.615
279.78	-0.529
280.14	-0.697
280.50	-0.544
280.87	-0.595
281.23	-0.431
281.59	-0.128
281.95	-0.062
282.31	-0.074
282.68	-0.149
283.04	-0.397
283.40	-0.375
283.76	-0.254
284.12	-0.038
284.48	-0.116
284.85	-0.021
285.21	0.025
285.57	-0.136
285.93	0.008
286.29	-0.071
286.65	0.200
287.02	0.607
287.38	0.660
287.74	0.500
288.10	0.390
288.46	0.380
288.82	0.141
289.18	-0.014
289.54	0.045
289.91	0.087
290.27	0.176
290.63	0.229
290.99	0.151
291.35	0.137
291.71	0.284
292.07	0.341
292.43	0.267
292.79	0.375
293.16	0.512
293.52	0.681
293.88	0.575
294.24	0.652
294.60	0.605
294.96	0.509
295.32	0.500
295.68	0.569
296.04	0.451
296.40	0.524
296.76	0.579
297.12	0.515
297.49	0.437
297.85	0.334
298.21	0.213
298.57	0.035
298.93	-0.079
299.29	-0.172
299.65	-0.361
300.01	-0.367
300.37	-0.235
300.73	0.036
301.09	0.144
301.45	0.195
301.81	0.244
302.17	0.324
302.53	0.326
302.89	0.475
303.25	0.610
303.61	0.636
303.97	0.609
304.33	0.610
304.69	0.397
305.05	0.283
305.41	0.074
305.77	0.092
306.13	0.115
306.49	0.074
306.85	0.082
307.21	0.063
307.57	0.122
307.93	0.253
308.29	0.292
308.65	0.336
309.01	0.420
309.37	0.498
309.73	0.490
310.09	0.535
310.45	0.749
310.81	0.702
311.17	0.667
311.53	0.556
311.89	0.496
312.25	0.337
312.61	0.241
312.96	0.303
313.32	0.259
313.68	0.182
314.04	0.077
314.40	0.029
314.76	-0.052
315.12	-0.062
315.48	0.026
315.84	-0.049
316.20	0.013
316.56	0.009
316.92	-0.045
317.27	-0.048
317.63	-0.006
317.99	-0.150
318.35	-0.215
318.71	-0.192
319.07	-0.094
319.43	-0.028
319.79	0.178
320.15	0.185
320.50	0.301
320.86	0.223
321.22	0.235
321.58	0.305
321.94	0.345
322.30	0.298
322.66	0.308
323.01	0.235
323.37	0.158
323.73	0.111
324.09	0.021
324.45	0.018
324.81	-0.048
325.17	0.002
325.52	-0.090
325.88	-0.109
326.24	-0.090
326.60	-0.040
326.96	-0.048
327.31	-0.046
327.67	-0.171
328.03	-0.148
328.39	-0.284
328.75	-0.105
329.11	0.005
329.46	0.082
329.82	0.143
330.18	0.071
330.54	-0.011
330.90	-0.060
331.25	-0.016
331.61	0.053
331.97	0.046
332.33	0.168
332.68	0.129
333.04	0.037
333.40	-0.049
333.76	-0.032
334.11	0.029
334.47	0.102
334.83	0.166
335.19	0.092
335.54	0.070
335.90	0.114
336.26	0.051
336.62	-0.049
336.97	-0.074
337.33	-0.094
337.69	-0.128
338.05	-0.171
338.40	-0.258
338.76	-0.312
339.12	-0.276
339.48	-0.307
339.83	-0.319
340.19	-0.370
340.55	-0.283
340.90	-0.287
341.26	-0.273
341.62	-0.256
341.97	-0.219
342.33	-0.170
342.69	-0.081
343.04	-0.091
343.40	-0.161
343.76	-0.249
344.12	-0.242
344.47	-0.242
344.83	-0.204
345.19	-0.159
345.54	-0.121
345.90	-0.165
346.26	-0.201
346.61	-0.233
346.97	-0.253
347.32	-0.135
347.68	-0.072
348.04	-0.074
348.39	-0.166
348.75	-0.215
349.11	-0.242
349.46	-0.269
349.82	-0.280
350.18	-0.292
350.53	-0.315
350.89	-0.318
351.24	-0.409
351.60	-0.430
351.96	-0.328
352.31	-0.349
352.67	-0.284
353.02	-0.346
353.38	-0.320
353.74	-0.304
354.09	-0.329
354.45	-0.297
354.80	-0.256
355.16	-0.196
355.52	-0.202
355.87	-0.328
356.23	-0.215
356.58	-0.217
356.94	-0.170
357.29	-0.208
357.65	-0.168
358.00	-0.112
358.36	-0.149
358.72	-0.203
359.07	-0.221
359.43	-0.200
359.78	-0.121
360.14	-0.134
360.49	-0.169
360.85	-0.166
361.20	-0.174
361.56	-0.182
361.91	-0.179
362.27	-0.167
362.62	-0.140
362.98	-0.103
363.33	-0.094
363.69	-0.112
364.04	-0.126
364.40	-0.142
364.75	-0.128
365.11	-0.124
365.46	-0.164
365.82	-0.168
366.17	-0.208
366.53	-0.201
366.88	-0.221
367.24	-0.214
367.59	-0.216
367.95	-0.196
368.30	-0.184
368.66	-0.186
369.01	-0.186
369.37	-0.097
369.72	-0.058
370.08	-0.001
370.43	-0.005
370.78	0.035
371.14	0.007
371.49	0.039
371.85	0.011
372.20	0.021
372.56	0.007
372.91	0.021
373.26	-0.042
373.62	-0.093
373.97	-0.094
374.33	-0.109
374.68	-0.155
375.03	-0.143
375.39	-0.210
375.74	-0.219
376.10	-0.230
376.45	-0.192
376.80	-0.193
377.16	-0.170
377.51	-0.138
377.87	-0.095
378.22	-0.102
378.57	-0.098
378.93	-0.092
379.28	-0.031
379.63	-0.017
379.99	0.025
380.34	-0.015
380.70	-0.031
381.05	-0.009
381.40	-0.044
381.76	-0.097
382.11	-0.076
382.46	-0.039
382.82	0.021
383.17	0.013
383.52	-0.003
383.88	-0.027
384.23	0.012
384.58	0.011
384.94	-0.042
385.29	-0.014
385.64	-0.006
385.99	0.029
386.35	0.018
386.70	-0.022
387.05	-0.062
387.41	-0.039
387.76	-0.077
388.11	-0.091
388.47	-0.077
388.82	-0.070
389.17	-0.098
389.52	-0.086
389.88	-0.093
390.23	-0.090
390.58	-0.077
390.93	-0.049
391.29	-0.063
391.64	-0.018
391.99	0.033
392.34	0.053
392.70	0.096
393.05	0.116
393.40	0.102
393.75	0.081
394.11	0.077
394.46	0.031
394.81	0.031
395.16	0.024
395.52	0.036
395.87	-0.015
396.22	-0.024
396.57	-0.076
396.92	-0.090
397.28	-0.109
397.63	-0.135
397.98	-0.152
398.33	-0.162
398.68	-0.177
399.04	-0.158
399.39	-0.208
399.74	-0.229
400.09	-0.238
400.44	-0.224
400.80	-0.219
401.15	-0.221
401.50	-0.210
401.85	-0.204
402.20	-0.197
402.55	-0.146
402.90	-0.170
403.26	-0.171
403.61	-0.170
403.96	-0.176
404.31	-0.163
404.66	-0.150
405.01	-0.171
405.36	-0.155
405.72	-0.180
406.07	-0.180
406.42	-0.248
406.77	-0.269
407.12	-0.256
407.47	-0.241
407.82	-0.229
408.17	-0.250
408.53	-0.263
408.88	-0.258
409.23	-0.276
409.58	-0.303
409.93	-0.287
410.28	-0.262
410.63	-0.261
410.98	-0.274
411.33	-0.289
411.68	-0.282
412.03	-0.258
412.38	-0.289
412.73	-0.255
413.09	-0.251
413.44	-0.196
413.79	-0.178
414.14	-0.165
414.49	-0.108
414.84	-0.061
415.19	-0.023
415.54	0.003
415.89	0.024
416.24	0.083
416.59	0.099
416.94	0.138
417.29	0.156
417.64	0.154
417.99	0.174
418.34	0.180
418.69	0.180
419.04	0.189
419.39	0.192
419.74	0.190
420.09	0.190
420.44	0.197
420.79	0.185
421.14	0.179
421.49	0.191
421.84	0.182
422.19	0.189
422.54	0.177
422.89	0.162
423.24	0.147
423.59	0.144
423.94	0.129
424.29	0.112
424.64	0.107
424.99	0.097
425.34	0.072
425.68	0.067
426.03	0.024
426.38	0.020
426.73	0.005
427.08	-0.017
427.43	-0.014
427.78	0.000
428.13	-0.009
428.48	-0.001
428.83	-0.000
429.18	0.007
429.53	0.005
429.87	0.007
430.22	-0.004
430.57	0.032
430.92	0.012
431.27	0.008
431.62	-0.011
431.97	0.007
432.32	-0.010
432.67	-0.017
433.01	-0.037
433.36	-0.052
433.71	-0.051
434.06	-0.053
434.41	-0.084
434.76	-0.047
435.11	-0.045
435.45	-0.041
435.80	-0.056
436.15	-0.045
436.50	-0.029
436.85	-0.006
437.20	-0.002
437.54	-0.006
437.89	0.006
438.24	0.017
438.59	0.012
438.94	0.000
439.29	-0.009
439.63	0.005
439.98	-0.007
440.33	-0.020
440.68	-0.012
441.03	-0.002
441.37	0.016
441.72	0.025
442.07	0.023
442.42	0.033
442.76	0.046
443.11	0.054
443.46	0.057
443.81	0.069
444.16	0.076
444.50	0.070
444.85	0.060
445.20	0.056
445.55	0.049
445.89	0.042
446.24	0.025
446.59	-0.005
446.94	-0.027
447.28	-0.045
447.63	-0.064
447.98	-0.083
448.32	-0.112
448.67	-0.131
449.02	-0.156
449.37	-0.188
449.71	-0.189
450.06	-0.189
450.41	-0.175
450.75	-0.165
451.10	-0.182
451.45	-0.212
451.79	-0.231
452.14	-0.227
452.49	-0.224
452.84	-0.236
453.18	-0.232
453.53	-0.245
453.88	-0.266
454.22	-0.270
454.57	-0.263
454.92	-0.257
455.26	-0.207
455.61	-0.170
455.95	-0.152
456.30	-0.138
456.65	-0.106
456.99	-0.087
457.34	-0.072
457.69	-0.050
458.03	-0.035
458.38	-0.027
458.73	-0.021
459.07	-0.029
459.42	-0.047
459.76	-0.079
460.11	-0.106
460.46	-0.141
460.80	-0.173
461.15	-0.208
461.49	-0.243
461.84	-0.271
462.19	-0.300
462.53	-0.315
462.88	-0.339
463.22	-0.348
463.57	-0.335
463.91	-0.333
464.26	-0.320
464.61	-0.321
464.95	-0.326
465.30	-0.329
465.64	-0.320
465.99	-0.323
466.33	-0.320
466.68	-0.332
467.02	-0.348
467.37	-0.355
467.71	-0.374
468.06	-0.385
468.41	-0.381
468.75	-0.380
469.10	-0.380
469.44	-0.407
469.79	-0.427
470.13	-0.474
470.48	-0.489
470.82	-0.487
471.17	-0.491
471.51	-0.498
471.86	-0.506
472.20	-0.517
472.55	-0.518
472.89	-0.521
473.23	-0.525
473.58	-0.526
473.92	-0.513
474.27	-0.514
474.61	-0.534
474.96	-0.536
475.30	-0.524
475.65	-0.531
475.99	-0.550
476.34	-0.551
476.68	-0.563
477.02	-0.559
477.37	-0.554
477.71	-0.527
478.06	-0.484
478.40	-0.406
478.75	-0.336
479.09	-0.250
479.43	-0.165
479.78	-0.082
480.12	-0.027
480.47	0.032
480.81	0.080
481.15	0.124
481.50	0.172
481.84	0.210
482.19	0.231
482.53	0.255
482.87	0.269
483.22	0.266
483.56	0.256
483.90	0.243
484.25	0.226
484.59	0.210
484.94	0.193
485.28	0.168
485.62	0.136
485.97	0.107
486.31	0.085
486.65	0.052
487.00	0.035
487.34	0.021
487.68	0.009
488.03	-0.007
488.37	-0.020
488.71	-0.038
489.06	-0.060
489.40	-0.066
489.74	-0.074
490.09	-0.102
490.43	-0.119
490.77	-0.150
491.11	-0.189
491.46	-0.219
491.80	-0.251
492.14	-0.304
492.49	-0.334
492.83	-0.375
493.17	-0.415
493.51	-0.461
493.86	-0.500
494.20	-0.530
494.54	-0.550
494.88	-0.541
495.23	-0.548
495.57	-0.542
495.91	-0.517
496.25	-0.510
496.60	-0.512
496.94	-0.517
497.28	-0.519
497.62	-0.519
497.97	-0.533
498.31	-0.537
498.65	-0.554
498.99	-0.564
499.33	-0.558
499.68	-0.562
500.02	-0.566
500.36	-0.557
500.70	-0.556
501.04	-0.560
501.39	-0.553
501.73	-0.540
502.07	-0.503
502.41	-0.494
502.75	-0.462
503.09	-0.448
503.44	-0.425
503.78	-0.399
504.12	-0.384
504.46	-0.347
504.80	-0.295
505.14	-0.255
505.49	-0.206
505.83	-0.177
506.17	-0.125
506.51	-0.093
506.85	-0.052
507.19	-0.013
507.53	0.019
507.87	0.080
508.22	0.109
508.56	0.136
508.90	0.167
509.24	0.193
509.58	0.212
509.92	0.246
510.26	0.279
510.60	0.320
510.94	0.346
511.28	0.386
511.63	0.421
511.97	0.473
512.31	0.532
512.65	0.600
512.99	0.686
513.33	0.798
513.67	0.892
514.01	1.015
514.35	1.124
514.69	1.246
515.03	1.367
515.37	1.488
515.71	1.606
516.05	1.708
516.39	1.800
516.73	1.891
517.07	1.970
517.41	2.047
517.75	2.103
518.09	2.163
518.43	2.222
518.77	2.270
519.11	2.327
519.45	2.383
519.79	2.464
520.13	2.549
520.47	2.651
520.81	2.753
521.15	2.879
521.49	3.013
521.83	3.155
522.17	3.294
522.51	3.464
522.85	3.638
523.19	3.840
523.53	4.053
523.87	4.276
524.21	4.471
524.55	4.660
524.89	4.823
525.23	4.982
525.57	5.121
525.91	5.257
526.25	5.369
526.58	5.475
526.92	5.562
527.26	5.629
527.60	5.679
527.94	5.733
528.28	5.773
528.62	5.812
528.96	5.847
529.30	5.886
529.64	5.921
529.97	5.957
530.31	5.982
530.65	6.027
530.99	6.075
531.33	6.121
531.67	6.168
532.01	6.223
532.35	6.261
532.68	6.287
533.02	6.313
533.36	6.338
533.70	6.362
534.04	6.386
534.38	6.397
534.71	6.410
535.05	6.426
535.39	6.438
535.73	6.452
536.07	6.503
536.41	6.573
536.74	6.620
537.08	6.674
537.42	6.747
537.76	6.818
538.10	6.891
538.43	6.974
538.77	7.044
539.11	7.104
539.45	7.164
539.79	7.203
540.12	7.223
540.46	7.244
540.80	7.252
541.14	7.248
541.47	7.236
541.81	7.224
542.15	7.185
542.49	7.171
542.82	7.141
543.16	7.109
543.50	7.085
543.84	7.056
544.17	7.044
544.51	7.033
544.85	7.026
545.18	7.037
545.52	7.040
545.86	7.040
546.20	7.026
546.53	7.013
546.87	7.001
547.21	6.979
547.54	6.958
547.88	6.945
548.22	6.929
548.55	6.917
548.89	6.888
549.23	6.860
549.56	6.856
549.90	6.864
550.24	6.883
550.57	6.879
550.91	6.868
551.25	6.881
551.58	6.863
551.92	6.861
552.26	6.838
552.59	6.831
552.93	6.827
553.27	6.816
553.60	6.780
553.94	6.722
554.27	6.697
554.61	6.663
554.95	6.626
555.28	6.612
555.62	6.574
555.95	6.552
556.29	6.514
556.63	6.457
556.96	6.404
557.30	6.378
557.63	6.326
557.97	6.267
558.31	6.226
558.64	6.170
558.98	6.118
559.31	6.089
559.65	6.026
559.98	5.976
560.32	5.935
560.65	5.894
560.99	5.821
561.33	5.772
561.66	5.719
562.00	5.675
562.33	5.631
562.67	5.570
563.00	5.501
563.34	5.460
563.67	5.396
564.01	5.322
564.34	5.255
564.68	5.185
565.01	5.138
565.35	5.079
565.68	5.013
566.02	4.945
566.35	4.844
566.69	4.760
567.02	4.686
567.36	4.602
567.69	4.556
568.03	4.482
568.36	4.398
568.69	4.322
569.03	4.239
569.36	4.173
569.70	4.114
570.03	4.093
570.37	4.029
570.70	3.960
571.04	3.917
571.37	3.841
571.70	3.768
572.04	3.730
572.37	3.664
572.71	3.614
573.04	3.536
573.37	3.464
573.71	3.380
574.04	3.322
574.38	3.249
574.71	3.163
575.04	3.097
575.38	3.041
575.71	2.963
576.05	2.902
576.38	2.835
576.71	2.751
577.05	2.692
577.38	2.631
577.71	2.545
578.05	2.490
578.38	2.428
578.71	2.358
579.05	2.301
579.38	2.227
579.71	2.155
580.05	2.111
580.38	2.088
580.71	2.028
581.05	1.988
581.38	1.956
581.71	1.914
582.05	1.886
582.38	1.876
582.71	1.837
583.04	1.847
583.38	1.824
583.71	1.788
584.04	1.777
584.38	1.741
584.71	1.733
585.04	1.737
585.37	1.733
585.71	1.713
586.04	1.687
586.37	1.695
586.70	1.684
587.04	1.696
587.37	1.685
587.70	1.664
588.03	1.685
588.37	1.674
588.70	1.660
589.03	1.647
589.36	1.649
589.69	1.613
590.03	1.574
590.36	1.528
590.69	1.484
591.02	1.448
591.35	1.430
591.69	1.392
592.02	1.384
592.35	1.364
592.68	1.353
593.01	1.333
593.35	1.330
593.68	1.345
594.01	1.361
594.34	1.361
594.67	1.353
595.00	1.335
595.34	1.317
595.67	1.272
596.00	1.250
596.33	1.190
596.66	1.142
596.99	1.108
597.32	1.041
597.65	0.975
597.99	0.927
598.32	0.879
598.65	0.818
598.98	0.791
599.31	0.752
599.64	0.746
599.97	0.743
600.30	0.753
600.63	0.748
600.96	0.767
601.30	0.768
601.63	0.788
601.96	0.802
602.29	0.827
602.62	0.808
602.95	0.814
603.28	0.785
603.61	0.755
603.94	0.717
604.27	0.705
604.60	0.650
604.93	0.638
605.26	0.580
605.59	0.546
605.92	0.504
606.25	0.480
606.58	0.441
606.91	0.396
607.24	0.387
607.57	0.382
607.90	0.359
608.23	0.311
608.56	0.265
608.89	0.219
609.22	0.155
609.55	0.102
609.88	0.032
610.21	-0.026
610.54	-0.088
610.87	-0.167
611.20	-0.259
611.53	-0.366
611.86	-0.394
612.19	-0.476
612.52	-0.530
612.85	-0.533
613.18	-0.579
613.51	-0.647
613.84	-0.710
614.17	-0.746
614.49	-0.735
614.82	-0.764
615.15	-0.791
615.48	-0.811
615.81	-0.820
616.14	-0.824
616.47	-0.903
616.80	-0.947
617.13	-0.942
617.46	-0.974
617.78	-1.017
618.11	-1.086
618.44	-1.116
618.77	-1.140
619.10	-1.194
619.43	-1.214
619.76	-1.264
620.09	-1.223
620.41	-1.209
620.74	-1.203
621.07	-1.155
621.40	-1.106
621.73	-1.078
622.06	-1.047
622.38	-0.998
622.71	-0.943
623.04	-0.904
623.37	-0.838
623.70	-0.834
624.02	-0.804
624.35	-0.757
624.68	-0.765
625.01	-0.743
625.34	-0.717
625.66	-0.707
625.99	-0.706
626.32	-0.725
626.65	-0.741
626.98	-0.766
627.30	-0.782
627.63	-0.825
627.96	-0.883
628.29	-0.917
628.61	-0.975
628.94	-1.023
629.27	-1.071
629.60	-1.143
629.92	-1.131
630.25	-1.152
630.58	-1.190
630.91	-1.198
631.23	-1.211
631.56	-1.202
631.89	-1.216
632.21	-1.225
632.54	-1.241
632.87	-1.243
633.19	-1.269
633.52	-1.335
633.85	-1.364
634.18	-1.404
634.50	-1.471
634.83	-1.516
635.16	-1.595
635.48	-1.662
635.81	-1.722
636.14	-1.799
636.46	-1.875
636.79	-1.892
637.11	-1.934
637.44	-2.035
637.77	-2.108
638.09	-2.171
638.42	-2.218
638.75	-2.261
639.07	-2.266
639.40	-2.300
639.73	-2.324
640.05	-2.328
640.38	-2.351
640.70	-2.414
641.03	-2.388
641.36	-2.346
641.68	-2.313
642.01	-2.316
642.33	-2.317
642.66	-2.315
642.98	-2.344
643.31	-2.360
643.64	-2.361
643.96	-2.358
644.29	-2.304
644.61	-2.286
644.94	-2.311
645.26	-2.299
645.59	-2.249
645.91	-2.239
646.24	-2.221
646.56	-2.165
646.89	-2.107
647.22	-2.107
647.54	-2.109
647.87	-2.112
648.19	-2.153
648.52	-2.124
648.84	-2.151
649.17	-2.210
649.49	-2.189
649.82	-2.236
650.14	-2.242
650.47	-2.281
650.79	-2.245
651.11	-2.255
651.44	-2.257
651.76	-2.253
652.09	-2.249
652.41	-2.202
652.74	-2.174
653.06	-2.159
653.39	-2.115
653.71	-2.113
654.04	-2.069
654.36	-2.074
654.68	-2.003
655.01	-1.909
655.33	-1.839
655.66	-1.815
655.98	-1.760
656.30	-1.750
656.63	-1.748
656.95	-1.710
657.28	-1.679
657.60	-1.682
657.92	-1.691
658.25	-1.715
658.57	-1.754
658.90	-1.777
659.22	-1.803
659.54	-1.870
659.87	-1.885
660.19	-1.898
660.51	-1.943
660.84	-1.999
661.16	-2.031
661.48	-2.045
661.81	-2.071
662.13	-2.116
662.45	-2.141
662.78	-2.124
663.10	-2.088
663.42	-2.056
663.75	-1.995
664.07	-1.961
664.39	-1.934
664.72	-1.898
665.04	-1.795
665.36	-1.701
665.69	-1.656
666.01	-1.562
666.33	-1.492
666.65	-1.483
666.98	-1.386
667.30	-1.311
667.62	-1.255
667.94	-1.146
668.27	-1.033
668.59	-0.953
668.91	-0.871
669.23	-0.766
669.56	-0.697
669.88	-0.586
670.20	-0.487
670.52	-0.419
670.85	-0.381
671.17	-0.244
671.49	-0.125
671.81	-0.049
672.13	0.015
672.46	0.099
672.78	0.237
673.10	0.396
673.42	0.516
673.74	0.687
674.07	0.798
674.39	0.979
674.71	1.050
675.03	1.214
675.35	1.411
675.67	1.522
676.00	1.642
676.32	1.726
676.64	1.828
676.96	1.958
677.28	2.080
677.60	2.244
677.92	2.379
678.25	2.546
678.57	2.635
678.89	2.675
679.21	2.805
679.53	2.929
679.85	3.054
680.17	3.164
680.49	3.228
680.81	3.308
681.13	3.361
681.46	3.429
681.78	3.524
682.10	3.599
682.42	3.712
682.74	3.828
683.06	3.911
683.38	4.026
683.70	4.130
684.02	4.280
684.34	4.431
684.66	4.533
684.98	4.633
685.30	4.712
685.62	4.769
685.94	4.817
686.26	4.801
686.58	4.832
686.90	4.841
687.22	4.831
687.54	4.838
687.86	4.789
688.18	4.720
688.50	4.690
688.82	4.659
689.14	4.684
689.46	4.719
689.78	4.738
690.10	4.726
690.42	4.739
690.74	4.816
691.06	4.843
691.38	4.921
691.70	5.132
692.02	5.219
692.34	5.396
692.66	5.554
692.98	5.704
693.30	5.947
693.62	6.152
693.94	6.381
694.26	6.561
694.57	6.721
694.89	6.940
695.21	7.129
695.53	7.385
695.85	7.546
696.17	7.729
696.49	7.936
696.81	8.131
697.13	8.359
697.44	8.597
697.76	8.826
698.08	9.128
698.40	9.403
698.72	9.727
699.04	10.035
699.36	10.422
699.67	10.720
699.99	11.066
700.31	11.508
700.63	11.942
700.95	12.376
701.27	12.816
701.58	13.220
701.90	13.643
702.22	14.001
702.54	14.336
702.86	14.657
703.17	15.069
703.49	15.445
703.81	15.783
704.13	16.123
704.45	16.459
704.76	16.812
705.08	17.138
705.40	17.469
705.72	17.781
706.03	18.145
706.35	18.510
706.67	18.912
706.99	19.351
707.30	19.589
707.62	19.952
707.94	20.183
708.26	20.478
708.57	20.811
708.89	21.069
709.21	21.403
709.53	21.719
709.84	22.135
710.16	22.431
710.48	22.768
710.79	23.173
711.11	23.492
711.43	23.854
711.74	24.277
712.06	24.710
712.38	25.135
712.69	25.510
713.01	25.823
713.33	26.125
713.64	26.564
713.96	26.896
714.28	27.337
714.59	27.794
714.91	28.344
715.23	28.780
715.54	29.074
715.86	29.647
716.17	30.098
716.49	30.677
716.81	31.028
717.12	31.445
717.44	31.874
717.76	32.380
718.07	32.714
718.39	33.063
718.70	33.454
719.02	33.911
719.33	34.128
719.65	34.464
719.97	34.597
720.28	35.020
720.60	35.387
720.91	35.810
721.23	36.119
721.54	36.589
721.86	36.902
722.17	37.373
722.49	37.877
722.81	38.170
723.12	38.638
723.44	39.140
723.75	39.443
724.07	39.827
724.38	40.170
724.70	40.497
725.01	40.830
725.33	41.170
725.64	41.279
725.96	41.397
726.27	41.769
726.59	42.085
726.90	42.492
727.22	42.637
727.53	42.782
727.84	43.032
728.16	43.207
728.47	43.429
728.79	43.781
729.10	44.010
729.42	44.280
729.73	44.432
730.05	44.499
730.36	44.580
730.67	44.905
730.99	45.235
731.30	45.466
731.62	45.796
731.93	45.990
732.24	46.220
732.56	46.673
732.87	47.061
733.19	47.360
733.50	47.683
733.81	48.033
734.13	48.388
734.44	48.660
734.76	48.849
735.07	49.065
735.38	49.272
735.70	49.660
736.01	49.760
736.32	49.808
736.64	50.210
736.95	50.511
737.26	50.568
737.58	50.795
737.89	50.974
738.20	51.324
738.52	51.555
738.83	51.876
739.14	51.899
739.45	52.176
739.77	52.460
740.08	52.584
740.39	52.802
740.71	53.297
741.02	53.430
741.33	53.610
741.64	53.640
741.96	53.801
742.27	53.848
742.58	54.110
742.90	54.092
743.21	54.338
743.52	54.469
743.83	54.562
744.14	54.585
744.46	54.989
744.77	55.054
745.08	55.070
745.39	55.116
745.71	55.264
746.02	54.990
746.33	55.142
746.64	54.961
746.95	54.963
747.27	55.060
747.58	54.977
747.89	54.718
748.20	54.899
748.51	55.165
748.82	55.039
749.14	54.838
749.45	54.922
749.76	54.849
750.07	55.080
750.38	55.165
750.69	55.087
751.01	55.053
751.32	55.095
751.63	55.073
751.94	54.853
752.25	54.820
752.56	54.903
752.87	54.877
753.18	54.880
753.49	54.779
753.81	54.838
754.12	54.804
754.43	55.096
754.74	55.150
755.05	55.198
755.36	55.420
755.67	55.703
755.98	56.000
756.29	56.243
756.60	56.398
756.91	56.401
757.22	56.458
757.53	56.692
757.84	56.621
758.15	56.684
758.46	56.723
758.77	56.575
759.09	56.428
759.40	56.152
759.71	56.018
760.02	55.844
760.33	55.802
760.64	55.534
760.95	55.535
761.26	55.421
761.57	55.394
761.88	55.189
762.18	55.232
762.49	55.231
762.80	55.262
763.11	55.297
763.42	55.346
763.73	55.322
764.04	55.428
764.35	55.193
764.66	55.161
764.97	55.016
765.28	54.978
765.59	54.831
765.90	54.745
766.21	54.556
766.52	54.486
766.83	54.435
767.14	54.332
767.44	54.160
767.75	54.071
768.06	54.137
768.37	54.031
768.68	54.001
768.99	53.786
769.30	53.781
769.61	53.840
769.91	53.566
770.22	53.266
770.53	53.291
770.84	53.055
771.15	53.034
771.46	52.579
771.77	52.717
772.07	52.741
772.38	52.735
772.69	52.651
773.00	52.741
773.31	52.612
773.61	52.576
773.92	52.351
774.23	52.502
774.54	52.309
774.85	52.177
775.15	52.022
775.46	52.121
775.77	52.239
776.08	52.171
776.39	51.815
776.69	51.872
777.00	52.108
777.31	52.165
777.62	52.204
777.92	52.167
778.23	52.598
778.54	52.654
778.85	52.177
779.15	51.825
779.46	51.779
779.77	52.077
780.07	52.221
780.38	52.055
780.69	52.006
781.00	51.951
781.30	52.219
781.61	51.753
781.92	51.549
782.22	52.079
782.53	52.365
782.84	52.384
783.14	52.463
783.45	52.342
783.76	52.427
784.06	52.549
784.37	52.457
784.68	52.403
784.98	52.609
785.29	52.915
785.60	52.850
785.90	52.939
786.21	52.806
786.51	52.897
786.82	53.108
787.13	53.346
787.43	53.310
787.74	53.544
788.04	53.817
788.35	53.837
788.66	53.762
788.96	53.534
789.27	53.599
789.57	53.560
789.88	53.596
790.19	53.442
790.49	53.074
790.80	53.151
791.10	52.696
791.41	52.441
791.71	52.354
792.02	52.386
792.32	52.308
792.63	52.181
792.93	52.071
793.24	51.816
793.54	51.824
793.85	51.708
794.15	51.593
794.46	51.653
794.76	51.401
795.07	51.682
795.37	51.742
795.68	52.185
795.98	52.412
796.29	53.026
796.59	52.881
796.90	53.150
797.20	53.304
797.51	53.201
797.81	53.136
798.12	53.142
798.42	53.033
798.72	52.927
799.03	52.823
799.33	52.400
799.64	52.052
799.94	52.146
800.25	51.706
800.55	51.891
800.85	51.940
801.16	52.261
801.46	52.244
801.77	52.443
802.07	52.519
802.37	52.446
802.68	52.631
802.98	52.418
803.28	52.336
803.59	52.390
803.89	52.487
804.20	52.699
804.50	52.629
804.80	52.988
805.11	52.668
805.41	52.332
805.71	52.449
806.02	52.383
806.32	52.351
806.62	52.678
806.93	52.684
807.23	52.593
807.53	52.823
807.83	53.028
808.14	53.281
808.44	53.506
808.74	53.883
809.05	53.660
809.35	53.568
809.65	54.117
809.95	53.840
810.26	53.840
810.56	53.382
810.86	53.488
811.16	53.273
811.47	53.536
811.77	54.012
812.07	53.777
812.37	53.994
812.68	54.550
812.98	54.450
813.28	54.940
813.58	55.522
813.88	55.811
814.19	56.090
814.49	56.380
814.79	55.945
815.09	55.464
815.39	55.456
815.70	55.642
816.00	55.252
816.30	54.901
816.60	54.773
816.90	54.606
817.20	54.859
817.50	54.708
817.81	54.284
818.11	54.122
818.41	54.013
818.71	54.169
819.01	54.165
819.31	54.474
819.61	54.800
819.92	54.993
820.22	55.312
820.52	55.544
820.82	55.798
821.12	56.191
821.42	56.531
821.72	56.860
822.02	57.296
822.32	57.649
822.62	58.001
822.92	58.243
823.22	58.616
823.52	58.848
823.83	58.995
824.13	59.091
824.43	59.103
824.73	59.142
825.03	59.104
825.33	58.936
825.63	58.773
825.93	58.474
826.23	58.417
826.53	58.150
826.83	57.977
827.13	58.215
827.43	58.273
827.73	58.620
828.03	58.840
828.33	59.276
828.63	59.191
828.93	59.515
829.23	59.567
829.53	59.294
829.83	58.793
830.13	58.325
830.42	57.643
830.72	57.231
831.02	56.458
831.32	56.446
831.62	56.219
831.92	56.295
832.22	56.351
832.52	56.237
832.82	56.450
833.12	56.754
833.42	57.039
833.72	57.003
834.01	57.262
834.31	57.796
834.61	58.007
834.91	58.475
835.21	58.721
835.51	58.729
835.81	58.993
836.11	59.168
836.40	59.086
836.70	59.113
837.00	59.483
837.30	59.246
837.60	59.162
837.90	58.754
838.19	58.364
838.49	57.923
838.79	57.713
839.09	58.117
839.39	58.299
839.68	58.620
839.98	57.773
840.28	57.900
840.58	57.765
840.88	57.527
841.17	56.604
841.47	56.559
841.77	56.414
842.07	55.772
842.36	55.322
842.66	54.275
842.96	53.401
843.26	54.455
843.55	53.809
843.85	53.907
844.15	52.992
844.45	53.433
844.74	53.478
845.04	53.671
845.34	55.068
845.63	54.832
845.93	55.371
846.23	56.308
846.53	55.622
846.82	55.260
847.12	55.445
847.42	57.057
847.71	56.396
848.01	54.705
848.31	53.807
848.60	52.696
848.90	50.921
849.19	49.257
849.49	47.733
849.79	48.192
850.08	48.564
850.38	48.051
850.68	48.105
850.97	49.827
851.27	51.273
851.56	52.702
851.86	53.022
852.16	55.496
852.45	56.459
852.75	58.090
853.04	57.386
853.34	57.048
853.64	57.137
853.93	55.143
854.23	54.500
854.52	53.220
854.82	53.142
855.11	52.197
855.41	53.064
855.70	54.217
856.00	53.526
856.30	53.560
856.59	53.390
856.89	53.427
857.18	56.642
857.48	55.767
857.77	54.931
858.07	54.825
858.36	54.163
858.66	52.768
858.95	51.936
859.25	51.440
859.54	51.092
859.84	50.512
860.13	49.506
860.42	48.117
860.72	47.194
861.01	47.622
861.31	45.855
861.60	47.444
861.90	48.217
862.19	49.293
862.49	49.960
862.78	51.994
863.07	52.934
863.37	54.562
863.66	52.457
863.96	54.916
864.25	56.158
864.54	57.330
864.84	57.897
865.13	56.860
865.43	56.662
865.72	61.641
866.01	48.649
866.31	64.911
866.60	52.019
866.89	56.062
>>>>>End Spectral Data<<<<<
