180.30	0.000
180.67	0.000
181.03	-100.874
181.40	63.755
181.77	-30.372
182.14	-98.021
182.51	920.009
182.88	103.309
183.25	146.059
183.62	91.302
183.99	31.945
184.36	125.650
184.73	-58.329
185.10	904.978
185.46	-165.610
185.83	102.021
186.20	-18.484
186.57	378.695
186.94	83.038
187.31	-55.968
187.68	-2443.449
188.05	111.797
188.42	176.190
188.78	69.519
189.15	69.098
189.52	50.870
189.89	35.927
190.26	41.760
190.63	52.808
191.00	72.647
191.37	51.001
191.73	60.248
192.10	15.949
192.47	-23.383
192.84	-181.671
193.21	-263.702
193.58	-340.362
193.94	-290.072
194.31	-81.073
194.68	-87.204
195.05	-110.148
195.42	-116.856
195.79	-109.671
196.15	-63.339
196.52	-26.464
196.89	-19.258
197.26	-47.641
197.63	-50.030
198.00	-52.338
198.36	-138.376
198.73	-175.376
199.10	-41.974
199.47	14.792
199.84	39.482
200.20	10.683
200.57	11.459
200.94	40.703
201.31	51.281
201.68	51.141
202.04	35.679
202.41	29.702
202.78	45.882
203.15	43.779
203.51	38.199
203.88	40.766
204.25	44.357
204.62	36.491
204.98	26.797
205.35	10.211
205.72	0.047
206.09	-14.034
206.46	-6.060
206.82	-41.071
207.19	-43.357
207.56	-73.711
207.92	-106.719
208.29	-48.446
208.66	-11.558
209.03	-13.039
209.39	18.749
209.76	24.848
210.13	41.276
210.50	69.392
210.86	53.785
211.23	54.057
211.60	44.079
211.96	25.524
212.33	-27.764
212.70	2081.295
213.07	365.526
213.43	407.712
213.80	1639.497
214.17	388.470
214.53	2221.142
214.90	-254.108
215.27	-118.204
215.63	-155.184
216.00	-98.493
216.37	-40.259
216.74	-35.249
217.10	-15.218
217.47	-17.973
217.84	-20.008
218.20	-3.163
218.57	9.064
218.94	4.728
219.30	6.203
219.67	15.970
220.04	18.549
220.40	21.641
220.77	14.626
221.13	10.825
221.50	18.212
221.87	22.581
222.23	16.623
222.60	6.685
222.97	2.102
223.33	-6.332
223.70	-12.456
224.07	-9.932
224.43	-10.274
224.80	-4.042
225.16	-4.493
225.53	-4.710
225.90	-1.446
226.26	1.946
226.63	2.942
226.99	3.045
227.36	2.971
227.73	3.062
228.09	2.485
228.46	3.863
228.82	2.952
229.19	4.185
229.56	3.704
229.92	2.707
230.29	1.368
230.65	1.857
231.02	0.956
231.38	2.339
231.75	2.415
232.12	4.082
232.48	1.787
232.85	4.816
233.21	5.489
233.58	8.449
233.94	9.068
234.31	11.711
234.68	10.384
235.04	11.855
235.41	11.562
235.77	10.166
236.14	8.700
236.50	11.697
236.87	11.447
237.23	10.455
237.60	7.767
237.96	6.929
238.33	5.218
238.69	6.228
239.06	5.337
239.42	5.139
239.79	5.714
240.15	5.918
240.52	4.848
240.88	3.679
241.25	3.093
241.61	3.344
241.98	3.360
242.34	3.446
242.71	2.932
243.07	3.189
243.44	3.127
243.80	3.463
244.17	3.176
244.53	2.908
244.90	3.093
245.26	3.427
245.63	3.541
245.99	3.741
246.36	3.728
246.72	3.725
247.09	3.711
247.45	3.926
247.81	3.887
248.18	4.031
248.54	4.405
248.91	4.416
249.27	4.142
249.64	4.500
250.00	4.714
250.36	4.652
250.73	4.200
251.09	3.772
251.46	3.062
251.82	3.052
252.19	2.956
252.55	3.267
252.91	3.263
253.28	3.434
253.64	3.057
254.01	2.811
254.37	3.289
254.73	3.907
255.10	3.844
255.46	4.440
255.83	4.263
256.19	4.342
256.55	4.034
256.92	4.154
257.28	4.384
257.65	4.372
258.01	4.113
258.37	4.029
258.74	3.948
259.10	4.413
259.46	4.319
259.83	4.357
260.19	4.471
260.55	4.583
260.92	4.445
261.28	3.941
261.64	3.835
262.01	3.727
262.37	3.281
262.73	3.421
263.10	2.771
263.46	3.038
263.82	2.916
264.19	2.794
264.55	2.782
264.91	3.043
265.28	3.812
265.64	3.597
266.00	3.433
266.37	3.786
266.73	3.900
267.09	3.908
267.46	3.419
267.82	3.460
268.18	3.503
268.54	3.470
268.91	3.367
269.27	2.867
269.63	2.782
270.00	2.988
270.36	2.916
270.72	2.869
271.08	2.929
271.45	2.981
271.81	3.084
272.17	3.348
272.53	3.720
272.90	3.969
273.26	3.769
273.62	4.113
273.98	4.399
274.35	4.753
274.71	4.435
275.07	4.523
275.43	4.849
275.80	4.846
276.16	4.601
276.52	4.064
276.88	4.065
277.25	4.380
277.61	4.286
277.97	4.008
278.33	3.809
278.69	4.173
279.06	4.041
279.42	3.853
279.78	3.871
280.14	3.947
280.50	4.043
280.87	3.812
281.23	3.610
281.59	3.680
281.95	3.730
282.31	3.640
282.68	3.542
283.04	3.616
283.40	3.508
283.76	3.383
284.12	3.200
284.48	3.260
284.85	3.302
285.21	3.634
285.57	3.626
285.93	3.736
286.29	3.542
286.65	3.524
287.02	3.580
287.38	3.720
287.74	3.797
288.10	3.879
288.46	3.692
288.82	3.653
289.18	3.289
289.54	3.215
289.91	3.127
290.27	3.501
290.63	3.563
290.99	3.669
291.35	3.560
291.71	3.401
292.07	3.284
292.43	3.491
292.79	3.645
293.16	3.792
293.52	4.017
293.88	4.110
294.24	3.777
294.60	3.732
294.96	3.508
295.32	3.698
295.68	3.712
296.04	3.831
296.40	3.771
296.76	3.648
297.12	3.761
297.49	3.620
297.85	3.657
298.21	3.929
298.57	3.959
298.93	4.250
299.29	4.233
299.65	4.385
300.01	4.410
300.37	4.399
300.73	4.499
301.09	4.487
301.45	4.472
301.81	4.512
302.17	4.349
302.53	4.297
302.89	4.166
303.25	4.081
303.61	4.021
303.97	3.988
304.33	4.038
304.69	4.244
305.05	4.349
305.41	4.465
305.77	4.386
306.13	4.545
306.49	4.700
306.85	4.804
307.21	4.749
307.57	4.648
307.93	4.618
308.29	4.620
308.65	4.211
309.01	4.081
309.37	4.029
309.73	4.111
310.09	4.071
310.45	4.014
310.81	3.983
311.17	4.110
311.53	4.260
311.89	4.391
312.25	4.462
312.61	4.741
312.96	4.753
313.32	4.846
313.68	4.737
314.04	4.795
314.40	4.623
314.76	4.589
315.12	4.486
315.48	4.537
315.84	4.196
316.20	3.975
316.56	4.028
316.92	4.022
317.27	3.923
317.63	3.892
317.99	3.714
318.35	3.895
318.71	3.908
319.07	4.047
319.43	3.866
319.79	4.045
320.15	4.238
320.50	4.153
320.86	4.191
321.22	4.207
321.58	4.147
321.94	4.222
322.30	4.297
322.66	4.360
323.01	4.156
323.37	4.336
323.73	4.239
324.09	4.336
324.45	4.239
324.81	4.226
325.17	4.314
325.52	4.480
325.88	4.422
326.24	4.318
326.60	4.174
326.96	4.291
327.31	4.093
327.67	4.255
328.03	4.101
328.39	4.136
328.75	4.193
329.11	4.113
329.46	4.006
329.82	4.128
330.18	4.183
330.54	4.221
330.90	4.175
331.25	4.261
331.61	4.184
331.97	4.209
332.33	4.209
332.68	4.213
333.04	4.208
333.40	4.257
333.76	4.224
334.11	4.164
334.47	4.200
334.83	4.224
335.19	4.217
335.54	4.277
335.90	4.193
336.26	4.181
336.62	4.120
336.97	4.067
337.33	4.050
337.69	3.949
338.05	4.063
338.40	4.021
338.76	4.027
339.12	4.034
339.48	3.885
339.83	3.918
340.19	4.008
340.55	3.999
340.90	4.031
341.26	3.970
341.62	4.040
341.97	4.026
342.33	4.068
342.69	4.096
343.04	4.082
343.40	4.242
343.76	4.228
344.12	4.159
344.47	4.153
344.83	4.212
345.19	4.271
345.54	4.245
345.90	4.145
346.26	4.125
346.61	4.066
346.97	4.088
347.32	3.959
347.68	4.030
348.04	4.047
348.39	4.115
348.75	4.052
349.11	3.998
349.46	3.999
349.82	4.063
350.18	3.998
350.53	4.081
350.89	4.040
351.24	4.128
351.60	4.080
351.96	4.134
352.31	4.033
352.67	4.030
353.02	4.103
353.38	4.157
353.74	4.161
354.09	4.249
354.45	4.144
354.80	4.144
355.16	4.177
355.52	4.201
355.87	4.137
356.23	4.185
356.58	4.136
356.94	4.093
357.29	4.062
357.65	4.047
358.00	4.020
358.36	4.073
358.72	4.062
359.07	4.011
359.43	4.055
359.78	4.110
360.14	4.127
360.49	4.129
360.85	4.129
361.20	4.118
361.56	4.077
361.91	4.061
362.27	4.067
362.62	4.131
362.98	4.118
363.33	4.096
363.69	4.096
364.04	4.088
364.40	4.082
364.75	4.056
365.11	4.046
365.46	4.085
365.82	4.007
366.17	3.966
366.53	3.912
366.88	3.931
367.24	3.897
367.59	3.883
367.95	3.924
368.30	3.956
368.66	3.977
369.01	4.029
369.37	4.038
369.72	4.123
370.08	4.176
370.43	4.184
370.78	4.216
371.14	4.244
371.49	4.211
371.85	4.185
372.20	4.199
372.56	4.231
372.91	4.190
373.26	4.221
373.62	4.194
373.97	4.211
374.33	4.262
374.68	4.243
375.03	4.193
375.39	4.171
375.74	4.180
376.10	4.209
376.45	4.229
376.80	4.238
377.16	4.184
377.51	4.230
377.87	4.239
378.22	4.209
378.57	4.200
378.93	4.252
379.28	4.294
379.63	4.265
379.99	4.248
380.34	4.235
380.70	4.293
381.05	4.303
381.40	4.293
381.76	4.285
382.11	4.233
382.46	4.242
382.82	4.182
383.17	4.197
383.52	4.209
383.88	4.239
384.23	4.254
384.58	4.215
384.94	4.248
385.29	4.250
385.64	4.221
385.99	4.262
386.35	4.257
386.70	4.287
387.05	4.267
387.41	4.265
387.76	4.221
388.11	4.192
388.47	4.151
388.82	4.162
389.17	4.155
389.52	4.140
389.88	4.148
390.23	4.171
390.58	4.155
390.93	4.204
391.29	4.229
391.64	4.251
391.99	4.258
392.34	4.311
392.70	4.284
393.05	4.300
393.40	4.325
393.75	4.344
394.11	4.320
394.46	4.312
394.81	4.299
395.16	4.286
395.52	4.304
395.87	4.314
396.22	4.324
396.57	4.326
396.92	4.320
397.28	4.298
397.63	4.266
397.98	4.309
398.33	4.376
398.68	4.371
399.04	4.359
399.39	4.362
399.74	4.374
400.09	4.373
400.44	4.385
400.80	4.413
401.15	4.442
401.50	4.483
401.85	4.458
402.20	4.445
402.55	4.422
402.90	4.460
403.26	4.470
403.61	4.468
403.96	4.469
404.31	4.485
404.66	4.487
405.01	4.516
405.36	4.496
405.72	4.526
406.07	4.539
406.42	4.621
406.77	4.633
407.12	4.669
407.47	4.700
407.82	4.709
408.17	4.703
408.53	4.724
408.88	4.734
409.23	4.763
409.58	4.801
409.93	4.814
410.28	4.795
410.63	4.814
410.98	4.788
411.33	4.798
411.68	4.851
412.03	4.884
412.38	4.891
412.73	4.895
413.09	4.894
413.44	4.877
413.79	4.885
414.14	4.905
414.49	4.871
414.84	4.895
415.19	4.889
415.54	4.859
415.89	4.854
416.24	4.858
416.59	4.870
416.94	4.898
417.29	4.912
417.64	4.934
417.99	4.921
418.34	4.958
418.69	4.953
419.04	4.971
419.39	5.020
419.74	5.063
420.09	5.084
420.44	5.107
420.79	5.116
421.14	5.124
421.49	5.151
421.84	5.195
422.19	5.232
422.54	5.285
422.89	5.327
423.24	5.330
423.59	5.366
423.94	5.410
424.29	5.451
424.64	5.520
424.99	5.612
425.34	5.656
425.68	5.688
426.03	5.735
426.38	5.770
426.73	5.833
427.08	5.900
427.43	5.916
427.78	5.945
428.13	5.980
428.48	6.009
428.83	6.015
429.18	6.028
429.53	6.093
429.87	6.133
430.22	6.159
430.57	6.177
430.92	6.191
431.27	6.237
431.62	6.278
431.97	6.322
432.32	6.345
432.67	6.373
433.01	6.439
433.36	6.480
433.71	6.517
434.06	6.559
434.41	6.604
434.76	6.669
435.11	6.726
435.45	6.761
435.80	6.771
436.15	6.823
436.50	6.871
436.85	6.902
437.20	6.912
437.54	6.939
437.89	6.994
438.24	7.014
438.59	7.040
438.94	7.044
439.29	7.080
439.63	7.125
439.98	7.159
440.33	7.198
440.68	7.226
441.03	7.267
441.37	7.302
441.72	7.324
442.07	7.372
442.42	7.400
442.76	7.457
443.11	7.479
443.46	7.495
443.81	7.520
444.16	7.556
444.50	7.588
444.85	7.623
445.20	7.666
445.55	7.711
445.89	7.736
446.24	7.777
446.59	7.808
446.94	7.847
447.28	7.918
447.63	7.976
447.98	7.995
448.32	8.042
448.67	8.091
449.02	8.131
449.37	8.166
449.71	8.225
450.06	8.277
450.41	8.323
450.75	8.363
451.10	8.403
451.45	8.433
451.79	8.494
452.14	8.534
452.49	8.566
452.84	8.598
453.18	8.638
453.53	8.669
453.88	8.709
454.22	8.723
454.57	8.756
454.92	8.796
455.26	8.823
455.61	8.847
455.95	8.865
456.30	8.890
456.65	8.916
456.99	8.929
457.34	8.956
457.69	8.974
458.03	9.005
458.38	9.062
458.73	9.095
459.07	9.142
459.42	9.181
459.76	9.235
460.11	9.312
460.46	9.387
460.80	9.458
461.15	9.526
461.49	9.573
461.84	9.633
462.19	9.677
462.53	9.716
462.88	9.759
463.22	9.810
463.57	9.849
463.91	9.856
464.26	9.886
464.61	9.905
464.95	9.963
465.30	10.033
465.64	10.088
465.99	10.125
466.33	10.160
466.68	10.186
467.02	10.209
467.37	10.262
467.71	10.290
468.06	10.303
468.41	10.347
468.75	10.362
469.10	10.384
469.44	10.417
469.79	10.456
470.13	10.509
470.48	10.556
470.82	10.602
471.17	10.601
471.51	10.647
471.86	10.702
472.20	10.718
472.55	10.735
472.89	10.764
473.23	10.748
473.58	10.763
473.92	10.760
474.27	10.762
474.61	10.781
474.96	10.801
475.30	10.817
475.65	10.829
475.99	10.858
476.34	10.843
476.68	10.871
477.02	10.929
477.37	10.962
477.71	10.984
478.06	11.011
478.40	11.012
478.75	11.068
479.09	11.119
479.43	11.169
479.78	11.263
480.12	11.374
480.47	11.471
480.81	11.569
481.15	11.674
481.50	11.806
481.84	11.972
482.19	12.146
482.53	12.274
482.87	12.330
483.22	12.299
483.56	12.175
483.90	12.038
484.25	11.938
484.59	11.893
484.94	11.835
485.28	11.745
485.62	11.619
485.97	11.485
486.31	11.378
486.65	11.345
487.00	11.427
487.34	11.597
487.68	11.782
488.03	11.907
488.37	11.948
488.71	11.980
489.06	12.027
489.40	12.062
489.74	12.106
490.09	12.150
490.43	12.197
490.77	12.224
491.11	12.268
491.46	12.324
491.80	12.362
492.14	12.413
492.49	12.478
492.83	12.524
493.17	12.570
493.51	12.603
493.86	12.664
494.20	12.702
494.54	12.732
494.88	12.762
495.23	12.780
495.57	12.809
495.91	12.850
496.25	12.895
496.60	12.938
496.94	12.999
497.28	13.072
497.62	13.112
497.97	13.196
498.31	13.275
498.65	13.348
498.99	13.432
499.33	13.542
499.68	13.610
500.02	13.655
500.36	13.712
500.70	13.767
501.04	13.817
501.39	13.874
501.73	13.912
502.07	13.969
502.41	14.018
502.75	14.046
503.09	14.068
503.44	14.097
503.78	14.126
504.12	14.166
504.46	14.193
504.80	14.225
505.14	14.263
505.49	14.307
505.83	14.344
506.17	14.375
506.51	14.408
506.85	14.457
507.19	14.496
507.53	14.575
507.87	14.628
508.22	14.687
508.56	14.746
508.90	14.804
509.24	14.850
509.58	14.921
509.92	14.961
510.26	15.031
510.60	15.088
510.94	15.170
511.28	15.208
511.63	15.288
511.97	15.344
512.31	15.396
512.65	15.455
512.99	15.511
513.33	15.569
513.67	15.639
514.01	15.702
514.35	15.745
514.69	15.775
515.03	15.826
515.37	15.849
515.71	15.897
516.05	15.949
516.39	15.975
516.73	16.034
517.07	16.075
517.41	16.125
517.75	16.181
518.09	16.236
518.43	16.317
518.77	16.387
519.11	16.470
519.45	16.520
519.79	16.578
520.13	16.637
520.47	16.701
520.81	16.762
521.15	16.835
521.49	16.887
521.83	16.932
522.17	16.967
522.51	16.984
522.85	17.003
523.19	17.062
523.53	17.141
523.87	17.263
524.21	17.358
524.55	17.470
524.89	17.562
525.23	17.661
525.57	17.762
525.91	17.863
526.25	17.951
526.58	18.058
526.92	18.148
527.26	18.221
527.60	18.266
527.94	18.313
528.28	18.326
528.62	18.350
528.96	18.361
529.30	18.387
529.64	18.395
529.97	18.430
530.31	18.433
530.65	18.445
530.99	18.455
531.33	18.486
531.67	18.520
532.01	18.576
532.35	18.634
532.68	18.697
533.02	18.726
533.36	18.759
533.70	18.807
534.04	18.840
534.38	18.903
534.71	18.973
535.05	19.020
535.39	19.052
535.73	19.099
536.07	19.129
536.41	19.170
536.74	19.232
537.08	19.299
537.42	19.363
537.76	19.435
538.10	19.487
538.43	19.528
538.77	19.589
539.11	19.656
539.45	19.697
539.79	19.756
540.12	19.798
540.46	19.845
540.80	19.888
541.14	19.913
541.47	19.950
541.81	19.978
542.15	20.011
542.49	20.043
542.82	20.072
543.16	20.132
543.50	20.194
543.84	20.249
544.17	20.276
544.51	20.315
544.85	20.368
545.18	20.418
545.52	20.499
545.86	20.588
546.20	20.672
546.53	20.745
546.87	20.814
547.21	20.876
547.54	20.958
547.88	21.049
548.22	21.141
548.55	21.204
548.89	21.246
549.23	21.282
549.56	21.325
549.90	21.341
550.24	21.380
550.57	21.406
550.91	21.420
551.25	21.435
551.58	21.491
551.92	21.545
552.26	21.604
552.59	21.661
552.93	21.733
553.27	21.771
553.60	21.825
553.94	21.893
554.27	21.972
554.61	22.045
554.95	22.140
555.28	22.184
555.62	22.207
555.95	22.235
556.29	22.305
556.63	22.340
556.96	22.390
557.30	22.456
557.63	22.503
557.97	22.534
558.31	22.580
558.64	22.583
558.98	22.603
559.31	22.680
559.65	22.701
559.98	22.718
560.32	22.744
560.65	22.763
560.99	22.775
561.33	22.781
561.66	22.765
562.00	22.757
562.33	22.796
562.67	22.804
563.00	22.789
563.34	22.798
563.67	22.831
564.01	22.842
564.34	22.861
564.68	22.868
565.01	22.888
565.35	22.954
565.68	23.004
566.02	23.055
566.35	23.129
566.69	23.140
567.02	23.215
567.36	23.259
567.69	23.272
568.03	23.298
568.36	23.354
568.69	23.393
569.03	23.433
569.36	23.432
569.70	23.429
570.03	23.461
570.37	23.482
570.70	23.496
571.04	23.522
571.37	23.553
571.70	23.587
572.04	23.603
572.37	23.625
572.71	23.650
573.04	23.689
573.37	23.724
573.71	23.748
574.04	23.846
574.38	23.912
574.71	23.957
575.04	24.061
575.38	24.135
575.71	24.237
576.05	24.323
576.38	24.393
576.71	24.482
577.05	24.595
577.38	24.646
577.71	24.706
578.05	24.759
578.38	24.828
578.71	24.832
579.05	24.849
579.38	24.855
579.71	24.932
580.05	24.952
580.38	24.972
580.71	24.971
581.05	25.031
581.38	25.061
581.71	25.109
582.05	25.148
582.38	25.177
582.71	25.242
583.04	25.304
583.38	25.302
583.71	25.317
584.04	25.338
584.38	25.371
584.71	25.350
585.04	25.339
585.37	25.302
585.71	25.311
586.04	25.326
586.37	25.334
586.70	25.336
587.04	25.336
587.37	25.368
587.70	25.370
588.03	25.331
588.37	25.374
588.70	25.394
589.03	25.434
589.36	25.469
589.69	25.482
590.03	25.498
590.36	25.511
590.69	25.496
591.02	25.496
591.35	25.506
591.69	25.504
592.02	25.473
592.35	25.441
592.68	25.399
593.01	25.327
593.35	25.292
593.68	25.273
594.01	25.230
594.34	25.228
594.67	25.211
595.00	25.180
595.34	25.210
595.67	25.232
596.00	25.280
596.33	25.323
596.66	25.411
596.99	25.471
597.32	25.545
597.65	25.571
597.99	25.601
598.32	25.614
598.65	25.652
598.98	25.641
599.31	25.610
599.64	25.596
599.97	25.587
600.30	25.498
600.63	25.478
600.96	25.425
601.30	25.398
601.63	25.371
601.96	25.354
602.29	25.387
602.62	25.406
602.95	25.429
603.28	25.422
603.61	25.397
603.94	25.421
604.27	25.462
604.60	25.482
604.93	25.550
605.26	25.595
605.59	25.624
605.92	25.641
606.25	25.696
606.58	25.711
606.91	25.714
607.24	25.742
607.57	25.759
607.90	25.739
608.23	25.739
608.56	25.721
608.89	25.748
609.22	25.773
609.55	25.813
609.88	25.846
610.21	25.907
610.54	25.947
610.87	25.986
611.20	26.058
611.53	26.113
611.86	26.171
612.19	26.226
612.52	26.262
612.85	26.305
613.18	26.291
613.51	26.211
613.84	26.146
614.17	26.204
614.49	26.221
614.82	26.215
615.15	26.243
615.48	26.198
615.81	26.225
616.14	26.216
616.47	26.221
616.80	26.236
617.13	26.326
617.46	26.333
617.78	26.271
618.11	26.296
618.44	26.335
618.77	26.321
619.10	26.380
619.43	26.340
619.76	26.313
620.09	26.322
620.41	26.312
620.74	26.282
621.07	26.317
621.40	26.385
621.73	26.364
622.06	26.327
622.38	26.331
622.71	26.263
623.04	26.286
623.37	26.315
623.70	26.268
624.02	26.263
624.35	26.237
624.68	26.273
625.01	26.198
625.34	26.204
625.66	26.210
625.99	26.191
626.32	26.263
626.65	26.263
626.98	26.285
627.30	26.341
627.63	26.379
627.96	26.399
628.29	26.389
628.61	26.453
628.94	26.478
629.27	26.483
629.60	26.478
629.92	26.488
630.25	26.477
630.58	26.400
630.91	26.356
631.23	26.339
631.56	26.343
631.89	26.319
632.21	26.331
632.54	26.293
632.87	26.290
633.19	26.286
633.52	26.226
633.85	26.225
634.18	26.268
634.50	26.286
634.83	26.245
635.16	26.248
635.48	26.252
635.81	26.246
636.14	26.269
636.46	26.267
636.79	26.297
637.11	26.313
637.44	26.313
637.77	26.343
638.09	26.354
638.42	26.398
638.75	26.405
639.07	26.404
639.40	26.338
639.73	26.357
640.05	26.313
640.38	26.288
640.70	26.330
641.03	26.346
641.36	26.298
641.68	26.277
642.01	26.269
642.33	26.278
642.66	26.266
642.98	26.290
643.31	26.265
643.64	26.297
643.96	26.285
644.29	26.252
644.61	26.212
644.94	26.251
645.26	26.318
645.59	26.309
645.91	26.320
646.24	26.320
646.56	26.325
646.89	26.354
647.22	26.349
647.54	26.369
647.87	26.374
648.19	26.417
648.52	26.366
648.84	26.290
649.17	26.239
649.49	26.150
649.82	26.136
650.14	26.115
650.47	26.050
650.79	26.054
651.11	26.019
651.44	26.006
651.76	25.993
652.09	26.059
652.41	26.108
652.74	26.110
653.06	26.103
653.39	26.106
653.71	26.080
654.04	26.109
654.36	26.041
654.68	26.016
655.01	25.976
655.33	25.964
655.66	25.892
655.98	25.809
656.30	25.763
656.63	25.741
656.95	25.684
657.28	25.705
657.60	25.673
657.92	25.664
658.25	25.663
658.57	25.608
658.90	25.567
659.22	25.556
659.54	25.523
659.87	25.574
660.19	25.593
660.51	25.600
660.84	25.541
661.16	25.539
661.48	25.600
661.81	25.606
662.13	25.635
662.45	25.623
662.78	25.606
663.10	25.630
663.42	25.591
663.75	25.576
664.07	25.653
664.39	25.658
664.72	25.631
665.04	25.611
665.36	25.561
665.69	25.544
666.01	25.505
666.33	25.469
666.65	25.431
666.98	25.417
667.30	25.440
667.62	25.391
667.94	25.379
668.27	25.358
668.59	25.326
668.91	25.375
669.23	25.360
669.56	25.372
669.88	25.374
670.20	25.402
670.52	25.401
670.85	25.390
671.17	25.339
671.49	25.370
671.81	25.360
672.13	25.371
672.46	25.280
672.78	25.255
673.10	25.197
673.42	25.187
673.74	25.140
674.07	25.142
674.39	25.070
674.71	25.070
675.03	25.014
675.35	24.986
675.67	24.863
676.00	24.828
676.32	24.858
676.64	24.855
676.96	24.870
677.28	24.897
677.60	24.854
677.92	24.807
678.25	24.738
678.57	24.721
678.89	24.732
679.21	24.771
679.53	24.752
679.85	24.756
680.17	24.755
680.49	24.718
680.81	24.687
681.13	24.740
681.46	24.778
681.78	24.846
682.10	24.888
682.42	24.905
682.74	24.894
683.06	24.976
683.38	24.970
683.70	25.052
684.02	25.062
684.34	25.082
684.66	25.061
684.98	25.084
685.30	25.103
685.62	25.111
685.94	25.091
686.26	25.102
686.58	25.133
686.90	25.033
687.22	24.998
687.54	25.031
687.86	24.991
688.18	24.963
688.50	24.946
688.82	24.891
689.14	24.855
689.46	24.833
689.78	24.847
690.10	24.732
690.42	24.740
690.74	24.703
691.06	24.661
691.38	24.636
691.70	24.562
692.02	24.451
692.34	24.436
692.66	24.309
692.98	24.211
693.30	24.179
693.62	24.149
693.94	24.093
694.26	23.971
694.57	23.886
694.89	23.806
695.21	23.809
695.53	23.824
695.85	23.801
696.17	23.804
696.49	23.779
696.81	23.752
697.13	23.731
697.44	23.752
697.76	23.847
698.08	23.843
698.40	23.836
698.72	23.732
699.04	23.767
699.36	23.716
699.67	23.608
699.99	23.565
700.31	23.484
700.63	23.382
700.95	23.297
701.27	23.118
701.58	23.048
701.90	23.006
702.22	23.032
702.54	22.961
702.86	22.952
703.17	23.070
703.49	23.045
703.81	22.962
704.13	22.993
704.45	22.958
704.76	22.935
705.08	22.902
705.40	22.909
705.72	22.944
706.03	22.950
706.35	22.872
706.67	22.845
706.99	22.870
707.30	22.866
707.62	22.929
707.94	23.058
708.26	23.063
708.57	23.040
708.89	23.107
709.21	23.069
709.53	23.024
709.84	23.088
710.16	23.084
710.48	23.164
710.79	23.176
711.11	23.031
711.43	22.917
711.74	22.916
712.06	22.933
712.38	22.874
712.69	22.840
713.01	22.812
713.33	22.791
713.64	22.811
713.96	22.818
714.28	22.942
714.59	23.118
714.91	23.233
715.23	23.268
715.54	23.279
715.86	23.340
716.17	23.434
716.49	23.389
716.81	23.381
717.12	23.211
717.44	23.124
717.76	23.066
718.07	22.981
718.39	22.887
718.70	22.827
719.02	22.783
719.33	22.591
719.65	22.496
719.97	22.541
720.28	22.556
720.60	22.682
720.91	22.669
721.23	22.473
721.54	22.414
721.86	22.472
722.17	22.484
722.49	22.579
722.81	22.758
723.12	22.848
723.44	22.944
723.75	22.908
724.07	22.850
724.38	22.953
724.70	23.038
725.01	23.118
725.33	23.161
725.64	23.207
725.96	23.050
726.27	23.012
726.59	22.974
726.90	22.716
727.22	22.736
727.53	22.799
727.84	22.607
728.16	22.517
728.47	22.415
728.79	22.163
729.10	22.028
729.42	22.105
729.73	22.020
730.05	21.921
730.36	22.020
730.67	21.988
730.99	21.899
731.30	21.824
731.62	21.878
731.93	21.801
732.24	21.652
732.56	21.608
732.87	21.415
733.19	21.313
733.50	21.246
733.81	21.048
734.13	20.957
734.44	21.024
734.76	21.064
735.07	20.791
735.38	20.724
735.70	20.619
736.01	20.576
736.32	20.687
736.64	20.658
736.95	20.551
737.26	20.592
737.58	20.454
737.89	20.307
738.20	20.193
738.52	20.299
738.83	20.312
739.14	20.455
739.45	20.429
739.77	20.270
740.08	20.233
740.39	20.134
740.71	20.168
741.02	20.024
741.33	19.865
741.64	19.735
741.96	19.617
742.27	19.626
742.58	19.566
742.90	19.546
743.21	19.533
743.52	19.526
743.83	19.700
744.14	19.393
744.46	19.319
744.77	19.424
745.08	19.526
745.39	19.638
745.71	19.677
746.02	19.481
746.33	19.429
746.64	19.415
746.95	19.366
747.27	19.142
747.58	19.391
747.89	19.545
748.20	19.461
748.51	19.320
748.82	19.403
749.14	19.152
749.45	19.375
749.76	19.180
750.07	19.225
750.38	19.108
750.69	19.205
751.01	19.163
751.32	19.143
751.63	19.038
751.94	19.154
752.25	19.039
752.56	19.020
752.87	19.091
753.18	19.259
753.49	19.078
753.81	19.136
754.12	19.080
754.43	19.199
754.74	19.084
755.05	19.375
755.36	19.316
755.67	19.458
755.98	19.796
756.29	19.887
756.60	19.981
756.91	20.354
757.22	20.650
757.53	20.958
757.84	21.022
758.15	21.457
758.46	21.600
758.77	21.989
759.09	22.048
759.40	22.134
759.71	22.266
760.02	22.445
760.33	22.420
760.64	22.410
760.95	22.429
761.26	22.384
761.57	22.223
761.88	22.132
762.18	21.943
762.49	21.945
762.80	21.933
763.11	21.816
763.42	21.682
763.73	21.560
764.04	21.337
764.35	21.014
764.66	20.905
764.97	20.739
765.28	20.503
765.59	20.260
765.90	19.963
766.21	19.568
766.52	19.213
766.83	18.829
767.14	18.653
767.44	18.507
767.75	18.468
768.06	18.293
768.37	18.255
768.68	18.192
768.99	18.155
769.30	17.836
769.61	17.598
769.91	17.582
770.22	17.775
770.53	17.628
770.84	17.539
771.15	17.406
771.46	17.396
771.77	17.262
772.07	17.108
772.38	17.091
772.69	17.140
773.00	17.183
773.31	17.241
773.61	17.128
773.92	17.133
774.23	17.057
774.54	17.044
774.85	16.944
775.15	16.707
775.46	16.829
775.77	16.962
776.08	16.996
776.39	17.040
776.69	16.979
777.00	16.819
777.31	16.958
777.62	16.980
777.92	17.294
778.23	17.259
778.54	17.534
778.85	17.614
779.15	17.458
779.46	17.724
779.77	17.935
780.07	18.012
780.38	18.101
780.69	17.736
781.00	17.792
781.30	17.469
781.61	17.377
781.92	17.445
782.22	17.228
782.53	17.499
782.84	17.346
783.14	16.891
783.45	16.691
783.76	16.826
784.06	17.004
784.37	17.273
784.68	17.400
784.98	17.623
785.29	17.880
785.60	18.098
785.90	18.002
786.21	18.143
786.51	18.271
786.82	18.312
787.13	18.276
787.43	18.329
787.74	18.360
788.04	18.637
788.35	18.619
788.66	18.546
788.96	18.602
789.27	18.577
789.57	18.528
789.88	18.601
790.19	18.850
790.49	18.744
790.80	18.739
791.10	18.893
791.41	18.634
791.71	18.533
792.02	18.329
792.32	18.076
792.63	17.940
792.93	17.752
793.24	17.895
793.54	17.851
793.85	17.972
794.15	18.035
794.46	17.809
794.76	17.857
795.07	17.901
795.37	17.783
795.68	17.965
795.98	18.206
796.29	18.425
796.59	18.302
796.90	18.320
797.20	18.727
797.51	18.767
797.81	18.846
798.12	18.666
798.42	18.879
798.72	18.977
799.03	19.068
799.33	18.765
799.64	18.661
799.94	18.804
800.25	18.592
800.55	18.326
800.85	18.444
801.16	18.565
801.46	18.632
801.77	18.737
802.07	18.909
802.37	18.910
802.68	19.345
802.98	19.887
803.28	20.081
803.59	20.158
803.89	19.863
804.20	19.868
804.50	19.749
804.80	19.833
805.11	19.519
805.41	19.471
805.71	19.254
806.02	19.397
806.32	18.712
806.62	18.404
806.93	18.773
807.23	18.999
807.53	19.252
807.83	19.303
808.14	19.476
808.44	19.688
808.74	19.809
809.05	19.778
809.35	19.425
809.65	19.749
809.95	19.834
810.26	19.560
810.56	19.610
810.86	19.233
811.16	19.237
811.47	19.496
811.77	19.712
812.07	19.672
812.37	19.810
812.68	20.172
812.98	20.424
813.28	20.735
813.58	21.301
813.88	21.063
814.19	21.856
814.49	22.410
814.79	22.270
815.09	21.977
815.39	22.384
815.70	22.538
816.00	22.562
816.30	22.469
816.60	22.313
816.90	22.063
817.20	22.505
817.50	22.168
817.81	21.922
818.11	22.053
818.41	22.239
818.71	22.174
819.01	22.312
819.31	22.380
819.61	22.498
819.92	22.572
820.22	22.665
820.52	22.658
820.82	22.670
821.12	22.678
821.42	22.661
821.72	22.664
822.02	22.685
822.32	22.711
822.62	22.733
822.92	22.690
823.22	22.693
823.52	22.698
823.83	22.746
824.13	22.795
824.43	22.807
824.73	22.850
825.03	22.875
825.33	22.948
825.63	22.794
825.93	22.699
826.23	22.658
826.53	22.651
826.83	22.549
827.13	22.332
827.43	22.178
827.73	22.171
828.03	22.203
828.33	22.296
828.63	22.087
828.93	22.270
829.23	22.382
829.53	22.465
829.83	22.347
830.13	22.469
830.42	22.491
830.72	22.459
831.02	22.280
831.32	21.931
831.62	21.526
831.92	21.719
832.22	21.834
832.52	21.885
832.82	22.001
833.12	21.980
833.42	21.698
833.72	21.704
834.01	21.618
834.31	21.531
834.61	21.690
834.91	21.876
835.21	21.748
835.51	21.440
835.81	20.862
836.11	20.481
836.40	20.382
836.70	20.385
837.00	20.129
837.30	20.473
837.60	20.767
837.90	20.620
838.19	20.292
838.49	20.268
838.79	20.763
839.09	20.984
839.39	21.226
839.68	21.441
839.98	21.571
840.28	22.071
840.58	21.919
840.88	22.145
841.17	21.831
841.47	22.032
841.77	21.701
842.07	20.683
842.36	21.404
842.66	20.932
842.96	20.557
843.26	20.171
843.55	19.378
843.85	18.681
844.15	17.532
844.45	17.540
844.74	18.285
845.04	19.057
845.34	19.653
845.63	18.329
845.93	18.027
846.23	19.004
846.53	18.909
846.82	19.022
847.12	19.403
847.42	19.262
847.71	20.159
848.01	19.036
848.31	18.757
848.60	19.073
848.90	18.358
849.19	19.011
849.49	16.752
849.79	16.947
850.08	17.420
850.38	17.473
850.68	17.695
850.97	18.210
851.27	17.814
851.56	16.997
851.86	16.172
852.16	18.270
852.45	18.726
852.75	19.738
853.04	18.729
853.34	19.084
853.64	17.764
853.93	18.933
854.23	18.201
854.52	18.746
854.82	17.920
855.11	18.564
855.41	16.690
855.70	15.744
856.00	16.261
856.30	17.769
856.59	16.345
856.89	17.441
857.18	17.085
857.48	17.340
857.77	17.409
858.07	19.013
858.36	18.287
858.66	19.625
858.95	19.506
859.25	18.911
859.54	19.194
859.84	21.403
860.13	22.207
860.42	22.822
860.72	22.477
861.01	21.791
861.31	21.685
861.60	23.523
861.90	22.946
862.19	23.712
862.49	23.537
862.78	23.428
863.07	21.758
863.37	21.131
863.66	19.730
863.96	20.107
864.25	21.201
864.54	21.158
864.84	20.096
865.13	20.878
865.43	20.672
865.72	23.116
866.01	19.971
866.31	23.012
866.60	24.221
866.89	22.565
>>>>>End Spectral Data<<<<<
