180.30	0.000
180.67	0.000
181.03	-885.088
181.40	-5706.061
181.77	-717.563
182.14	107.365
182.51	18.993
182.88	451.075
183.25	16.935
183.62	328.557
183.99	-90.884
184.36	151.650
184.73	133.087
185.10	31.445
185.46	28.653
185.83	65.233
186.20	246.530
186.57	-263.308
186.94	-47.665
187.31	90.305
187.68	10.745
188.05	74.987
188.42	15.777
188.78	10.250
189.15	-3.201
189.52	-32.770
189.89	-23.454
190.26	-17.513
190.63	-4.672
191.00	-12.601
191.37	-22.722
191.73	-36.295
192.10	-37.448
192.47	-19.455
192.84	-44.664
193.21	-22.741
193.58	0.040
193.94	3.661
194.31	10.278
194.68	5.271
195.05	12.137
195.42	0.240
195.79	5.187
196.15	11.230
196.52	41.235
196.89	47.005
197.26	40.387
197.63	21.486
198.00	4.598
198.36	-9.706
198.73	0.048
199.10	12.672
199.47	17.635
199.84	4.539
200.20	-8.224
200.57	-16.575
200.94	-4.291
201.31	-2.643
201.68	3.964
202.04	2.285
202.41	6.939
202.78	12.407
203.15	16.781
203.51	21.607
203.88	23.662
204.25	15.049
204.62	10.371
204.98	8.944
205.35	12.235
205.72	11.849
206.09	22.378
206.46	25.098
206.82	37.205
207.19	35.413
207.56	30.640
207.92	28.663
208.29	45.736
208.66	43.529
209.03	42.652
209.39	49.739
209.76	54.961
210.13	46.349
210.50	43.032
210.86	17.617
211.23	6.523
211.60	9.949
211.96	15.049
212.33	5.904
212.70	-1.110
213.07	3.967
213.43	1.516
213.80	-0.886
214.17	-4.973
214.53	-6.072
214.90	2.438
215.27	4.921
215.63	11.261
216.00	-4.875
216.37	-13.634
216.74	2.195
217.10	3.400
217.47	21.110
217.84	25.727
218.20	31.850
218.57	25.596
218.94	28.047
219.30	28.601
219.67	15.771
220.04	23.253
220.40	35.561
220.77	16.694
221.13	10.466
221.50	8.989
221.87	18.822
222.23	16.068
222.60	24.453
222.97	29.247
223.33	34.924
223.70	40.073
224.07	42.403
224.43	39.964
224.80	42.115
225.16	42.659
225.53	40.587
225.90	35.597
226.26	35.525
226.63	32.658
226.99	32.223
227.36	33.440
227.73	31.926
228.09	32.377
228.46	33.126
228.82	32.256
229.19	31.990
229.56	30.346
229.92	30.591
230.29	31.415
230.65	32.680
231.02	31.838
231.38	28.457
231.75	29.505
232.12	29.946
232.48	29.838
232.85	30.191
233.21	31.675
233.58	33.922
233.94	33.753
234.31	31.286
234.68	30.183
235.04	29.751
235.41	30.058
235.77	28.632
236.14	28.038
236.50	26.362
236.87	26.300
237.23	22.780
237.60	24.241
237.96	26.068
238.33	27.282
238.69	27.555
239.06	28.460
239.42	28.196
239.79	28.069
240.15	26.252
240.52	25.923
240.88	25.313
241.25	25.853
241.61	24.996
241.98	24.422
242.34	24.950
242.71	24.746
243.07	24.292
243.44	25.227
243.80	25.330
244.17	25.481
244.53	25.288
244.90	25.373
245.26	25.038
245.63	25.152
245.99	24.916
246.36	24.768
246.72	24.927
247.09	24.857
247.45	23.924
247.81	23.830
248.18	23.774
248.54	24.057
248.91	24.234
249.27	24.660
249.64	24.318
250.00	24.293
250.36	23.905
250.73	23.655
251.09	23.495
251.46	23.900
251.82	23.525
252.19	24.481
252.55	24.445
252.91	25.049
253.28	24.870
253.64	24.060
254.01	24.169
254.37	24.374
254.73	23.503
255.10	24.214
255.46	24.122
255.83	24.188
256.19	23.972
256.55	23.703
256.92	23.581
257.28	23.313
257.65	23.677
258.01	23.327
258.37	22.934
258.74	23.044
259.10	22.396
259.46	22.287
259.83	22.457
260.19	21.879
260.55	21.814
260.92	21.452
261.28	21.372
261.64	21.051
262.01	21.295
262.37	21.744
262.73	21.853
263.10	22.053
263.46	21.738
263.82	21.691
264.19	22.398
264.55	22.497
264.91	22.165
265.28	22.234
265.64	21.756
266.00	21.426
266.37	20.772
266.73	20.555
267.09	20.837
267.46	20.613
267.82	20.087
268.18	19.717
268.54	19.499
268.91	19.913
269.27	20.042
269.63	20.604
270.00	20.715
270.36	20.777
270.72	20.775
271.08	20.408
271.45	20.539
271.81	20.883
272.17	20.975
272.53	20.775
272.90	20.563
273.26	20.057
273.62	19.671
273.98	19.833
274.35	19.481
274.71	19.400
275.07	19.341
275.43	19.769
275.80	19.626
276.16	19.441
276.52	20.191
276.88	19.908
277.25	19.955
277.61	19.742
277.97	19.342
278.33	19.436
278.69	19.171
279.06	19.467
279.42	19.136
279.78	18.979
280.14	18.955
280.50	18.570
280.87	18.892
281.23	19.021
281.59	19.111
281.95	19.179
282.31	19.063
282.68	19.534
283.04	19.660
283.40	19.798
283.76	19.647
284.12	19.521
284.48	19.343
284.85	19.261
285.21	19.207
285.57	19.348
285.93	19.291
286.29	19.517
286.65	19.170
287.02	18.823
287.38	18.719
287.74	18.702
288.10	18.958
288.46	18.947
288.82	18.978
289.18	18.800
289.54	18.340
289.91	18.483
290.27	18.337
290.63	18.171
290.99	18.207
291.35	17.974
291.71	18.153
292.07	17.853
292.43	17.802
292.79	17.610
293.16	17.869
293.52	18.381
293.88	18.252
294.24	18.543
294.60	18.928
294.96	18.793
295.32	18.871
295.68	19.001
296.04	19.134
296.40	19.443
296.76	19.818
297.12	20.164
297.49	20.501
297.85	20.769
298.21	20.899
298.57	20.929
298.93	21.388
299.29	21.743
299.65	22.089
300.01	22.597
300.37	22.808
300.73	23.018
301.09	23.249
301.45	23.311
301.81	23.579
302.17	23.749
302.53	24.188
302.89	24.235
303.25	24.446
303.61	24.520
303.97	24.589
304.33	24.706
304.69	24.764
305.05	24.760
305.41	24.948
305.77	24.983
306.13	25.044
306.49	25.059
306.85	25.462
307.21	25.584
307.57	25.692
307.93	25.820
308.29	26.025
308.65	26.105
309.01	26.139
309.37	26.065
309.73	26.160
310.09	26.372
310.45	26.219
310.81	25.992
311.17	25.886
311.53	25.933
311.89	25.901
312.25	25.913
312.61	25.744
312.96	25.687
313.32	25.550
313.68	25.401
314.04	25.293
314.40	25.493
314.76	25.559
315.12	25.551
315.48	25.445
315.84	25.352
316.20	25.405
316.56	25.464
316.92	25.700
317.27	25.715
317.63	25.892
317.99	25.826
318.35	25.607
318.71	25.544
319.07	25.542
319.43	25.313
319.79	25.282
320.15	25.078
320.50	25.042
320.86	24.796
321.22	24.980
321.58	24.764
321.94	24.536
322.30	24.598
322.66	24.440
323.01	24.591
323.37	24.546
323.73	24.359
324.09	24.019
324.45	23.803
324.81	23.617
325.17	23.343
325.52	23.360
325.88	23.375
326.24	23.268
326.60	23.432
326.96	23.242
327.31	23.178
327.67	23.176
328.03	23.379
328.39	23.527
328.75	23.552
329.11	23.545
329.46	23.509
329.82	23.494
330.18	23.343
330.54	23.195
330.90	23.021
331.25	22.982
331.61	22.947
331.97	22.843
332.33	22.704
332.68	22.744
333.04	22.750
333.40	22.619
333.76	22.530
334.11	22.460
334.47	22.355
334.83	22.380
335.19	22.362
335.54	22.271
335.90	22.267
336.26	22.234
336.62	22.130
336.97	22.083
337.33	21.975
337.69	22.033
338.05	22.129
338.40	22.117
338.76	22.057
339.12	22.167
339.48	22.295
339.83	22.282
340.19	22.118
340.55	22.121
340.90	21.998
341.26	22.033
341.62	21.868
341.97	21.761
342.33	21.766
342.69	21.834
343.04	21.704
343.40	21.610
343.76	21.505
344.12	21.561
344.47	21.643
344.83	21.660
345.19	21.559
345.54	21.558
345.90	21.504
346.26	21.389
346.61	21.337
346.97	21.307
347.32	21.307
347.68	21.350
348.04	21.363
348.39	21.232
348.75	21.164
349.11	21.188
349.46	21.120
349.82	21.181
350.18	21.158
350.53	21.078
350.89	21.054
351.24	20.819
351.60	20.717
351.96	20.554
352.31	20.519
352.67	20.464
353.02	20.354
353.38	20.393
353.74	20.269
354.09	20.199
354.45	20.155
354.80	20.084
355.16	20.246
355.52	20.116
355.87	20.091
356.23	20.024
356.58	20.088
356.94	19.992
357.29	20.018
357.65	19.973
358.00	19.978
358.36	19.873
358.72	19.809
359.07	19.688
359.43	19.775
359.78	19.810
360.14	19.768
360.49	19.627
360.85	19.690
361.20	19.584
361.56	19.564
361.91	19.579
362.27	19.609
362.62	19.595
362.98	19.443
363.33	19.361
363.69	19.277
364.04	19.264
364.40	19.268
364.75	19.242
365.11	19.239
365.46	19.245
365.82	19.177
366.17	19.080
366.53	19.015
366.88	19.097
367.24	19.055
367.59	18.991
367.95	19.005
368.30	18.955
368.66	18.902
369.01	18.794
369.37	18.768
369.72	18.711
370.08	18.676
370.43	18.662
370.78	18.671
371.14	18.675
371.49	18.756
371.85	18.658
372.20	18.752
372.56	18.750
372.91	18.733
373.26	18.671
373.62	18.725
373.97	18.722
374.33	18.681
374.68	18.590
375.03	18.523
375.39	18.413
375.74	18.355
376.10	18.240
376.45	18.172
376.80	18.170
377.16	18.090
377.51	17.996
377.87	18.015
378.22	17.998
378.57	18.071
378.93	18.054
379.28	18.001
379.63	18.035
379.99	18.048
380.34	18.048
380.70	18.037
381.05	18.085
381.40	18.125
381.76	18.105
382.11	18.116
382.46	18.054
382.82	18.036
383.17	18.081
383.52	17.982
383.88	17.889
384.23	17.844
384.58	17.818
384.94	17.796
385.29	17.748
385.64	17.695
385.99	17.593
386.35	17.514
386.70	17.482
387.05	17.399
387.41	17.402
387.76	17.320
388.11	17.270
388.47	17.213
388.82	17.130
389.17	17.090
389.52	17.046
389.88	17.063
390.23	17.049
390.58	16.984
390.93	16.963
391.29	16.928
391.64	16.988
391.99	17.000
392.34	16.954
392.70	16.961
393.05	16.935
393.40	16.899
393.75	16.893
394.11	16.908
394.46	16.891
394.81	16.873
395.16	16.822
395.52	16.747
395.87	16.720
396.22	16.677
396.57	16.606
396.92	16.509
397.28	16.447
397.63	16.392
397.98	16.296
398.33	16.232
398.68	16.160
399.04	16.143
399.39	16.108
399.74	16.040
400.09	16.011
400.44	15.991
400.80	16.013
401.15	16.022
401.50	15.952
401.85	15.912
402.20	15.864
402.55	15.855
402.90	15.800
403.26	15.770
403.61	15.698
403.96	15.679
404.31	15.671
404.66	15.612
405.01	15.549
405.36	15.514
405.72	15.484
406.07	15.494
406.42	15.459
406.77	15.429
407.12	15.379
407.47	15.409
407.82	15.403
408.17	15.364
408.53	15.345
408.88	15.357
409.23	15.310
409.58	15.309
409.93	15.260
410.28	15.258
410.63	15.243
410.98	15.193
411.33	15.147
411.68	15.095
412.03	15.060
412.38	15.003
412.73	14.920
413.09	14.961
413.44	14.939
413.79	14.951
414.14	14.916
414.49	14.917
414.84	14.942
415.19	14.986
415.54	14.999
415.89	14.991
416.24	15.031
416.59	15.083
416.94	15.045
417.29	15.008
417.64	14.989
417.99	14.984
418.34	14.972
418.69	14.980
419.04	14.939
419.39	14.934
419.74	14.915
420.09	14.887
420.44	14.855
420.79	14.853
421.14	14.856
421.49	14.848
421.84	14.834
422.19	14.807
422.54	14.777
422.89	14.755
423.24	14.726
423.59	14.688
423.94	14.656
424.29	14.613
424.64	14.575
424.99	14.555
425.34	14.527
425.68	14.488
426.03	14.463
426.38	14.457
426.73	14.455
427.08	14.428
427.43	14.439
427.78	14.448
428.13	14.458
428.48	14.477
428.83	14.481
429.18	14.504
429.53	14.550
429.87	14.572
430.22	14.548
430.57	14.544
430.92	14.523
431.27	14.515
431.62	14.496
431.97	14.472
432.32	14.432
432.67	14.407
433.01	14.356
433.36	14.334
433.71	14.305
434.06	14.279
434.41	14.247
434.76	14.251
435.11	14.264
435.45	14.255
435.80	14.257
436.15	14.279
436.50	14.285
436.85	14.286
437.20	14.276
437.54	14.252
437.89	14.247
438.24	14.247
438.59	14.234
438.94	14.216
439.29	14.198
439.63	14.179
439.98	14.145
440.33	14.136
440.68	14.132
441.03	14.106
441.37	14.122
441.72	14.151
442.07	14.148
442.42	14.165
442.76	14.159
443.11	14.163
443.46	14.187
443.81	14.191
444.16	14.188
444.50	14.162
444.85	14.132
445.20	14.096
445.55	14.029
445.89	13.997
446.24	13.938
446.59	13.897
446.94	13.853
447.28	13.798
447.63	13.755
447.98	13.704
448.32	13.706
448.67	13.707
449.02	13.702
449.37	13.701
449.71	13.689
450.06	13.670
450.41	13.683
450.75	13.693
451.10	13.671
451.45	13.659
451.79	13.629
452.14	13.586
452.49	13.543
452.84	13.536
453.18	13.527
453.53	13.512
453.88	13.514
454.22	13.534
454.57	13.523
454.92	13.511
455.26	13.545
455.61	13.560
455.95	13.560
456.30	13.603
456.65	13.601
456.99	13.604
457.34	13.600
457.69	13.628
458.03	13.598
458.38	13.585
458.73	13.608
459.07	13.563
459.42	13.534
459.76	13.516
460.11	13.451
460.46	13.407
460.80	13.379
461.15	13.352
461.49	13.278
461.84	13.244
462.19	13.227
462.53	13.203
462.88	13.233
463.22	13.254
463.57	13.270
463.91	13.308
464.26	13.318
464.61	13.333
464.95	13.339
465.30	13.375
465.64	13.373
465.99	13.358
466.33	13.350
466.68	13.315
467.02	13.275
467.37	13.254
467.71	13.208
468.06	13.216
468.41	13.169
468.75	13.151
469.10	13.117
469.44	13.068
469.79	13.066
470.13	13.016
470.48	13.005
470.82	13.012
471.17	12.997
471.51	13.015
471.86	12.986
472.20	12.973
472.55	12.942
472.89	12.918
473.23	12.912
473.58	12.909
473.92	12.931
474.27	12.899
474.61	12.873
474.96	12.859
475.30	12.815
475.65	12.807
475.99	12.804
476.34	12.793
476.68	12.786
477.02	12.801
477.37	12.781
477.71	12.768
478.06	12.791
478.40	12.817
478.75	12.897
479.09	13.037
479.43	13.163
479.78	13.283
480.12	13.409
480.47	13.504
480.81	13.598
481.15	13.688
481.50	13.760
481.84	13.868
482.19	14.007
482.53	14.104
482.87	14.120
483.22	14.033
483.56	13.973
483.90	13.927
484.25	13.890
484.59	13.839
484.94	13.776
485.28	13.700
485.62	13.581
485.97	13.421
486.31	13.265
486.65	13.195
487.00	13.219
487.34	13.213
487.68	13.172
488.03	13.132
488.37	13.093
488.71	13.058
489.06	13.037
489.40	13.006
489.74	12.974
490.09	12.954
490.43	12.892
490.77	12.845
491.11	12.781
491.46	12.740
491.80	12.680
492.14	12.633
492.49	12.569
492.83	12.523
493.17	12.468
493.51	12.425
493.86	12.354
494.20	12.296
494.54	12.257
494.88	12.261
495.23	12.234
495.57	12.272
495.91	12.254
496.25	12.264
496.60	12.253
496.94	12.230
497.28	12.188
497.62	12.196
497.97	12.175
498.31	12.163
498.65	12.159
498.99	12.148
499.33	12.094
499.68	12.096
500.02	12.068
500.36	12.039
500.70	12.054
501.04	12.051
501.39	12.006
501.73	12.021
502.07	12.005
502.41	12.001
502.75	12.021
503.09	12.040
503.44	12.032
503.78	12.042
504.12	12.064
504.46	12.052
504.80	12.060
505.14	12.072
505.49	12.090
505.83	12.091
506.17	12.076
506.51	12.064
506.85	12.036
507.19	12.031
507.53	12.030
507.87	12.016
508.22	12.023
508.56	12.010
508.90	12.005
509.24	11.975
509.58	11.959
509.92	11.949
510.26	11.926
510.60	11.941
510.94	11.925
511.28	11.899
511.63	11.889
511.97	11.852
512.31	11.837
512.65	11.808
512.99	11.788
513.33	11.776
513.67	11.805
514.01	11.822
514.35	11.808
514.69	11.821
515.03	11.850
515.37	11.852
515.71	11.887
516.05	11.905
516.39	11.939
516.73	11.951
517.07	11.973
517.41	11.970
517.75	11.961
518.09	11.947
518.43	11.909
518.77	11.869
519.11	11.852
519.45	11.804
519.79	11.777
520.13	11.746
520.47	11.727
520.81	11.709
521.15	11.678
521.49	11.684
521.83	11.697
522.17	11.720
522.51	11.741
522.85	11.742
523.19	11.805
523.53	11.916
523.87	12.036
524.21	12.150
524.55	12.256
524.89	12.354
525.23	12.422
525.57	12.479
525.91	12.553
526.25	12.604
526.58	12.669
526.92	12.722
527.26	12.725
527.60	12.696
527.94	12.666
528.28	12.622
528.62	12.574
528.96	12.529
529.30	12.490
529.64	12.424
529.97	12.374
530.31	12.312
530.65	12.219
530.99	12.154
531.33	12.111
531.67	12.073
532.01	12.061
532.35	12.031
532.68	11.996
533.02	11.959
533.36	11.929
533.70	11.890
534.04	11.850
534.38	11.822
534.71	11.772
535.05	11.728
535.39	11.686
535.73	11.631
536.07	11.595
536.41	11.598
536.74	11.613
537.08	11.635
537.42	11.672
537.76	11.730
538.10	11.772
538.43	11.831
538.77	11.885
539.11	11.920
539.45	11.958
539.79	11.995
540.12	12.014
540.46	12.013
540.80	11.997
541.14	11.973
541.47	11.928
541.81	11.890
542.15	11.845
542.49	11.801
542.82	11.760
543.16	11.689
543.50	11.642
543.84	11.575
544.17	11.522
544.51	11.487
544.85	11.461
545.18	11.417
545.52	11.391
545.86	11.344
546.20	11.287
546.53	11.227
546.87	11.208
547.21	11.141
547.54	11.118
547.88	11.098
548.22	11.073
548.55	11.052
548.89	11.047
549.23	11.035
549.56	11.035
549.90	11.048
550.24	11.064
550.57	11.036
550.91	11.058
551.25	11.052
551.58	11.034
551.92	10.999
552.26	10.968
552.59	10.946
552.93	10.924
553.27	10.905
553.60	10.886
553.94	10.878
554.27	10.880
554.61	10.861
554.95	10.831
555.28	10.827
555.62	10.852
555.95	10.852
556.29	10.868
556.63	10.888
556.96	10.903
557.30	10.904
557.63	10.888
557.97	10.895
558.31	10.886
558.64	10.905
558.98	10.912
559.31	10.907
559.65	10.900
559.98	10.887
560.32	10.893
560.65	10.900
560.99	10.892
561.33	10.918
561.66	10.934
562.00	10.964
562.33	10.964
562.67	10.982
563.00	10.986
563.34	11.027
563.67	11.034
564.01	11.033
564.34	11.027
564.68	11.057
565.01	11.052
565.35	11.043
565.68	11.022
566.02	11.027
566.35	11.035
566.69	11.052
567.02	11.057
567.36	11.075
567.69	11.077
568.03	11.100
568.36	11.111
568.69	11.116
569.03	11.123
569.36	11.139
569.70	11.160
570.03	11.142
570.37	11.128
570.70	11.111
571.04	11.124
571.37	11.126
571.70	11.115
572.04	11.084
572.37	11.063
572.71	11.064
573.04	11.069
573.37	11.053
573.71	11.053
574.04	11.048
574.38	11.047
574.71	11.006
575.04	10.996
575.38	11.000
575.71	10.987
576.05	10.975
576.38	10.949
576.71	10.905
577.05	10.898
577.38	10.876
577.71	10.862
578.05	10.848
578.38	10.860
578.71	10.852
579.05	10.863
579.38	10.880
579.71	10.871
580.05	10.887
580.38	10.903
580.71	10.892
581.05	10.886
581.38	10.872
581.71	10.850
582.05	10.817
582.38	10.806
582.71	10.765
583.04	10.769
583.38	10.783
583.71	10.789
584.04	10.786
584.38	10.762
584.71	10.801
585.04	10.845
585.37	10.891
585.71	10.928
586.04	10.962
586.37	10.996
586.70	11.018
587.04	11.050
587.37	11.046
587.70	11.060
588.03	11.096
588.37	11.120
588.70	11.161
589.03	11.179
589.36	11.171
589.69	11.170
590.03	11.168
590.36	11.171
590.69	11.165
591.02	11.153
591.35	11.168
591.69	11.175
592.02	11.141
592.35	11.135
592.68	11.107
593.01	11.139
593.35	11.160
593.68	11.145
594.01	11.131
594.34	11.137
594.67	11.142
595.00	11.136
595.34	11.117
595.67	11.121
596.00	11.077
596.33	11.081
596.66	11.059
596.99	11.015
597.32	11.016
597.65	11.013
597.99	11.005
598.32	10.995
598.65	10.988
598.98	10.994
599.31	10.989
599.64	11.013
599.97	11.033
600.30	11.066
600.63	11.097
600.96	11.115
601.30	11.135
601.63	11.148
601.96	11.215
602.29	11.222
602.62	11.238
602.95	11.230
603.28	11.244
603.61	11.244
603.94	11.215
604.27	11.208
604.60	11.170
604.93	11.140
605.26	11.141
605.59	11.110
605.92	11.090
606.25	11.079
606.58	11.098
606.91	11.092
607.24	11.090
607.57	11.102
607.90	11.132
608.23	11.158
608.56	11.155
608.89	11.136
609.22	11.103
609.55	11.104
609.88	11.088
610.21	11.043
610.54	11.008
610.87	10.989
611.20	10.944
611.53	10.912
611.86	10.900
612.19	10.895
612.52	10.851
612.85	10.851
613.18	10.852
613.51	10.871
613.84	10.908
614.17	10.873
614.49	10.901
614.82	10.916
615.15	10.889
615.48	10.897
615.81	10.901
616.14	10.935
616.47	10.914
616.80	10.930
617.13	10.903
617.46	10.894
617.78	10.944
618.11	10.916
618.44	10.920
618.77	10.944
619.10	10.940
619.43	10.961
619.76	10.979
620.09	11.014
620.41	10.991
620.74	10.992
621.07	10.996
621.40	11.002
621.73	10.996
622.06	11.029
622.38	11.031
622.71	11.009
623.04	10.988
623.37	10.986
623.70	10.985
624.02	11.017
624.35	11.030
624.68	11.038
625.01	11.049
625.34	11.052
625.66	11.034
625.99	10.995
626.32	11.025
626.65	11.033
626.98	11.025
627.30	11.042
627.63	11.021
627.96	11.042
628.29	11.065
628.61	10.990
628.94	10.969
629.27	10.960
629.60	10.966
629.92	10.948
630.25	10.917
630.58	10.943
630.91	10.898
631.23	10.929
631.56	10.899
631.89	10.848
632.21	10.918
632.54	10.944
632.87	10.931
633.19	10.936
633.52	10.919
633.85	10.910
634.18	10.838
634.50	10.885
634.83	10.827
635.16	10.857
635.48	10.850
635.81	10.818
636.14	10.812
636.46	10.819
636.79	10.833
637.11	10.787
637.44	10.788
637.77	10.826
638.09	10.780
638.42	10.824
638.75	10.780
639.07	10.791
639.40	10.810
639.73	10.776
640.05	10.742
640.38	10.736
640.70	10.803
641.03	10.797
641.36	10.787
641.68	10.772
642.01	10.770
642.33	10.747
642.66	10.729
642.98	10.741
643.31	10.774
643.64	10.824
643.96	10.828
644.29	10.811
644.61	10.831
644.94	10.818
645.26	10.839
645.59	10.790
645.91	10.828
646.24	10.829
646.56	10.796
646.89	10.782
647.22	10.732
647.54	10.736
647.87	10.707
648.19	10.711
648.52	10.750
648.84	10.746
649.17	10.791
649.49	10.761
649.82	10.765
650.14	10.812
650.47	10.820
650.79	10.860
651.11	10.859
651.44	10.861
651.76	10.858
652.09	10.863
652.41	10.857
652.74	10.839
653.06	10.809
653.39	10.870
653.71	10.845
654.04	10.818
654.36	10.834
654.68	10.808
655.01	10.833
655.33	10.866
655.66	10.799
655.98	10.824
656.30	10.828
656.63	10.890
656.95	10.871
657.28	10.857
657.60	10.839
657.92	10.789
658.25	10.797
658.57	10.782
658.90	10.748
659.22	10.790
659.54	10.747
659.87	10.693
660.19	10.643
660.51	10.613
660.84	10.537
661.16	10.544
661.48	10.564
661.81	10.559
662.13	10.564
662.45	10.540
662.78	10.538
663.10	10.533
663.42	10.590
663.75	10.562
664.07	10.569
664.39	10.622
664.72	10.613
665.04	10.576
665.36	10.512
665.69	10.485
666.01	10.508
666.33	10.489
666.65	10.428
666.98	10.392
667.30	10.443
667.62	10.457
667.94	10.484
668.27	10.502
668.59	10.513
668.91	10.527
669.23	10.554
669.56	10.560
669.88	10.535
670.20	10.591
670.52	10.587
670.85	10.543
671.17	10.542
671.49	10.448
671.81	10.421
672.13	10.357
672.46	10.375
672.78	10.326
673.10	10.279
673.42	10.289
673.74	10.268
674.07	10.237
674.39	10.220
674.71	10.163
675.03	10.230
675.35	10.263
675.67	10.367
676.00	10.390
676.32	10.398
676.64	10.453
676.96	10.462
677.28	10.511
677.60	10.587
677.92	10.609
678.25	10.617
678.57	10.585
678.89	10.576
679.21	10.552
679.53	10.567
679.85	10.541
680.17	10.533
680.49	10.501
680.81	10.510
681.13	10.472
681.46	10.450
681.78	10.468
682.10	10.452
682.42	10.442
682.74	10.455
683.06	10.427
683.38	10.435
683.70	10.421
684.02	10.507
684.34	10.513
684.66	10.501
684.98	10.646
685.30	10.725
685.62	10.792
685.94	10.829
686.26	10.836
686.58	10.854
686.90	10.919
687.22	10.910
687.54	10.906
687.86	10.911
688.18	10.953
688.50	10.889
688.82	10.803
689.14	10.805
689.46	10.830
689.78	10.781
690.10	10.749
690.42	10.750
690.74	10.724
691.06	10.668
691.38	10.588
691.70	10.518
692.02	10.434
692.34	10.402
692.66	10.331
692.98	10.220
693.30	10.223
693.62	10.276
693.94	10.278
694.26	10.361
694.57	10.407
694.89	10.487
695.21	10.507
695.53	10.619
695.85	10.725
696.17	10.777
696.49	10.876
696.81	10.874
697.13	10.870
697.44	10.881
697.76	10.842
698.08	10.860
698.40	10.807
698.72	10.831
699.04	10.730
699.36	10.683
699.67	10.656
699.99	10.500
700.31	10.484
700.63	10.391
700.95	10.275
701.27	10.204
701.58	10.134
701.90	9.999
702.22	9.818
702.54	9.862
702.86	9.768
703.17	9.685
703.49	9.645
703.81	9.568
704.13	9.607
704.45	9.555
704.76	9.499
705.08	9.361
705.40	9.436
705.72	9.530
706.03	9.457
706.35	9.434
706.67	9.451
706.99	9.541
707.30	9.646
707.62	9.608
707.94	9.705
708.26	9.749
708.57	9.757
708.89	9.822
709.21	9.837
709.53	9.875
709.84	9.858
710.16	9.882
710.48	9.888
710.79	9.828
711.11	9.791
711.43	9.724
711.74	9.754
712.06	9.947
712.38	9.994
712.69	10.079
713.01	10.151
713.33	10.216
713.64	10.327
713.96	10.356
714.28	10.471
714.59	10.654
714.91	10.846
715.23	10.905
715.54	10.868
715.86	10.854
716.17	10.834
716.49	10.817
716.81	10.773
717.12	10.650
717.44	10.684
717.76	10.666
718.07	10.526
718.39	10.409
718.70	10.408
719.02	10.338
719.33	10.269
719.65	10.190
719.97	10.219
720.28	10.260
720.60	10.373
720.91	10.354
721.23	10.330
721.54	10.385
721.86	10.397
722.17	10.355
722.49	10.358
722.81	10.493
723.12	10.626
723.44	10.546
723.75	10.489
724.07	10.402
724.38	10.365
724.70	10.322
725.01	10.300
725.33	10.352
725.64	10.325
725.96	10.392
726.27	10.445
726.59	10.379
726.90	10.392
727.22	10.415
727.53	10.486
727.84	10.496
728.16	10.534
728.47	10.465
728.79	10.355
729.10	10.364
729.42	10.194
729.73	10.087
730.05	10.117
730.36	10.021
730.67	10.022
730.99	9.871
731.30	9.729
731.62	9.604
731.93	9.630
732.24	9.657
732.56	9.571
732.87	9.609
733.19	9.490
733.50	9.382
733.81	9.357
734.13	9.154
734.44	9.136
734.76	9.127
735.07	8.990
735.38	8.729
735.70	8.548
736.01	8.588
736.32	8.519
736.64	8.414
736.95	8.350
737.26	8.100
737.58	8.234
737.89	8.127
738.20	8.021
738.52	8.060
738.83	8.117
739.14	8.116
739.45	7.977
739.77	7.939
740.08	7.962
740.39	7.759
740.71	7.803
741.02	7.660
741.33	7.669
741.64	7.858
741.96	7.843
742.27	7.637
742.58	7.488
742.90	7.558
743.21	7.232
743.52	6.977
743.83	6.893
744.14	6.842
744.46	6.709
744.77	6.678
745.08	6.546
745.39	6.449
745.71	6.681
746.02	6.541
746.33	6.332
746.64	6.623
746.95	6.719
747.27	6.786
747.58	6.758
747.89	6.769
748.20	6.684
748.51	6.571
748.82	6.604
749.14	6.637
749.45	6.815
749.76	6.877
750.07	6.793
750.38	6.753
750.69	6.707
751.01	6.735
751.32	6.747
751.63	6.627
751.94	6.405
752.25	6.250
752.56	6.093
752.87	6.098
753.18	6.022
753.49	6.242
753.81	6.383
754.12	6.367
754.43	6.590
754.74	6.739
755.05	6.785
755.36	7.282
755.67	7.410
755.98	7.575
756.29	7.891
756.60	8.315
756.91	8.510
757.22	8.713
757.53	9.097
757.84	9.473
758.15	9.800
758.46	10.347
758.77	10.566
759.09	10.987
759.40	11.174
759.71	11.368
760.02	11.410
760.33	11.567
760.64	11.586
760.95	11.720
761.26	11.541
761.57	11.442
761.88	11.302
762.18	11.107
762.49	11.057
762.80	10.969
763.11	10.764
763.42	10.546
763.73	10.188
764.04	9.862
764.35	9.449
764.66	9.298
764.97	9.007
765.28	8.654
765.59	8.309
765.90	7.679
766.21	7.266
766.52	6.832
766.83	6.552
767.14	6.108
767.44	5.890
767.75	5.624
768.06	5.040
768.37	4.689
768.68	4.468
768.99	4.330
769.30	4.417
769.61	4.436
769.91	4.292
770.22	3.996
770.53	4.325
770.84	4.273
771.15	4.244
771.46	4.418
771.77	4.480
772.07	4.470
772.38	4.446
772.69	4.309
773.00	4.166
773.31	4.344
773.61	4.507
773.92	4.097
774.23	4.248
774.54	4.297
774.85	4.621
775.15	4.847
775.46	4.640
775.77	4.760
776.08	4.617
776.39	4.645
776.69	4.569
777.00	4.440
777.31	4.688
777.62	4.590
777.92	4.556
778.23	4.160
778.54	3.741
778.85	3.835
779.15	3.299
779.46	3.259
779.77	3.113
780.07	3.029
780.38	2.988
780.69	2.811
781.00	2.826
781.30	2.670
781.61	2.401
781.92	2.768
782.22	3.332
782.53	3.832
782.84	4.063
783.14	4.168
783.45	3.826
783.76	4.048
784.06	4.195
784.37	4.504
784.68	5.065
784.98	5.570
785.29	5.888
785.60	5.433
785.90	5.473
786.21	5.590
786.51	5.900
786.82	6.198
787.13	6.357
787.43	6.376
787.74	6.492
788.04	6.212
788.35	5.950
788.66	5.588
788.96	5.865
789.27	5.979
789.57	6.273
789.88	6.106
790.19	6.194
790.49	6.062
790.80	5.828
791.10	5.462
791.41	5.636
791.71	5.737
792.02	5.719
792.32	5.843
792.63	5.597
792.93	5.621
793.24	5.961
793.54	6.066
793.85	6.003
794.15	6.720
794.46	6.762
794.76	6.947
795.07	7.378
795.37	7.614
795.68	7.723
795.98	7.940
796.29	7.871
796.59	7.633
796.90	7.641
797.20	8.311
797.51	7.747
797.81	7.842
798.12	7.729
798.42	7.555
798.72	7.682
799.03	7.407
799.33	7.464
799.64	7.060
799.94	7.309
800.25	7.032
800.55	6.292
800.85	6.213
801.16	6.219
801.46	6.461
801.77	6.071
802.07	5.779
802.37	5.769
802.68	5.967
802.98	6.067
803.28	5.696
803.59	6.071
803.89	6.355
804.20	6.139
804.50	6.423
804.80	5.995
805.11	6.172
805.41	6.190
805.71	5.912
806.02	5.224
806.32	5.255
806.62	5.291
806.93	5.053
807.23	4.979
807.53	5.254
807.83	4.885
808.14	5.150
808.44	5.254
808.74	5.384
809.05	6.230
809.35	7.087
809.65	7.433
809.95	7.690
810.26	8.133
810.56	7.901
810.86	8.029
811.16	8.410
811.47	8.251
811.77	8.661
812.07	8.534
812.37	7.844
812.68	7.685
812.98	7.634
813.28	7.800
813.58	7.896
813.88	8.402
814.19	8.593
814.49	8.811
814.79	9.396
815.09	9.000
815.39	9.422
815.70	9.925
816.00	10.057
816.30	10.198
816.60	10.032
816.90	10.061
817.20	9.985
817.50	10.238
817.81	10.629
818.11	10.686
818.41	11.256
818.71	11.615
819.01	11.812
819.31	11.939
819.61	12.048
819.92	12.182
820.22	12.207
820.52	12.340
820.82	12.356
821.12	12.241
821.42	12.197
821.72	12.159
822.02	12.066
822.32	11.941
822.62	11.840
822.92	11.776
823.22	11.702
823.52	11.692
823.83	11.612
824.13	11.583
824.43	11.582
824.73	11.617
825.03	11.575
825.33	11.477
825.63	11.513
825.93	11.602
826.23	11.675
826.53	11.620
826.83	11.537
827.13	11.347
827.43	11.234
827.73	11.110
828.03	10.865
828.33	10.584
828.63	10.498
828.93	10.430
829.23	9.890
829.53	9.500
829.83	9.397
830.13	9.178
830.42	9.574
830.72	9.545
831.02	9.545
831.32	10.041
831.62	10.159
831.92	10.211
832.22	10.017
832.52	10.339
832.82	10.579
833.12	10.761
833.42	10.773
833.72	10.295
834.01	10.366
834.31	10.421
834.61	9.953
834.91	9.745
835.21	9.209
835.51	9.571
835.81	9.068
836.11	8.685
836.40	8.280
836.70	7.837
837.00	7.774
837.30	7.335
837.60	6.916
837.90	7.006
838.19	7.024
838.49	7.300
838.79	6.482
839.09	7.286
839.39	6.918
839.68	5.555
839.98	5.587
840.28	5.613
840.58	5.360
840.88	4.630
841.17	4.149
841.47	3.519
841.77	3.048
842.07	3.030
842.36	1.334
842.66	0.270
842.96	0.325
843.26	-0.534
843.55	-1.628
843.85	-1.822
844.15	-1.491
844.45	-0.627
844.74	-0.176
845.04	0.318
845.34	-0.184
845.63	2.165
845.93	3.660
846.23	5.036
846.53	5.118
846.82	5.223
847.12	3.824
847.42	4.837
847.71	3.268
848.01	3.095
848.31	2.066
848.60	1.653
848.90	-1.047
849.19	-1.756
849.49	-4.066
849.79	-3.582
850.08	-5.121
850.38	-2.202
850.68	-1.846
850.97	-0.694
851.27	0.003
851.56	1.720
851.86	0.514
852.16	2.981
852.45	4.480
852.75	5.183
853.04	2.672
853.34	3.283
853.64	-0.153
853.93	-0.060
854.23	-0.629
854.52	-2.371
854.82	-2.003
855.11	0.737
855.41	-0.792
855.70	-3.311
856.00	-3.742
856.30	0.019
856.59	1.445
856.89	1.537
857.18	0.721
857.48	-0.952
857.77	-3.132
858.07	-6.153
858.36	-7.181
858.66	-7.604
858.95	-8.279
859.25	-6.308
859.54	-8.272
859.84	-7.139
860.13	-6.012
860.42	-6.500
860.72	-6.904
861.01	-2.402
861.31	-0.810
861.60	-0.550
861.90	-2.477
862.19	-0.145
862.49	-0.078
862.78	0.607
863.07	-1.351
863.37	0.190
863.66	0.763
863.96	2.972
864.25	2.453
864.54	3.383
864.84	4.796
865.13	6.526
865.43	5.794
865.72	7.480
866.01	4.371
866.31	19.062
866.60	-3.640
866.89	7.359
