180.30	0.000
180.67	0.000
181.03	106.991
181.40	-4101.924
181.77	191.692
182.14	88.207
182.51	-22.772
182.88	-36.799
183.25	62.107
183.62	29.767
183.99	-65.237
184.36	-191.925
184.73	70.643
185.10	209.681
185.46	-36.909
185.83	20.308
186.20	261.886
186.57	-302.634
186.94	67.198
187.31	-208.762
187.68	92.231
188.05	109.676
188.42	69.041
188.78	54.012
189.15	77.586
189.52	43.737
189.89	25.495
190.26	37.217
190.63	48.427
191.00	28.012
191.37	8.257
191.73	-1.441
192.10	-11.208
192.47	-36.814
192.84	-65.325
193.21	-88.281
193.58	-50.550
193.94	-77.693
194.31	-99.591
194.68	-122.782
195.05	-97.407
195.42	-75.645
195.79	-75.185
196.15	-77.221
196.52	-52.425
196.89	-32.056
197.26	-5.899
197.63	-61.634
198.00	3.796
198.36	-2.899
198.73	22.563
199.10	35.953
199.47	22.670
199.84	19.212
200.20	13.503
200.57	12.475
200.94	11.321
201.31	17.958
201.68	23.811
202.04	15.855
202.41	28.370
202.78	25.795
203.15	28.830
203.51	36.782
203.88	33.537
204.25	30.623
204.62	31.802
204.98	32.516
205.35	23.452
205.72	19.950
206.09	28.433
206.46	27.113
206.82	18.166
207.19	21.542
207.56	19.958
207.92	15.152
208.29	30.478
208.66	30.047
209.03	30.177
209.39	38.196
209.76	39.712
210.13	34.119
210.50	27.600
210.86	33.132
211.23	26.668
211.60	26.579
211.96	33.852
212.33	30.223
212.70	21.783
213.07	25.440
213.43	16.586
213.80	20.260
214.17	16.299
214.53	14.314
214.90	17.674
215.27	24.732
215.63	24.908
216.00	20.325
216.37	14.496
216.74	30.805
217.10	21.292
217.47	19.352
217.84	17.741
218.20	24.052
218.57	31.079
218.94	36.225
219.30	25.955
219.67	28.090
220.04	35.700
220.40	44.670
220.77	45.267
221.13	35.890
221.50	36.025
221.87	38.857
222.23	39.232
222.60	37.099
222.97	29.360
223.33	29.332
223.70	26.403
224.07	26.433
224.43	20.392
224.80	14.853
225.16	16.369
225.53	17.643
225.90	14.458
226.26	11.011
226.63	9.645
226.99	10.375
227.36	8.574
227.73	7.964
228.09	5.700
228.46	6.694
228.82	6.426
229.19	6.846
229.56	6.082
229.92	7.307
230.29	7.450
230.65	7.730
231.02	7.941
231.38	7.724
231.75	8.634
232.12	10.956
232.48	10.422
232.85	12.555
233.21	12.568
233.58	13.487
233.94	9.778
234.31	11.175
234.68	11.508
235.04	10.831
235.41	12.871
235.77	12.058
236.14	11.437
236.50	12.609
236.87	11.357
237.23	10.447
237.60	11.046
237.96	11.581
238.33	10.517
238.69	9.937
239.06	9.363
239.42	8.825
239.79	8.642
240.15	8.036
240.52	6.768
240.88	6.819
241.25	6.477
241.61	5.846
241.98	7.092
242.34	7.354
242.71	6.956
243.07	7.212
243.44	6.551
243.80	6.523
244.17	5.879
244.53	5.490
244.90	5.034
245.26	4.611
245.63	4.225
245.99	3.767
246.36	3.781
246.72	4.268
247.09	4.313
247.45	4.510
247.81	4.647
248.18	4.709
248.54	4.789
248.91	5.013
249.27	6.096
249.64	6.671
250.00	6.395
250.36	6.533
250.73	6.024
251.09	5.817
251.46	6.186
251.82	5.937
252.19	6.443
252.55	6.590
252.91	6.920
253.28	5.871
253.64	5.665
254.01	5.967
254.37	5.564
254.73	4.749
255.10	4.482
255.46	4.251
255.83	4.096
256.19	3.912
256.55	4.319
256.92	4.444
257.28	4.420
257.65	4.311
258.01	3.987
258.37	3.733
258.74	4.034
259.10	3.913
259.46	3.495
259.83	3.748
260.19	3.548
260.55	3.273
260.92	3.212
261.28	3.254
261.64	3.536
262.01	3.678
262.37	4.226
262.73	4.267
263.10	4.706
263.46	5.305
263.82	5.199
264.19	5.620
264.55	6.077
264.91	5.233
265.28	5.275
265.64	4.650
266.00	4.610
266.37	4.399
266.73	3.844
267.09	3.721
267.46	3.492
267.82	3.027
268.18	2.906
268.54	2.348
268.91	2.846
269.27	3.419
269.63	3.732
270.00	3.945
270.36	3.740
270.72	3.993
271.08	3.828
271.45	4.096
271.81	4.488
272.17	4.169
272.53	4.168
272.90	4.196
273.26	3.622
273.62	3.537
273.98	3.675
274.35	3.455
274.71	3.349
275.07	3.338
275.43	3.573
275.80	3.370
276.16	3.744
276.52	4.220
276.88	3.984
277.25	3.901
277.61	3.688
277.97	3.591
278.33	3.878
278.69	3.977
279.06	4.019
279.42	3.900
279.78	3.388
280.14	3.338
280.50	3.191
280.87	3.460
281.23	4.011
281.59	4.418
281.95	4.443
282.31	4.324
282.68	4.657
283.04	4.857
283.40	4.700
283.76	4.787
284.12	4.614
284.48	4.563
284.85	4.366
285.21	3.789
285.57	3.679
285.93	3.547
286.29	3.849
286.65	3.495
287.02	3.365
287.38	3.431
287.74	3.708
288.10	4.048
288.46	4.020
288.82	4.189
289.18	4.257
289.54	3.919
289.91	3.791
290.27	3.402
290.63	3.366
290.99	3.115
291.35	2.899
291.71	2.987
292.07	2.797
292.43	2.699
292.79	2.800
293.16	3.123
293.52	3.484
293.88	3.500
294.24	3.924
294.60	3.922
294.96	3.843
295.32	3.902
295.68	3.686
296.04	3.775
296.40	3.857
296.76	3.662
297.12	3.513
297.49	3.592
297.85	3.715
298.21	3.482
298.57	3.308
298.93	3.459
299.29	3.462
299.65	3.680
300.01	3.736
300.37	3.767
300.73	3.882
301.09	4.061
301.45	3.923
301.81	3.784
302.17	3.921
302.53	4.397
302.89	4.539
303.25	4.696
303.61	4.517
303.97	4.640
304.33	4.486
304.69	4.510
305.05	4.309
305.41	4.274
305.77	4.472
306.13	4.270
306.49	3.973
306.85	3.913
307.21	3.823
307.57	4.093
307.93	4.142
308.29	4.322
308.65	4.267
309.01	4.309
309.37	4.332
309.73	4.332
310.09	4.497
310.45	4.571
310.81	4.555
311.17	4.515
311.53	4.344
311.89	4.074
312.25	4.174
312.61	4.077
312.96	3.957
313.32	3.840
313.68	3.623
314.04	3.467
314.40	3.427
314.76	3.446
315.12	3.479
315.48	3.586
315.84	3.782
316.20	3.819
316.56	4.061
316.92	4.303
317.27	4.272
317.63	4.427
317.99	4.468
318.35	4.573
318.71	4.439
319.07	4.495
319.43	4.173
319.79	4.102
320.15	4.016
320.50	3.894
320.86	3.787
321.22	3.882
321.58	3.820
321.94	3.817
322.30	3.823
322.66	3.882
323.01	3.803
323.37	3.992
323.73	3.877
324.09	3.802
324.45	3.745
324.81	3.777
325.17	3.786
325.52	3.901
325.88	3.895
326.24	3.826
326.60	3.838
326.96	3.906
327.31	3.840
327.67	3.908
328.03	3.966
328.39	4.154
328.75	4.109
329.11	4.105
329.46	4.116
329.82	4.172
330.18	4.217
330.54	4.195
330.90	4.257
331.25	4.321
331.61	4.326
331.97	4.356
332.33	4.269
332.68	4.333
333.04	4.387
333.40	4.308
333.76	4.312
334.11	4.276
334.47	4.276
334.83	4.121
335.19	4.081
335.54	4.149
335.90	4.251
336.26	4.267
336.62	4.238
336.97	4.234
337.33	4.236
337.69	4.311
338.05	4.363
338.40	4.329
338.76	4.300
339.12	4.394
339.48	4.425
339.83	4.242
340.19	4.140
340.55	4.229
340.90	4.153
341.26	4.201
341.62	4.104
341.97	4.069
342.33	4.144
342.69	4.244
343.04	4.253
343.40	4.212
343.76	4.270
344.12	4.265
344.47	4.170
344.83	4.164
345.19	4.093
345.54	4.058
345.90	4.093
346.26	4.021
346.61	4.096
346.97	4.150
347.32	4.078
347.68	4.184
348.04	4.294
348.39	4.318
348.75	4.381
349.11	4.426
349.46	4.431
349.82	4.511
350.18	4.598
350.53	4.604
350.89	4.572
351.24	4.609
351.60	4.486
351.96	4.371
352.31	4.392
352.67	4.439
353.02	4.385
353.38	4.410
353.74	4.278
354.09	4.259
354.45	4.238
354.80	4.305
355.16	4.357
355.52	4.346
355.87	4.403
356.23	4.451
356.58	4.317
356.94	4.310
357.29	4.363
357.65	4.410
358.00	4.393
358.36	4.351
358.72	4.282
359.07	4.238
359.43	4.330
359.78	4.325
360.14	4.313
360.49	4.381
360.85	4.360
361.20	4.292
361.56	4.251
361.91	4.263
362.27	4.249
362.62	4.245
362.98	4.230
363.33	4.175
363.69	4.209
364.04	4.203
364.40	4.223
364.75	4.330
365.11	4.393
365.46	4.392
365.82	4.379
366.17	4.389
366.53	4.348
366.88	4.366
367.24	4.351
367.59	4.267
367.95	4.284
368.30	4.168
368.66	4.116
369.01	4.022
369.37	4.070
369.72	4.102
370.08	4.154
370.43	4.161
370.78	4.188
371.14	4.192
371.49	4.313
371.85	4.374
372.20	4.518
372.56	4.568
372.91	4.681
373.26	4.688
373.62	4.733
373.97	4.740
374.33	4.763
374.68	4.761
375.03	4.811
375.39	4.846
375.74	4.807
376.10	4.814
376.45	4.791
376.80	4.818
377.16	4.823
377.51	4.820
377.87	4.816
378.22	4.899
378.57	5.033
378.93	5.061
379.28	5.010
379.63	5.067
379.99	5.169
380.34	5.259
380.70	5.300
381.05	5.373
381.40	5.483
381.76	5.559
382.11	5.574
382.46	5.517
382.82	5.550
383.17	5.616
383.52	5.643
383.88	5.612
384.23	5.666
384.58	5.688
384.94	5.789
385.29	5.774
385.64	5.827
385.99	5.862
386.35	5.912
386.70	5.984
387.05	6.084
387.41	6.161
387.76	6.238
388.11	6.302
388.47	6.352
388.82	6.354
389.17	6.436
389.52	6.445
389.88	6.516
390.23	6.600
390.58	6.648
390.93	6.687
391.29	6.706
391.64	6.792
391.99	6.829
392.34	6.868
392.70	6.934
393.05	6.972
393.40	7.024
393.75	7.045
394.11	7.105
394.46	7.139
394.81	7.241
395.16	7.329
395.52	7.336
395.87	7.351
396.22	7.405
396.57	7.460
396.92	7.499
397.28	7.574
397.63	7.650
397.98	7.648
398.33	7.723
398.68	7.745
399.04	7.785
399.39	7.826
399.74	7.866
400.09	7.935
400.44	7.989
400.80	8.089
401.15	8.140
401.50	8.216
401.85	8.332
402.20	8.379
402.55	8.446
402.90	8.492
403.26	8.556
403.61	8.667
403.96	8.754
404.31	8.795
404.66	8.834
405.01	8.914
405.36	8.984
405.72	9.024
406.07	9.090
406.42	9.152
406.77	9.219
407.12	9.317
407.47	9.402
407.82	9.495
408.17	9.602
408.53	9.678
408.88	9.802
409.23	9.865
409.58	9.987
409.93	10.094
410.28	10.172
410.63	10.264
410.98	10.317
411.33	10.386
411.68	10.452
412.03	10.527
412.38	10.623
412.73	10.617
413.09	10.691
413.44	10.732
413.79	10.828
414.14	10.890
414.49	10.996
414.84	11.109
415.19	11.175
415.54	11.253
415.89	11.337
416.24	11.429
416.59	11.557
416.94	11.631
417.29	11.711
417.64	11.771
417.99	11.841
418.34	11.894
418.69	11.965
419.04	12.046
419.39	12.114
419.74	12.170
420.09	12.215
420.44	12.258
420.79	12.306
421.14	12.362
421.49	12.395
421.84	12.447
422.19	12.488
422.54	12.516
422.89	12.552
423.24	12.590
423.59	12.604
423.94	12.648
424.29	12.669
424.64	12.733
424.99	12.753
425.34	12.831
425.68	12.885
426.03	12.916
426.38	12.986
426.73	13.062
427.08	13.125
427.43	13.254
427.78	13.305
428.13	13.377
428.48	13.478
428.83	13.580
429.18	13.630
429.53	13.702
429.87	13.802
430.22	13.855
430.57	13.896
430.92	13.915
431.27	13.948
431.62	13.971
431.97	13.985
432.32	13.974
432.67	13.991
433.01	13.999
433.36	14.043
433.71	14.074
434.06	14.109
434.41	14.130
434.76	14.178
435.11	14.245
435.45	14.310
435.80	14.401
436.15	14.454
436.50	14.494
436.85	14.571
437.20	14.608
437.54	14.632
437.89	14.674
438.24	14.700
438.59	14.735
438.94	14.720
439.29	14.728
439.63	14.737
439.98	14.776
440.33	14.840
440.68	14.864
441.03	14.890
441.37	14.943
441.72	14.985
442.07	15.047
442.42	15.100
442.76	15.167
443.11	15.221
443.46	15.274
443.81	15.302
444.16	15.313
444.50	15.345
444.85	15.362
445.20	15.357
445.55	15.354
445.89	15.345
446.24	15.342
446.59	15.337
446.94	15.351
447.28	15.366
447.63	15.375
447.98	15.399
448.32	15.415
448.67	15.455
449.02	15.486
449.37	15.556
449.71	15.608
450.06	15.675
450.41	15.726
450.75	15.772
451.10	15.811
451.45	15.854
451.79	15.857
452.14	15.878
452.49	15.891
452.84	15.956
453.18	15.956
453.53	15.990
453.88	16.013
454.22	16.056
454.57	16.092
454.92	16.126
455.26	16.180
455.61	16.233
455.95	16.274
456.30	16.336
456.65	16.392
456.99	16.424
457.34	16.483
457.69	16.539
458.03	16.559
458.38	16.580
458.73	16.626
459.07	16.658
459.42	16.696
459.76	16.723
460.11	16.728
460.46	16.754
460.80	16.802
461.15	16.832
461.49	16.838
461.84	16.873
462.19	16.939
462.53	16.953
462.88	16.998
463.22	17.059
463.57	17.111
463.91	17.185
464.26	17.242
464.61	17.286
464.95	17.333
465.30	17.404
465.64	17.449
465.99	17.461
466.33	17.498
466.68	17.535
467.02	17.543
467.37	17.592
467.71	17.612
468.06	17.617
468.41	17.641
468.75	17.658
469.10	17.652
469.44	17.675
469.79	17.706
470.13	17.740
470.48	17.736
470.82	17.798
471.17	17.797
471.51	17.821
471.86	17.842
472.20	17.851
472.55	17.864
472.89	17.890
473.23	17.907
473.58	17.922
473.92	17.931
474.27	17.968
474.61	17.951
474.96	17.988
475.30	18.000
475.65	18.014
475.99	18.040
476.34	18.054
476.68	18.092
477.02	18.120
477.37	18.152
477.71	18.190
478.06	18.200
478.40	18.272
478.75	18.422
479.09	18.591
479.43	18.787
479.78	18.977
480.12	19.155
480.47	19.303
480.81	19.469
481.15	19.600
481.50	19.724
481.84	19.905
482.19	20.106
482.53	20.247
482.87	20.290
483.22	20.186
483.56	20.107
483.90	20.076
484.25	20.035
484.59	19.964
484.94	19.908
485.28	19.832
485.62	19.711
485.97	19.525
486.31	19.355
486.65	19.304
487.00	19.403
487.34	19.484
487.68	19.476
488.03	19.488
488.37	19.509
488.71	19.530
489.06	19.556
489.40	19.579
489.74	19.598
490.09	19.624
490.43	19.621
490.77	19.605
491.11	19.559
491.46	19.561
491.80	19.543
492.14	19.525
492.49	19.498
492.83	19.492
493.17	19.478
493.51	19.490
493.86	19.491
494.20	19.497
494.54	19.543
494.88	19.607
495.23	19.661
495.57	19.730
495.91	19.797
496.25	19.884
496.60	19.938
496.94	19.986
497.28	20.028
497.62	20.062
497.97	20.088
498.31	20.120
498.65	20.195
498.99	20.238
499.33	20.268
499.68	20.342
500.02	20.374
500.36	20.440
500.70	20.493
501.04	20.542
501.39	20.622
501.73	20.699
502.07	20.765
502.41	20.810
502.75	20.887
503.09	20.978
503.44	21.018
503.78	21.111
504.12	21.184
504.46	21.256
504.80	21.328
505.14	21.390
505.49	21.470
505.83	21.553
506.17	21.634
506.51	21.685
506.85	21.716
507.19	21.780
507.53	21.824
507.87	21.875
508.22	21.923
508.56	21.961
508.90	22.015
509.24	22.063
509.58	22.098
509.92	22.130
510.26	22.178
510.60	22.234
510.94	22.268
511.28	22.294
511.63	22.351
511.97	22.407
512.31	22.480
512.65	22.513
512.99	22.567
513.33	22.626
513.67	22.719
514.01	22.815
514.35	22.925
514.69	23.015
515.03	23.111
515.37	23.188
515.71	23.282
516.05	23.374
516.39	23.451
516.73	23.523
517.07	23.571
517.41	23.604
517.75	23.618
518.09	23.615
518.43	23.667
518.77	23.693
519.11	23.699
519.45	23.675
519.79	23.675
520.13	23.699
520.47	23.733
520.81	23.787
521.15	23.848
521.49	23.960
521.83	24.030
522.17	24.076
522.51	24.135
522.85	24.197
523.19	24.342
523.53	24.524
523.87	24.736
524.21	24.945
524.55	25.142
524.89	25.308
525.23	25.455
525.57	25.627
525.91	25.764
526.25	25.893
526.58	26.028
526.92	26.120
527.26	26.183
527.60	26.188
527.94	26.175
528.28	26.157
528.62	26.136
528.96	26.109
529.30	26.059
529.64	26.019
529.97	25.981
530.31	25.924
530.65	25.884
530.99	25.831
531.33	25.838
531.67	25.828
532.01	25.852
532.35	25.859
532.68	25.841
533.02	25.857
533.36	25.833
533.70	25.811
534.04	25.785
534.38	25.761
534.71	25.736
535.05	25.707
535.39	25.699
535.73	25.658
536.07	25.669
536.41	25.725
536.74	25.753
537.08	25.857
537.42	25.957
537.76	26.087
538.10	26.201
538.43	26.328
538.77	26.431
539.11	26.529
539.45	26.637
539.79	26.694
540.12	26.752
540.46	26.789
540.80	26.802
541.14	26.803
541.47	26.771
541.81	26.728
542.15	26.703
542.49	26.669
542.82	26.644
543.16	26.600
543.50	26.574
543.84	26.525
544.17	26.522
544.51	26.511
544.85	26.484
545.18	26.500
545.52	26.509
545.86	26.498
546.20	26.499
546.53	26.479
546.87	26.465
547.21	26.480
547.54	26.504
547.88	26.483
548.22	26.495
548.55	26.565
548.89	26.567
549.23	26.603
549.56	26.604
549.90	26.619
550.24	26.656
550.57	26.660
550.91	26.676
551.25	26.670
551.58	26.713
551.92	26.693
552.26	26.689
552.59	26.728
552.93	26.753
553.27	26.780
553.60	26.812
553.94	26.827
554.27	26.889
554.61	26.903
554.95	26.970
555.28	26.957
555.62	27.016
555.95	27.066
556.29	27.114
556.63	27.119
556.96	27.151
557.30	27.194
557.63	27.215
557.97	27.233
558.31	27.231
558.64	27.205
558.98	27.245
559.31	27.260
559.65	27.243
559.98	27.230
560.32	27.255
560.65	27.234
560.99	27.206
561.33	27.238
561.66	27.220
562.00	27.263
562.33	27.275
562.67	27.308
563.00	27.314
563.34	27.339
563.67	27.333
564.01	27.353
564.34	27.415
564.68	27.428
565.01	27.378
565.35	27.404
565.68	27.392
566.02	27.412
566.35	27.408
566.69	27.403
567.02	27.435
567.36	27.449
567.69	27.452
568.03	27.459
568.36	27.503
568.69	27.567
569.03	27.594
569.36	27.611
569.70	27.632
570.03	27.651
570.37	27.689
570.70	27.679
571.04	27.706
571.37	27.700
571.70	27.696
572.04	27.664
572.37	27.658
572.71	27.636
573.04	27.623
573.37	27.641
573.71	27.645
574.04	27.621
574.38	27.631
574.71	27.639
575.04	27.657
575.38	27.663
575.71	27.691
576.05	27.709
576.38	27.736
576.71	27.761
577.05	27.757
577.38	27.762
577.71	27.806
578.05	27.783
578.38	27.783
578.71	27.771
579.05	27.790
579.38	27.769
579.71	27.747
580.05	27.729
580.38	27.751
580.71	27.731
581.05	27.723
581.38	27.711
581.71	27.707
582.05	27.686
582.38	27.715
582.71	27.693
583.04	27.699
583.38	27.673
583.71	27.704
584.04	27.654
584.38	27.638
584.71	27.641
585.04	27.624
585.37	27.650
585.71	27.688
586.04	27.716
586.37	27.745
586.70	27.749
587.04	27.805
587.37	27.807
587.70	27.819
588.03	27.874
588.37	27.889
588.70	27.943
589.03	27.946
589.36	27.935
589.69	27.884
590.03	27.825
590.36	27.819
590.69	27.787
591.02	27.760
591.35	27.727
591.69	27.686
592.02	27.661
592.35	27.631
592.68	27.594
593.01	27.530
593.35	27.536
593.68	27.519
594.01	27.497
594.34	27.490
594.67	27.457
595.00	27.475
595.34	27.433
595.67	27.397
596.00	27.366
596.33	27.354
596.66	27.363
596.99	27.339
597.32	27.329
597.65	27.335
597.99	27.316
598.32	27.308
598.65	27.288
598.98	27.276
599.31	27.294
599.64	27.229
599.97	27.230
600.30	27.234
600.63	27.225
600.96	27.196
601.30	27.144
601.63	27.141
601.96	27.151
602.29	27.132
602.62	27.121
602.95	27.087
603.28	27.106
603.61	27.051
603.94	27.003
604.27	26.945
604.60	26.929
604.93	26.933
605.26	26.914
605.59	26.871
605.92	26.824
606.25	26.811
606.58	26.789
606.91	26.786
607.24	26.835
607.57	26.838
607.90	26.851
608.23	26.859
608.56	26.815
608.89	26.802
609.22	26.797
609.55	26.812
609.88	26.816
610.21	26.795
610.54	26.756
610.87	26.733
611.20	26.726
611.53	26.698
611.86	26.697
612.19	26.707
612.52	26.641
612.85	26.616
613.18	26.597
613.51	26.570
613.84	26.562
614.17	26.487
614.49	26.421
614.82	26.391
615.15	26.360
615.48	26.351
615.81	26.340
616.14	26.338
616.47	26.339
616.80	26.348
617.13	26.328
617.46	26.316
617.78	26.336
618.11	26.334
618.44	26.362
618.77	26.331
619.10	26.281
619.43	26.276
619.76	26.264
620.09	26.217
620.41	26.131
620.74	26.099
621.07	26.049
621.40	26.032
621.73	25.982
622.06	25.917
622.38	25.967
622.71	25.946
623.04	25.909
623.37	25.869
623.70	25.840
624.02	25.861
624.35	25.831
624.68	25.816
625.01	25.767
625.34	25.754
625.66	25.685
625.99	25.607
626.32	25.567
626.65	25.539
626.98	25.523
627.30	25.485
627.63	25.436
627.96	25.388
628.29	25.344
628.61	25.307
628.94	25.275
629.27	25.278
629.60	25.263
629.92	25.271
630.25	25.236
630.58	25.194
630.91	25.166
631.23	25.186
631.56	25.168
631.89	25.111
632.21	25.099
632.54	25.056
632.87	25.005
633.19	24.973
633.52	24.942
633.85	24.917
634.18	24.862
634.50	24.861
634.83	24.774
635.16	24.763
635.48	24.759
635.81	24.772
636.14	24.732
636.46	24.714
636.79	24.687
637.11	24.604
637.44	24.547
637.77	24.558
638.09	24.522
638.42	24.516
638.75	24.478
639.07	24.464
639.40	24.416
639.73	24.383
640.05	24.386
640.38	24.321
640.70	24.362
641.03	24.332
641.36	24.297
641.68	24.274
642.01	24.277
642.33	24.220
642.66	24.157
642.98	24.132
643.31	24.154
643.64	24.147
643.96	24.194
644.29	24.180
644.61	24.162
644.94	24.117
645.26	24.082
645.59	24.024
645.91	24.029
646.24	24.025
646.56	24.003
646.89	23.978
647.22	23.928
647.54	23.881
647.87	23.774
648.19	23.749
648.52	23.753
648.84	23.748
649.17	23.718
649.49	23.704
649.82	23.687
650.14	23.664
650.47	23.624
650.79	23.561
651.11	23.507
651.44	23.486
651.76	23.441
652.09	23.405
652.41	23.383
652.74	23.379
653.06	23.313
653.39	23.312
653.71	23.292
654.04	23.208
654.36	23.207
654.68	23.177
655.01	23.149
655.33	23.143
655.66	23.107
655.98	23.046
656.30	23.007
656.63	22.985
656.95	22.932
657.28	22.891
657.60	22.848
657.92	22.810
658.25	22.770
658.57	22.763
658.90	22.736
659.22	22.702
659.54	22.670
659.87	22.603
660.19	22.571
660.51	22.567
660.84	22.505
661.16	22.507
661.48	22.457
661.81	22.458
662.13	22.423
662.45	22.421
662.78	22.398
663.10	22.361
663.42	22.416
663.75	22.363
664.07	22.292
664.39	22.260
664.72	22.245
665.04	22.270
665.36	22.167
665.69	22.080
666.01	22.019
666.33	21.991
666.65	21.932
666.98	21.835
667.30	21.818
667.62	21.802
667.94	21.796
668.27	21.778
668.59	21.738
668.91	21.718
669.23	21.708
669.56	21.694
669.88	21.683
670.20	21.700
670.52	21.666
670.85	21.697
671.17	21.668
671.49	21.595
671.81	21.623
672.13	21.557
672.46	21.589
672.78	21.567
673.10	21.510
673.42	21.435
673.74	21.399
674.07	21.387
674.39	21.330
674.71	21.261
675.03	21.281
675.35	21.231
675.67	21.217
676.00	21.147
676.32	21.128
676.64	21.136
676.96	21.144
677.28	21.143
677.60	21.170
677.92	21.131
678.25	21.149
678.57	21.101
678.89	21.061
679.21	21.068
679.53	21.060
679.85	21.032
680.17	20.985
680.49	20.932
680.81	20.878
681.13	20.813
681.46	20.798
681.78	20.824
682.10	20.810
682.42	20.806
682.74	20.774
683.06	20.781
683.38	20.861
683.70	20.921
684.02	21.004
684.34	21.035
684.66	21.093
684.98	21.116
685.30	21.084
685.62	21.129
685.94	21.153
686.26	21.178
686.58	21.205
686.90	21.108
687.22	21.069
687.54	21.037
687.86	21.001
688.18	20.920
688.50	20.838
688.82	20.723
689.14	20.625
689.46	20.551
689.78	20.433
690.10	20.362
690.42	20.345
690.74	20.273
691.06	20.159
691.38	20.051
691.70	19.902
692.02	19.819
692.34	19.784
692.66	19.791
692.98	19.721
693.30	19.793
693.62	19.795
693.94	19.764
694.26	19.737
694.57	19.789
694.89	19.843
695.21	19.883
695.53	19.975
695.85	19.954
696.17	19.927
696.49	19.988
696.81	19.959
697.13	19.917
697.44	19.908
697.76	19.904
698.08	19.869
698.40	19.866
698.72	19.879
699.04	19.770
699.36	19.813
699.67	19.701
699.99	19.531
700.31	19.419
700.63	19.331
700.95	19.192
701.27	19.070
701.58	18.996
701.90	18.820
702.22	18.751
702.54	18.781
702.86	18.664
703.17	18.691
703.49	18.722
703.81	18.706
704.13	18.657
704.45	18.692
704.76	18.712
705.08	18.678
705.40	18.789
705.72	18.752
706.03	18.695
706.35	18.689
706.67	18.729
706.99	18.646
707.30	18.616
707.62	18.651
707.94	18.685
708.26	18.668
708.57	18.622
708.89	18.522
709.21	18.538
709.53	18.570
709.84	18.661
710.16	18.592
710.48	18.652
710.79	18.620
711.11	18.555
711.43	18.473
711.74	18.472
712.06	18.534
712.38	18.592
712.69	18.593
713.01	18.628
713.33	18.583
713.64	18.632
713.96	18.678
714.28	18.790
714.59	18.887
714.91	18.986
715.23	19.004
715.54	18.989
715.86	18.986
716.17	18.988
716.49	18.987
716.81	18.966
717.12	18.972
717.44	18.939
717.76	18.839
718.07	18.710
718.39	18.695
718.70	18.607
719.02	18.577
719.33	18.479
719.65	18.313
719.97	18.183
720.28	18.186
720.60	18.146
720.91	18.013
721.23	18.004
721.54	18.187
721.86	18.238
722.17	18.245
722.49	18.170
722.81	18.302
723.12	18.440
723.44	18.447
723.75	18.460
724.07	18.472
724.38	18.638
724.70	18.551
725.01	18.357
725.33	18.411
725.64	18.378
725.96	18.424
726.27	18.352
726.59	18.353
726.90	18.274
727.22	18.145
727.53	18.105
727.84	17.996
728.16	18.045
728.47	18.109
728.79	17.873
729.10	17.837
729.42	17.647
729.73	17.577
730.05	17.528
730.36	17.425
730.67	17.427
730.99	17.364
731.30	17.233
731.62	17.160
731.93	17.058
732.24	17.052
732.56	17.040
732.87	17.055
733.19	16.958
733.50	16.842
733.81	16.866
734.13	16.909
734.44	16.853
734.76	16.818
735.07	16.681
735.38	16.595
735.70	16.617
736.01	16.541
736.32	16.424
736.64	16.377
736.95	16.317
737.26	16.394
737.58	16.324
737.89	16.227
738.20	16.146
738.52	16.162
738.83	16.169
739.14	16.049
739.45	16.013
739.77	16.117
740.08	16.035
740.39	15.926
740.71	15.708
741.02	15.431
741.33	15.415
741.64	15.512
741.96	15.355
742.27	15.160
742.58	14.844
742.90	14.760
743.21	14.562
743.52	14.556
743.83	14.478
744.14	14.398
744.46	14.436
744.77	14.491
745.08	14.306
745.39	14.266
745.71	14.228
746.02	14.405
746.33	14.438
746.64	14.511
746.95	14.315
747.27	14.331
747.58	14.411
747.89	14.427
748.20	14.374
748.51	14.463
748.82	14.564
749.14	14.537
749.45	14.339
749.76	14.338
750.07	14.359
750.38	14.407
750.69	14.401
751.01	14.259
751.32	14.209
751.63	13.979
751.94	13.918
752.25	13.908
752.56	14.090
752.87	14.261
753.18	14.159
753.49	14.262
753.81	14.273
754.12	14.366
754.43	14.427
754.74	14.524
755.05	14.643
755.36	14.892
755.67	14.842
755.98	14.786
756.29	15.011
756.60	15.315
756.91	15.507
757.22	15.818
757.53	16.058
757.84	16.507
758.15	16.690
758.46	17.069
758.77	17.139
759.09	17.461
759.40	17.700
759.71	17.831
760.02	17.920
760.33	18.038
760.64	18.101
760.95	18.154
761.26	18.055
761.57	18.085
761.88	18.005
762.18	18.000
762.49	18.038
762.80	17.927
763.11	17.766
763.42	17.648
763.73	17.312
764.04	17.008
764.35	16.710
764.66	16.575
764.97	16.326
765.28	15.954
765.59	15.544
765.90	14.945
766.21	14.656
766.52	14.283
766.83	14.034
767.14	13.685
767.44	13.523
767.75	13.263
768.06	12.682
768.37	12.298
768.68	12.073
768.99	11.978
769.30	11.874
769.61	11.722
769.91	11.751
770.22	11.259
770.53	11.339
770.84	11.315
771.15	11.141
771.46	11.177
771.77	11.034
772.07	11.285
772.38	11.135
772.69	11.165
773.00	11.235
773.31	11.033
773.61	11.220
773.92	11.134
774.23	11.192
774.54	11.140
774.85	11.188
775.15	11.484
775.46	11.342
775.77	11.446
776.08	11.326
776.39	11.147
776.69	11.321
777.00	11.362
777.31	11.376
777.62	11.180
777.92	11.549
778.23	11.738
778.54	11.595
778.85	11.581
779.15	11.139
779.46	11.209
779.77	11.139
780.07	10.900
780.38	10.767
780.69	10.728
781.00	10.708
781.30	10.578
781.61	10.424
781.92	10.553
782.22	10.422
782.53	10.706
782.84	10.984
783.14	10.857
783.45	11.002
783.76	11.149
784.06	11.375
784.37	11.601
784.68	11.536
784.98	11.467
785.29	11.518
785.60	11.885
785.90	12.199
786.21	12.211
786.51	12.805
786.82	12.848
787.13	13.037
787.43	12.971
787.74	13.221
788.04	13.052
788.35	13.254
788.66	13.348
788.96	13.367
789.27	13.308
789.57	13.378
789.88	13.104
790.19	13.028
790.49	12.603
790.80	12.444
791.10	12.193
791.41	12.494
791.71	12.368
792.02	12.285
792.32	12.310
792.63	12.295
792.93	12.341
793.24	12.365
793.54	12.760
793.85	13.179
794.15	13.639
794.46	13.676
794.76	13.842
795.07	14.091
795.37	14.198
795.68	14.300
795.98	14.367
796.29	14.370
796.59	14.468
796.90	14.139
797.20	14.167
797.51	13.801
797.81	13.429
798.12	13.212
798.42	13.052
798.72	12.873
799.03	12.517
799.33	12.492
799.64	12.394
799.94	12.293
800.25	12.278
800.55	11.979
800.85	11.905
801.16	12.288
801.46	12.580
801.77	12.558
802.07	12.365
802.37	12.411
802.68	12.411
802.98	12.540
803.28	12.214
803.59	12.602
803.89	12.904
804.20	12.952
804.50	13.215
804.80	12.935
805.11	12.717
805.41	12.873
805.71	13.001
806.02	12.885
806.32	12.853
806.62	13.252
806.93	12.582
807.23	12.666
807.53	12.839
807.83	12.789
808.14	12.890
808.44	13.180
808.74	13.189
809.05	13.485
809.35	13.722
809.65	14.004
809.95	14.064
810.26	14.695
810.56	14.812
810.86	14.991
811.16	14.867
811.47	14.823
811.77	14.882
812.07	15.597
812.37	15.526
812.68	14.971
812.98	14.668
813.28	14.592
813.58	14.836
813.88	15.014
814.19	15.038
814.49	15.404
814.79	16.156
815.09	16.260
815.39	15.767
815.70	15.811
816.00	16.679
816.30	16.960
816.60	17.098
816.90	17.010
817.20	16.831
817.50	16.966
817.81	17.267
818.11	17.437
818.41	17.654
818.71	17.897
819.01	18.052
819.31	18.161
819.61	18.232
819.92	18.222
820.22	18.306
820.52	18.396
820.82	18.478
821.12	18.341
821.42	18.294
821.72	18.324
822.02	18.365
822.32	18.218
822.62	18.162
822.92	18.115
823.22	18.190
823.52	18.158
823.83	18.061
824.13	17.990
824.43	18.120
824.73	18.111
825.03	18.116
825.33	18.002
825.63	18.101
825.93	18.088
826.23	18.052
826.53	17.856
826.83	17.833
827.13	17.783
827.43	17.777
827.73	17.518
828.03	17.307
828.33	17.110
828.63	16.918
828.93	16.905
829.23	16.606
829.53	16.424
829.83	16.457
830.13	16.202
830.42	16.154
830.72	16.117
831.02	16.417
831.32	16.708
831.62	16.601
831.92	16.587
832.22	16.564
832.52	16.640
832.82	16.717
833.12	16.722
833.42	16.670
833.72	16.485
834.01	16.568
834.31	16.498
834.61	16.101
834.91	15.853
835.21	15.747
835.51	15.716
835.81	15.319
836.11	14.822
836.40	14.265
836.70	13.621
837.00	13.665
837.30	12.588
837.60	11.681
837.90	11.944
838.19	11.874
838.49	12.203
838.79	12.137
839.09	12.924
839.39	13.194
839.68	13.178
839.98	13.642
840.28	13.082
840.58	13.466
840.88	12.975
841.17	12.258
841.47	12.559
841.77	11.661
842.07	10.965
842.36	9.174
842.66	8.500
842.96	7.491
843.26	7.115
843.55	7.961
843.85	7.195
844.15	7.716
844.45	8.349
844.74	7.598
845.04	9.068
845.34	8.318
845.63	8.878
845.93	9.984
846.23	12.325
846.53	11.978
846.82	11.212
847.12	10.233
847.42	10.539
847.71	8.663
848.01	8.512
848.31	7.382
848.60	7.596
848.90	7.377
849.19	6.125
849.49	4.095
849.79	2.907
850.08	2.514
850.38	5.180
850.68	5.856
850.97	7.209
851.27	6.877
851.56	8.045
851.86	8.857
852.16	10.365
852.45	10.710
852.75	10.506
853.04	9.958
853.34	9.974
853.64	5.821
853.93	5.470
854.23	4.533
854.52	4.491
854.82	3.077
855.11	2.903
855.41	2.177
855.70	1.330
856.00	1.086
856.30	4.156
856.59	4.431
856.89	5.625
857.18	5.525
857.48	6.421
857.77	4.775
858.07	5.434
858.36	6.030
858.66	6.029
858.95	4.811
859.25	6.444
859.54	5.490
859.84	6.602
860.13	6.857
860.42	7.137
860.72	8.285
861.01	10.601
861.31	8.334
861.60	7.590
861.90	4.826
862.19	6.428
862.49	6.755
862.78	5.656
863.07	4.178
863.37	6.680
863.66	7.111
863.96	6.920
864.25	8.273
864.54	9.724
864.84	10.331
865.13	11.478
865.43	12.624
865.72	23.843
866.01	8.309
866.31	16.716
866.60	-9.753
866.89	19.415
