180.30	0.000
180.67	0.000
181.03	386.932
181.40	272.775
181.77	18.825
182.14	72.757
182.51	135.222
182.88	-404.999
183.25	44.901
183.62	26.087
183.99	-39.917
184.36	131.005
184.73	48.164
185.10	316.252
185.46	273.145
185.83	45.111
186.20	297.110
186.57	382.589
186.94	-85.038
187.31	-188.428
187.68	6.748
188.05	-25.753
188.42	-43.058
188.78	-9.305
189.15	12.868
189.52	-28.969
189.89	-6.099
190.26	14.855
190.63	47.022
191.00	25.193
191.37	8.763
191.73	17.384
192.10	21.008
192.47	25.762
192.84	9.014
193.21	3.861
193.58	20.210
193.94	8.521
194.31	0.968
194.68	-16.775
195.05	15.219
195.42	3.623
195.79	2.374
196.15	4.809
196.52	14.485
196.89	13.256
197.26	-1.851
197.63	-45.600
198.00	6.649
198.36	10.547
198.73	2.880
199.10	4.030
199.47	15.079
199.84	4.753
200.20	-5.906
200.57	-0.361
200.94	7.933
201.31	18.593
201.68	29.481
202.04	21.329
202.41	26.515
202.78	31.500
203.15	27.485
203.51	39.767
203.88	40.512
204.25	42.179
204.62	29.797
204.98	27.317
205.35	16.773
205.72	17.574
206.09	24.616
206.46	16.969
206.82	11.442
207.19	8.998
207.56	-1.461
207.92	-10.027
208.29	-1.799
208.66	16.019
209.03	12.552
209.39	17.466
209.76	12.253
210.13	5.869
210.50	13.360
210.86	18.282
211.23	12.425
211.60	11.135
211.96	11.321
212.33	4.342
212.70	-13.719
213.07	-0.260
213.43	-2.064
213.80	-7.262
214.17	-11.748
214.53	-21.134
214.90	-21.171
215.27	-12.834
215.63	-2.330
216.00	-7.830
216.37	-1.334
216.74	16.648
217.10	-9.367
217.47	-12.794
217.84	7.202
218.20	15.457
218.57	27.704
218.94	28.261
219.30	36.318
219.67	24.115
220.04	37.965
220.40	37.681
220.77	32.004
221.13	41.654
221.50	46.567
221.87	42.246
222.23	41.911
222.60	35.534
222.97	27.633
223.33	20.751
223.70	21.972
224.07	22.856
224.43	22.539
224.80	17.755
225.16	15.923
225.53	16.557
225.90	14.532
226.26	13.509
226.63	14.268
226.99	17.461
227.36	18.297
227.73	17.787
228.09	16.220
228.46	14.867
228.82	15.371
229.19	14.615
229.56	12.278
229.92	13.494
230.29	12.549
230.65	13.117
231.02	10.412
231.38	9.690
231.75	8.693
232.12	8.275
232.48	7.858
232.85	11.168
233.21	12.396
233.58	14.308
233.94	12.780
234.31	13.328
234.68	13.569
235.04	15.471
235.41	16.882
235.77	18.241
236.14	19.649
236.50	18.510
236.87	14.477
237.23	13.777
237.60	12.275
237.96	11.672
238.33	11.711
238.69	10.279
239.06	9.886
239.42	9.691
239.79	9.740
240.15	9.786
240.52	10.144
240.88	10.725
241.25	10.636
241.61	10.433
241.98	11.044
242.34	11.217
242.71	11.098
243.07	10.401
243.44	10.366
243.80	9.884
244.17	8.800
244.53	8.596
244.90	8.242
245.26	8.264
245.63	8.566
245.99	8.665
246.36	8.650
246.72	8.989
247.09	9.384
247.45	9.675
247.81	9.627
248.18	10.049
248.54	10.071
248.91	10.397
249.27	10.292
249.64	9.931
250.00	9.556
250.36	9.396
250.73	9.014
251.09	8.555
251.46	7.487
251.82	8.119
252.19	8.654
252.55	8.688
252.91	9.710
253.28	9.872
253.64	9.374
254.01	8.930
254.37	9.196
254.73	8.579
255.10	8.393
255.46	8.740
255.83	8.559
256.19	8.269
256.55	8.236
256.92	7.322
257.28	6.938
257.65	7.305
258.01	7.236
258.37	7.070
258.74	7.246
259.10	7.075
259.46	6.822
259.83	7.128
260.19	7.065
260.55	6.974
260.92	7.306
261.28	7.651
261.64	7.616
262.01	7.926
262.37	8.083
262.73	8.504
263.10	8.600
263.46	8.631
263.82	7.945
264.19	7.843
264.55	7.893
264.91	7.646
265.28	7.687
265.64	7.702
266.00	7.459
266.37	7.344
266.73	6.579
267.09	6.768
267.46	6.924
267.82	6.971
268.18	6.699
268.54	6.624
268.91	6.594
269.27	6.677
269.63	6.602
270.00	6.447
270.36	6.232
270.72	6.647
271.08	6.830
271.45	7.116
271.81	6.988
272.17	7.149
272.53	6.765
272.90	6.960
273.26	6.465
273.62	6.333
273.98	6.761
274.35	6.399
274.71	6.046
275.07	5.945
275.43	5.703
275.80	5.506
276.16	5.715
276.52	6.624
276.88	6.369
277.25	6.688
277.61	6.823
277.97	6.883
278.33	7.275
278.69	7.836
279.06	7.817
279.42	7.464
279.78	7.373
280.14	7.127
280.50	6.999
280.87	7.577
281.23	7.784
281.59	7.915
281.95	7.729
282.31	7.722
282.68	7.737
283.04	7.762
283.40	7.806
283.76	7.783
284.12	7.786
284.48	7.668
284.85	7.365
285.21	7.344
285.57	7.476
285.93	7.463
286.29	7.635
286.65	7.606
287.02	7.501
287.38	7.462
287.74	7.682
288.10	8.173
288.46	8.056
288.82	8.021
289.18	7.846
289.54	7.267
289.91	7.444
290.27	7.071
290.63	6.864
290.99	6.850
291.35	6.949
291.71	6.984
292.07	6.412
292.43	6.636
292.79	6.648
293.16	6.752
293.52	7.022
293.88	6.997
294.24	7.382
294.60	7.202
294.96	7.205
295.32	7.300
295.68	7.245
296.04	7.254
296.40	7.099
296.76	6.966
297.12	6.954
297.49	7.213
297.85	7.272
298.21	7.189
298.57	7.457
298.93	7.675
299.29	7.649
299.65	7.835
300.01	7.988
300.37	8.093
300.73	8.247
301.09	8.198
301.45	7.993
301.81	7.987
302.17	7.724
302.53	7.923
302.89	7.629
303.25	7.701
303.61	7.670
303.97	7.859
304.33	7.974
304.69	8.037
305.05	8.042
305.41	8.208
305.77	8.121
306.13	8.290
306.49	8.112
306.85	8.287
307.21	8.160
307.57	8.113
307.93	8.027
308.29	8.083
308.65	7.999
309.01	7.939
309.37	7.900
309.73	7.892
310.09	7.942
310.45	7.872
310.81	7.848
311.17	7.939
311.53	7.984
311.89	7.988
312.25	7.997
312.61	8.168
312.96	8.260
313.32	8.316
313.68	8.295
314.04	8.156
314.40	8.156
314.76	8.254
315.12	8.286
315.48	8.290
315.84	8.281
316.20	8.338
316.56	8.265
316.92	8.405
317.27	8.208
317.63	8.370
317.99	8.637
318.35	8.668
318.71	8.559
319.07	8.510
319.43	8.378
319.79	8.368
320.15	8.337
320.50	8.132
320.86	8.048
321.22	8.215
321.58	8.043
321.94	7.816
322.30	8.001
322.66	8.034
323.01	8.226
323.37	8.294
323.73	8.173
324.09	7.921
324.45	8.017
324.81	7.893
325.17	7.813
325.52	7.893
325.88	8.141
326.24	8.088
326.60	8.161
326.96	8.009
327.31	7.954
327.67	8.021
328.03	8.226
328.39	8.341
328.75	8.352
329.11	8.368
329.46	8.373
329.82	8.211
330.18	8.095
330.54	8.057
330.90	7.967
331.25	8.065
331.61	8.182
331.97	8.168
332.33	8.107
332.68	8.195
333.04	8.248
333.40	8.256
333.76	8.228
334.11	8.211
334.47	8.192
334.83	8.141
335.19	8.150
335.54	8.071
335.90	8.111
336.26	8.149
336.62	8.118
336.97	8.160
337.33	8.133
337.69	8.232
338.05	8.229
338.40	8.262
338.76	8.352
339.12	8.282
339.48	8.277
339.83	8.219
340.19	8.138
340.55	8.198
340.90	7.998
341.26	7.992
341.62	7.963
341.97	8.030
342.33	7.977
342.69	7.982
343.04	7.984
343.40	8.019
343.76	8.040
344.12	8.108
344.47	8.033
344.83	8.151
345.19	8.163
345.54	8.166
345.90	8.122
346.26	8.159
346.61	8.229
346.97	8.349
347.32	8.342
347.68	8.413
348.04	8.388
348.39	8.526
348.75	8.455
349.11	8.481
349.46	8.409
349.82	8.555
350.18	8.487
350.53	8.469
350.89	8.497
351.24	8.493
351.60	8.362
351.96	8.456
352.31	8.368
352.67	8.458
353.02	8.407
353.38	8.448
353.74	8.250
354.09	8.255
354.45	8.242
354.80	8.185
355.16	8.208
355.52	8.261
355.87	8.115
356.23	8.151
356.58	8.090
356.94	8.013
357.29	7.989
357.65	8.119
358.00	8.114
358.36	8.054
358.72	8.061
359.07	8.080
359.43	8.036
359.78	8.095
360.14	8.102
360.49	8.084
360.85	8.137
361.20	8.110
361.56	8.036
361.91	8.088
362.27	8.118
362.62	8.097
362.98	8.008
363.33	7.964
363.69	7.982
364.04	7.953
364.40	7.957
364.75	8.031
365.11	8.130
365.46	8.138
365.82	8.123
366.17	8.109
366.53	8.075
366.88	8.121
367.24	8.145
367.59	8.109
367.95	8.131
368.30	8.138
368.66	8.070
369.01	7.967
369.37	7.998
369.72	7.997
370.08	7.987
370.43	7.932
370.78	7.964
371.14	8.049
371.49	8.099
371.85	8.136
372.20	8.176
372.56	8.186
372.91	8.244
373.26	8.230
373.62	8.214
373.97	8.224
374.33	8.299
374.68	8.227
375.03	8.159
375.39	8.187
375.74	8.116
376.10	8.086
376.45	8.112
376.80	8.113
377.16	8.110
377.51	8.159
377.87	8.175
378.22	8.162
378.57	8.256
378.93	8.347
379.28	8.307
379.63	8.359
379.99	8.482
380.34	8.508
380.70	8.525
381.05	8.553
381.40	8.579
381.76	8.603
382.11	8.568
382.46	8.525
382.82	8.485
383.17	8.442
383.52	8.402
383.88	8.333
384.23	8.287
384.58	8.267
384.94	8.299
385.29	8.266
385.64	8.282
385.99	8.318
386.35	8.312
386.70	8.327
387.05	8.404
387.41	8.473
387.76	8.453
388.11	8.458
388.47	8.491
388.82	8.442
389.17	8.480
389.52	8.482
389.88	8.511
390.23	8.539
390.58	8.542
390.93	8.547
391.29	8.532
391.64	8.573
391.99	8.666
392.34	8.660
392.70	8.680
393.05	8.662
393.40	8.663
393.75	8.636
394.11	8.638
394.46	8.622
394.81	8.634
395.16	8.645
395.52	8.606
395.87	8.563
396.22	8.550
396.57	8.592
396.92	8.550
397.28	8.526
397.63	8.545
397.98	8.534
398.33	8.513
398.68	8.527
399.04	8.491
399.39	8.551
399.74	8.536
400.09	8.583
400.44	8.570
400.80	8.623
401.15	8.689
401.50	8.728
401.85	8.732
402.20	8.768
402.55	8.744
402.90	8.758
403.26	8.701
403.61	8.732
403.96	8.719
404.31	8.709
404.66	8.707
405.01	8.706
405.36	8.701
405.72	8.720
406.07	8.706
406.42	8.727
406.77	8.766
407.12	8.806
407.47	8.823
407.82	8.830
408.17	8.853
408.53	8.861
408.88	8.863
409.23	8.877
409.58	8.915
409.93	8.951
410.28	8.926
410.63	8.918
410.98	8.940
411.33	8.944
411.68	9.016
412.03	9.033
412.38	9.061
412.73	9.044
413.09	9.050
413.44	9.027
413.79	9.042
414.14	9.102
414.49	9.125
414.84	9.151
415.19	9.172
415.54	9.178
415.89	9.205
416.24	9.216
416.59	9.272
416.94	9.307
417.29	9.318
417.64	9.343
417.99	9.357
418.34	9.374
418.69	9.397
419.04	9.409
419.39	9.421
419.74	9.438
420.09	9.436
420.44	9.439
420.79	9.456
421.14	9.512
421.49	9.528
421.84	9.536
422.19	9.547
422.54	9.540
422.89	9.553
423.24	9.555
423.59	9.545
423.94	9.581
424.29	9.581
424.64	9.576
424.99	9.563
425.34	9.554
425.68	9.568
426.03	9.570
426.38	9.599
426.73	9.601
427.08	9.608
427.43	9.653
427.78	9.655
428.13	9.668
428.48	9.687
428.83	9.705
429.18	9.735
429.53	9.755
429.87	9.792
430.22	9.793
430.57	9.824
430.92	9.847
431.27	9.848
431.62	9.837
431.97	9.836
432.32	9.840
432.67	9.828
433.01	9.820
433.36	9.829
433.71	9.832
434.06	9.825
434.41	9.809
434.76	9.774
435.11	9.779
435.45	9.810
435.80	9.839
436.15	9.846
436.50	9.867
436.85	9.897
437.20	9.898
437.54	9.891
437.89	9.899
438.24	9.895
438.59	9.914
438.94	9.913
439.29	9.905
439.63	9.892
439.98	9.899
440.33	9.898
440.68	9.904
441.03	9.894
441.37	9.906
441.72	9.934
442.07	9.968
442.42	9.995
442.76	10.005
443.11	10.012
443.46	10.030
443.81	10.013
444.16	10.010
444.50	9.997
444.85	9.992
445.20	9.990
445.55	9.965
445.89	9.947
446.24	9.930
446.59	9.915
446.94	9.917
447.28	9.896
447.63	9.884
447.98	9.867
448.32	9.859
448.67	9.855
449.02	9.845
449.37	9.861
449.71	9.835
450.06	9.830
450.41	9.839
450.75	9.838
451.10	9.850
451.45	9.867
451.79	9.860
452.14	9.855
452.49	9.832
452.84	9.825
453.18	9.785
453.53	9.788
453.88	9.775
454.22	9.776
454.57	9.767
454.92	9.761
455.26	9.782
455.61	9.795
455.95	9.809
456.30	9.822
456.65	9.847
456.99	9.865
457.34	9.889
457.69	9.919
458.03	9.919
458.38	9.916
458.73	9.922
459.07	9.923
459.42	9.916
459.76	9.893
460.11	9.888
460.46	9.859
460.80	9.851
461.15	9.830
461.49	9.791
461.84	9.760
462.19	9.760
462.53	9.736
462.88	9.745
463.22	9.737
463.57	9.745
463.91	9.751
464.26	9.750
464.61	9.749
464.95	9.737
465.30	9.739
465.64	9.745
465.99	9.740
466.33	9.765
466.68	9.731
467.02	9.729
467.37	9.716
467.71	9.682
468.06	9.680
468.41	9.654
468.75	9.648
469.10	9.655
469.44	9.644
469.79	9.637
470.13	9.584
470.48	9.570
470.82	9.568
471.17	9.571
471.51	9.592
471.86	9.577
472.20	9.577
472.55	9.559
472.89	9.514
473.23	9.501
473.58	9.477
473.92	9.502
474.27	9.485
474.61	9.480
474.96	9.468
475.30	9.462
475.65	9.463
475.99	9.454
476.34	9.457
476.68	9.487
477.02	9.490
477.37	9.483
477.71	9.479
478.06	9.512
478.40	9.542
478.75	9.608
479.09	9.721
479.43	9.821
479.78	9.959
480.12	10.073
480.47	10.173
480.81	10.271
481.15	10.366
481.50	10.440
481.84	10.537
482.19	10.665
482.53	10.751
482.87	10.785
483.22	10.742
483.56	10.709
483.90	10.694
484.25	10.670
484.59	10.644
484.94	10.605
485.28	10.555
485.62	10.474
485.97	10.349
486.31	10.249
486.65	10.190
487.00	10.209
487.34	10.209
487.68	10.171
488.03	10.151
488.37	10.124
488.71	10.108
489.06	10.103
489.40	10.090
489.74	10.077
490.09	10.071
490.43	10.044
490.77	10.032
491.11	9.997
491.46	9.984
491.80	9.936
492.14	9.892
492.49	9.847
492.83	9.813
493.17	9.771
493.51	9.748
493.86	9.717
494.20	9.679
494.54	9.657
494.88	9.652
495.23	9.656
495.57	9.692
495.91	9.728
496.25	9.760
496.60	9.773
496.94	9.776
497.28	9.781
497.62	9.764
497.97	9.760
498.31	9.758
498.65	9.766
498.99	9.777
499.33	9.760
499.68	9.746
500.02	9.736
500.36	9.732
500.70	9.737
501.04	9.720
501.39	9.731
501.73	9.746
502.07	9.754
502.41	9.751
502.75	9.758
503.09	9.780
503.44	9.802
503.78	9.825
504.12	9.853
504.46	9.880
504.80	9.923
505.14	9.952
505.49	9.994
505.83	10.016
506.17	10.039
506.51	10.053
506.85	10.053
507.19	10.061
507.53	10.089
507.87	10.095
508.22	10.118
508.56	10.138
508.90	10.157
509.24	10.156
509.58	10.190
509.92	10.209
510.26	10.219
510.60	10.236
510.94	10.256
511.28	10.258
511.63	10.284
511.97	10.295
512.31	10.295
512.65	10.311
512.99	10.353
513.33	10.377
513.67	10.427
514.01	10.495
514.35	10.554
514.69	10.613
515.03	10.686
515.37	10.730
515.71	10.782
516.05	10.840
516.39	10.888
516.73	10.938
517.07	10.975
517.41	11.016
517.75	11.034
518.09	11.052
518.43	11.062
518.77	11.055
519.11	11.071
519.45	11.063
519.79	11.078
520.13	11.082
520.47	11.072
520.81	11.107
521.15	11.136
521.49	11.203
521.83	11.250
522.17	11.312
522.51	11.371
522.85	11.450
523.19	11.568
523.53	11.732
523.87	11.901
524.21	12.080
524.55	12.246
524.89	12.397
525.23	12.511
525.57	12.633
525.91	12.755
526.25	12.889
526.58	12.993
526.92	13.089
527.26	13.138
527.60	13.181
527.94	13.217
528.28	13.224
528.62	13.234
528.96	13.256
529.30	13.291
529.64	13.301
529.97	13.305
530.31	13.319
530.65	13.329
530.99	13.348
531.33	13.396
531.67	13.429
532.01	13.506
532.35	13.555
532.68	13.592
533.02	13.642
533.36	13.691
533.70	13.722
534.04	13.769
534.38	13.821
534.71	13.879
535.05	13.921
535.39	13.987
535.73	14.025
536.07	14.111
536.41	14.240
536.74	14.352
537.08	14.483
537.42	14.635
537.76	14.797
538.10	14.955
538.43	15.120
538.77	15.276
539.11	15.414
539.45	15.557
539.79	15.696
540.12	15.800
540.46	15.878
540.80	15.969
541.14	16.028
541.47	16.079
541.81	16.135
542.15	16.202
542.49	16.275
542.82	16.342
543.16	16.383
543.50	16.450
543.84	16.515
544.17	16.593
544.51	16.659
544.85	16.758
545.18	16.838
545.52	16.920
545.86	16.995
546.20	17.081
546.53	17.161
546.87	17.276
547.21	17.343
547.54	17.466
547.88	17.611
548.22	17.736
548.55	17.887
548.89	18.040
549.23	18.199
549.56	18.324
549.90	18.438
550.24	18.589
550.57	18.710
550.91	18.868
551.25	18.969
551.58	19.079
551.92	19.207
552.26	19.322
552.59	19.444
552.93	19.564
553.27	19.704
553.60	19.843
553.94	19.975
554.27	20.123
554.61	20.247
554.95	20.413
555.28	20.529
555.62	20.696
555.95	20.831
556.29	21.000
556.63	21.154
556.96	21.273
557.30	21.432
557.63	21.568
557.97	21.739
558.31	21.877
558.64	21.990
558.98	22.141
559.31	22.249
559.65	22.387
559.98	22.507
560.32	22.609
560.65	22.767
560.99	22.882
561.33	23.014
561.66	23.142
562.00	23.270
562.33	23.444
562.67	23.598
563.00	23.736
563.34	23.886
563.67	24.016
564.01	24.200
564.34	24.342
564.68	24.479
565.01	24.606
565.35	24.703
565.68	24.848
566.02	24.936
566.35	25.087
566.69	25.206
567.02	25.334
567.36	25.471
567.69	25.573
568.03	25.683
568.36	25.815
568.69	25.910
569.03	26.050
569.36	26.144
569.70	26.266
570.03	26.336
570.37	26.456
570.70	26.521
571.04	26.618
571.37	26.727
571.70	26.825
572.04	26.892
572.37	26.993
572.71	27.091
573.04	27.202
573.37	27.307
573.71	27.441
574.04	27.547
574.38	27.670
574.71	27.783
575.04	27.860
575.38	27.988
575.71	28.094
576.05	28.246
576.38	28.347
576.71	28.466
577.05	28.603
577.38	28.674
577.71	28.795
578.05	28.891
578.38	28.954
578.71	29.059
579.05	29.168
579.38	29.264
579.71	29.308
580.05	29.415
580.38	29.493
580.71	29.595
581.05	29.739
581.38	29.809
581.71	29.924
582.05	30.027
582.38	30.136
582.71	30.242
583.04	30.393
583.38	30.509
583.71	30.616
584.04	30.744
584.38	30.804
584.71	30.915
585.04	31.021
585.37	31.115
585.71	31.263
586.04	31.375
586.37	31.464
586.70	31.560
587.04	31.700
587.37	31.797
587.70	31.881
588.03	31.981
588.37	32.038
588.70	32.165
589.03	32.294
589.36	32.357
589.69	32.458
590.03	32.530
590.36	32.575
590.69	32.649
591.02	32.729
591.35	32.799
591.69	32.884
592.02	33.002
592.35	33.097
592.68	33.154
593.01	33.222
593.35	33.266
593.68	33.305
594.01	33.400
594.34	33.463
594.67	33.521
595.00	33.604
595.34	33.671
595.67	33.715
596.00	33.744
596.33	33.833
596.66	33.919
596.99	33.977
597.32	34.113
597.65	34.214
597.99	34.291
598.32	34.420
598.65	34.468
598.98	34.571
599.31	34.694
599.64	34.804
599.97	34.843
600.30	34.981
600.63	35.094
600.96	35.136
601.30	35.164
601.63	35.259
601.96	35.335
602.29	35.445
602.62	35.500
602.95	35.509
603.28	35.585
603.61	35.715
603.94	35.740
604.27	35.822
604.60	35.931
604.93	36.062
605.26	36.148
605.59	36.230
605.92	36.315
606.25	36.412
606.58	36.520
606.91	36.572
607.24	36.612
607.57	36.698
607.90	36.829
608.23	36.891
608.56	36.974
608.89	37.083
609.22	37.167
609.55	37.250
609.88	37.378
610.21	37.473
610.54	37.607
610.87	37.737
611.20	37.859
611.53	37.934
611.86	38.038
612.19	38.137
612.52	38.188
612.85	38.285
613.18	38.403
613.51	38.513
613.84	38.628
614.17	38.683
614.49	38.832
614.82	38.923
615.15	38.992
615.48	39.110
615.81	39.193
616.14	39.321
616.47	39.403
616.80	39.518
617.13	39.499
617.46	39.591
617.78	39.653
618.11	39.666
618.44	39.746
618.77	39.787
619.10	39.827
619.43	39.870
619.76	39.934
620.09	40.017
620.41	40.057
620.74	40.165
621.07	40.213
621.40	40.346
621.73	40.397
622.06	40.495
622.38	40.578
622.71	40.655
623.04	40.737
623.37	40.805
623.70	40.861
624.02	40.949
624.35	41.002
624.68	41.096
625.01	41.137
625.34	41.173
625.66	41.171
625.99	41.220
626.32	41.275
626.65	41.380
626.98	41.431
627.30	41.499
627.63	41.553
627.96	41.653
628.29	41.721
628.61	41.808
628.94	41.992
629.27	42.107
629.60	42.227
629.92	42.281
630.25	42.274
630.58	42.345
630.91	42.372
631.23	42.421
631.56	42.479
631.89	42.550
632.21	42.593
632.54	42.591
632.87	42.643
633.19	42.673
633.52	42.763
633.85	42.861
634.18	42.969
634.50	43.082
634.83	43.163
635.16	43.243
635.48	43.242
635.81	43.305
636.14	43.374
636.46	43.432
636.79	43.539
637.11	43.608
637.44	43.674
637.77	43.616
638.09	43.641
638.42	43.752
638.75	43.824
639.07	43.915
639.40	44.031
639.73	44.048
640.05	44.126
640.38	44.133
640.70	44.185
641.03	44.220
641.36	44.346
641.68	44.393
642.01	44.350
642.33	44.385
642.66	44.445
642.98	44.535
643.31	44.641
643.64	44.692
643.96	44.762
644.29	44.801
644.61	44.874
644.94	44.896
645.26	44.942
645.59	45.023
645.91	45.044
646.24	45.140
646.56	45.121
646.89	45.125
647.22	45.144
647.54	45.202
647.87	45.196
648.19	45.204
648.52	45.267
648.84	45.329
649.17	45.346
649.49	45.398
649.82	45.432
650.14	45.521
650.47	45.512
650.79	45.595
651.11	45.602
651.44	45.675
651.76	45.720
652.09	45.724
652.41	45.724
652.74	45.755
653.06	45.746
653.39	45.739
653.71	45.677
654.04	45.719
654.36	45.755
654.68	45.775
655.01	45.828
655.33	45.865
655.66	45.863
655.98	45.871
656.30	45.834
656.63	45.831
656.95	45.872
657.28	45.905
657.60	45.930
657.92	45.872
658.25	45.847
658.57	45.831
658.90	45.840
659.22	45.898
659.54	45.902
659.87	45.957
660.19	46.024
660.51	46.015
660.84	46.117
661.16	46.225
661.48	46.310
661.81	46.465
662.13	46.519
662.45	46.556
662.78	46.668
663.10	46.750
663.42	46.892
663.75	46.944
664.07	46.957
664.39	46.931
664.72	46.878
665.04	46.832
665.36	46.758
665.69	46.788
666.01	46.808
666.33	46.762
666.65	46.765
666.98	46.768
667.30	46.786
667.62	46.886
667.94	46.921
668.27	46.968
668.59	47.024
668.91	47.072
669.23	47.110
669.56	47.165
669.88	47.122
670.20	47.218
670.52	47.169
670.85	47.180
671.17	47.117
671.49	46.978
671.81	46.980
672.13	47.035
672.46	47.037
672.78	47.059
673.10	47.065
673.42	47.076
673.74	46.998
674.07	46.976
674.39	46.916
674.71	46.935
675.03	47.062
675.35	47.066
675.67	47.000
676.00	46.971
676.32	46.932
676.64	46.923
676.96	46.950
677.28	46.997
677.60	47.013
677.92	46.989
678.25	46.934
678.57	46.889
678.89	46.945
679.21	47.008
679.53	47.035
679.85	47.092
680.17	47.105
680.49	47.142
680.81	47.160
681.13	47.222
681.46	47.260
681.78	47.421
682.10	47.451
682.42	47.478
682.74	47.451
683.06	47.593
683.38	47.606
683.70	47.604
684.02	47.714
684.34	47.629
684.66	47.653
684.98	47.787
685.30	47.765
685.62	47.864
685.94	47.865
686.26	47.905
686.58	47.859
686.90	47.910
687.22	47.986
687.54	47.928
687.86	48.007
688.18	47.971
688.50	47.892
688.82	47.836
689.14	47.696
689.46	47.602
689.78	47.580
690.10	47.577
690.42	47.485
690.74	47.428
691.06	47.341
691.38	47.303
691.70	47.248
692.02	47.243
692.34	47.108
692.66	47.156
692.98	47.209
693.30	47.210
693.62	47.161
693.94	47.174
694.26	47.129
694.57	47.122
694.89	47.042
695.21	46.979
695.53	46.918
695.85	46.976
696.17	46.935
696.49	46.984
696.81	46.942
697.13	46.880
697.44	46.875
697.76	46.886
698.08	46.895
698.40	46.954
698.72	47.033
699.04	47.100
699.36	47.032
699.67	47.068
699.99	46.872
700.31	46.940
700.63	46.960
700.95	46.777
701.27	46.665
701.58	46.655
701.90	46.565
702.22	46.488
702.54	46.507
702.86	46.656
703.17	46.571
703.49	46.660
703.81	46.597
704.13	46.704
704.45	46.873
704.76	46.928
705.08	46.828
705.40	46.898
705.72	46.851
706.03	46.730
706.35	46.642
706.67	46.650
706.99	46.589
707.30	46.618
707.62	46.508
707.94	46.435
708.26	46.429
708.57	46.510
708.89	46.488
709.21	46.565
709.53	46.609
709.84	46.644
710.16	46.632
710.48	46.708
710.79	46.538
711.11	46.433
711.43	46.430
711.74	46.380
712.06	46.390
712.38	46.322
712.69	46.228
713.01	46.224
713.33	46.195
713.64	46.256
713.96	46.164
714.28	46.279
714.59	46.345
714.91	46.358
715.23	46.383
715.54	46.310
715.86	46.349
716.17	46.496
716.49	46.448
716.81	46.361
717.12	46.230
717.44	46.340
717.76	46.300
718.07	46.177
718.39	46.193
718.70	46.291
719.02	46.328
719.33	46.160
719.65	46.011
719.97	45.885
720.28	46.002
720.60	45.941
720.91	45.692
721.23	45.538
721.54	45.556
721.86	45.501
722.17	45.323
722.49	45.253
722.81	45.509
723.12	45.562
723.44	45.682
723.75	45.493
724.07	45.673
724.38	45.773
724.70	45.772
725.01	45.819
725.33	45.763
725.64	45.899
725.96	45.794
726.27	45.743
726.59	45.620
726.90	45.580
727.22	45.581
727.53	45.370
727.84	45.359
728.16	45.387
728.47	45.248
728.79	45.263
729.10	44.996
729.42	45.026
729.73	44.822
730.05	44.837
730.36	44.614
730.67	44.590
730.99	44.590
731.30	44.588
731.62	44.508
731.93	44.578
732.24	44.447
732.56	44.528
732.87	44.467
733.19	44.400
733.50	44.391
733.81	44.554
734.13	44.594
734.44	44.636
734.76	44.356
735.07	44.192
735.38	44.005
735.70	43.938
736.01	43.739
736.32	43.714
736.64	43.536
736.95	43.291
737.26	43.220
737.58	43.076
737.89	42.913
738.20	42.944
738.52	43.033
738.83	43.026
739.14	42.934
739.45	42.952
739.77	42.679
740.08	42.782
740.39	42.578
740.71	42.375
741.02	42.233
741.33	42.244
741.64	42.291
741.96	42.286
742.27	42.181
742.58	42.152
742.90	42.036
743.21	42.104
743.52	41.929
743.83	41.892
744.14	41.738
744.46	41.852
744.77	41.735
745.08	41.632
745.39	41.416
745.71	41.256
746.02	41.001
746.33	40.733
746.64	40.836
746.95	41.015
747.27	41.112
747.58	41.310
747.89	41.030
748.20	41.082
748.51	40.969
748.82	40.922
749.14	40.903
749.45	40.952
749.76	41.049
750.07	40.854
750.38	40.517
750.69	40.371
751.01	40.081
751.32	40.087
751.63	39.834
751.94	39.725
752.25	39.747
752.56	39.776
752.87	39.721
753.18	39.644
753.49	39.708
753.81	39.792
754.12	39.977
754.43	40.105
754.74	40.128
755.05	40.073
755.36	40.206
755.67	40.101
755.98	40.176
756.29	40.499
756.60	40.917
756.91	41.069
757.22	41.148
757.53	41.071
757.84	41.152
758.15	41.359
758.46	41.619
758.77	41.832
759.09	42.001
759.40	42.237
759.71	42.149
760.02	42.196
760.33	42.229
760.64	42.352
760.95	42.412
761.26	42.342
761.57	42.279
761.88	42.175
762.18	42.026
762.49	41.952
762.80	41.678
763.11	41.638
763.42	41.269
763.73	41.027
764.04	40.811
764.35	40.518
764.66	40.275
764.97	39.947
765.28	39.646
765.59	39.275
765.90	38.859
766.21	38.626
766.52	38.119
766.83	38.024
767.14	37.733
767.44	37.257
767.75	37.120
768.06	37.017
768.37	36.707
768.68	36.651
768.99	36.630
769.30	36.631
769.61	36.463
769.91	36.505
770.22	35.969
770.53	36.000
770.84	35.931
771.15	35.636
771.46	35.232
771.77	35.338
772.07	35.306
772.38	34.938
772.69	34.764
773.00	34.648
773.31	34.487
773.61	34.791
773.92	34.502
774.23	34.674
774.54	34.737
774.85	35.135
775.15	35.039
775.46	34.772
775.77	34.694
776.08	34.481
776.39	34.246
776.69	34.144
777.00	33.682
777.31	33.575
777.62	33.276
777.92	33.052
778.23	32.984
778.54	32.854
778.85	33.018
779.15	32.976
779.46	32.991
779.77	33.422
780.07	32.977
780.38	33.356
780.69	33.336
781.00	33.605
781.30	33.849
781.61	33.303
781.92	33.567
782.22	33.648
782.53	33.596
782.84	33.955
783.14	33.611
783.45	34.010
783.76	33.538
784.06	33.593
784.37	33.353
784.68	33.273
784.98	33.427
785.29	33.185
785.60	32.938
785.90	33.188
786.21	33.137
786.51	33.208
786.82	33.255
787.13	33.783
787.43	33.772
787.74	34.063
788.04	33.964
788.35	33.987
788.66	34.038
788.96	33.823
789.27	33.755
789.57	33.817
789.88	33.649
790.19	33.566
790.49	33.259
790.80	32.924
791.10	32.763
791.41	32.936
791.71	32.847
792.02	32.658
792.32	32.802
792.63	32.731
792.93	32.625
793.24	32.905
793.54	32.924
793.85	33.061
794.15	33.438
794.46	33.381
794.76	33.354
795.07	33.477
795.37	33.570
795.68	33.849
795.98	33.988
796.29	33.750
796.59	33.488
796.90	33.297
797.20	33.462
797.51	33.197
797.81	32.919
798.12	33.009
798.42	32.718
798.72	32.835
799.03	32.716
799.33	32.456
799.64	32.583
799.94	33.144
800.25	33.041
800.55	32.660
800.85	32.418
801.16	32.266
801.46	32.018
801.77	32.096
802.07	31.667
802.37	31.542
802.68	31.703
802.98	31.631
803.28	30.961
803.59	31.078
803.89	31.167
804.20	31.117
804.50	31.428
804.80	31.490
805.11	31.485
805.41	31.379
805.71	30.762
806.02	30.609
806.32	30.256
806.62	30.012
806.93	29.981
807.23	29.950
807.53	29.903
807.83	29.543
808.14	29.525
808.44	29.126
808.74	29.349
809.05	30.265
809.35	30.386
809.65	30.725
809.95	30.954
810.26	31.155
810.56	30.927
810.86	31.268
811.16	31.860
811.47	31.754
811.77	32.066
812.07	32.121
812.37	31.805
812.68	31.675
812.98	31.905
813.28	32.322
813.58	32.265
813.88	32.705
814.19	32.316
814.49	32.261
814.79	32.356
815.09	32.395
815.39	31.891
815.70	32.002
816.00	32.283
816.30	32.262
816.60	32.180
816.90	32.418
817.20	32.525
817.50	32.884
817.81	32.991
818.11	33.428
818.41	33.738
818.71	34.295
819.01	34.452
819.31	34.544
819.61	34.602
819.92	34.754
820.22	34.776
820.52	34.917
820.82	35.093
821.12	35.078
821.42	35.028
821.72	35.021
822.02	35.030
822.32	34.979
822.62	34.998
822.92	34.876
823.22	34.788
823.52	34.777
823.83	34.572
824.13	34.433
824.43	34.467
824.73	34.398
825.03	34.417
825.33	34.274
825.63	34.113
825.93	33.879
826.23	34.064
826.53	34.007
826.83	33.874
827.13	33.871
827.43	33.820
827.73	33.640
828.03	33.624
828.33	33.337
828.63	33.046
828.93	32.945
829.23	32.621
829.53	32.173
829.83	31.734
830.13	31.491
830.42	31.391
830.72	30.982
831.02	30.788
831.32	30.930
831.62	31.080
831.92	31.230
832.22	31.470
832.52	31.696
832.82	31.948
833.12	32.348
833.42	32.293
833.72	32.140
834.01	32.465
834.31	32.957
834.61	32.469
834.91	32.379
835.21	32.006
835.51	31.926
835.81	31.928
836.11	31.284
836.40	30.813
836.70	30.572
837.00	30.443
837.30	29.804
837.60	28.695
837.90	29.383
838.19	29.685
838.49	29.952
838.79	29.398
839.09	29.273
839.39	29.216
839.68	29.110
839.98	28.939
840.28	28.694
840.58	28.803
840.88	28.192
841.17	26.546
841.47	25.893
841.77	25.622
842.07	26.150
842.36	25.861
842.66	25.474
842.96	23.574
843.26	23.645
843.55	23.506
843.85	22.661
844.15	23.426
844.45	24.895
844.74	24.931
845.04	25.710
845.34	24.445
845.63	24.570
845.93	25.652
846.23	27.397
846.53	26.525
846.82	26.395
847.12	24.957
847.42	25.147
847.71	22.983
848.01	21.387
848.31	18.353
848.60	17.904
848.90	17.146
849.19	15.849
849.49	14.960
849.79	16.665
850.08	15.655
850.38	18.358
850.68	18.481
850.97	20.730
851.27	21.831
851.56	24.021
851.86	24.441
852.16	25.918
852.45	26.559
852.75	26.306
853.04	23.784
853.34	24.606
853.64	22.149
853.93	21.329
854.23	21.727
854.52	21.630
854.82	21.978
855.11	22.782
855.41	21.325
855.70	22.376
856.00	21.079
856.30	23.766
856.59	24.888
856.89	24.976
857.18	24.928
857.48	24.227
857.77	21.936
858.07	20.451
858.36	20.866
858.66	20.948
858.95	19.543
859.25	23.582
859.54	22.769
859.84	22.700
860.13	23.321
860.42	23.700
860.72	23.408
861.01	24.491
861.31	25.313
861.60	24.345
861.90	22.651
862.19	22.515
862.49	20.988
862.78	21.365
863.07	19.632
863.37	20.585
863.66	18.874
863.96	18.824
864.25	20.804
864.54	20.309
864.84	20.355
865.13	21.918
865.43	22.602
865.72	30.518
866.01	13.893
866.31	22.125
866.60	25.307
866.89	25.173
