180.30	0.000
180.67	0.000
181.03	286.452
181.40	-3031.698
181.77	214.678
182.14	-6.729
182.51	35.276
182.88	-275.173
183.25	94.784
183.62	-48.765
183.99	262.026
184.36	-136.296
184.73	38.257
185.10	158.878
185.46	235.709
185.83	-5.601
186.20	156.887
186.57	-371.895
186.94	132.004
187.31	101.513
187.68	-93.291
188.05	-21.014
188.42	-24.560
188.78	-13.688
189.15	-72.431
189.52	-77.909
189.89	-44.394
190.26	-2.365
190.63	23.396
191.00	26.654
191.37	17.624
191.73	24.044
192.10	26.730
192.47	17.527
192.84	-26.567
193.21	-26.275
193.58	-28.975
193.94	-62.267
194.31	-66.118
194.68	-60.999
195.05	-51.854
195.42	-52.399
195.79	-87.410
196.15	-114.559
196.52	-95.851
196.89	-97.940
197.26	-58.365
197.63	-73.055
198.00	12.274
198.36	-3.315
198.73	-22.416
199.10	-13.349
199.47	-16.154
199.84	-22.571
200.20	-19.167
200.57	-21.317
200.94	-4.441
201.31	1.667
201.68	12.710
202.04	1.622
202.41	14.256
202.78	25.602
203.15	19.892
203.51	28.439
203.88	33.211
204.25	28.686
204.62	23.448
204.98	27.012
205.35	24.302
205.72	22.798
206.09	31.646
206.46	26.872
206.82	15.257
207.19	23.953
207.56	14.150
207.92	12.964
208.29	18.743
208.66	21.705
209.03	25.158
209.39	12.862
209.76	5.434
210.13	-5.541
210.50	-1.718
210.86	3.605
211.23	-4.098
211.60	0.003
211.96	-7.873
212.33	-17.883
212.70	-27.949
213.07	-28.518
213.43	-16.514
213.80	-8.024
214.17	-10.108
214.53	-14.659
214.90	-17.586
215.27	-8.364
215.63	3.260
216.00	8.791
216.37	1.741
216.74	20.368
217.10	-5.206
217.47	-21.833
217.84	-27.698
218.20	-15.037
218.57	-11.424
218.94	-1.463
219.30	-3.711
219.67	-12.893
220.04	-13.028
220.40	-1.284
220.77	-2.590
221.13	15.521
221.50	23.228
221.87	28.714
222.23	25.432
222.60	19.489
222.97	9.539
223.33	12.281
223.70	12.172
224.07	16.783
224.43	14.853
224.80	9.851
225.16	9.463
225.53	10.138
225.90	6.456
226.26	7.569
226.63	7.659
226.99	10.769
227.36	9.856
227.73	9.512
228.09	8.146
228.46	8.628
228.82	10.732
229.19	11.161
229.56	10.420
229.92	11.451
230.29	11.823
230.65	13.484
231.02	12.602
231.38	14.445
231.75	15.076
232.12	15.019
232.48	14.654
232.85	12.978
233.21	13.086
233.58	13.559
233.94	11.756
234.31	10.346
234.68	11.114
235.04	10.460
235.41	9.284
235.77	8.402
236.14	8.661
236.50	8.980
236.87	10.346
237.23	8.109
237.60	9.221
237.96	10.117
238.33	9.826
238.69	8.448
239.06	8.408
239.42	8.061
239.79	8.077
240.15	8.714
240.52	8.300
240.88	7.981
241.25	8.695
241.61	7.413
241.98	8.132
242.34	9.138
242.71	9.228
243.07	9.156
243.44	9.212
243.80	9.232
244.17	8.442
244.53	8.014
244.90	7.656
245.26	6.950
245.63	7.137
245.99	6.796
246.36	6.177
246.72	6.334
247.09	6.653
247.45	6.775
247.81	6.494
248.18	6.364
248.54	6.574
248.91	6.463
249.27	7.247
249.64	7.407
250.00	7.593
250.36	7.998
250.73	7.889
251.09	7.222
251.46	7.277
251.82	8.101
252.19	8.579
252.55	8.594
252.91	9.139
253.28	8.960
253.64	8.587
254.01	8.093
254.37	8.053
254.73	7.650
255.10	7.884
255.46	7.895
255.83	7.390
256.19	7.405
256.55	7.400
256.92	7.003
257.28	6.503
257.65	6.561
258.01	6.281
258.37	6.118
258.74	6.132
259.10	5.678
259.46	5.177
259.83	5.471
260.19	5.302
260.55	5.202
260.92	5.510
261.28	5.755
261.64	5.622
262.01	5.881
262.37	6.055
262.73	6.423
263.10	7.041
263.46	7.644
263.82	6.891
264.19	7.082
264.55	7.453
264.91	7.156
265.28	7.033
265.64	6.757
266.00	6.408
266.37	6.322
266.73	5.859
267.09	6.174
267.46	5.797
267.82	5.828
268.18	5.855
268.54	5.352
268.91	5.374
269.27	5.750
269.63	5.910
270.00	6.001
270.36	6.156
270.72	6.399
271.08	5.964
271.45	6.375
271.81	6.596
272.17	6.297
272.53	6.185
272.90	6.347
273.26	5.998
273.62	5.964
273.98	6.378
274.35	5.687
274.71	5.328
275.07	5.329
275.43	4.846
275.80	5.003
276.16	5.060
276.52	5.596
276.88	5.252
277.25	5.144
277.61	5.091
277.97	5.120
278.33	5.242
278.69	5.528
279.06	5.502
279.42	5.380
279.78	5.105
280.14	5.294
280.50	5.397
280.87	5.800
281.23	6.252
281.59	6.447
281.95	6.149
282.31	6.470
282.68	6.470
283.04	6.801
283.40	6.777
283.76	6.729
284.12	6.522
284.48	6.412
284.85	6.111
285.21	5.863
285.57	5.951
285.93	6.057
286.29	6.079
286.65	6.100
287.02	5.924
287.38	6.195
287.74	6.227
288.10	6.345
288.46	6.277
288.82	6.438
289.18	6.177
289.54	5.877
289.91	5.845
290.27	5.699
290.63	5.613
290.99	5.506
291.35	5.465
291.71	5.818
292.07	6.082
292.43	6.192
292.79	6.248
293.16	7.080
293.52	7.784
293.88	7.851
294.24	8.102
294.60	8.091
294.96	8.092
295.32	8.408
295.68	8.294
296.04	8.523
296.40	8.779
296.76	8.936
297.12	8.688
297.49	8.683
297.85	8.891
298.21	9.063
298.57	9.302
298.93	9.748
299.29	9.875
299.65	10.275
300.01	10.414
300.37	10.370
300.73	10.706
301.09	11.135
301.45	11.350
301.81	11.483
302.17	11.641
302.53	12.017
302.89	12.163
303.25	12.323
303.61	12.461
303.97	12.637
304.33	12.877
304.69	12.798
305.05	12.987
305.41	12.994
305.77	13.284
306.13	13.332
306.49	13.350
306.85	13.353
307.21	13.363
307.57	13.412
307.93	13.419
308.29	13.609
308.65	13.603
309.01	13.491
309.37	13.472
309.73	13.303
310.09	13.352
310.45	13.287
310.81	13.306
311.17	13.276
311.53	13.348
311.89	13.427
312.25	13.446
312.61	13.731
312.96	13.716
313.32	13.648
313.68	13.574
314.04	13.558
314.40	13.620
314.76	13.559
315.12	13.538
315.48	13.413
315.84	13.280
316.20	13.070
316.56	12.888
316.92	13.081
317.27	13.045
317.63	13.035
317.99	12.915
318.35	13.017
318.71	13.011
319.07	13.021
319.43	12.841
319.79	12.833
320.15	13.121
320.50	13.175
320.86	12.946
321.22	13.032
321.58	13.161
321.94	13.120
322.30	12.976
322.66	13.042
323.01	13.186
323.37	13.283
323.73	13.193
324.09	13.035
324.45	12.959
324.81	13.047
325.17	13.173
325.52	13.317
325.88	13.470
326.24	13.625
326.60	13.682
326.96	13.509
327.31	13.530
327.67	13.560
328.03	13.510
328.39	13.670
328.75	13.682
329.11	13.525
329.46	13.536
329.82	13.545
330.18	13.366
330.54	13.258
330.90	13.330
331.25	13.474
331.61	13.618
331.97	13.724
332.33	13.631
332.68	13.729
333.04	13.918
333.40	13.856
333.76	13.872
334.11	13.912
334.47	14.031
334.83	14.011
335.19	13.878
335.54	13.796
335.90	13.808
336.26	13.748
336.62	13.696
336.97	13.589
337.33	13.506
337.69	13.549
338.05	13.641
338.40	13.502
338.76	13.493
339.12	13.602
339.48	13.686
339.83	13.645
340.19	13.611
340.55	13.661
340.90	13.502
341.26	13.483
341.62	13.410
341.97	13.351
342.33	13.465
342.69	13.505
343.04	13.352
343.40	13.283
343.76	13.205
344.12	13.275
344.47	13.287
344.83	13.391
345.19	13.370
345.54	13.332
345.90	13.400
346.26	13.353
346.61	13.367
346.97	13.466
347.32	13.426
347.68	13.545
348.04	13.513
348.39	13.465
348.75	13.456
349.11	13.478
349.46	13.379
349.82	13.277
350.18	13.240
350.53	13.180
350.89	13.155
351.24	13.146
351.60	13.034
351.96	12.914
352.31	12.763
352.67	12.842
353.02	12.753
353.38	12.838
353.74	12.754
354.09	12.670
354.45	12.555
354.80	12.534
355.16	12.524
355.52	12.443
355.87	12.369
356.23	12.457
356.58	12.289
356.94	12.202
357.29	12.160
357.65	12.210
358.00	12.223
358.36	12.241
358.72	12.188
359.07	12.233
359.43	12.282
359.78	12.437
360.14	12.336
360.49	12.234
360.85	12.248
361.20	12.122
361.56	12.057
361.91	11.971
362.27	11.932
362.62	11.934
362.98	11.766
363.33	11.692
363.69	11.603
364.04	11.589
364.40	11.711
364.75	11.799
365.11	11.896
365.46	11.906
365.82	11.952
366.17	11.938
366.53	11.841
366.88	11.886
367.24	11.876
367.59	11.835
367.95	11.899
368.30	11.793
368.66	11.731
369.01	11.673
369.37	11.613
369.72	11.554
370.08	11.531
370.43	11.545
370.78	11.521
371.14	11.468
371.49	11.458
371.85	11.421
372.20	11.467
372.56	11.399
372.91	11.334
373.26	11.289
373.62	11.375
373.97	11.350
374.33	11.345
374.68	11.300
375.03	11.300
375.39	11.289
375.74	11.212
376.10	11.186
376.45	11.178
376.80	11.214
377.16	11.252
377.51	11.160
377.87	11.160
378.22	11.149
378.57	11.185
378.93	11.202
379.28	11.159
379.63	11.175
379.99	11.153
380.34	11.207
380.70	11.208
381.05	11.139
381.40	11.120
381.76	11.075
382.11	11.016
382.46	10.922
382.82	10.867
383.17	10.845
383.52	10.800
383.88	10.743
384.23	10.635
384.58	10.590
384.94	10.635
385.29	10.660
385.64	10.687
385.99	10.615
386.35	10.679
386.70	10.673
387.05	10.698
387.41	10.712
387.76	10.689
388.11	10.695
388.47	10.666
388.82	10.651
389.17	10.623
389.52	10.598
389.88	10.644
390.23	10.602
390.58	10.563
390.93	10.519
391.29	10.467
391.64	10.512
391.99	10.558
392.34	10.537
392.70	10.497
393.05	10.466
393.40	10.452
393.75	10.396
394.11	10.389
394.46	10.355
394.81	10.333
395.16	10.315
395.52	10.226
395.87	10.138
396.22	10.112
396.57	10.076
396.92	10.007
397.28	9.924
397.63	9.930
397.98	9.847
398.33	9.813
398.68	9.807
399.04	9.763
399.39	9.745
399.74	9.713
400.09	9.689
400.44	9.650
400.80	9.666
401.15	9.676
401.50	9.625
401.85	9.579
402.20	9.565
402.55	9.515
402.90	9.464
403.26	9.428
403.61	9.402
403.96	9.361
404.31	9.355
404.66	9.331
405.01	9.321
405.36	9.306
405.72	9.350
406.07	9.321
406.42	9.329
406.77	9.344
407.12	9.352
407.47	9.337
407.82	9.354
408.17	9.302
408.53	9.259
408.88	9.228
409.23	9.229
409.58	9.200
409.93	9.204
410.28	9.124
410.63	9.076
410.98	9.044
411.33	9.057
411.68	9.023
412.03	9.037
412.38	9.035
412.73	8.998
413.09	8.985
413.44	8.964
413.79	8.923
414.14	8.983
414.49	8.999
414.84	9.011
415.19	9.001
415.54	9.027
415.89	9.023
416.24	9.036
416.59	9.074
416.94	9.085
417.29	9.094
417.64	9.092
417.99	9.067
418.34	9.062
418.69	9.061
419.04	9.054
419.39	9.038
419.74	9.031
420.09	9.014
420.44	8.984
420.79	8.954
421.14	8.931
421.49	8.938
421.84	8.940
422.19	8.924
422.54	8.910
422.89	8.882
423.24	8.864
423.59	8.819
423.94	8.782
424.29	8.749
424.64	8.758
424.99	8.733
425.34	8.710
425.68	8.679
426.03	8.632
426.38	8.575
426.73	8.581
427.08	8.562
427.43	8.593
427.78	8.604
428.13	8.626
428.48	8.575
428.83	8.604
429.18	8.617
429.53	8.609
429.87	8.649
430.22	8.688
430.57	8.672
430.92	8.647
431.27	8.635
431.62	8.624
431.97	8.604
432.32	8.623
432.67	8.586
433.01	8.540
433.36	8.500
433.71	8.465
434.06	8.428
434.41	8.407
434.76	8.404
435.11	8.403
435.45	8.410
435.80	8.401
436.15	8.378
436.50	8.383
436.85	8.395
437.20	8.420
437.54	8.425
437.89	8.418
438.24	8.394
438.59	8.376
438.94	8.355
439.29	8.322
439.63	8.316
439.98	8.295
440.33	8.271
440.68	8.262
441.03	8.229
441.37	8.235
441.72	8.228
442.07	8.248
442.42	8.263
442.76	8.283
443.11	8.294
443.46	8.302
443.81	8.289
444.16	8.288
444.50	8.269
444.85	8.265
445.20	8.227
445.55	8.189
445.89	8.155
446.24	8.109
446.59	8.049
446.94	8.022
447.28	7.982
447.63	7.953
447.98	7.909
448.32	7.894
448.67	7.875
449.02	7.863
449.37	7.876
449.71	7.857
450.06	7.843
450.41	7.846
450.75	7.848
451.10	7.854
451.45	7.868
451.79	7.875
452.14	7.869
452.49	7.844
452.84	7.833
453.18	7.796
453.53	7.792
453.88	7.826
454.22	7.821
454.57	7.789
454.92	7.770
455.26	7.777
455.61	7.770
455.95	7.771
456.30	7.781
456.65	7.797
456.99	7.823
457.34	7.841
457.69	7.830
458.03	7.826
458.38	7.802
458.73	7.795
459.07	7.778
459.42	7.769
459.76	7.746
460.11	7.715
460.46	7.669
460.80	7.632
461.15	7.572
461.49	7.542
461.84	7.526
462.19	7.533
462.53	7.513
462.88	7.494
463.22	7.477
463.57	7.471
463.91	7.477
464.26	7.487
464.61	7.518
464.95	7.524
465.30	7.522
465.64	7.506
465.99	7.477
466.33	7.445
466.68	7.432
467.02	7.433
467.37	7.416
467.71	7.381
468.06	7.374
468.41	7.310
468.75	7.290
469.10	7.265
469.44	7.241
469.79	7.242
470.13	7.233
470.48	7.212
470.82	7.182
471.17	7.156
471.51	7.164
471.86	7.130
472.20	7.116
472.55	7.083
472.89	7.054
473.23	7.029
473.58	6.996
473.92	6.994
474.27	6.983
474.61	6.945
474.96	6.944
475.30	6.912
475.65	6.895
475.99	6.882
476.34	6.883
476.68	6.872
477.02	6.878
477.37	6.896
477.71	6.883
478.06	6.882
478.40	6.930
478.75	6.983
479.09	7.091
479.43	7.194
479.78	7.306
480.12	7.397
480.47	7.474
480.81	7.544
481.15	7.614
481.50	7.671
481.84	7.751
482.19	7.838
482.53	7.904
482.87	7.914
483.22	7.863
483.56	7.820
483.90	7.800
484.25	7.777
484.59	7.736
484.94	7.680
485.28	7.626
485.62	7.546
485.97	7.440
486.31	7.338
486.65	7.281
487.00	7.289
487.34	7.275
487.68	7.240
488.03	7.206
488.37	7.178
488.71	7.156
489.06	7.138
489.40	7.116
489.74	7.084
490.09	7.058
490.43	7.019
490.77	6.978
491.11	6.925
491.46	6.872
491.80	6.808
492.14	6.762
492.49	6.696
492.83	6.635
493.17	6.582
493.51	6.526
493.86	6.468
494.20	6.404
494.54	6.367
494.88	6.347
495.23	6.338
495.57	6.351
495.91	6.342
496.25	6.359
496.60	6.352
496.94	6.317
497.28	6.310
497.62	6.289
497.97	6.265
498.31	6.235
498.65	6.219
498.99	6.198
499.33	6.159
499.68	6.163
500.02	6.127
500.36	6.106
500.70	6.098
501.04	6.063
501.39	6.050
501.73	6.050
502.07	6.031
502.41	6.030
502.75	6.006
503.09	5.997
503.44	5.969
503.78	5.965
504.12	5.986
504.46	5.974
504.80	6.001
505.14	6.001
505.49	6.021
505.83	6.034
506.17	6.005
506.51	6.016
506.85	6.025
507.19	6.014
507.53	6.027
507.87	6.024
508.22	6.027
508.56	6.010
508.90	5.990
509.24	5.948
509.58	5.933
509.92	5.926
510.26	5.901
510.60	5.862
510.94	5.847
511.28	5.798
511.63	5.761
511.97	5.728
512.31	5.709
512.65	5.692
512.99	5.689
513.33	5.679
513.67	5.711
514.01	5.736
514.35	5.759
514.69	5.785
515.03	5.826
515.37	5.838
515.71	5.877
516.05	5.886
516.39	5.899
516.73	5.923
517.07	5.923
517.41	5.920
517.75	5.896
518.09	5.874
518.43	5.832
518.77	5.783
519.11	5.756
519.45	5.704
519.79	5.669
520.13	5.643
520.47	5.599
520.81	5.583
521.15	5.546
521.49	5.541
521.83	5.566
522.17	5.571
522.51	5.602
522.85	5.620
523.19	5.674
523.53	5.770
523.87	5.856
524.21	5.958
524.55	6.050
524.89	6.125
525.23	6.192
525.57	6.241
525.91	6.294
526.25	6.332
526.58	6.382
526.92	6.408
527.26	6.418
527.60	6.410
527.94	6.380
528.28	6.342
528.62	6.306
528.96	6.269
529.30	6.225
529.64	6.191
529.97	6.160
530.31	6.100
530.65	6.044
530.99	5.991
531.33	5.961
531.67	5.928
532.01	5.918
532.35	5.892
532.68	5.861
533.02	5.834
533.36	5.784
533.70	5.731
534.04	5.696
534.38	5.672
534.71	5.618
535.05	5.561
535.39	5.513
535.73	5.466
536.07	5.441
536.41	5.444
536.74	5.463
537.08	5.514
537.42	5.556
537.76	5.601
538.10	5.628
538.43	5.677
538.77	5.728
539.11	5.783
539.45	5.813
539.79	5.845
540.12	5.865
540.46	5.856
540.80	5.844
541.14	5.817
541.47	5.781
541.81	5.748
542.15	5.710
542.49	5.663
542.82	5.603
543.16	5.549
543.50	5.497
543.84	5.421
544.17	5.365
544.51	5.306
544.85	5.275
545.18	5.222
545.52	5.191
545.86	5.138
546.20	5.091
546.53	5.032
546.87	4.994
547.21	4.945
547.54	4.922
547.88	4.896
548.22	4.888
548.55	4.873
548.89	4.873
549.23	4.870
549.56	4.868
549.90	4.875
550.24	4.916
550.57	4.903
550.91	4.893
551.25	4.876
551.58	4.874
551.92	4.827
552.26	4.789
552.59	4.772
552.93	4.739
553.27	4.745
553.60	4.717
553.94	4.675
554.27	4.654
554.61	4.633
554.95	4.623
555.28	4.617
555.62	4.629
555.95	4.644
556.29	4.644
556.63	4.649
556.96	4.634
557.30	4.648
557.63	4.663
557.97	4.675
558.31	4.692
558.64	4.691
558.98	4.682
559.31	4.665
559.65	4.631
559.98	4.624
560.32	4.634
560.65	4.639
560.99	4.629
561.33	4.641
561.66	4.646
562.00	4.651
562.33	4.668
562.67	4.700
563.00	4.728
563.34	4.773
563.67	4.813
564.01	4.825
564.34	4.838
564.68	4.863
565.01	4.843
565.35	4.848
565.68	4.854
566.02	4.841
566.35	4.842
566.69	4.834
567.02	4.846
567.36	4.844
567.69	4.839
568.03	4.839
568.36	4.831
568.69	4.846
569.03	4.861
569.36	4.859
569.70	4.890
570.03	4.878
570.37	4.900
570.70	4.885
571.04	4.892
571.37	4.904
571.70	4.915
572.04	4.897
572.37	4.900
572.71	4.879
573.04	4.907
573.37	4.902
573.71	4.900
574.04	4.891
574.38	4.870
574.71	4.842
575.04	4.814
575.38	4.800
575.71	4.796
576.05	4.786
576.38	4.767
576.71	4.710
577.05	4.680
577.38	4.657
577.71	4.612
578.05	4.608
578.38	4.597
578.71	4.581
579.05	4.548
579.38	4.519
579.71	4.486
580.05	4.488
580.38	4.495
580.71	4.491
581.05	4.497
581.38	4.502
581.71	4.488
582.05	4.468
582.38	4.480
582.71	4.491
583.04	4.523
583.38	4.498
583.71	4.487
584.04	4.475
584.38	4.445
584.71	4.461
585.04	4.481
585.37	4.503
585.71	4.541
586.04	4.544
586.37	4.552
586.70	4.579
587.04	4.623
587.37	4.649
587.70	4.694
588.03	4.736
588.37	4.759
588.70	4.793
589.03	4.810
589.36	4.801
589.69	4.815
590.03	4.801
590.36	4.779
590.69	4.797
591.02	4.786
591.35	4.747
591.69	4.751
592.02	4.722
592.35	4.717
592.68	4.736
593.01	4.752
593.35	4.755
593.68	4.777
594.01	4.780
594.34	4.763
594.67	4.775
595.00	4.777
595.34	4.745
595.67	4.730
596.00	4.705
596.33	4.662
596.66	4.625
596.99	4.593
597.32	4.573
597.65	4.586
597.99	4.575
598.32	4.545
598.65	4.547
598.98	4.581
599.31	4.619
599.64	4.646
599.97	4.693
600.30	4.737
600.63	4.765
600.96	4.772
601.30	4.768
601.63	4.792
601.96	4.833
602.29	4.829
602.62	4.827
602.95	4.765
603.28	4.759
603.61	4.724
603.94	4.682
604.27	4.675
604.60	4.641
604.93	4.586
605.26	4.596
605.59	4.573
605.92	4.578
606.25	4.549
606.58	4.600
606.91	4.571
607.24	4.585
607.57	4.603
607.90	4.602
608.23	4.630
608.56	4.657
608.89	4.623
609.22	4.598
609.55	4.576
609.88	4.567
610.21	4.533
610.54	4.517
610.87	4.485
611.20	4.464
611.53	4.460
611.86	4.443
612.19	4.433
612.52	4.428
612.85	4.422
613.18	4.382
613.51	4.399
613.84	4.384
614.17	4.371
614.49	4.370
614.82	4.350
615.15	4.330
615.48	4.355
615.81	4.371
616.14	4.354
616.47	4.351
616.80	4.385
617.13	4.353
617.46	4.377
617.78	4.402
618.11	4.412
618.44	4.427
618.77	4.426
619.10	4.388
619.43	4.371
619.76	4.391
620.09	4.422
620.41	4.421
620.74	4.442
621.07	4.441
621.40	4.448
621.73	4.431
622.06	4.443
622.38	4.457
622.71	4.458
623.04	4.473
623.37	4.455
623.70	4.473
624.02	4.484
624.35	4.504
624.68	4.501
625.01	4.485
625.34	4.499
625.66	4.514
625.99	4.476
626.32	4.490
626.65	4.493
626.98	4.493
627.30	4.483
627.63	4.461
627.96	4.446
628.29	4.460
628.61	4.422
628.94	4.410
629.27	4.380
629.60	4.391
629.92	4.370
630.25	4.330
630.58	4.357
630.91	4.291
631.23	4.306
631.56	4.268
631.89	4.235
632.21	4.246
632.54	4.263
632.87	4.238
633.19	4.240
633.52	4.224
633.85	4.213
634.18	4.187
634.50	4.223
634.83	4.212
635.16	4.205
635.48	4.195
635.81	4.222
636.14	4.163
636.46	4.175
636.79	4.168
637.11	4.135
637.44	4.100
637.77	4.050
638.09	4.006
638.42	4.016
638.75	4.025
639.07	4.003
639.40	3.973
639.73	3.982
640.05	3.951
640.38	3.931
640.70	3.986
641.03	4.019
641.36	4.025
641.68	4.028
642.01	4.020
642.33	3.987
642.66	3.976
642.98	3.942
643.31	3.914
643.64	3.931
643.96	3.937
644.29	3.921
644.61	3.937
644.94	3.981
645.26	3.984
645.59	3.962
645.91	4.008
646.24	4.028
646.56	4.084
646.89	4.137
647.22	4.151
647.54	4.147
647.87	4.112
648.19	4.107
648.52	4.108
648.84	4.132
649.17	4.111
649.49	4.118
649.82	4.116
650.14	4.128
650.47	4.083
650.79	4.045
651.11	4.032
651.44	4.041
651.76	4.036
652.09	4.037
652.41	4.034
652.74	4.061
653.06	4.006
653.39	4.006
653.71	3.979
654.04	3.989
654.36	4.048
654.68	4.015
655.01	4.021
655.33	4.020
655.66	3.981
655.98	3.988
656.30	3.973
656.63	3.979
656.95	3.999
657.28	4.002
657.60	3.983
657.92	3.944
658.25	3.965
658.57	3.949
658.90	3.966
659.22	3.992
659.54	3.918
659.87	3.845
660.19	3.810
660.51	3.792
660.84	3.700
661.16	3.685
661.48	3.663
661.81	3.662
662.13	3.609
662.45	3.548
662.78	3.507
663.10	3.558
663.42	3.648
663.75	3.676
664.07	3.654
664.39	3.683
664.72	3.667
665.04	3.675
665.36	3.641
665.69	3.687
666.01	3.695
666.33	3.667
666.65	3.663
666.98	3.612
667.30	3.593
667.62	3.581
667.94	3.581
668.27	3.611
668.59	3.565
668.91	3.581
669.23	3.568
669.56	3.598
669.88	3.539
670.20	3.545
670.52	3.557
670.85	3.569
671.17	3.523
671.49	3.495
671.81	3.466
672.13	3.450
672.46	3.436
672.78	3.458
673.10	3.403
673.42	3.464
673.74	3.386
674.07	3.353
674.39	3.346
674.71	3.412
675.03	3.443
675.35	3.508
675.67	3.569
676.00	3.589
676.32	3.543
676.64	3.561
676.96	3.551
677.28	3.603
677.60	3.650
677.92	3.626
678.25	3.596
678.57	3.600
678.89	3.591
679.21	3.516
679.53	3.515
679.85	3.509
680.17	3.497
680.49	3.499
680.81	3.485
681.13	3.436
681.46	3.444
681.78	3.407
682.10	3.355
682.42	3.347
682.74	3.427
683.06	3.402
683.38	3.474
683.70	3.482
684.02	3.560
684.34	3.560
684.66	3.655
684.98	3.731
685.30	3.831
685.62	3.886
685.94	3.865
686.26	3.896
686.58	3.951
686.90	3.954
687.22	3.967
687.54	3.940
687.86	3.919
688.18	3.895
688.50	3.835
688.82	3.798
689.14	3.838
689.46	3.852
689.78	3.783
690.10	3.699
690.42	3.639
690.74	3.598
691.06	3.467
691.38	3.494
691.70	3.361
692.02	3.313
692.34	3.240
692.66	3.157
692.98	3.091
693.30	3.116
693.62	3.202
693.94	3.255
694.26	3.295
694.57	3.373
694.89	3.357
695.21	3.400
695.53	3.480
695.85	3.527
696.17	3.540
696.49	3.563
696.81	3.537
697.13	3.483
697.44	3.501
697.76	3.490
698.08	3.483
698.40	3.450
698.72	3.437
699.04	3.353
699.36	3.316
699.67	3.287
699.99	3.224
700.31	3.223
700.63	3.159
700.95	2.932
701.27	2.840
701.58	2.805
701.90	2.718
702.22	2.602
702.54	2.585
702.86	2.530
703.17	2.465
703.49	2.442
703.81	2.403
704.13	2.414
704.45	2.480
704.76	2.474
705.08	2.422
705.40	2.513
705.72	2.487
706.03	2.451
706.35	2.423
706.67	2.452
706.99	2.444
707.30	2.386
707.62	2.369
707.94	2.323
708.26	2.238
708.57	2.159
708.89	2.149
709.21	2.282
709.53	2.328
709.84	2.365
710.16	2.333
710.48	2.386
710.79	2.333
711.11	2.277
711.43	2.315
711.74	2.403
712.06	2.526
712.38	2.562
712.69	2.582
713.01	2.668
713.33	2.661
713.64	2.832
713.96	2.797
714.28	2.948
714.59	3.102
714.91	3.267
715.23	3.297
715.54	3.300
715.86	3.317
716.17	3.369
716.49	3.389
716.81	3.421
717.12	3.324
717.44	3.349
717.76	3.294
718.07	3.250
718.39	3.268
718.70	3.282
719.02	3.252
719.33	3.201
719.65	3.117
719.97	2.994
720.28	3.007
720.60	3.048
720.91	3.108
721.23	3.166
721.54	3.269
721.86	3.218
722.17	3.163
722.49	3.142
722.81	3.152
723.12	3.209
723.44	3.228
723.75	3.128
724.07	3.123
724.38	3.223
724.70	3.188
725.01	3.094
725.33	3.057
725.64	3.084
725.96	3.067
726.27	3.065
726.59	3.077
726.90	3.124
727.22	3.229
727.53	3.241
727.84	3.112
728.16	3.121
728.47	3.058
728.79	3.001
729.10	2.964
729.42	2.923
729.73	2.896
730.05	2.759
730.36	2.626
730.67	2.531
730.99	2.410
731.30	2.187
731.62	2.039
731.93	2.053
732.24	1.958
732.56	1.840
732.87	1.817
733.19	1.694
733.50	1.614
733.81	1.661
734.13	1.610
734.44	1.482
734.76	1.591
735.07	1.573
735.38	1.392
735.70	1.318
736.01	1.392
736.32	1.369
736.64	1.264
736.95	1.242
737.26	1.079
737.58	1.087
737.89	1.045
738.20	0.997
738.52	0.971
738.83	1.039
739.14	0.931
739.45	0.825
739.77	0.736
740.08	0.679
740.39	0.562
740.71	0.419
741.02	0.327
741.33	0.183
741.64	0.237
741.96	0.202
742.27	0.101
742.58	0.118
742.90	0.103
743.21	-0.021
743.52	0.063
743.83	-0.079
744.14	-0.103
744.46	-0.205
744.77	-0.134
745.08	-0.304
745.39	-0.447
745.71	-0.578
746.02	-0.707
746.33	-0.846
746.64	-0.714
746.95	-0.869
747.27	-0.774
747.58	-0.830
747.89	-0.948
748.20	-0.866
748.51	-0.820
748.82	-0.848
749.14	-0.953
749.45	-0.982
749.76	-0.946
750.07	-1.097
750.38	-1.091
750.69	-1.082
751.01	-1.039
751.32	-1.039
751.63	-1.204
751.94	-1.160
752.25	-1.200
752.56	-1.052
752.87	-0.911
753.18	-0.920
753.49	-0.715
753.81	-0.609
754.12	-0.649
754.43	-0.431
754.74	-0.164
755.05	-0.148
755.36	0.013
755.67	0.147
755.98	0.218
756.29	0.531
756.60	0.877
756.91	1.092
757.22	1.348
757.53	1.801
757.84	2.204
758.15	2.460
758.46	2.838
758.77	3.061
759.09	3.489
759.40	3.804
759.71	3.879
760.02	3.961
760.33	4.063
760.64	4.132
760.95	4.233
761.26	4.190
761.57	4.142
761.88	4.135
762.18	4.005
762.49	3.879
762.80	3.791
763.11	3.729
763.42	3.616
763.73	3.415
764.04	3.097
764.35	2.666
764.66	2.421
764.97	2.156
765.28	1.881
765.59	1.553
765.90	0.985
766.21	0.649
766.52	0.115
766.83	-0.416
767.14	-0.889
767.44	-1.222
767.75	-1.412
768.06	-1.977
768.37	-2.439
768.68	-2.647
768.99	-2.761
769.30	-2.529
769.61	-2.859
769.91	-2.902
770.22	-3.106
770.53	-2.983
770.84	-2.943
771.15	-3.028
771.46	-2.989
771.77	-2.985
772.07	-3.146
772.38	-3.371
772.69	-3.587
773.00	-3.710
773.31	-3.712
773.61	-3.523
773.92	-3.705
774.23	-3.414
774.54	-3.348
774.85	-3.110
775.15	-3.037
775.46	-3.014
775.77	-2.979
776.08	-3.069
776.39	-2.814
776.69	-2.888
777.00	-2.824
777.31	-2.757
777.62	-2.903
777.92	-2.952
778.23	-3.227
778.54	-3.194
778.85	-3.324
779.15	-3.703
779.46	-3.858
779.77	-4.288
780.07	-4.551
780.38	-4.625
780.69	-4.639
781.00	-4.731
781.30	-5.066
781.61	-5.263
781.92	-5.069
782.22	-4.792
782.53	-4.291
782.84	-4.033
783.14	-3.697
783.45	-3.404
783.76	-3.537
784.06	-3.388
784.37	-3.124
784.68	-2.656
784.98	-2.378
785.29	-2.172
785.60	-2.186
785.90	-2.020
786.21	-1.849
786.51	-1.618
786.82	-1.603
787.13	-1.309
787.43	-1.515
787.74	-1.171
788.04	-1.264
788.35	-1.354
788.66	-1.693
788.96	-1.825
789.27	-2.054
789.57	-2.115
789.88	-2.473
790.19	-2.460
790.49	-2.686
790.80	-2.573
791.10	-3.057
791.41	-2.788
791.71	-2.720
792.02	-2.404
792.32	-2.282
792.63	-2.101
792.93	-1.905
793.24	-1.160
793.54	-0.798
793.85	-0.665
794.15	-0.353
794.46	-0.349
794.76	-0.281
795.07	0.014
795.37	-0.058
795.68	0.041
795.98	0.080
796.29	0.014
796.59	-0.335
796.90	-0.556
797.20	-0.184
797.51	-0.440
797.81	-0.765
798.12	-0.933
798.42	-1.078
798.72	-1.335
799.03	-1.405
799.33	-1.341
799.64	-1.390
799.94	-1.194
800.25	-1.390
800.55	-1.862
800.85	-1.905
801.16	-1.660
801.46	-1.289
801.77	-1.383
802.07	-1.092
802.37	-1.008
802.68	-1.220
802.98	-1.257
803.28	-1.640
803.59	-1.405
803.89	-1.123
804.20	-1.005
804.50	-0.613
804.80	-0.946
805.11	-1.164
805.41	-1.414
805.71	-1.459
806.02	-1.524
806.32	-1.381
806.62	-1.738
806.93	-2.161
807.23	-2.116
807.53	-2.143
807.83	-2.260
808.14	-2.106
808.44	-2.068
808.74	-1.752
809.05	-1.047
809.35	-0.877
809.65	-0.801
809.95	-0.164
810.26	0.403
810.56	0.382
810.86	0.307
811.16	0.243
811.47	0.042
811.77	0.286
812.07	0.600
812.37	0.329
812.68	0.063
812.98	0.017
813.28	0.273
813.58	0.393
813.88	0.561
814.19	0.948
814.49	1.006
814.79	1.125
815.09	1.200
815.39	1.331
815.70	1.077
816.00	1.632
816.30	1.960
816.60	2.086
816.90	2.370
817.20	2.185
817.50	2.381
817.81	2.822
818.11	3.370
818.41	3.765
818.71	3.970
819.01	4.255
819.31	4.537
819.61	4.633
819.92	4.726
820.22	4.702
820.52	4.855
820.82	4.989
821.12	4.998
821.42	4.983
821.72	5.018
822.02	5.045
822.32	5.030
822.62	4.951
822.92	4.934
823.22	4.933
823.52	4.903
823.83	4.842
824.13	4.784
824.43	4.799
824.73	4.749
825.03	4.694
825.33	4.593
825.63	4.587
825.93	4.545
826.23	4.488
826.53	4.359
826.83	4.416
827.13	4.491
827.43	4.455
827.73	4.178
828.03	4.115
828.33	3.847
828.63	3.739
828.93	3.618
829.23	3.305
829.53	3.178
829.83	3.079
830.13	2.825
830.42	2.725
830.72	2.660
831.02	2.956
831.32	3.071
831.62	3.299
831.92	3.187
832.22	2.997
832.52	3.196
832.82	3.381
833.12	3.594
833.42	3.659
833.72	3.321
834.01	3.341
834.31	3.525
834.61	3.365
834.91	3.411
835.21	3.250
835.51	3.215
835.81	2.981
836.11	2.422
836.40	1.855
836.70	1.637
837.00	1.839
837.30	1.206
837.60	1.234
837.90	1.318
838.19	1.006
838.49	1.089
838.79	1.135
839.09	1.785
839.39	2.140
839.68	1.323
839.98	1.268
840.28	1.475
840.58	1.018
840.88	-1.156
841.17	-1.999
841.47	-2.693
841.77	-3.627
842.07	-3.814
842.36	-5.254
842.66	-6.492
842.96	-7.300
843.26	-8.237
843.55	-9.584
843.85	-9.119
844.15	-6.674
844.45	-6.056
844.74	-6.038
845.04	-5.160
845.34	-6.500
845.63	-7.146
845.93	-5.624
846.23	-2.949
846.53	-3.018
846.82	-3.086
847.12	-5.283
847.42	-6.026
847.71	-8.177
848.01	-7.732
848.31	-8.748
848.60	-8.934
848.90	-9.187
849.19	-12.054
849.49	-13.895
849.79	-13.603
850.08	-15.607
850.38	-11.951
850.68	-10.469
850.97	-8.177
851.27	-8.151
851.56	-5.818
851.86	-5.197
852.16	-3.180
852.45	-0.592
852.75	-1.455
853.04	-2.461
853.34	-1.632
853.64	-5.810
853.93	-5.992
854.23	-6.102
854.52	-7.089
854.82	-7.399
855.11	-7.739
855.41	-8.933
855.70	-10.720
856.00	-9.381
856.30	-7.299
856.59	-7.221
856.89	-7.272
857.18	-9.816
857.48	-11.243
857.77	-13.152
858.07	-13.804
858.36	-12.865
858.66	-12.507
858.95	-13.339
859.25	-10.208
859.54	-12.815
859.84	-12.128
860.13	-9.528
860.42	-8.108
860.72	-6.672
861.01	-4.518
861.31	-6.531
861.60	-6.177
861.90	-9.363
862.19	-8.611
862.49	-10.844
862.78	-10.576
863.07	-11.617
863.37	-11.164
863.66	-13.085
863.96	-12.137
864.25	-11.526
864.54	-9.612
864.84	-9.281
865.13	-7.057
865.43	-6.275
865.72	-2.780
866.01	-5.108
866.31	1.988
866.60	-14.885
866.89	-1.926
