180.30	0.000
180.67	0.000
181.03	186.951
181.40	49.659
181.77	25.655
182.14	280.860
182.51	71.889
182.88	241.365
183.25	-10.590
183.62	13.571
183.99	-72.433
184.36	82.071
184.73	312.842
185.10	105.455
185.46	-17.528
185.83	39.125
186.20	-240.357
186.57	74.724
186.94	192.393
187.31	-123.713
187.68	-1189.011
188.05	198.544
188.42	41.034
188.78	84.295
189.15	74.988
189.52	51.715
189.89	33.798
190.26	30.895
190.63	27.942
191.00	4.356
191.37	-25.647
191.73	-43.219
192.10	-50.288
192.47	5.354
192.84	-54.244
193.21	-60.720
193.58	-87.550
193.94	-95.098
194.31	-59.103
194.68	-18.262
195.05	-6.545
195.42	8.191
195.79	18.651
196.15	6.350
196.52	-4.138
196.89	-22.388
197.26	-28.993
197.63	-12.632
198.00	-2.466
198.36	-10.863
198.73	-25.764
199.10	-6.159
199.47	-5.647
199.84	0.579
200.20	17.161
200.57	17.968
200.94	17.569
201.31	28.144
201.68	18.628
202.04	22.901
202.41	15.423
202.78	20.112
203.15	9.835
203.51	22.442
203.88	7.713
204.25	3.123
204.62	12.639
204.98	28.703
205.35	18.365
205.72	32.873
206.09	23.639
206.46	31.086
206.82	46.682
207.19	49.379
207.56	38.556
207.92	47.537
208.29	39.300
208.66	29.200
209.03	25.298
209.39	47.276
209.76	52.211
210.13	61.652
210.50	56.104
210.86	39.308
211.23	37.847
211.60	46.964
211.96	38.730
212.33	40.535
212.70	48.023
213.07	42.246
213.43	22.715
213.80	17.452
214.17	20.873
214.53	26.886
214.90	30.249
215.27	35.213
215.63	26.506
216.00	22.958
216.37	29.049
216.74	20.704
217.10	25.368
217.47	31.068
217.84	24.740
218.20	7.412
218.57	2.895
218.94	1.962
219.30	-2.318
219.67	5.776
220.04	8.891
220.40	9.205
220.77	9.976
221.13	8.554
221.50	12.287
221.87	19.225
222.23	23.257
222.60	21.533
222.97	20.671
223.33	23.925
223.70	16.474
224.07	16.215
224.43	13.281
224.80	11.588
225.16	11.044
225.53	8.130
225.90	6.267
226.26	7.166
226.63	7.728
226.99	7.596
227.36	5.947
227.73	6.522
228.09	5.814
228.46	5.594
228.82	4.732
229.19	3.431
229.56	3.738
229.92	3.770
230.29	2.532
230.65	2.864
231.02	2.708
231.38	2.413
231.75	1.452
232.12	1.825
232.48	2.156
232.85	3.404
233.21	5.098
233.58	5.693
233.94	5.971
234.31	6.366
234.68	5.915
235.04	7.596
235.41	8.681
235.77	9.350
236.14	8.595
236.50	8.091
236.87	8.115
237.23	8.232
237.60	8.070
237.96	7.897
238.33	7.615
238.69	6.735
239.06	5.816
239.42	5.869
239.79	5.970
240.15	6.241
240.52	5.862
240.88	5.656
241.25	5.185
241.61	4.659
241.98	4.716
242.34	5.016
242.71	5.055
243.07	4.977
243.44	4.619
243.80	4.520
244.17	4.507
244.53	4.531
244.90	4.433
245.26	4.718
245.63	4.928
245.99	4.960
246.36	4.739
246.72	4.825
247.09	4.974
247.45	5.018
247.81	4.925
248.18	4.977
248.54	4.867
248.91	4.899
249.27	4.604
249.64	4.731
250.00	4.686
250.36	4.932
250.73	4.612
251.09	4.522
251.46	4.527
251.82	4.791
252.19	4.617
252.55	5.121
252.91	5.463
253.28	5.938
253.64	5.864
254.01	5.833
254.37	5.472
254.73	5.709
255.10	5.469
255.46	5.353
255.83	5.158
256.19	5.066
256.55	4.777
256.92	4.714
257.28	4.423
257.65	4.201
258.01	4.138
258.37	4.235
258.74	4.257
259.10	4.138
259.46	4.110
259.83	4.046
260.19	3.916
260.55	4.034
260.92	3.864
261.28	4.141
261.64	4.332
262.01	4.274
262.37	4.311
262.73	4.206
263.10	4.187
263.46	4.402
263.82	4.616
264.19	4.493
264.55	4.391
264.91	4.660
265.28	4.397
265.64	4.428
266.00	4.530
266.37	4.472
266.73	4.533
267.09	4.763
267.46	4.827
267.82	4.667
268.18	4.677
268.54	4.668
268.91	4.323
269.27	4.235
269.63	4.176
270.00	4.045
270.36	3.782
270.72	3.569
271.08	3.302
271.45	3.105
271.81	3.129
272.17	3.324
272.53	3.400
272.90	3.529
273.26	3.485
273.62	3.578
273.98	3.718
274.35	4.048
274.71	4.330
275.07	4.472
275.43	4.421
275.80	4.628
276.16	4.367
276.52	4.449
276.88	4.323
277.25	4.410
277.61	4.283
277.97	4.269
278.33	4.207
278.69	4.322
279.06	4.292
279.42	4.341
279.78	4.114
280.14	4.400
280.50	4.183
280.87	4.190
281.23	4.204
281.59	4.137
281.95	3.977
282.31	3.863
282.68	3.720
283.04	3.750
283.40	3.761
283.76	3.716
284.12	3.595
284.48	3.579
284.85	3.493
285.21	3.634
285.57	3.492
285.93	3.627
286.29	3.600
286.65	3.516
287.02	3.533
287.38	3.408
287.74	3.451
288.10	3.490
288.46	3.469
288.82	3.712
289.18	3.546
289.54	3.842
289.91	3.846
290.27	3.821
290.63	4.085
290.99	4.154
291.35	4.284
291.71	4.286
292.07	4.470
292.43	4.568
292.79	4.440
293.16	4.476
293.52	4.319
293.88	4.249
294.24	4.461
294.60	4.352
294.96	4.381
295.32	4.539
295.68	4.524
296.04	4.467
296.40	4.533
296.76	4.539
297.12	4.623
297.49	4.713
297.85	4.801
298.21	4.743
298.57	4.917
298.93	4.836
299.29	4.875
299.65	4.991
300.01	5.118
300.37	5.161
300.73	5.237
301.09	5.195
301.45	5.211
301.81	5.239
302.17	5.312
302.53	5.275
302.89	5.335
303.25	5.285
303.61	5.300
303.97	5.226
304.33	5.253
304.69	5.367
305.05	5.476
305.41	5.549
305.77	5.593
306.13	5.654
306.49	5.600
306.85	5.668
307.21	5.706
307.57	5.675
307.93	5.638
308.29	5.690
308.65	5.723
309.01	5.643
309.37	5.699
309.73	5.714
310.09	5.622
310.45	5.671
310.81	5.731
311.17	5.676
311.53	5.761
311.89	5.819
312.25	5.821
312.61	5.851
312.96	5.910
313.32	5.919
313.68	5.948
314.04	6.005
314.40	5.892
314.76	5.825
315.12	5.831
315.48	5.718
315.84	5.799
316.20	5.687
316.56	5.647
316.92	5.702
317.27	5.616
317.63	5.719
317.99	5.748
318.35	5.844
318.71	5.976
319.07	6.114
319.43	6.251
319.79	6.164
320.15	6.200
320.50	6.173
320.86	6.225
321.22	6.265
321.58	5.981
321.94	5.889
322.30	5.837
322.66	5.715
323.01	5.664
323.37	5.637
323.73	5.556
324.09	5.596
324.45	5.579
324.81	5.550
325.17	5.545
325.52	5.569
325.88	5.544
326.24	5.622
326.60	5.572
326.96	5.479
327.31	5.449
327.67	5.556
328.03	5.556
328.39	5.547
328.75	5.513
329.11	5.426
329.46	5.561
329.82	5.631
330.18	5.612
330.54	5.602
330.90	5.733
331.25	5.653
331.61	5.572
331.97	5.519
332.33	5.494
332.68	5.399
333.04	5.467
333.40	5.481
333.76	5.477
334.11	5.456
334.47	5.506
334.83	5.371
335.19	5.378
335.54	5.386
335.90	5.401
336.26	5.430
336.62	5.405
336.97	5.392
337.33	5.300
337.69	5.299
338.05	5.277
338.40	5.333
338.76	5.329
339.12	5.386
339.48	5.375
339.83	5.364
340.19	5.244
340.55	5.357
340.90	5.341
341.26	5.316
341.62	5.301
341.97	5.329
342.33	5.285
342.69	5.331
343.04	5.229
343.40	5.277
343.76	5.354
344.12	5.479
344.47	5.414
344.83	5.349
345.19	5.388
345.54	5.437
345.90	5.422
346.26	5.478
346.61	5.463
346.97	5.574
347.32	5.538
347.68	5.450
348.04	5.440
348.39	5.348
348.75	5.311
349.11	5.263
349.46	5.170
349.82	5.152
350.18	5.006
350.53	4.985
350.89	4.988
351.24	4.938
351.60	4.901
351.96	4.860
352.31	4.946
352.67	5.016
353.02	5.025
353.38	5.009
353.74	4.977
354.09	4.969
354.45	5.038
354.80	4.978
355.16	5.036
355.52	4.999
355.87	5.009
356.23	5.003
356.58	5.032
356.94	5.023
357.29	5.050
357.65	5.056
358.00	5.083
358.36	4.951
358.72	4.980
359.07	4.938
359.43	4.938
359.78	4.957
360.14	4.928
360.49	4.828
360.85	4.812
361.20	4.796
361.56	4.775
361.91	4.736
362.27	4.760
362.62	4.721
362.98	4.688
363.33	4.708
363.69	4.653
364.04	4.620
364.40	4.639
364.75	4.660
365.11	4.699
365.46	4.686
365.82	4.703
366.17	4.678
366.53	4.648
366.88	4.671
367.24	4.634
367.59	4.602
367.95	4.565
368.30	4.605
368.66	4.588
369.01	4.578
369.37	4.612
369.72	4.666
370.08	4.725
370.43	4.801
370.78	4.786
371.14	4.856
371.49	4.867
371.85	4.930
372.20	4.887
372.56	4.894
372.91	4.809
373.26	4.766
373.62	4.735
373.97	4.670
374.33	4.600
374.68	4.590
375.03	4.518
375.39	4.508
375.74	4.482
376.10	4.549
376.45	4.540
376.80	4.606
377.16	4.562
377.51	4.536
377.87	4.550
378.22	4.571
378.57	4.579
378.93	4.630
379.28	4.694
379.63	4.729
379.99	4.706
380.34	4.732
380.70	4.728
381.05	4.802
381.40	4.867
381.76	4.908
382.11	4.914
382.46	4.962
382.82	4.943
383.17	4.948
383.52	4.985
383.88	4.992
384.23	4.964
384.58	4.982
384.94	4.965
385.29	4.912
385.64	4.888
385.99	4.911
386.35	4.852
386.70	4.876
387.05	4.839
387.41	4.807
387.76	4.850
388.11	4.879
388.47	4.869
388.82	4.889
389.17	4.911
389.52	4.945
389.88	4.943
390.23	5.033
390.58	5.049
390.93	5.092
391.29	5.095
391.64	5.084
391.99	5.095
392.34	5.105
392.70	5.119
393.05	5.072
393.40	5.084
393.75	5.066
394.11	4.996
394.46	4.960
394.81	4.921
395.16	4.910
395.52	4.833
395.87	4.771
396.22	4.712
396.57	4.700
396.92	4.706
397.28	4.667
397.63	4.624
397.98	4.587
398.33	4.539
398.68	4.538
399.04	4.511
399.39	4.498
399.74	4.496
400.09	4.502
400.44	4.495
400.80	4.515
401.15	4.498
401.50	4.528
401.85	4.563
402.20	4.609
402.55	4.596
402.90	4.590
403.26	4.627
403.61	4.640
403.96	4.658
404.31	4.634
404.66	4.618
405.01	4.615
405.36	4.592
405.72	4.587
406.07	4.562
406.42	4.571
406.77	4.591
407.12	4.593
407.47	4.582
407.82	4.543
408.17	4.564
408.53	4.570
408.88	4.566
409.23	4.597
409.58	4.575
409.93	4.582
410.28	4.588
410.63	4.566
410.98	4.543
411.33	4.519
411.68	4.545
412.03	4.547
412.38	4.566
412.73	4.599
413.09	4.615
413.44	4.662
413.79	4.725
414.14	4.747
414.49	4.800
414.84	4.852
415.19	4.944
415.54	5.002
415.89	5.047
416.24	5.081
416.59	5.125
416.94	5.164
417.29	5.196
417.64	5.226
417.99	5.270
418.34	5.314
418.69	5.335
419.04	5.344
419.39	5.381
419.74	5.411
420.09	5.442
420.44	5.473
420.79	5.496
421.14	5.513
421.49	5.515
421.84	5.514
422.19	5.511
422.54	5.520
422.89	5.535
423.24	5.521
423.59	5.497
423.94	5.486
424.29	5.452
424.64	5.430
424.99	5.419
425.34	5.401
425.68	5.389
426.03	5.372
426.38	5.360
426.73	5.337
427.08	5.319
427.43	5.331
427.78	5.342
428.13	5.376
428.48	5.382
428.83	5.384
429.18	5.427
429.53	5.464
429.87	5.483
430.22	5.499
430.57	5.537
430.92	5.572
431.27	5.625
431.62	5.644
431.97	5.643
432.32	5.679
432.67	5.698
433.01	5.710
433.36	5.687
433.71	5.700
434.06	5.709
434.41	5.700
434.76	5.695
435.11	5.690
435.45	5.713
435.80	5.768
436.15	5.786
436.50	5.814
436.85	5.826
437.20	5.876
437.54	5.887
437.89	5.923
438.24	5.948
438.59	5.965
438.94	5.962
439.29	5.962
439.63	5.941
439.98	5.938
440.33	5.948
440.68	5.963
441.03	5.950
441.37	5.962
441.72	5.985
442.07	5.993
442.42	6.011
442.76	6.034
443.11	6.055
443.46	6.077
443.81	6.093
444.16	6.101
444.50	6.100
444.85	6.099
445.20	6.102
445.55	6.065
445.89	6.048
446.24	6.019
446.59	5.990
446.94	5.943
447.28	5.880
447.63	5.835
447.98	5.788
448.32	5.746
448.67	5.719
449.02	5.683
449.37	5.654
449.71	5.657
450.06	5.646
450.41	5.649
450.75	5.680
451.10	5.717
451.45	5.729
451.79	5.729
452.14	5.732
452.49	5.726
452.84	5.762
453.18	5.791
453.53	5.774
453.88	5.803
454.22	5.817
454.57	5.822
454.92	5.856
455.26	5.888
455.61	5.953
455.95	6.015
456.30	6.092
456.65	6.118
456.99	6.152
457.34	6.211
457.69	6.243
458.03	6.271
458.38	6.284
458.73	6.279
459.07	6.283
459.42	6.271
459.76	6.253
460.11	6.219
460.46	6.188
460.80	6.165
461.15	6.123
461.49	6.123
461.84	6.104
462.19	6.112
462.53	6.146
462.88	6.160
463.22	6.152
463.57	6.172
463.91	6.202
464.26	6.232
464.61	6.248
464.95	6.270
465.30	6.286
465.64	6.318
465.99	6.318
466.33	6.290
466.68	6.291
467.02	6.309
467.37	6.299
467.71	6.290
468.06	6.295
468.41	6.309
468.75	6.329
469.10	6.302
469.44	6.280
469.79	6.269
470.13	6.267
470.48	6.264
470.82	6.252
471.17	6.260
471.51	6.273
471.86	6.269
472.20	6.269
472.55	6.270
472.89	6.270
473.23	6.267
473.58	6.280
473.92	6.301
474.27	6.302
474.61	6.314
474.96	6.323
475.30	6.321
475.65	6.323
475.99	6.338
476.34	6.333
476.68	6.355
477.02	6.365
477.37	6.378
477.71	6.412
478.06	6.466
478.40	6.561
478.75	6.690
479.09	6.826
479.43	6.989
479.78	7.154
480.12	7.325
480.47	7.487
480.81	7.678
481.15	7.857
481.50	8.035
481.84	8.229
482.19	8.437
482.53	8.609
482.87	8.751
483.22	8.788
483.56	8.739
483.90	8.636
484.25	8.505
484.59	8.322
484.94	8.181
485.28	8.057
485.62	7.894
485.97	7.694
486.31	7.524
486.65	7.372
487.00	7.326
487.34	7.334
487.68	7.385
488.03	7.455
488.37	7.560
488.71	7.612
489.06	7.617
489.40	7.611
489.74	7.618
490.09	7.604
490.43	7.591
490.77	7.561
491.11	7.537
491.46	7.507
491.80	7.482
492.14	7.446
492.49	7.409
492.83	7.377
493.17	7.364
493.51	7.338
493.86	7.322
494.20	7.321
494.54	7.354
494.88	7.396
495.23	7.438
495.57	7.493
495.91	7.523
496.25	7.550
496.60	7.573
496.94	7.600
497.28	7.634
497.62	7.696
497.97	7.716
498.31	7.729
498.65	7.757
498.99	7.805
499.33	7.842
499.68	7.896
500.02	7.976
500.36	8.047
500.70	8.092
501.04	8.147
501.39	8.191
501.73	8.263
502.07	8.312
502.41	8.373
502.75	8.407
503.09	8.464
503.44	8.552
503.78	8.591
504.12	8.652
504.46	8.730
504.80	8.814
505.14	8.875
505.49	8.950
505.83	9.035
506.17	9.112
506.51	9.216
506.85	9.280
507.19	9.344
507.53	9.433
507.87	9.504
508.22	9.562
508.56	9.599
508.90	9.664
509.24	9.710
509.58	9.771
509.92	9.809
510.26	9.839
510.60	9.875
510.94	9.891
511.28	9.911
511.63	9.952
511.97	10.020
512.31	10.080
512.65	10.120
512.99	10.204
513.33	10.290
513.67	10.377
514.01	10.470
514.35	10.582
514.69	10.703
515.03	10.805
515.37	10.870
515.71	10.937
516.05	11.010
516.39	11.081
516.73	11.115
517.07	11.155
517.41	11.188
517.75	11.228
518.09	11.235
518.43	11.232
518.77	11.231
519.11	11.246
519.45	11.254
519.79	11.269
520.13	11.276
520.47	11.305
520.81	11.341
521.15	11.386
521.49	11.429
521.83	11.503
522.17	11.558
522.51	11.664
522.85	11.762
523.19	11.897
523.53	12.045
523.87	12.239
524.21	12.424
524.55	12.582
524.89	12.729
525.23	12.852
525.57	12.976
525.91	13.093
526.25	13.178
526.58	13.264
526.92	13.326
527.26	13.382
527.60	13.402
527.94	13.403
528.28	13.393
528.62	13.390
528.96	13.389
529.30	13.350
529.64	13.334
529.97	13.314
530.31	13.293
530.65	13.263
530.99	13.235
531.33	13.228
531.67	13.225
532.01	13.242
532.35	13.246
532.68	13.246
533.02	13.271
533.36	13.261
533.70	13.250
534.04	13.245
534.38	13.243
534.71	13.232
535.05	13.217
535.39	13.218
535.73	13.213
536.07	13.244
536.41	13.279
536.74	13.335
537.08	13.393
537.42	13.479
537.76	13.554
538.10	13.655
538.43	13.744
538.77	13.833
539.11	13.915
539.45	13.975
539.79	14.014
540.12	14.052
540.46	14.078
540.80	14.099
541.14	14.106
541.47	14.105
541.81	14.100
542.15	14.088
542.49	14.055
542.82	14.031
543.16	14.005
543.50	13.975
543.84	13.965
544.17	13.969
544.51	13.953
544.85	13.955
545.18	13.965
545.52	13.950
545.86	13.949
546.20	13.966
546.53	13.966
546.87	13.991
547.21	14.004
547.54	13.993
547.88	13.980
548.22	14.003
548.55	14.020
548.89	14.029
549.23	14.030
549.56	14.043
549.90	14.067
550.24	14.080
550.57	14.080
550.91	14.096
551.25	14.123
551.58	14.126
551.92	14.157
552.26	14.145
552.59	14.151
552.93	14.182
553.27	14.198
553.60	14.201
553.94	14.219
554.27	14.237
554.61	14.255
554.95	14.278
555.28	14.301
555.62	14.328
555.95	14.376
556.29	14.404
556.63	14.430
556.96	14.462
557.30	14.498
557.63	14.537
557.97	14.571
558.31	14.600
558.64	14.631
558.98	14.659
559.31	14.690
559.65	14.727
559.98	14.788
560.32	14.816
560.65	14.857
560.99	14.880
561.33	14.907
561.66	14.933
562.00	14.989
562.33	15.046
562.67	15.095
563.00	15.117
563.34	15.153
563.67	15.162
564.01	15.200
564.34	15.231
564.68	15.273
565.01	15.301
565.35	15.335
565.68	15.333
566.02	15.316
566.35	15.324
566.69	15.355
567.02	15.361
567.36	15.380
567.69	15.402
568.03	15.421
568.36	15.420
568.69	15.458
569.03	15.495
569.36	15.517
569.70	15.567
570.03	15.606
570.37	15.628
570.70	15.660
571.04	15.687
571.37	15.711
571.70	15.737
572.04	15.756
572.37	15.768
572.71	15.778
573.04	15.819
573.37	15.824
573.71	15.827
574.04	15.836
574.38	15.864
574.71	15.886
575.04	15.898
575.38	15.918
575.71	15.950
576.05	15.940
576.38	15.931
576.71	15.906
577.05	15.902
577.38	15.893
577.71	15.889
578.05	15.855
578.38	15.842
578.71	15.815
579.05	15.807
579.38	15.811
579.71	15.807
580.05	15.847
580.38	15.885
580.71	15.903
581.05	15.934
581.38	15.965
581.71	16.004
582.05	16.006
582.38	16.075
582.71	16.083
583.04	16.104
583.38	16.134
583.71	16.115
584.04	16.163
584.38	16.168
584.71	16.218
585.04	16.224
585.37	16.230
585.71	16.279
586.04	16.286
586.37	16.338
586.70	16.377
587.04	16.412
587.37	16.453
587.70	16.453
588.03	16.483
588.37	16.448
588.70	16.477
589.03	16.504
589.36	16.521
589.69	16.494
590.03	16.483
590.36	16.482
590.69	16.490
591.02	16.505
591.35	16.491
591.69	16.524
592.02	16.571
592.35	16.598
592.68	16.609
593.01	16.641
593.35	16.708
593.68	16.763
594.01	16.768
594.34	16.803
594.67	16.849
595.00	16.885
595.34	16.895
595.67	16.914
596.00	16.906
596.33	16.895
596.66	16.879
596.99	16.886
597.32	16.874
597.65	16.876
597.99	16.913
598.32	16.889
598.65	16.871
598.98	16.877
599.31	16.846
599.64	16.852
599.97	16.890
600.30	16.943
600.63	16.925
600.96	16.921
601.30	16.949
601.63	16.933
601.96	16.954
602.29	16.987
602.62	16.987
602.95	17.044
603.28	17.046
603.61	17.061
603.94	17.039
604.27	17.074
604.60	17.069
604.93	17.069
605.26	17.059
605.59	17.031
605.92	17.033
606.25	17.055
606.58	17.044
606.91	17.102
607.24	17.085
607.57	17.079
607.90	17.037
608.23	17.049
608.56	17.062
608.89	17.043
609.22	17.080
609.55	17.078
609.88	17.049
610.21	17.041
610.54	16.981
610.87	17.000
611.20	17.011
611.53	17.038
611.86	17.042
612.19	17.011
612.52	17.075
612.85	17.051
613.18	17.043
613.51	17.087
613.84	17.072
614.17	17.133
614.49	17.146
614.82	17.171
615.15	17.159
615.48	17.176
615.81	17.191
616.14	17.160
616.47	17.166
616.80	17.151
617.13	17.142
617.46	17.161
617.78	17.109
618.11	17.101
618.44	17.046
618.77	17.091
619.10	17.071
619.43	17.077
619.76	17.024
620.09	17.010
620.41	17.007
620.74	16.999
621.07	16.983
621.40	16.982
621.73	16.947
622.06	17.016
622.38	17.001
622.71	17.027
623.04	17.042
623.37	17.070
623.70	17.107
624.02	17.174
624.35	17.192
624.68	17.232
625.01	17.275
625.34	17.310
625.66	17.294
625.99	17.284
626.32	17.273
626.65	17.236
626.98	17.271
627.30	17.288
627.63	17.257
627.96	17.242
628.29	17.244
628.61	17.224
628.94	17.210
629.27	17.231
629.60	17.244
629.92	17.244
630.25	17.240
630.58	17.237
630.91	17.174
631.23	17.117
631.56	17.126
631.89	17.099
632.21	17.098
632.54	17.114
632.87	17.070
633.19	17.036
633.52	17.030
633.85	17.030
634.18	17.002
634.50	17.030
634.83	17.037
635.16	17.007
635.48	16.945
635.81	16.931
636.14	16.854
636.46	16.851
636.79	16.843
637.11	16.798
637.44	16.810
637.77	16.825
638.09	16.804
638.42	16.811
638.75	16.782
639.07	16.808
639.40	16.756
639.73	16.774
640.05	16.736
640.38	16.747
640.70	16.772
641.03	16.744
641.36	16.727
641.68	16.704
642.01	16.721
642.33	16.777
642.66	16.718
642.98	16.746
643.31	16.730
643.64	16.725
643.96	16.719
644.29	16.687
644.61	16.691
644.94	16.710
645.26	16.727
645.59	16.710
645.91	16.677
646.24	16.706
646.56	16.700
646.89	16.713
647.22	16.733
647.54	16.711
647.87	16.693
648.19	16.698
648.52	16.666
648.84	16.654
649.17	16.639
649.49	16.603
649.82	16.625
650.14	16.601
650.47	16.619
650.79	16.568
651.11	16.581
651.44	16.618
651.76	16.610
652.09	16.566
652.41	16.517
652.74	16.505
653.06	16.501
653.39	16.478
653.71	16.473
654.04	16.491
654.36	16.497
654.68	16.460
655.01	16.425
655.33	16.412
655.66	16.378
655.98	16.384
656.30	16.331
656.63	16.320
656.95	16.319
657.28	16.334
657.60	16.262
657.92	16.215
658.25	16.208
658.57	16.187
658.90	16.144
659.22	16.115
659.54	16.066
659.87	16.030
660.19	16.019
660.51	15.939
660.84	15.806
661.16	15.747
661.48	15.709
661.81	15.583
662.13	15.522
662.45	15.452
662.78	15.468
663.10	15.437
663.42	15.464
663.75	15.378
664.07	15.281
664.39	15.270
664.72	15.234
665.04	15.232
665.36	15.233
665.69	15.141
666.01	15.137
666.33	15.063
666.65	15.030
666.98	14.967
667.30	14.911
667.62	14.886
667.94	14.876
668.27	14.853
668.59	14.818
668.91	14.721
669.23	14.701
669.56	14.636
669.88	14.592
670.20	14.542
670.52	14.469
670.85	14.416
671.17	14.411
671.49	14.318
671.81	14.247
672.13	14.185
672.46	14.176
672.78	14.133
673.10	14.045
673.42	13.990
673.74	13.890
674.07	13.815
674.39	13.772
674.71	13.746
675.03	13.706
675.35	13.675
675.67	13.669
676.00	13.753
676.32	13.824
676.64	13.906
676.96	13.932
677.28	13.986
677.60	13.964
677.92	14.014
678.25	13.988
678.57	14.058
678.89	14.119
679.21	14.109
679.53	13.983
679.85	13.944
680.17	13.795
680.49	13.751
680.81	13.750
681.13	13.828
681.46	13.780
681.78	13.784
682.10	13.690
682.42	13.590
682.74	13.562
683.06	13.670
683.38	13.640
683.70	13.751
684.02	13.798
684.34	13.794
684.66	13.780
684.98	13.779
685.30	13.836
685.62	13.876
685.94	13.829
686.26	13.752
686.58	13.642
686.90	13.582
687.22	13.514
687.54	13.435
687.86	13.298
688.18	13.167
688.50	13.069
688.82	12.885
689.14	12.736
689.46	12.675
689.78	12.615
690.10	12.537
690.42	12.412
690.74	12.342
691.06	12.175
691.38	12.075
691.70	12.040
692.02	11.962
692.34	11.921
692.66	11.944
692.98	11.833
693.30	11.869
693.62	11.870
693.94	11.961
694.26	12.021
694.57	12.172
694.89	12.296
695.21	12.424
695.53	12.506
695.85	12.593
696.17	12.695
696.49	12.814
696.81	12.803
697.13	12.845
697.44	12.837
697.76	12.757
698.08	12.637
698.40	12.543
698.72	12.355
699.04	12.194
699.36	11.979
699.67	11.726
699.99	11.365
700.31	11.103
700.63	10.797
700.95	10.439
701.27	10.119
701.58	9.750
701.90	9.446
702.22	9.208
702.54	8.932
702.86	8.713
703.17	8.488
703.49	8.490
703.81	8.343
704.13	8.233
704.45	8.148
704.76	8.142
705.08	8.153
705.40	8.180
705.72	8.102
706.03	8.115
706.35	8.082
706.67	8.086
706.99	8.076
707.30	8.142
707.62	8.025
707.94	7.972
708.26	7.888
708.57	7.891
708.89	7.776
709.21	7.825
709.53	7.865
709.84	7.936
710.16	7.878
710.48	7.975
710.79	7.887
711.11	8.024
711.43	8.132
711.74	8.354
712.06	8.493
712.38	8.712
712.69	8.735
713.01	8.823
713.33	8.828
713.64	9.017
713.96	9.055
714.28	9.311
714.59	9.572
714.91	9.815
715.23	9.923
715.54	10.104
715.86	10.273
716.17	10.469
716.49	10.515
716.81	10.651
717.12	10.567
717.44	10.516
717.76	10.295
718.07	10.088
718.39	9.694
718.70	9.330
719.02	8.890
719.33	8.338
719.65	7.966
719.97	7.673
720.28	7.540
720.60	7.535
720.91	7.547
721.23	7.604
721.54	7.484
721.86	7.526
722.17	7.715
722.49	7.934
722.81	8.196
723.12	8.313
723.44	8.516
723.75	8.492
724.07	8.438
724.38	8.307
724.70	8.258
725.01	8.187
725.33	8.181
725.64	8.205
725.96	8.273
726.27	8.245
726.59	8.316
726.90	8.375
727.22	8.434
727.53	8.515
727.84	8.637
728.16	8.621
728.47	8.674
728.79	8.576
729.10	8.359
729.42	8.155
729.73	7.843
730.05	7.519
730.36	7.197
730.67	6.795
730.99	6.393
731.30	5.991
731.62	5.550
731.93	5.140
732.24	4.834
732.56	4.440
732.87	4.028
733.19	3.781
733.50	3.549
733.81	3.050
734.13	2.693
734.44	2.137
734.76	1.808
735.07	1.644
735.38	1.241
735.70	0.863
736.01	0.409
736.32	0.159
736.64	-0.078
736.95	-0.328
737.26	-0.530
737.58	-0.890
737.89	-0.925
738.20	-1.388
738.52	-1.850
738.83	-2.149
739.14	-2.424
739.45	-2.763
739.77	-3.359
740.08	-3.906
740.39	-4.408
740.71	-4.855
741.02	-5.286
741.33	-5.826
741.64	-6.283
741.96	-6.843
742.27	-7.338
742.58	-7.715
742.90	-8.096
743.21	-8.226
743.52	-8.544
743.83	-8.999
744.14	-9.274
744.46	-9.674
744.77	-10.095
745.08	-10.474
745.39	-10.174
745.71	-10.021
746.02	-10.150
746.33	-9.893
746.64	-10.189
746.95	-10.212
747.27	-10.192
747.58	-9.986
747.89	-9.776
748.20	-9.543
748.51	-9.238
748.82	-9.390
749.14	-9.676
749.45	-9.700
749.76	-10.239
750.07	-10.248
750.38	-10.617
750.69	-10.742
751.01	-11.121
751.32	-11.275
751.63	-11.431
751.94	-11.486
752.25	-11.711
752.56	-11.787
752.87	-12.132
753.18	-11.778
753.49	-11.922
753.81	-11.629
754.12	-11.249
754.43	-10.697
754.74	-9.935
755.05	-8.937
755.36	-7.826
755.67	-6.608
755.98	-5.162
756.29	-3.569
756.60	-2.027
756.91	-0.423
757.22	1.178
757.53	2.792
757.84	4.239
758.15	5.813
758.46	7.240
758.77	8.348
759.09	9.445
759.40	10.325
759.71	10.973
760.02	11.362
760.33	11.833
760.64	11.945
760.95	11.926
761.26	12.013
761.57	11.843
761.88	11.525
762.18	11.217
762.49	10.793
762.80	10.170
763.11	9.500
763.42	8.790
763.73	7.844
764.04	7.037
764.35	6.003
764.66	4.789
764.97	3.282
765.28	1.468
765.59	-0.387
765.90	-2.568
766.21	-4.747
766.52	-6.591
766.83	-8.362
767.14	-10.088
767.44	-11.785
767.75	-13.694
768.06	-15.398
768.37	-16.620
768.68	-17.909
768.99	-18.955
769.30	-19.873
769.61	-20.723
769.91	-21.163
770.22	-21.922
770.53	-22.552
770.84	-23.735
771.15	-23.880
771.46	-24.472
771.77	-24.917
772.07	-24.343
772.38	-24.647
772.69	-25.212
773.00	-25.117
773.31	-25.957
773.61	-26.947
773.92	-27.317
774.23	-26.647
774.54	-27.180
774.85	-27.221
775.15	-27.776
775.46	-28.375
775.77	-28.279
776.08	-27.526
776.39	-27.203
776.69	-27.147
777.00	-26.350
777.31	-25.741
777.62	-25.599
777.92	-25.396
778.23	-25.965
778.54	-25.170
778.85	-25.417
779.15	-25.303
779.46	-25.551
779.77	-26.016
780.07	-26.123
780.38	-26.900
780.69	-27.503
781.00	-27.935
781.30	-27.887
781.61	-26.901
781.92	-27.808
782.22	-27.356
782.53	-27.918
782.84	-27.505
783.14	-26.886
783.45	-25.927
783.76	-24.089
784.06	-23.335
784.37	-22.253
784.68	-21.472
784.98	-20.794
785.29	-19.161
785.60	-17.947
785.90	-16.296
786.21	-15.495
786.51	-13.841
786.82	-12.915
787.13	-12.790
787.43	-12.055
787.74	-11.371
788.04	-11.112
788.35	-11.181
788.66	-11.412
788.96	-12.218
789.27	-12.379
789.57	-12.563
789.88	-14.300
790.19	-15.103
790.49	-15.390
790.80	-16.176
791.10	-17.054
791.41	-16.732
791.71	-16.391
792.02	-16.030
792.32	-15.466
792.63	-15.493
792.93	-15.008
793.24	-14.564
793.54	-14.003
793.85	-13.328
794.15	-12.181
794.46	-11.384
794.76	-11.600
795.07	-11.424
795.37	-11.331
795.68	-10.457
795.98	-10.797
796.29	-11.133
796.59	-10.548
796.90	-10.674
797.20	-10.588
797.51	-10.986
797.81	-11.321
798.12	-11.443
798.42	-11.393
798.72	-11.069
799.03	-12.023
799.33	-11.233
799.64	-11.048
799.94	-11.074
800.25	-11.187
800.55	-11.501
800.85	-11.272
801.16	-11.013
801.46	-10.748
801.77	-11.018
802.07	-11.590
802.37	-10.682
802.68	-11.480
802.98	-11.898
803.28	-12.129
803.59	-12.174
803.89	-12.765
804.20	-12.912
804.50	-13.334
804.80	-13.449
805.11	-13.144
805.41	-12.743
805.71	-13.091
806.02	-11.985
806.32	-11.826
806.62	-11.770
806.93	-11.814
807.23	-10.936
807.53	-10.642
807.83	-10.287
808.14	-9.668
808.44	-9.844
808.74	-10.086
809.05	-9.388
809.35	-9.252
809.65	-8.839
809.95	-8.140
810.26	-7.106
810.56	-6.407
810.86	-5.288
811.16	-4.788
811.47	-4.337
811.77	-3.529
812.07	-2.393
812.37	-1.914
812.68	-1.148
812.98	-0.203
813.28	0.571
813.58	1.184
813.88	1.507
814.19	1.861
814.49	2.611
814.79	2.905
815.09	3.857
815.39	4.281
815.70	3.890
816.00	4.146
816.30	4.760
816.60	5.157
816.90	6.067
817.20	7.081
817.50	8.020
817.81	9.439
818.11	10.776
818.41	11.529
818.71	12.397
819.01	13.192
819.31	13.733
819.61	14.156
819.92	14.525
820.22	14.687
820.52	14.936
820.82	15.148
821.12	15.327
821.42	15.377
821.72	15.446
822.02	15.376
822.32	15.426
822.62	15.360
822.92	15.242
823.22	15.143
823.52	15.098
823.83	14.996
824.13	14.797
824.43	14.532
824.73	14.399
825.03	14.301
825.33	14.191
825.63	13.932
825.93	13.977
826.23	13.925
826.53	13.789
826.83	13.608
827.13	13.403
827.43	13.303
827.73	13.078
828.03	12.621
828.33	12.391
828.63	12.079
828.93	11.659
829.23	10.588
829.53	10.348
829.83	9.856
830.13	9.617
830.42	9.093
830.72	8.942
831.02	8.921
831.32	9.433
831.62	9.558
831.92	9.744
832.22	9.838
832.52	10.233
832.82	9.810
833.12	10.123
833.42	10.093
833.72	10.054
834.01	9.692
834.31	10.023
834.61	9.557
834.91	9.019
835.21	8.438
835.51	8.247
835.81	7.251
836.11	6.866
836.40	5.291
836.70	4.199
837.00	3.079
837.30	2.491
837.60	0.036
837.90	-0.235
838.19	-1.999
838.49	-2.550
838.79	-3.104
839.09	-3.147
839.39	-3.890
839.68	-4.865
839.98	-5.657
840.28	-6.357
840.58	-8.172
840.88	-9.882
841.17	-12.634
841.47	-13.920
841.77	-15.989
842.07	-20.148
842.36	-24.737
842.66	-28.091
842.96	-30.621
843.26	-33.447
843.55	-36.038
843.85	-36.904
844.15	-38.675
844.45	-36.773
844.74	-36.636
845.04	-38.720
845.34	-36.335
845.63	-33.981
845.93	-34.697
846.23	-36.516
846.53	-37.754
846.82	-40.943
847.12	-44.923
847.42	-41.227
847.71	-43.492
848.01	-41.513
848.31	-39.795
848.60	-40.393
848.90	-40.908
849.19	-37.193
849.49	-38.092
849.79	-37.571
850.08	-39.355
850.38	-36.983
850.68	-39.584
850.97	-39.418
851.27	-40.809
851.56	-42.167
851.86	-44.551
852.16	-46.239
852.45	-51.356
852.75	-48.215
853.04	-50.865
853.34	-45.908
853.64	-45.125
853.93	-42.728
854.23	-44.769
854.52	-44.065
854.82	-40.889
855.11	-41.341
855.41	-40.662
855.70	-36.139
856.00	-35.774
856.30	-35.573
856.59	-36.851
856.89	-39.616
857.18	-40.580
857.48	-37.943
857.77	-38.966
858.07	-40.757
858.36	-41.400
858.66	-40.834
858.95	-44.559
859.25	-42.806
859.54	-41.621
859.84	-37.840
860.13	-34.415
860.42	-31.897
860.72	-33.242
861.01	-34.619
861.31	-35.042
861.60	-30.620
861.90	-29.187
862.19	-26.464
862.49	-29.543
862.78	-26.735
863.07	-25.727
863.37	-22.697
863.66	-26.824
863.96	-25.785
864.25	-23.879
864.54	-24.963
864.84	-25.684
865.13	-27.825
865.43	-28.271
865.72	-23.936
866.01	-61.434
866.31	-37.299
866.60	-53.970
866.89	-16.229
