180.30	0.000
180.67	0.000
181.03	128.875
181.40	55.324
181.77	55.529
182.14	372.943
182.51	14.522
182.88	-133.525
183.25	11.447
183.62	35.751
183.99	3.812
184.36	103.244
184.73	-179.933
185.10	424.538
185.46	128.875
185.83	94.617
186.20	-346.801
186.57	52.970
186.94	113.019
187.31	-61.384
187.68	-3321.065
188.05	-160.054
188.42	-124.897
188.78	-13.084
189.15	-26.085
189.52	-41.379
189.89	-86.151
190.26	-83.215
190.63	-45.667
191.00	-58.905
191.37	-107.680
191.73	-118.869
192.10	-142.902
192.47	-63.153
192.84	-103.011
193.21	-89.218
193.58	-75.498
193.94	-43.226
194.31	24.280
194.68	28.984
195.05	23.378
195.42	25.038
195.79	12.770
196.15	-5.906
196.52	-38.858
196.89	-44.426
197.26	-56.387
197.63	-39.388
198.00	-39.914
198.36	-61.645
198.73	-68.612
199.10	-36.721
199.47	-13.811
199.84	1.391
200.20	19.517
200.57	21.747
200.94	22.406
201.31	28.173
201.68	16.337
202.04	9.647
202.41	0.334
202.78	-9.177
203.15	-39.897
203.51	-54.780
203.88	-41.624
204.25	-53.505
204.62	-38.395
204.98	-34.227
205.35	-37.165
205.72	-38.745
206.09	-30.622
206.46	-16.700
206.82	-18.442
207.19	9.748
207.56	0.334
207.92	-0.155
208.29	8.368
208.66	-7.736
209.03	-24.004
209.39	-22.976
209.76	-4.676
210.13	18.471
210.50	19.773
210.86	27.497
211.23	17.124
211.60	28.425
211.96	21.592
212.33	24.140
212.70	12.829
213.07	21.389
213.43	12.983
213.80	11.192
214.17	6.222
214.53	-5.161
214.90	-23.675
215.27	-12.930
215.63	-20.408
216.00	-22.589
216.37	-7.450
216.74	-9.329
217.10	-0.360
217.47	6.818
217.84	0.268
218.20	3.996
218.57	-3.803
218.94	10.364
219.30	9.474
219.67	5.796
220.04	15.630
220.40	10.773
220.77	16.899
221.13	14.550
221.50	15.414
221.87	14.347
222.23	8.475
222.60	13.545
222.97	12.714
223.33	11.718
223.70	11.071
224.07	8.531
224.43	7.590
224.80	6.032
225.16	5.462
225.53	4.386
225.90	3.499
226.26	5.177
226.63	4.754
226.99	3.677
227.36	3.105
227.73	3.992
228.09	3.246
228.46	3.422
228.82	3.046
229.19	2.435
229.56	2.532
229.92	3.457
230.29	2.116
230.65	3.374
231.02	5.029
231.38	5.716
231.75	3.726
232.12	4.761
232.48	5.177
232.85	5.083
233.21	5.058
233.58	3.725
233.94	2.676
234.31	2.048
234.68	0.500
235.04	0.117
235.41	-0.611
235.77	-0.321
236.14	-1.657
236.50	-2.980
236.87	-2.032
237.23	-1.083
237.60	0.548
237.96	1.310
238.33	2.010
238.69	2.317
239.06	2.022
239.42	2.863
239.79	3.583
240.15	3.825
240.52	4.045
240.88	3.993
241.25	3.913
241.61	3.564
241.98	3.739
242.34	4.315
242.71	4.177
243.07	4.271
243.44	3.735
243.80	3.771
244.17	3.985
244.53	3.937
244.90	3.971
245.26	4.242
245.63	4.463
245.99	4.530
246.36	4.296
246.72	4.301
247.09	4.164
247.45	3.999
247.81	3.762
248.18	3.492
248.54	3.284
248.91	3.211
249.27	2.924
249.64	3.009
250.00	2.871
250.36	3.333
250.73	3.276
251.09	3.726
251.46	4.203
251.82	4.259
252.19	4.742
252.55	5.361
252.91	5.370
253.28	5.276
253.64	4.684
254.01	4.576
254.37	3.757
254.73	4.013
255.10	3.630
255.46	3.621
255.83	3.850
256.19	3.961
256.55	3.797
256.92	4.019
257.28	4.028
257.65	4.043
258.01	4.067
258.37	4.085
258.74	4.129
259.10	4.177
259.46	4.231
259.83	4.200
260.19	3.995
260.55	4.123
260.92	4.105
261.28	4.193
261.64	4.271
262.01	4.263
262.37	4.366
262.73	4.206
263.10	4.084
263.46	4.320
263.82	4.470
264.19	4.480
264.55	4.609
264.91	4.661
265.28	4.667
265.64	4.749
266.00	4.620
266.37	4.767
266.73	4.757
267.09	4.843
267.46	4.698
267.82	4.491
268.18	4.312
268.54	4.013
268.91	3.725
269.27	3.716
269.63	3.711
270.00	3.604
270.36	3.440
270.72	3.432
271.08	3.355
271.45	3.241
271.81	3.355
272.17	3.606
272.53	3.844
272.90	3.895
273.26	3.600
273.62	3.538
273.98	3.806
274.35	3.931
274.71	4.009
275.07	4.077
275.43	3.958
275.80	3.890
276.16	3.633
276.52	3.519
276.88	3.322
277.25	3.470
277.61	3.523
277.97	3.310
278.33	3.141
278.69	3.072
279.06	2.865
279.42	3.008
279.78	2.950
280.14	3.137
280.50	2.948
280.87	3.079
281.23	3.211
281.59	3.128
281.95	3.137
282.31	3.114
282.68	3.120
283.04	3.444
283.40	3.519
283.76	3.549
284.12	3.526
284.48	3.508
284.85	3.432
285.21	3.386
285.57	3.367
285.93	3.394
286.29	3.432
286.65	3.351
287.02	3.204
287.38	3.072
287.74	3.121
288.10	3.055
288.46	3.193
288.82	3.430
289.18	3.449
289.54	3.639
289.91	3.658
290.27	3.628
290.63	3.811
290.99	3.824
291.35	3.799
291.71	3.675
292.07	3.828
292.43	3.924
292.79	3.573
293.16	3.521
293.52	3.351
293.88	3.389
294.24	3.541
294.60	3.466
294.96	3.458
295.32	3.618
295.68	3.717
296.04	3.709
296.40	3.690
296.76	3.828
297.12	3.801
297.49	3.858
297.85	3.882
298.21	3.788
298.57	3.934
298.93	3.976
299.29	4.031
299.65	4.086
300.01	3.963
300.37	4.015
300.73	4.094
301.09	4.181
301.45	4.284
301.81	4.443
302.17	4.586
302.53	4.572
302.89	4.619
303.25	4.588
303.61	4.550
303.97	4.706
304.33	4.536
304.69	4.687
305.05	4.704
305.41	4.641
305.77	4.589
306.13	4.509
306.49	4.484
306.85	4.508
307.21	4.483
307.57	4.496
307.93	4.453
308.29	4.590
308.65	4.675
309.01	4.730
309.37	4.769
309.73	4.782
310.09	4.832
310.45	4.953
310.81	5.018
311.17	4.997
311.53	5.160
311.89	5.188
312.25	5.239
312.61	5.121
312.96	5.121
313.32	5.137
313.68	5.004
314.04	5.028
314.40	4.964
314.76	5.014
315.12	5.108
315.48	5.031
315.84	5.116
316.20	5.038
316.56	5.093
316.92	5.166
317.27	5.169
317.63	5.261
317.99	5.169
318.35	5.221
318.71	5.259
319.07	5.354
319.43	5.318
319.79	5.400
320.15	5.385
320.50	5.414
320.86	5.368
321.22	5.365
321.58	5.276
321.94	5.328
322.30	5.212
322.66	5.137
323.01	5.090
323.37	5.137
323.73	4.992
324.09	4.954
324.45	4.914
324.81	4.907
325.17	4.882
325.52	4.909
325.88	4.890
326.24	4.828
326.60	4.751
326.96	4.718
327.31	4.576
327.67	4.612
328.03	4.747
328.39	4.807
328.75	4.894
329.11	4.987
329.46	5.102
329.82	5.237
330.18	5.360
330.54	5.411
330.90	5.424
331.25	5.419
331.61	5.405
331.97	5.266
332.33	5.141
332.68	4.994
333.04	4.914
333.40	4.888
333.76	4.810
334.11	4.736
334.47	4.729
334.83	4.714
335.19	4.738
335.54	4.732
335.90	4.823
336.26	4.894
336.62	4.952
336.97	4.901
337.33	4.895
337.69	4.865
338.05	4.860
338.40	4.888
338.76	4.744
339.12	4.768
339.48	4.732
339.83	4.661
340.19	4.554
340.55	4.609
340.90	4.668
341.26	4.638
341.62	4.593
341.97	4.634
342.33	4.516
342.69	4.772
343.04	4.691
343.40	4.707
343.76	4.729
344.12	4.753
344.47	4.693
344.83	4.579
345.19	4.525
345.54	4.585
345.90	4.629
346.26	4.693
346.61	4.482
346.97	4.628
347.32	4.662
347.68	4.730
348.04	4.744
348.39	4.718
348.75	4.801
349.11	4.884
349.46	4.814
349.82	4.779
350.18	4.737
350.53	4.789
350.89	4.742
351.24	4.725
351.60	4.580
351.96	4.580
352.31	4.562
352.67	4.570
353.02	4.472
353.38	4.495
353.74	4.536
354.09	4.529
354.45	4.608
354.80	4.600
355.16	4.613
355.52	4.702
355.87	4.743
356.23	4.733
356.58	4.697
356.94	4.693
357.29	4.765
357.65	4.680
358.00	4.685
358.36	4.584
358.72	4.549
359.07	4.480
359.43	4.430
359.78	4.401
360.14	4.440
360.49	4.439
360.85	4.481
361.20	4.388
361.56	4.341
361.91	4.273
362.27	4.287
362.62	4.292
362.98	4.317
363.33	4.274
363.69	4.278
364.04	4.220
364.40	4.207
364.75	4.176
365.11	4.202
365.46	4.261
365.82	4.281
366.17	4.263
366.53	4.200
366.88	4.191
367.24	4.196
367.59	4.145
367.95	4.160
368.30	4.212
368.66	4.214
369.01	4.202
369.37	4.198
369.72	4.215
370.08	4.252
370.43	4.279
370.78	4.260
371.14	4.333
371.49	4.346
371.85	4.345
372.20	4.326
372.56	4.379
372.91	4.350
373.26	4.346
373.62	4.423
373.97	4.396
374.33	4.408
374.68	4.425
375.03	4.406
375.39	4.362
375.74	4.350
376.10	4.355
376.45	4.295
376.80	4.354
377.16	4.347
377.51	4.309
377.87	4.314
378.22	4.329
378.57	4.357
378.93	4.383
379.28	4.510
379.63	4.529
379.99	4.509
380.34	4.541
380.70	4.556
381.05	4.584
381.40	4.621
381.76	4.664
382.11	4.683
382.46	4.730
382.82	4.723
383.17	4.711
383.52	4.792
383.88	4.855
384.23	4.872
384.58	4.867
384.94	4.880
385.29	4.866
385.64	4.803
385.99	4.790
386.35	4.722
386.70	4.702
387.05	4.654
387.41	4.608
387.76	4.616
388.11	4.630
388.47	4.643
388.82	4.686
389.17	4.712
389.52	4.784
389.88	4.796
390.23	4.859
390.58	4.907
390.93	4.947
391.29	4.950
391.64	4.954
391.99	4.997
392.34	5.017
392.70	5.020
393.05	5.006
393.40	4.966
393.75	4.998
394.11	4.958
394.46	4.952
394.81	4.926
395.16	4.931
395.52	4.874
395.87	4.821
396.22	4.737
396.57	4.667
396.92	4.590
397.28	4.604
397.63	4.538
397.98	4.489
398.33	4.460
398.68	4.474
399.04	4.446
399.39	4.492
399.74	4.449
400.09	4.471
400.44	4.484
400.80	4.552
401.15	4.524
401.50	4.572
401.85	4.624
402.20	4.625
402.55	4.627
402.90	4.637
403.26	4.628
403.61	4.697
403.96	4.737
404.31	4.759
404.66	4.756
405.01	4.787
405.36	4.766
405.72	4.744
406.07	4.725
406.42	4.745
406.77	4.791
407.12	4.762
407.47	4.742
407.82	4.724
408.17	4.738
408.53	4.736
408.88	4.710
409.23	4.727
409.58	4.734
409.93	4.753
410.28	4.742
410.63	4.712
410.98	4.733
411.33	4.735
411.68	4.731
412.03	4.716
412.38	4.751
412.73	4.831
413.09	4.888
413.44	4.929
413.79	4.997
414.14	5.057
414.49	5.103
414.84	5.143
415.19	5.205
415.54	5.290
415.89	5.351
416.24	5.371
416.59	5.402
416.94	5.427
417.29	5.488
417.64	5.512
417.99	5.522
418.34	5.582
418.69	5.621
419.04	5.654
419.39	5.684
419.74	5.714
420.09	5.746
420.44	5.774
420.79	5.790
421.14	5.792
421.49	5.804
421.84	5.826
422.19	5.807
422.54	5.814
422.89	5.815
423.24	5.818
423.59	5.794
423.94	5.789
424.29	5.770
424.64	5.772
424.99	5.785
425.34	5.800
425.68	5.795
426.03	5.791
426.38	5.778
426.73	5.762
427.08	5.735
427.43	5.766
427.78	5.790
428.13	5.804
428.48	5.828
428.83	5.825
429.18	5.836
429.53	5.859
429.87	5.888
430.22	5.917
430.57	5.959
430.92	5.975
431.27	6.004
431.62	6.028
431.97	6.048
432.32	6.068
432.67	6.078
433.01	6.081
433.36	6.091
433.71	6.123
434.06	6.149
434.41	6.151
434.76	6.202
435.11	6.231
435.45	6.261
435.80	6.293
436.15	6.313
436.50	6.347
436.85	6.393
437.20	6.426
437.54	6.453
437.89	6.475
438.24	6.496
438.59	6.489
438.94	6.478
439.29	6.496
439.63	6.486
439.98	6.494
440.33	6.513
440.68	6.528
441.03	6.519
441.37	6.492
441.72	6.507
442.07	6.517
442.42	6.535
442.76	6.566
443.11	6.568
443.46	6.600
443.81	6.615
444.16	6.627
444.50	6.623
444.85	6.627
445.20	6.660
445.55	6.636
445.89	6.612
446.24	6.585
446.59	6.548
446.94	6.515
447.28	6.467
447.63	6.422
447.98	6.386
448.32	6.353
448.67	6.330
449.02	6.286
449.37	6.286
449.71	6.306
450.06	6.310
450.41	6.350
450.75	6.368
451.10	6.395
451.45	6.407
451.79	6.399
452.14	6.406
452.49	6.405
452.84	6.413
453.18	6.417
453.53	6.397
453.88	6.417
454.22	6.411
454.57	6.449
454.92	6.493
455.26	6.529
455.61	6.592
455.95	6.634
456.30	6.704
456.65	6.738
456.99	6.775
457.34	6.824
457.69	6.851
458.03	6.882
458.38	6.907
458.73	6.912
459.07	6.926
459.42	6.921
459.76	6.924
460.11	6.892
460.46	6.862
460.80	6.859
461.15	6.846
461.49	6.839
461.84	6.811
462.19	6.796
462.53	6.809
462.88	6.833
463.22	6.847
463.57	6.878
463.91	6.934
464.26	6.994
464.61	7.020
464.95	7.057
465.30	7.087
465.64	7.153
465.99	7.158
466.33	7.147
466.68	7.142
467.02	7.140
467.37	7.141
467.71	7.119
468.06	7.137
468.41	7.146
468.75	7.144
469.10	7.129
469.44	7.109
469.79	7.121
470.13	7.138
470.48	7.127
470.82	7.145
471.17	7.141
471.51	7.156
471.86	7.137
472.20	7.123
472.55	7.154
472.89	7.168
473.23	7.160
473.58	7.149
473.92	7.171
474.27	7.204
474.61	7.195
474.96	7.211
475.30	7.229
475.65	7.238
475.99	7.256
476.34	7.253
476.68	7.264
477.02	7.290
477.37	7.319
477.71	7.343
478.06	7.384
478.40	7.472
478.75	7.578
479.09	7.711
479.43	7.884
479.78	8.071
480.12	8.259
480.47	8.446
480.81	8.634
481.15	8.816
481.50	9.002
481.84	9.210
482.19	9.438
482.53	9.640
482.87	9.779
483.22	9.812
483.56	9.750
483.90	9.624
484.25	9.462
484.59	9.264
484.94	9.116
485.28	8.978
485.62	8.810
485.97	8.604
486.31	8.409
486.65	8.263
487.00	8.206
487.34	8.218
487.68	8.277
488.03	8.370
488.37	8.476
488.71	8.525
489.06	8.533
489.40	8.531
489.74	8.522
490.09	8.519
490.43	8.511
490.77	8.498
491.11	8.488
491.46	8.478
491.80	8.459
492.14	8.471
492.49	8.455
492.83	8.431
493.17	8.412
493.51	8.409
493.86	8.435
494.20	8.467
494.54	8.515
494.88	8.565
495.23	8.612
495.57	8.665
495.91	8.691
496.25	8.733
496.60	8.796
496.94	8.849
497.28	8.895
497.62	8.920
497.97	8.936
498.31	8.961
498.65	9.012
498.99	9.068
499.33	9.129
499.68	9.176
500.02	9.255
500.36	9.314
500.70	9.381
501.04	9.457
501.39	9.528
501.73	9.623
502.07	9.710
502.41	9.788
502.75	9.844
503.09	9.917
503.44	10.021
503.78	10.094
504.12	10.162
504.46	10.239
504.80	10.321
505.14	10.422
505.49	10.504
505.83	10.584
506.17	10.651
506.51	10.742
506.85	10.815
507.19	10.877
507.53	10.956
507.87	11.043
508.22	11.117
508.56	11.170
508.90	11.212
509.24	11.260
509.58	11.311
509.92	11.354
510.26	11.414
510.60	11.478
510.94	11.521
511.28	11.557
511.63	11.632
511.97	11.689
512.31	11.767
512.65	11.825
512.99	11.919
513.33	12.019
513.67	12.123
514.01	12.204
514.35	12.291
514.69	12.403
515.03	12.511
515.37	12.586
515.71	12.665
516.05	12.736
516.39	12.831
516.73	12.857
517.07	12.901
517.41	12.950
517.75	13.000
518.09	13.025
518.43	13.046
518.77	13.060
519.11	13.073
519.45	13.107
519.79	13.138
520.13	13.156
520.47	13.216
520.81	13.253
521.15	13.302
521.49	13.356
521.83	13.444
522.17	13.512
522.51	13.608
522.85	13.714
523.19	13.826
523.53	13.963
523.87	14.135
524.21	14.308
524.55	14.484
524.89	14.625
525.23	14.759
525.57	14.871
525.91	14.994
526.25	15.093
526.58	15.187
526.92	15.264
527.26	15.320
527.60	15.351
527.94	15.356
528.28	15.351
528.62	15.349
528.96	15.351
529.30	15.334
529.64	15.311
529.97	15.283
530.31	15.249
530.65	15.226
530.99	15.210
531.33	15.193
531.67	15.202
532.01	15.230
532.35	15.251
532.68	15.238
533.02	15.251
533.36	15.258
533.70	15.261
534.04	15.260
534.38	15.258
534.71	15.261
535.05	15.267
535.39	15.285
535.73	15.269
536.07	15.287
536.41	15.339
536.74	15.392
537.08	15.432
537.42	15.513
537.76	15.604
538.10	15.687
538.43	15.780
538.77	15.868
539.11	15.937
539.45	15.999
539.79	16.036
540.12	16.074
540.46	16.115
540.80	16.142
541.14	16.143
541.47	16.133
541.81	16.131
542.15	16.095
542.49	16.071
542.82	16.036
543.16	16.015
543.50	15.987
543.84	15.969
544.17	15.967
544.51	15.967
544.85	15.969
545.18	15.986
545.52	15.978
545.86	15.999
546.20	16.000
546.53	16.030
546.87	16.053
547.21	16.073
547.54	16.098
547.88	16.088
548.22	16.115
548.55	16.144
548.89	16.151
549.23	16.166
549.56	16.185
549.90	16.216
550.24	16.229
550.57	16.236
550.91	16.288
551.25	16.295
551.58	16.306
551.92	16.323
552.26	16.357
552.59	16.378
552.93	16.420
553.27	16.424
553.60	16.448
553.94	16.469
554.27	16.502
554.61	16.509
554.95	16.544
555.28	16.584
555.62	16.634
555.95	16.645
556.29	16.676
556.63	16.723
556.96	16.764
557.30	16.783
557.63	16.832
557.97	16.838
558.31	16.842
558.64	16.875
558.98	16.894
559.31	16.897
559.65	16.940
559.98	16.965
560.32	16.970
560.65	16.998
560.99	17.038
561.33	17.051
561.66	17.107
562.00	17.178
562.33	17.200
562.67	17.240
563.00	17.251
563.34	17.258
563.67	17.303
564.01	17.345
564.34	17.380
564.68	17.436
565.01	17.460
565.35	17.489
565.68	17.513
566.02	17.522
566.35	17.542
566.69	17.587
567.02	17.650
567.36	17.677
567.69	17.686
568.03	17.709
568.36	17.709
568.69	17.754
569.03	17.760
569.36	17.747
569.70	17.786
570.03	17.794
570.37	17.802
570.70	17.807
571.04	17.819
571.37	17.842
571.70	17.855
572.04	17.881
572.37	17.895
572.71	17.926
573.04	17.973
573.37	18.001
573.71	18.035
574.04	18.064
574.38	18.096
574.71	18.125
575.04	18.143
575.38	18.181
575.71	18.180
576.05	18.164
576.38	18.168
576.71	18.137
577.05	18.146
577.38	18.158
577.71	18.154
578.05	18.125
578.38	18.117
578.71	18.125
579.05	18.107
579.38	18.121
579.71	18.133
580.05	18.164
580.38	18.238
580.71	18.243
581.05	18.262
581.38	18.314
581.71	18.364
582.05	18.370
582.38	18.378
582.71	18.434
583.04	18.482
583.38	18.508
583.71	18.554
584.04	18.562
584.38	18.587
584.71	18.595
585.04	18.607
585.37	18.614
585.71	18.654
586.04	18.678
586.37	18.672
586.70	18.679
587.04	18.714
587.37	18.691
587.70	18.706
588.03	18.694
588.37	18.704
588.70	18.688
589.03	18.720
589.36	18.731
589.69	18.748
590.03	18.777
590.36	18.764
590.69	18.772
591.02	18.779
591.35	18.811
591.69	18.854
592.02	18.905
592.35	18.921
592.68	18.905
593.01	18.931
593.35	18.968
593.68	18.966
594.01	19.050
594.34	19.059
594.67	19.091
595.00	19.084
595.34	19.091
595.67	19.087
596.00	19.107
596.33	19.140
596.66	19.139
596.99	19.110
597.32	19.164
597.65	19.136
597.99	19.133
598.32	19.094
598.65	19.095
598.98	19.115
599.31	19.100
599.64	19.095
599.97	19.078
600.30	19.072
600.63	19.075
600.96	19.032
601.30	19.019
601.63	19.052
601.96	19.093
602.29	19.130
602.62	19.153
602.95	19.192
603.28	19.216
603.61	19.243
603.94	19.263
604.27	19.284
604.60	19.301
604.93	19.323
605.26	19.312
605.59	19.308
605.92	19.305
606.25	19.259
606.58	19.220
606.91	19.253
607.24	19.256
607.57	19.243
607.90	19.252
608.23	19.265
608.56	19.252
608.89	19.269
609.22	19.291
609.55	19.278
609.88	19.289
610.21	19.330
610.54	19.303
610.87	19.286
611.20	19.279
611.53	19.263
611.86	19.270
612.19	19.265
612.52	19.269
612.85	19.256
613.18	19.249
613.51	19.285
613.84	19.292
614.17	19.309
614.49	19.342
614.82	19.375
615.15	19.402
615.48	19.405
615.81	19.374
616.14	19.366
616.47	19.331
616.80	19.293
617.13	19.264
617.46	19.219
617.78	19.223
618.11	19.233
618.44	19.216
618.77	19.183
619.10	19.178
619.43	19.230
619.76	19.213
620.09	19.268
620.41	19.301
620.74	19.308
621.07	19.320
621.40	19.286
621.73	19.254
622.06	19.278
622.38	19.343
622.71	19.373
623.04	19.335
623.37	19.360
623.70	19.334
624.02	19.383
624.35	19.394
624.68	19.411
625.01	19.428
625.34	19.421
625.66	19.429
625.99	19.395
626.32	19.333
626.65	19.372
626.98	19.363
627.30	19.384
627.63	19.326
627.96	19.307
628.29	19.275
628.61	19.250
628.94	19.263
629.27	19.224
629.60	19.260
629.92	19.296
630.25	19.262
630.58	19.254
630.91	19.246
631.23	19.268
631.56	19.283
631.89	19.280
632.21	19.294
632.54	19.311
632.87	19.300
633.19	19.238
633.52	19.256
633.85	19.224
634.18	19.178
634.50	19.187
634.83	19.138
635.16	19.106
635.48	19.081
635.81	19.036
636.14	18.946
636.46	18.906
636.79	18.898
637.11	18.884
637.44	18.934
637.77	18.969
638.09	18.935
638.42	18.952
638.75	18.982
639.07	18.979
639.40	18.959
639.73	18.984
640.05	18.996
640.38	18.915
640.70	18.846
641.03	18.803
641.36	18.836
641.68	18.773
642.01	18.746
642.33	18.688
642.66	18.712
642.98	18.728
643.31	18.709
643.64	18.743
643.96	18.795
644.29	18.858
644.61	18.834
644.94	18.795
645.26	18.817
645.59	18.821
645.91	18.837
646.24	18.838
646.56	18.842
646.89	18.834
647.22	18.769
647.54	18.798
647.87	18.747
648.19	18.808
648.52	18.751
648.84	18.760
649.17	18.801
649.49	18.789
649.82	18.781
650.14	18.755
650.47	18.753
650.79	18.779
651.11	18.759
651.44	18.760
651.76	18.638
652.09	18.620
652.41	18.571
652.74	18.484
653.06	18.473
653.39	18.389
653.71	18.375
654.04	18.364
654.36	18.336
654.68	18.324
655.01	18.290
655.33	18.342
655.66	18.295
655.98	18.296
656.30	18.309
656.63	18.334
656.95	18.372
657.28	18.350
657.60	18.296
657.92	18.254
658.25	18.197
658.57	18.167
658.90	18.104
659.22	18.076
659.54	18.000
659.87	17.945
660.19	17.816
660.51	17.716
660.84	17.655
661.16	17.615
661.48	17.585
661.81	17.534
662.13	17.439
662.45	17.372
662.78	17.355
663.10	17.311
663.42	17.255
663.75	17.229
664.07	17.169
664.39	17.118
664.72	17.062
665.04	17.050
665.36	16.991
665.69	17.019
666.01	17.029
666.33	17.047
666.65	17.061
666.98	17.096
667.30	17.072
667.62	17.025
667.94	17.008
668.27	17.017
668.59	16.919
668.91	16.836
669.23	16.695
669.56	16.618
669.88	16.556
670.20	16.458
670.52	16.314
670.85	16.255
671.17	16.241
671.49	16.219
671.81	16.093
672.13	16.097
672.46	16.133
672.78	16.182
673.10	16.158
673.42	16.062
673.74	16.031
674.07	16.033
674.39	15.992
674.71	15.893
675.03	15.762
675.35	15.712
675.67	15.708
676.00	15.745
676.32	15.696
676.64	15.696
676.96	15.738
677.28	15.783
677.60	15.763
677.92	15.795
678.25	15.850
678.57	15.925
678.89	16.020
679.21	15.982
679.53	15.896
679.85	15.908
680.17	15.844
680.49	15.761
680.81	15.707
681.13	15.658
681.46	15.530
681.78	15.480
682.10	15.371
682.42	15.305
682.74	15.303
683.06	15.407
683.38	15.384
683.70	15.394
684.02	15.468
684.34	15.481
684.66	15.573
684.98	15.639
685.30	15.748
685.62	15.801
685.94	15.696
686.26	15.638
686.58	15.501
686.90	15.442
687.22	15.430
687.54	15.312
687.86	15.243
688.18	15.132
688.50	15.065
688.82	14.892
689.14	14.801
689.46	14.852
689.78	14.778
690.10	14.707
690.42	14.594
690.74	14.552
691.06	14.441
691.38	14.316
691.70	14.241
692.02	14.189
692.34	14.052
692.66	13.960
692.98	13.794
693.30	13.739
693.62	13.700
693.94	13.740
694.26	13.715
694.57	13.826
694.89	13.879
695.21	13.973
695.53	14.044
695.85	14.181
696.17	14.298
696.49	14.441
696.81	14.531
697.13	14.616
697.44	14.631
697.76	14.609
698.08	14.552
698.40	14.519
698.72	14.310
699.04	14.165
699.36	13.976
699.67	13.757
699.99	13.353
700.31	13.011
700.63	12.599
700.95	12.279
701.27	11.966
701.58	11.624
701.90	11.244
702.22	11.043
702.54	10.688
702.86	10.531
703.17	10.342
703.49	10.338
703.81	10.299
704.13	10.258
704.45	10.168
704.76	10.167
705.08	10.208
705.40	10.265
705.72	10.251
706.03	10.301
706.35	10.190
706.67	10.169
706.99	10.158
707.30	10.057
707.62	10.016
707.94	9.967
708.26	9.929
708.57	9.943
708.89	9.848
709.21	9.822
709.53	9.780
709.84	9.783
710.16	9.744
710.48	9.751
710.79	9.744
711.11	9.939
711.43	9.895
711.74	9.977
712.06	10.004
712.38	10.182
712.69	10.250
713.01	10.480
713.33	10.645
713.64	10.895
713.96	11.016
714.28	11.295
714.59	11.325
714.91	11.619
715.23	11.727
715.54	11.859
715.86	12.022
716.17	12.218
716.49	12.273
716.81	12.409
717.12	12.273
717.44	12.232
717.76	12.096
718.07	12.019
718.39	11.773
718.70	11.575
719.02	11.289
719.33	10.987
719.65	10.570
719.97	10.197
720.28	9.929
720.60	9.862
720.91	9.789
721.23	9.774
721.54	9.727
721.86	9.804
722.17	9.790
722.49	9.933
722.81	9.966
723.12	10.046
723.44	10.176
723.75	10.206
724.07	10.096
724.38	10.189
724.70	9.965
725.01	9.801
725.33	9.788
725.64	9.902
725.96	9.815
726.27	9.829
726.59	9.994
726.90	10.039
727.22	9.951
727.53	10.044
727.84	9.929
728.16	10.067
728.47	10.166
728.79	10.050
729.10	9.777
729.42	9.604
729.73	9.294
730.05	8.885
730.36	8.424
730.67	8.055
730.99	7.586
731.30	7.315
731.62	6.897
731.93	6.399
732.24	6.065
732.56	5.738
732.87	5.370
733.19	4.980
733.50	4.714
733.81	4.404
734.13	4.310
734.44	3.938
734.76	3.626
735.07	3.109
735.38	2.676
735.70	2.256
736.01	1.745
736.32	1.475
736.64	1.371
736.95	1.120
737.26	0.976
737.58	0.381
737.89	0.243
738.20	-0.223
738.52	-0.467
738.83	-0.584
739.14	-0.871
739.45	-1.273
739.77	-1.588
740.08	-2.363
740.39	-2.899
740.71	-3.394
741.02	-3.764
741.33	-4.207
741.64	-4.771
741.96	-5.197
742.27	-5.936
742.58	-6.491
742.90	-6.609
743.21	-7.132
743.52	-7.276
743.83	-7.557
744.14	-7.818
744.46	-8.182
744.77	-8.472
745.08	-8.581
745.39	-8.297
745.71	-7.939
746.02	-7.911
746.33	-7.978
746.64	-8.128
746.95	-8.023
747.27	-7.945
747.58	-7.640
747.89	-7.673
748.20	-7.659
748.51	-7.588
748.82	-7.793
749.14	-8.174
749.45	-8.039
749.76	-8.274
750.07	-8.217
750.38	-8.554
750.69	-8.695
751.01	-9.103
751.32	-9.048
751.63	-9.263
751.94	-9.308
752.25	-9.658
752.56	-9.605
752.87	-9.922
753.18	-9.741
753.49	-9.732
753.81	-9.387
754.12	-8.947
754.43	-8.541
754.74	-7.654
755.05	-6.571
755.36	-5.477
755.67	-4.340
755.98	-2.834
756.29	-1.248
756.60	0.200
756.91	1.608
757.22	3.171
757.53	4.574
757.84	6.047
758.15	7.470
758.46	8.799
758.77	9.928
759.09	11.153
759.40	11.861
759.71	12.478
760.02	12.872
760.33	13.353
760.64	13.521
760.95	13.540
761.26	13.570
761.57	13.295
761.88	12.978
762.18	12.608
762.49	12.231
762.80	11.643
763.11	10.877
763.42	10.148
763.73	9.199
764.04	8.149
764.35	7.016
764.66	5.705
764.97	4.202
765.28	2.434
765.59	0.604
765.90	-1.738
766.21	-3.900
766.52	-5.754
766.83	-7.514
767.14	-9.172
767.44	-10.586
767.75	-12.412
768.06	-14.009
768.37	-15.025
768.68	-16.357
768.99	-17.478
769.30	-18.433
769.61	-19.270
769.91	-19.818
770.22	-20.711
770.53	-21.512
770.84	-22.556
771.15	-22.462
771.46	-22.791
771.77	-23.780
772.07	-23.329
772.38	-23.814
772.69	-24.017
773.00	-24.040
773.31	-24.792
773.61	-25.360
773.92	-25.468
774.23	-25.220
774.54	-25.987
774.85	-25.670
775.15	-25.567
775.46	-26.022
775.77	-25.531
776.08	-24.990
776.39	-24.928
776.69	-24.519
777.00	-24.007
777.31	-23.777
777.62	-23.555
777.92	-23.215
778.23	-24.389
778.54	-23.977
778.85	-24.149
779.15	-23.976
779.46	-24.473
779.77	-24.739
780.07	-24.924
780.38	-25.428
780.69	-26.228
781.00	-26.760
781.30	-26.776
781.61	-25.874
781.92	-26.459
782.22	-26.094
782.53	-26.682
782.84	-25.974
783.14	-25.395
783.45	-24.775
783.76	-23.828
784.06	-22.362
784.37	-21.149
784.68	-20.032
784.98	-19.137
785.29	-17.384
785.60	-16.314
785.90	-14.902
786.21	-14.104
786.51	-12.890
786.82	-11.503
787.13	-10.845
787.43	-10.473
787.74	-9.724
788.04	-9.175
788.35	-9.286
788.66	-9.922
788.96	-10.305
789.27	-10.705
789.57	-11.025
789.88	-12.131
790.19	-12.931
790.49	-13.330
790.80	-13.945
791.10	-15.108
791.41	-15.199
791.71	-14.698
792.02	-14.232
792.32	-14.244
792.63	-13.691
792.93	-12.882
793.24	-12.530
793.54	-12.136
793.85	-11.406
794.15	-10.575
794.46	-9.803
794.76	-9.923
795.07	-9.686
795.37	-9.840
795.68	-8.505
795.98	-8.934
796.29	-9.193
796.59	-8.886
796.90	-9.565
797.20	-9.485
797.51	-9.670
797.81	-9.473
798.12	-9.142
798.42	-9.299
798.72	-8.647
799.03	-9.883
799.33	-9.469
799.64	-9.732
799.94	-9.389
800.25	-9.456
800.55	-9.473
800.85	-9.516
801.16	-9.506
801.46	-9.206
801.77	-9.484
802.07	-9.893
802.37	-9.186
802.68	-9.572
802.98	-9.875
803.28	-9.909
803.59	-9.608
803.89	-10.080
804.20	-10.032
804.50	-10.642
804.80	-11.282
805.11	-11.352
805.41	-11.228
805.71	-11.396
806.02	-10.474
806.32	-9.956
806.62	-9.900
806.93	-10.449
807.23	-9.703
807.53	-9.680
807.83	-9.874
808.14	-9.573
808.44	-9.281
808.74	-9.903
809.05	-9.815
809.35	-9.702
809.65	-9.741
809.95	-9.119
810.26	-7.748
810.56	-7.305
810.86	-6.049
811.16	-4.980
811.47	-4.395
811.77	-3.810
812.07	-2.538
812.37	-1.724
812.68	-1.673
812.98	-0.656
813.28	-0.180
813.58	0.648
813.88	1.080
814.19	1.619
814.49	2.501
814.79	2.917
815.09	3.991
815.39	5.226
815.70	5.536
816.00	6.570
816.30	6.909
816.60	7.419
816.90	7.804
817.20	8.354
817.50	9.211
817.81	10.740
818.11	11.870
818.41	12.652
818.71	13.256
819.01	14.173
819.31	14.718
819.61	15.233
819.92	15.798
820.22	15.975
820.52	16.269
820.82	16.496
821.12	16.595
821.42	16.796
821.72	16.956
822.02	17.017
822.32	16.982
822.62	16.933
822.92	16.799
823.22	16.556
823.52	16.554
823.83	16.489
824.13	16.348
824.43	16.241
824.73	16.015
825.03	15.896
825.33	15.740
825.63	15.489
825.93	15.342
826.23	15.380
826.53	15.370
826.83	15.259
827.13	15.141
827.43	15.105
827.73	14.735
828.03	14.323
828.33	13.795
828.63	13.412
828.93	12.887
829.23	12.321
829.53	11.612
829.83	10.803
830.13	10.331
830.42	9.706
830.72	9.564
831.02	9.571
831.32	9.858
831.62	10.053
831.92	10.383
832.22	10.882
832.52	11.153
832.82	11.550
833.12	11.846
833.42	12.141
833.72	11.922
834.01	11.130
834.31	10.956
834.61	10.191
834.91	9.586
835.21	8.922
835.51	8.145
835.81	6.945
836.11	6.071
836.40	4.234
836.70	2.788
837.00	1.829
837.30	1.465
837.60	0.160
837.90	-0.045
838.19	-0.791
838.49	-2.588
838.79	-3.852
839.09	-3.878
839.39	-5.527
839.68	-5.243
839.98	-6.070
840.28	-6.985
840.58	-8.722
840.88	-11.082
841.17	-12.136
841.47	-15.331
841.77	-15.482
842.07	-18.566
842.36	-22.770
842.66	-24.744
842.96	-29.988
843.26	-33.899
843.55	-35.331
843.85	-37.297
844.15	-39.257
844.45	-39.139
844.74	-37.466
845.04	-40.896
845.34	-38.010
845.63	-37.220
845.93	-41.561
846.23	-41.601
846.53	-45.707
846.82	-51.899
847.12	-56.026
847.42	-50.841
847.71	-55.103
848.01	-55.853
848.31	-52.397
848.60	-51.544
848.90	-50.588
849.19	-45.110
849.49	-45.009
849.79	-43.726
850.08	-46.213
850.38	-44.252
850.68	-48.076
850.97	-47.671
851.27	-48.936
851.56	-52.955
851.86	-54.520
852.16	-53.527
852.45	-57.081
852.75	-55.503
853.04	-54.464
853.34	-45.901
853.64	-42.983
853.93	-36.933
854.23	-38.517
854.52	-36.864
854.82	-34.786
855.11	-34.668
855.41	-36.065
855.70	-33.411
856.00	-37.045
856.30	-37.622
856.59	-38.472
856.89	-42.966
857.18	-49.074
857.48	-48.113
857.77	-49.432
858.07	-48.238
858.36	-52.466
858.66	-55.747
858.95	-59.177
859.25	-54.696
859.54	-56.239
859.84	-58.340
860.13	-53.144
860.42	-47.489
860.72	-49.793
861.01	-50.033
861.31	-49.719
861.60	-42.233
861.90	-39.202
862.19	-36.067
862.49	-35.720
862.78	-32.459
863.07	-28.821
863.37	-25.560
863.66	-28.299
863.96	-23.894
864.25	-20.791
864.54	-21.803
864.84	-24.425
865.13	-23.543
865.43	-21.762
865.72	-22.747
866.01	-44.014
866.31	-40.501
866.60	-36.364
866.89	4.297
