180.30	0.000
180.67	0.000
181.03	-244.321
181.40	189.050
181.77	7.829
182.14	54.947
182.51	333.573
182.88	39.123
183.25	-25.851
183.62	182.614
183.99	69.347
184.36	41.515
184.73	19.254
185.10	166.467
185.46	184.456
185.83	269.011
186.20	62.107
186.57	-541.565
186.94	-5619.758
187.31	-78.318
187.68	-10.746
188.05	85.721
188.42	67.700
188.78	220.318
189.15	51.631
189.52	16.159
189.89	-0.270
190.26	-25.172
190.63	-50.396
191.00	-64.003
191.37	-114.568
191.73	-112.590
192.10	-205.435
192.47	-555.255
192.84	-157.234
193.21	-15664.258
193.58	418.077
193.94	118.197
194.31	110.104
194.68	42.256
195.05	-70.743
195.42	-469.736
195.79	-220.207
196.15	-50.876
196.52	-20.142
196.89	27.134
197.26	529.889
197.63	49.479
198.00	-57.875
198.36	-144.627
198.73	-147.298
199.10	-120.029
199.47	-163.483
199.84	-130.228
200.20	-17.523
200.57	27.755
200.94	48.175
201.31	49.843
201.68	25.175
202.04	40.261
202.41	54.890
202.78	43.081
203.15	24.097
203.51	-42.430
203.88	-61.485
204.25	-108.470
204.62	-205.222
204.98	-124.379
205.35	-52.221
205.72	-45.616
206.09	-196.745
206.46	-82.407
206.82	-33.054
207.19	3.963
207.56	28.986
207.92	19.929
208.29	28.700
208.66	34.515
209.03	32.660
209.39	21.434
209.76	20.762
210.13	29.055
210.50	34.135
210.86	39.453
211.23	41.853
211.60	33.141
211.96	49.400
212.33	50.365
212.70	40.447
213.07	30.374
213.43	29.047
213.80	13.711
214.17	-5.643
214.53	-2.665
214.90	12.708
215.27	5.151
215.63	7.640
216.00	0.452
216.37	3.470
216.74	-1.871
217.10	19.920
217.47	13.375
217.84	26.369
218.20	32.706
218.57	30.046
218.94	25.135
219.30	33.275
219.67	35.488
220.04	28.887
220.40	31.030
220.77	37.839
221.13	29.889
221.50	34.185
221.87	25.866
222.23	25.280
222.60	21.817
222.97	12.315
223.33	6.291
223.70	2.917
224.07	4.843
224.43	1.443
224.80	2.466
225.16	3.005
225.53	2.101
225.90	4.565
226.26	4.725
226.63	5.287
226.99	5.582
227.36	4.506
227.73	4.957
228.09	6.325
228.46	5.840
228.82	5.911
229.19	4.900
229.56	4.981
229.92	2.743
230.29	1.390
230.65	1.056
231.02	0.138
231.38	1.735
231.75	1.108
232.12	-0.619
232.48	0.496
232.85	-1.135
233.21	-0.527
233.58	0.723
233.94	3.063
234.31	4.275
234.68	6.400
235.04	6.730
235.41	6.310
235.77	6.393
236.14	7.103
236.50	5.714
236.87	6.556
237.23	6.558
237.60	5.830
237.96	4.940
238.33	4.740
238.69	4.203
239.06	4.106
239.42	4.332
239.79	3.730
240.15	3.438
240.52	4.306
240.88	4.146
241.25	3.907
241.61	4.234
241.98	4.403
242.34	4.212
242.71	4.105
243.07	4.091
243.44	3.730
243.80	3.905
244.17	4.025
244.53	3.600
244.90	3.531
245.26	3.636
245.63	3.385
245.99	3.501
246.36	3.327
246.72	3.263
247.09	3.487
247.45	3.632
247.81	3.861
248.18	3.724
248.54	3.953
248.91	4.042
249.27	3.951
249.64	3.877
250.00	3.830
250.36	4.433
250.73	4.493
251.09	4.359
251.46	4.830
251.82	4.996
252.19	5.184
252.55	5.379
252.91	5.491
253.28	5.515
253.64	6.046
254.01	6.123
254.37	5.477
254.73	5.086
255.10	4.681
255.46	4.456
255.83	4.100
256.19	3.874
256.55	3.740
256.92	3.460
257.28	3.541
257.65	3.608
258.01	3.663
258.37	3.810
258.74	3.864
259.10	3.899
259.46	3.864
259.83	3.938
260.19	3.976
260.55	3.866
260.92	3.820
261.28	3.981
261.64	3.552
262.01	3.103
262.37	2.892
262.73	2.751
263.10	2.687
263.46	2.437
263.82	2.640
264.19	2.882
264.55	2.963
264.91	3.042
265.28	3.239
265.64	3.634
266.00	3.996
266.37	4.121
266.73	4.421
267.09	4.463
267.46	4.298
267.82	4.054
268.18	3.821
268.54	3.993
268.91	4.272
269.27	3.919
269.63	3.924
270.00	3.608
270.36	3.569
270.72	3.448
271.08	3.360
271.45	3.304
271.81	3.079
272.17	3.133
272.53	3.119
272.90	3.025
273.26	3.116
273.62	2.991
273.98	3.188
274.35	3.023
274.71	2.964
275.07	3.153
275.43	3.209
275.80	3.275
276.16	3.347
276.52	3.191
276.88	2.977
277.25	2.734
277.61	2.945
277.97	3.225
278.33	3.421
278.69	3.252
279.06	3.108
279.42	3.322
279.78	3.390
280.14	3.237
280.50	3.405
280.87	3.534
281.23	3.727
281.59	3.538
281.95	3.420
282.31	3.156
282.68	3.300
283.04	3.421
283.40	3.371
283.76	3.431
284.12	3.566
284.48	3.483
284.85	3.448
285.21	3.174
285.57	3.062
285.93	2.976
286.29	3.182
286.65	3.249
287.02	3.235
287.38	3.312
287.74	3.293
288.10	3.226
288.46	3.139
288.82	3.199
289.18	3.378
289.54	3.691
289.91	3.671
290.27	3.726
290.63	3.585
290.99	3.645
291.35	3.712
291.71	3.871
292.07	4.097
292.43	4.060
292.79	4.006
293.16	3.879
293.52	3.785
293.88	3.661
294.24	3.657
294.60	3.776
294.96	3.818
295.32	3.815
295.68	3.762
296.04	3.554
296.40	3.666
296.76	3.700
297.12	3.796
297.49	3.822
297.85	4.071
298.21	4.046
298.57	4.089
298.93	4.225
299.29	4.151
299.65	4.189
300.01	4.234
300.37	4.169
300.73	4.155
301.09	4.241
301.45	4.207
301.81	4.276
302.17	4.332
302.53	4.212
302.89	4.188
303.25	4.343
303.61	4.403
303.97	4.606
304.33	4.780
304.69	4.830
305.05	4.976
305.41	5.070
305.77	4.999
306.13	5.072
306.49	5.137
306.85	5.095
307.21	5.055
307.57	5.101
307.93	5.090
308.29	5.190
308.65	5.343
309.01	5.276
309.37	5.290
309.73	5.284
310.09	5.374
310.45	5.632
310.81	5.714
311.17	5.715
311.53	5.830
311.89	5.936
312.25	5.933
312.61	5.959
312.96	6.066
313.32	5.999
313.68	6.126
314.04	6.048
314.40	5.982
314.76	5.955
315.12	5.932
315.48	5.880
315.84	5.791
316.20	5.755
316.56	5.665
316.92	5.610
317.27	5.777
317.63	5.773
317.99	5.834
318.35	5.686
318.71	5.753
319.07	5.876
319.43	5.812
319.79	6.004
320.15	6.067
320.50	6.115
320.86	6.144
321.22	6.140
321.58	6.187
321.94	6.335
322.30	6.494
322.66	6.420
323.01	6.435
323.37	6.521
323.73	6.458
324.09	6.530
324.45	6.641
324.81	6.876
325.17	6.950
325.52	7.050
325.88	7.035
326.24	7.093
326.60	7.248
326.96	7.285
327.31	7.360
327.67	7.477
328.03	7.472
328.39	7.539
328.75	7.448
329.11	7.456
329.46	7.477
329.82	7.487
330.18	7.492
330.54	7.580
330.90	7.701
331.25	7.806
331.61	7.841
331.97	7.945
332.33	7.965
332.68	8.054
333.04	8.174
333.40	8.221
333.76	8.226
334.11	8.228
334.47	8.240
334.83	8.297
335.19	8.254
335.54	8.269
335.90	8.237
336.26	8.332
336.62	8.397
336.97	8.325
337.33	8.358
337.69	8.504
338.05	8.620
338.40	8.577
338.76	8.579
339.12	8.595
339.48	8.674
339.83	8.751
340.19	8.596
340.55	8.501
340.90	8.658
341.26	8.670
341.62	8.598
341.97	8.589
342.33	8.708
342.69	8.686
343.04	8.756
343.40	8.696
343.76	8.763
344.12	8.815
344.47	8.871
344.83	8.806
345.19	8.777
345.54	8.837
345.90	8.899
346.26	8.819
346.61	8.919
346.97	8.858
347.32	8.849
347.68	8.778
348.04	8.810
348.39	8.741
348.75	8.708
349.11	8.724
349.46	8.651
349.82	8.487
350.18	8.494
350.53	8.393
350.89	8.481
351.24	8.491
351.60	8.506
351.96	8.501
352.31	8.583
352.67	8.665
353.02	8.650
353.38	8.741
353.74	8.829
354.09	8.867
354.45	8.900
354.80	8.832
355.16	8.855
355.52	8.822
355.87	8.922
356.23	8.936
356.58	8.840
356.94	8.835
357.29	8.798
357.65	8.819
358.00	8.892
358.36	8.914
358.72	8.995
359.07	9.002
359.43	9.017
359.78	9.018
360.14	9.017
360.49	9.109
360.85	9.126
361.20	9.157
361.56	9.137
361.91	9.125
362.27	9.171
362.62	9.161
362.98	9.236
363.33	9.247
363.69	9.285
364.04	9.294
364.40	9.283
364.75	9.350
365.11	9.414
365.46	9.491
365.82	9.511
366.17	9.527
366.53	9.514
366.88	9.424
367.24	9.446
367.59	9.391
367.95	9.433
368.30	9.492
368.66	9.501
369.01	9.469
369.37	9.488
369.72	9.404
370.08	9.386
370.43	9.432
370.78	9.500
371.14	9.560
371.49	9.628
371.85	9.746
372.20	9.732
372.56	9.795
372.91	9.847
373.26	9.903
373.62	10.039
373.97	10.172
374.33	10.307
374.68	10.379
375.03	10.395
375.39	10.400
375.74	10.352
376.10	10.416
376.45	10.392
376.80	10.438
377.16	10.459
377.51	10.461
377.87	10.445
378.22	10.439
378.57	10.463
378.93	10.551
379.28	10.660
379.63	10.712
379.99	10.763
380.34	10.869
380.70	10.888
381.05	10.971
381.40	11.034
381.76	11.051
382.11	11.024
382.46	11.137
382.82	11.158
383.17	11.199
383.52	11.260
383.88	11.326
384.23	11.348
384.58	11.405
384.94	11.417
385.29	11.447
385.64	11.511
385.99	11.602
386.35	11.567
386.70	11.579
387.05	11.590
387.41	11.598
387.76	11.635
388.11	11.692
388.47	11.767
388.82	11.782
389.17	11.833
389.52	11.892
389.88	11.973
390.23	12.084
390.58	12.141
390.93	12.216
391.29	12.317
391.64	12.372
391.99	12.427
392.34	12.465
392.70	12.525
393.05	12.574
393.40	12.591
393.75	12.591
394.11	12.604
394.46	12.630
394.81	12.619
395.16	12.609
395.52	12.598
395.87	12.591
396.22	12.564
396.57	12.595
396.92	12.610
397.28	12.639
397.63	12.672
397.98	12.651
398.33	12.672
398.68	12.693
399.04	12.735
399.39	12.767
399.74	12.795
400.09	12.850
400.44	12.873
400.80	12.854
401.15	12.846
401.50	12.857
401.85	12.873
402.20	12.888
402.55	12.925
402.90	12.920
403.26	12.937
403.61	12.930
403.96	12.906
404.31	12.915
404.66	12.955
405.01	12.980
405.36	12.971
405.72	13.008
406.07	13.039
406.42	13.016
406.77	13.002
407.12	13.038
407.47	13.081
407.82	13.130
408.17	13.130
408.53	13.166
408.88	13.226
409.23	13.259
409.58	13.232
409.93	13.264
410.28	13.323
410.63	13.368
410.98	13.359
411.33	13.365
411.68	13.382
412.03	13.362
412.38	13.345
412.73	13.326
413.09	13.301
413.44	13.335
413.79	13.331
414.14	13.346
414.49	13.331
414.84	13.359
415.19	13.374
415.54	13.373
415.89	13.450
416.24	13.475
416.59	13.491
416.94	13.509
417.29	13.523
417.64	13.531
417.99	13.527
418.34	13.528
418.69	13.532
419.04	13.540
419.39	13.556
419.74	13.524
420.09	13.511
420.44	13.526
420.79	13.540
421.14	13.569
421.49	13.588
421.84	13.612
422.19	13.652
422.54	13.658
422.89	13.671
423.24	13.689
423.59	13.721
423.94	13.757
424.29	13.757
424.64	13.810
424.99	13.803
425.34	13.832
425.68	13.846
426.03	13.879
426.38	13.912
426.73	13.939
427.08	13.971
427.43	13.988
427.78	14.022
428.13	14.068
428.48	14.070
428.83	14.097
429.18	14.108
429.53	14.142
429.87	14.142
430.22	14.172
430.57	14.187
430.92	14.206
431.27	14.227
431.62	14.231
431.97	14.236
432.32	14.247
432.67	14.268
433.01	14.294
433.36	14.280
433.71	14.322
434.06	14.346
434.41	14.344
434.76	14.361
435.11	14.380
435.45	14.423
435.80	14.446
436.15	14.466
436.50	14.496
436.85	14.514
437.20	14.537
437.54	14.563
437.89	14.562
438.24	14.603
438.59	14.617
438.94	14.642
439.29	14.653
439.63	14.644
439.98	14.640
440.33	14.640
440.68	14.642
441.03	14.667
441.37	14.639
441.72	14.655
442.07	14.659
442.42	14.659
442.76	14.671
443.11	14.683
443.46	14.715
443.81	14.729
444.16	14.754
444.50	14.765
444.85	14.762
445.20	14.784
445.55	14.807
445.89	14.809
446.24	14.812
446.59	14.811
446.94	14.809
447.28	14.820
447.63	14.846
447.98	14.822
448.32	14.821
448.67	14.852
449.02	14.876
449.37	14.857
449.71	14.882
450.06	14.920
450.41	14.946
450.75	14.977
451.10	14.989
451.45	15.011
451.79	15.052
452.14	15.074
452.49	15.075
452.84	15.088
453.18	15.110
453.53	15.157
453.88	15.151
454.22	15.184
454.57	15.194
454.92	15.219
455.26	15.246
455.61	15.264
455.95	15.294
456.30	15.338
456.65	15.351
456.99	15.367
457.34	15.365
457.69	15.375
458.03	15.398
458.38	15.421
458.73	15.437
459.07	15.443
459.42	15.468
459.76	15.506
460.11	15.513
460.46	15.552
460.80	15.601
461.15	15.644
461.49	15.718
461.84	15.742
462.19	15.768
462.53	15.799
462.88	15.814
463.22	15.830
463.57	15.809
463.91	15.873
464.26	15.892
464.61	15.911
464.95	15.930
465.30	15.943
465.64	15.932
465.99	15.970
466.33	16.005
466.68	16.062
467.02	16.096
467.37	16.145
467.71	16.117
468.06	16.141
468.41	16.162
468.75	16.154
469.10	16.176
469.44	16.230
469.79	16.235
470.13	16.264
470.48	16.260
470.82	16.290
471.17	16.276
471.51	16.304
471.86	16.303
472.20	16.318
472.55	16.354
472.89	16.365
473.23	16.381
473.58	16.401
473.92	16.380
474.27	16.403
474.61	16.413
474.96	16.452
475.30	16.466
475.65	16.504
475.99	16.522
476.34	16.546
476.68	16.569
477.02	16.578
477.37	16.578
477.71	16.611
478.06	16.639
478.40	16.670
478.75	16.738
479.09	16.838
479.43	16.951
479.78	17.085
480.12	17.205
480.47	17.352
480.81	17.497
481.15	17.646
481.50	17.771
481.84	17.958
482.19	18.153
482.53	18.298
482.87	18.328
483.22	18.222
483.56	18.156
483.90	18.130
484.25	18.090
484.59	18.044
484.94	17.981
485.28	17.922
485.62	17.765
485.97	17.594
486.31	17.459
486.65	17.436
487.00	17.581
487.34	17.663
487.68	17.686
488.03	17.703
488.37	17.704
488.71	17.705
489.06	17.698
489.40	17.720
489.74	17.719
490.09	17.728
490.43	17.721
490.77	17.706
491.11	17.700
491.46	17.709
491.80	17.700
492.14	17.686
492.49	17.694
492.83	17.710
493.17	17.705
493.51	17.707
493.86	17.717
494.20	17.763
494.54	17.806
494.88	17.851
495.23	17.872
495.57	17.892
495.91	17.953
496.25	17.982
496.60	17.997
496.94	18.021
497.28	18.070
497.62	18.112
497.97	18.148
498.31	18.202
498.65	18.235
498.99	18.287
499.33	18.357
499.68	18.395
500.02	18.434
500.36	18.483
500.70	18.527
501.04	18.566
501.39	18.595
501.73	18.628
502.07	18.633
502.41	18.653
502.75	18.715
503.09	18.735
503.44	18.742
503.78	18.789
504.12	18.818
504.46	18.878
504.80	18.910
505.14	18.947
505.49	18.984
505.83	19.017
506.17	19.045
506.51	19.050
506.85	19.081
507.19	19.144
507.53	19.195
507.87	19.244
508.22	19.267
508.56	19.316
508.90	19.381
509.24	19.421
509.58	19.461
509.92	19.510
510.26	19.542
510.60	19.604
510.94	19.629
511.28	19.654
511.63	19.692
511.97	19.751
512.31	19.788
512.65	19.788
512.99	19.808
513.33	19.863
513.67	19.911
514.01	20.002
514.35	20.026
514.69	20.081
515.03	20.128
515.37	20.170
515.71	20.171
516.05	20.216
516.39	20.258
516.73	20.313
517.07	20.333
517.41	20.371
517.75	20.374
518.09	20.404
518.43	20.413
518.77	20.439
519.11	20.444
519.45	20.495
519.79	20.516
520.13	20.554
520.47	20.566
520.81	20.614
521.15	20.627
521.49	20.668
521.83	20.700
522.17	20.746
522.51	20.790
522.85	20.859
523.19	20.946
523.53	21.044
523.87	21.177
524.21	21.340
524.55	21.479
524.89	21.621
525.23	21.764
525.57	21.881
525.91	21.975
526.25	22.054
526.58	22.141
526.92	22.197
527.26	22.254
527.60	22.292
527.94	22.309
528.28	22.301
528.62	22.298
528.96	22.258
529.30	22.229
529.64	22.203
529.97	22.177
530.31	22.146
530.65	22.125
530.99	22.097
531.33	22.084
531.67	22.070
532.01	22.064
532.35	22.059
532.68	22.070
533.02	22.083
533.36	22.098
533.70	22.126
534.04	22.117
534.38	22.139
534.71	22.148
535.05	22.122
535.39	22.127
535.73	22.150
536.07	22.168
536.41	22.188
536.74	22.221
537.08	22.274
537.42	22.319
537.76	22.390
538.10	22.434
538.43	22.513
538.77	22.575
539.11	22.627
539.45	22.663
539.79	22.691
540.12	22.740
540.46	22.771
540.80	22.807
541.14	22.810
541.47	22.817
541.81	22.814
542.15	22.787
542.49	22.801
542.82	22.785
543.16	22.777
543.50	22.794
543.84	22.794
544.17	22.790
544.51	22.766
544.85	22.769
545.18	22.810
545.52	22.821
545.86	22.857
546.20	22.848
546.53	22.868
546.87	22.919
547.21	22.950
547.54	22.950
547.88	22.966
548.22	22.988
548.55	23.028
548.89	23.009
549.23	23.048
549.56	23.057
549.90	23.091
550.24	23.117
550.57	23.153
550.91	23.171
551.25	23.187
551.58	23.243
551.92	23.271
552.26	23.299
552.59	23.349
552.93	23.390
553.27	23.414
553.60	23.461
553.94	23.535
554.27	23.555
554.61	23.589
554.95	23.653
555.28	23.694
555.62	23.728
555.95	23.773
556.29	23.821
556.63	23.870
556.96	23.885
557.30	23.923
557.63	23.917
557.97	23.925
558.31	23.959
558.64	23.965
558.98	23.971
559.31	24.034
559.65	24.034
559.98	24.091
560.32	24.112
560.65	24.196
560.99	24.212
561.33	24.271
561.66	24.327
562.00	24.334
562.33	24.401
562.67	24.449
563.00	24.478
563.34	24.559
563.67	24.553
564.01	24.603
564.34	24.644
564.68	24.709
565.01	24.732
565.35	24.804
565.68	24.879
566.02	24.922
566.35	24.981
566.69	25.016
567.02	25.053
567.36	25.117
567.69	25.137
568.03	25.183
568.36	25.190
568.69	25.259
569.03	25.231
569.36	25.276
569.70	25.308
570.03	25.300
570.37	25.326
570.70	25.370
571.04	25.391
571.37	25.420
571.70	25.451
572.04	25.505
572.37	25.544
572.71	25.635
573.04	25.634
573.37	25.660
573.71	25.718
574.04	25.761
574.38	25.783
574.71	25.827
575.04	25.888
575.38	25.898
575.71	25.934
576.05	25.967
576.38	25.977
576.71	26.039
577.05	26.077
577.38	26.119
577.71	26.156
578.05	26.176
578.38	26.196
578.71	26.248
579.05	26.285
579.38	26.311
579.71	26.287
580.05	26.308
580.38	26.354
580.71	26.400
581.05	26.417
581.38	26.464
581.71	26.535
582.05	26.608
582.38	26.635
582.71	26.683
583.04	26.759
583.38	26.837
583.71	26.869
584.04	26.912
584.38	26.965
584.71	27.009
585.04	27.092
585.37	27.130
585.71	27.135
586.04	27.213
586.37	27.250
586.70	27.271
587.04	27.348
587.37	27.434
587.70	27.478
588.03	27.521
588.37	27.579
588.70	27.600
589.03	27.626
589.36	27.684
589.69	27.685
590.03	27.774
590.36	27.790
590.69	27.824
591.02	27.859
591.35	27.913
591.69	27.943
592.02	27.972
592.35	27.970
592.68	28.031
593.01	28.102
593.35	28.144
593.68	28.170
594.01	28.233
594.34	28.272
594.67	28.308
595.00	28.314
595.34	28.315
595.67	28.372
596.00	28.427
596.33	28.489
596.66	28.495
596.99	28.575
597.32	28.623
597.65	28.687
597.99	28.725
598.32	28.767
598.65	28.850
598.98	28.944
599.31	29.007
599.64	29.046
599.97	29.029
600.30	29.080
600.63	29.079
600.96	29.114
601.30	29.143
601.63	29.156
601.96	29.218
602.29	29.275
602.62	29.331
602.95	29.366
603.28	29.452
603.61	29.549
603.94	29.598
604.27	29.673
604.60	29.721
604.93	29.790
605.26	29.813
605.59	29.849
605.92	29.875
606.25	29.935
606.58	29.940
606.91	29.975
607.24	29.986
607.57	30.044
607.90	30.088
608.23	30.152
608.56	30.172
608.89	30.321
609.22	30.384
609.55	30.438
609.88	30.481
610.21	30.585
610.54	30.668
610.87	30.750
611.20	30.854
611.53	30.907
611.86	30.932
612.19	31.010
612.52	31.055
612.85	31.122
613.18	31.155
613.51	31.217
613.84	31.237
614.17	31.268
614.49	31.315
614.82	31.316
615.15	31.339
615.48	31.403
615.81	31.405
616.14	31.420
616.47	31.445
616.80	31.494
617.13	31.513
617.46	31.639
617.78	31.671
618.11	31.717
618.44	31.761
618.77	31.785
619.10	31.791
619.43	31.845
619.76	31.880
620.09	31.960
620.41	32.018
620.74	32.091
621.07	32.122
621.40	32.181
621.73	32.222
622.06	32.290
622.38	32.310
622.71	32.398
623.04	32.487
623.37	32.597
623.70	32.564
624.02	32.612
624.35	32.677
624.68	32.710
625.01	32.760
625.34	32.847
625.66	32.909
625.99	33.010
626.32	33.088
626.65	33.108
626.98	33.103
627.30	33.258
627.63	33.357
627.96	33.350
628.29	33.413
628.61	33.458
628.94	33.455
629.27	33.508
629.60	33.649
629.92	33.690
630.25	33.779
630.58	33.850
630.91	33.823
631.23	33.796
631.56	33.899
631.89	33.914
632.21	33.955
632.54	33.972
632.87	33.997
633.19	33.948
633.52	34.024
633.85	34.047
634.18	34.095
634.50	34.146
634.83	34.224
635.16	34.261
635.48	34.333
635.81	34.440
636.14	34.612
636.46	34.639
636.79	34.706
637.11	34.734
637.44	34.792
637.77	34.828
638.09	34.915
638.42	35.002
638.75	35.035
639.07	35.108
639.40	35.133
639.73	35.111
640.05	35.228
640.38	35.280
640.70	35.273
641.03	35.331
641.36	35.367
641.68	35.454
642.01	35.553
642.33	35.641
642.66	35.624
642.98	35.639
643.31	35.692
643.64	35.732
643.96	35.814
644.29	35.895
644.61	35.921
644.94	36.027
645.26	36.025
645.59	35.993
645.91	36.046
646.24	36.183
646.56	36.247
646.89	36.278
647.22	36.321
647.54	36.379
647.87	36.403
648.19	36.454
648.52	36.492
648.84	36.563
649.17	36.629
649.49	36.631
649.82	36.666
650.14	36.733
650.47	36.792
650.79	36.874
651.11	36.863
651.44	36.962
651.76	37.098
652.09	37.132
652.41	37.172
652.74	37.212
653.06	37.284
653.39	37.271
653.71	37.305
654.04	37.298
654.36	37.310
654.68	37.452
655.01	37.436
655.33	37.441
655.66	37.474
655.98	37.445
656.30	37.524
656.63	37.567
656.95	37.619
657.28	37.651
657.60	37.741
657.92	37.691
658.25	37.698
658.57	37.838
658.90	37.900
659.22	37.927
659.54	38.057
659.87	38.132
660.19	38.190
660.51	38.253
660.84	38.350
661.16	38.371
661.48	38.484
661.81	38.464
662.13	38.446
662.45	38.458
662.78	38.494
663.10	38.476
663.42	38.441
663.75	38.418
664.07	38.521
664.39	38.511
664.72	38.614
665.04	38.782
665.36	38.866
665.69	38.912
666.01	38.920
666.33	38.930
666.65	38.991
666.98	39.053
667.30	39.137
667.62	39.144
667.94	39.181
668.27	39.157
668.59	39.097
668.91	39.100
669.23	39.118
669.56	39.140
669.88	39.153
670.20	39.200
670.52	39.179
670.85	39.179
671.17	39.267
671.49	39.268
671.81	39.333
672.13	39.358
672.46	39.328
672.78	39.372
673.10	39.401
673.42	39.443
673.74	39.537
674.07	39.576
674.39	39.642
674.71	39.571
675.03	39.616
675.35	39.682
675.67	39.681
676.00	39.748
676.32	39.756
676.64	39.845
676.96	39.972
677.28	39.955
677.60	40.091
677.92	40.143
678.25	40.223
678.57	40.271
678.89	40.257
679.21	40.250
679.53	40.303
679.85	40.319
680.17	40.320
680.49	40.396
680.81	40.410
681.13	40.284
681.46	40.322
681.78	40.284
682.10	40.362
682.42	40.428
682.74	40.608
683.06	40.618
683.38	40.580
683.70	40.659
684.02	40.539
684.34	40.637
684.66	40.847
684.98	40.887
685.30	41.005
685.62	40.997
685.94	41.051
686.26	40.978
686.58	40.993
686.90	41.097
687.22	41.147
687.54	41.151
687.86	41.082
688.18	41.084
688.50	41.163
688.82	41.090
689.14	41.154
689.46	41.248
689.78	41.387
690.10	41.554
690.42	41.701
690.74	41.636
691.06	41.865
691.38	41.799
691.70	41.677
692.02	41.665
692.34	41.884
692.66	41.919
692.98	41.782
693.30	41.692
693.62	41.713
693.94	41.701
694.26	41.713
694.57	41.519
694.89	41.675
695.21	41.774
695.53	41.829
695.85	41.800
696.17	41.885
696.49	41.917
696.81	41.981
697.13	41.996
697.44	42.020
697.76	42.132
698.08	42.297
698.40	42.281
698.72	42.324
699.04	42.323
699.36	42.369
699.67	42.295
699.99	42.419
700.31	42.446
700.63	42.450
700.95	42.449
701.27	42.480
701.58	42.486
701.90	42.652
702.22	42.622
702.54	42.645
702.86	42.640
703.17	42.657
703.49	42.708
703.81	42.742
704.13	42.687
704.45	42.590
704.76	42.478
705.08	42.480
705.40	42.508
705.72	42.504
706.03	42.359
706.35	42.388
706.67	42.415
706.99	42.395
707.30	42.381
707.62	42.450
707.94	42.573
708.26	42.625
708.57	42.589
708.89	42.567
709.21	42.585
709.53	42.717
709.84	42.670
710.16	42.729
710.48	42.690
710.79	42.698
711.11	42.723
711.43	42.697
711.74	42.726
712.06	42.843
712.38	42.851
712.69	42.995
713.01	43.080
713.33	43.119
713.64	43.103
713.96	43.132
714.28	43.164
714.59	43.224
714.91	43.345
715.23	43.428
715.54	43.422
715.86	43.551
716.17	43.504
716.49	43.362
716.81	43.339
717.12	43.441
717.44	43.497
717.76	43.623
718.07	43.716
718.39	43.753
718.70	43.666
719.02	43.749
719.33	43.771
719.65	43.827
719.97	43.917
720.28	43.987
720.60	43.924
720.91	43.908
721.23	43.991
721.54	43.849
721.86	43.823
722.17	43.990
722.49	44.003
722.81	43.937
723.12	43.891
723.44	43.938
723.75	43.945
724.07	44.044
724.38	44.083
724.70	43.910
725.01	43.839
725.33	43.868
725.64	43.832
725.96	43.728
726.27	43.654
726.59	43.725
726.90	43.646
727.22	43.637
727.53	43.623
727.84	43.730
728.16	43.714
728.47	43.801
728.79	43.699
729.10	43.603
729.42	43.598
729.73	43.544
730.05	43.495
730.36	43.595
730.67	43.548
730.99	43.522
731.30	43.275
731.62	43.325
731.93	43.359
732.24	43.403
732.56	43.515
732.87	43.494
733.19	43.543
733.50	43.691
733.81	43.647
734.13	43.735
734.44	43.651
734.76	43.723
735.07	43.614
735.38	43.611
735.70	43.623
736.01	43.419
736.32	43.453
736.64	43.505
736.95	43.193
737.26	43.169
737.58	43.096
737.89	42.996
738.20	43.110
738.52	43.123
738.83	42.991
739.14	42.847
739.45	43.054
739.77	43.039
740.08	42.863
740.39	43.005
740.71	42.933
741.02	42.943
741.33	42.956
741.64	42.765
741.96	42.624
742.27	42.646
742.58	42.767
742.90	42.786
743.21	42.773
743.52	43.031
743.83	43.198
744.14	43.216
744.46	43.004
744.77	42.991
745.08	43.198
745.39	43.281
745.71	43.412
746.02	43.308
746.33	43.097
746.64	43.096
746.95	42.968
747.27	42.673
747.58	42.615
747.89	42.615
748.20	42.731
748.51	42.576
748.82	42.707
749.14	42.574
749.45	42.429
749.76	42.293
750.07	42.274
750.38	42.187
750.69	42.031
751.01	42.101
751.32	42.373
751.63	42.185
751.94	42.177
752.25	42.091
752.56	41.879
752.87	41.940
753.18	42.022
753.49	42.063
753.81	41.944
754.12	42.258
754.43	42.423
754.74	42.415
755.05	42.622
755.36	42.711
755.67	42.931
755.98	43.153
756.29	43.170
756.60	43.408
756.91	43.444
757.22	43.793
757.53	43.859
757.84	43.803
758.15	43.715
758.46	43.809
758.77	43.809
759.09	43.721
759.40	43.565
759.71	43.710
760.02	43.599
760.33	43.660
760.64	43.590
760.95	43.620
761.26	43.524
761.57	43.530
761.88	43.403
762.18	43.204
762.49	43.155
762.80	43.424
763.11	43.386
763.42	43.515
763.73	43.444
764.04	43.358
764.35	43.286
764.66	43.236
764.97	43.178
765.28	43.279
765.59	43.381
765.90	43.373
766.21	43.026
766.52	42.931
766.83	42.661
767.14	42.426
767.44	42.299
767.75	42.062
768.06	42.288
768.37	42.219
768.68	42.011
768.99	41.935
769.30	41.876
769.61	41.967
769.91	42.033
770.22	42.001
770.53	41.991
770.84	41.845
771.15	41.653
771.46	41.304
771.77	41.143
772.07	41.224
772.38	41.355
772.69	40.963
773.00	40.965
773.31	40.772
773.61	40.808
773.92	40.649
774.23	40.918
774.54	40.945
774.85	40.841
775.15	41.049
775.46	40.590
775.77	40.326
776.08	40.591
776.39	40.271
776.69	40.071
777.00	39.955
777.31	40.054
777.62	39.781
777.92	39.831
778.23	39.772
778.54	39.867
778.85	39.853
779.15	40.041
779.46	39.933
779.77	40.221
780.07	40.560
780.38	40.490
780.69	40.749
781.00	40.800
781.30	40.870
781.61	41.128
781.92	41.169
782.22	41.603
782.53	41.556
782.84	41.917
783.14	42.075
783.45	41.986
783.76	42.093
784.06	41.841
784.37	41.935
784.68	41.658
784.98	41.392
785.29	40.908
785.60	40.505
785.90	40.402
786.21	40.115
786.51	39.786
786.82	39.475
787.13	39.239
787.43	39.399
787.74	39.732
788.04	40.112
788.35	39.971
788.66	40.451
788.96	40.659
789.27	40.712
789.57	40.997
789.88	41.324
790.19	41.491
790.49	41.815
790.80	41.711
791.10	41.160
791.41	40.655
791.71	41.166
792.02	40.526
792.32	40.419
792.63	40.359
792.93	39.915
793.24	39.587
793.54	39.716
793.85	39.422
794.15	39.431
794.46	39.494
794.76	39.699
795.07	39.227
795.37	39.539
795.68	39.608
795.98	39.609
796.29	39.802
796.59	40.070
796.90	40.200
797.20	40.144
797.51	40.063
797.81	40.159
798.12	40.114
798.42	40.263
798.72	40.027
799.03	40.032
799.33	40.138
799.64	39.835
799.94	39.617
800.25	39.241
800.55	39.434
800.85	39.320
801.16	39.258
801.46	39.078
801.77	39.160
802.07	39.176
802.37	39.339
802.68	39.378
802.98	39.839
803.28	39.961
803.59	40.123
803.89	39.518
804.20	39.726
804.50	39.309
804.80	38.964
805.11	38.899
805.41	38.672
805.71	38.292
806.02	38.272
806.32	38.366
806.62	38.537
806.93	38.549
807.23	39.189
807.53	38.800
807.83	39.434
808.14	39.926
808.44	40.028
808.74	40.441
809.05	40.233
809.35	40.049
809.65	39.234
809.95	38.623
810.26	38.426
810.56	38.766
810.86	39.059
811.16	38.448
811.47	39.175
811.77	39.344
812.07	39.624
812.37	39.591
812.68	39.548
812.98	40.346
813.28	40.561
813.58	40.576
813.88	39.724
814.19	39.868
814.49	40.440
814.79	40.197
815.09	40.013
815.39	39.025
815.70	39.551
816.00	39.795
816.30	39.397
816.60	39.294
816.90	39.279
817.20	39.413
817.50	39.025
817.81	38.822
818.11	38.435
818.41	38.403
818.71	38.381
819.01	38.405
819.31	38.245
819.61	38.111
819.92	38.229
820.22	38.261
820.52	38.397
820.82	38.515
821.12	38.488
821.42	38.600
821.72	38.609
822.02	38.723
822.32	38.722
822.62	38.818
822.92	38.969
823.22	38.937
823.52	38.912
823.83	38.841
824.13	38.830
824.43	38.916
824.73	38.909
825.03	38.906
825.33	38.896
825.63	38.812
825.93	38.767
826.23	38.716
826.53	38.705
826.83	38.820
827.13	38.873
827.43	38.905
827.73	38.895
828.03	38.879
828.33	38.924
828.63	38.863
828.93	38.984
829.23	38.964
829.53	38.823
829.83	38.937
830.13	38.802
830.42	38.481
830.72	38.153
831.02	37.705
831.32	37.269
831.62	37.275
831.92	37.355
832.22	37.281
832.52	37.569
832.82	37.504
833.12	37.499
833.42	37.737
833.72	37.636
834.01	37.760
834.31	37.813
834.61	38.102
834.91	38.115
835.21	37.875
835.51	37.864
835.81	37.596
836.11	37.782
836.40	37.206
836.70	36.401
837.00	36.426
837.30	35.708
837.60	35.820
837.90	35.023
838.19	35.084
838.49	35.974
838.79	36.300
839.09	35.694
839.39	35.288
839.68	35.295
839.98	35.610
840.28	35.967
840.58	36.657
840.88	36.476
841.17	37.237
841.47	36.616
841.77	35.985
842.07	35.594
842.36	36.000
842.66	36.217
842.96	36.636
843.26	36.683
843.55	35.785
843.85	35.363
844.15	35.076
844.45	33.818
844.74	33.384
845.04	32.792
845.34	32.015
845.63	30.993
845.93	32.043
846.23	32.109
846.53	32.349
846.82	32.802
847.12	32.156
847.42	32.842
847.71	33.589
848.01	32.908
848.31	33.015
848.60	33.036
848.90	34.555
849.19	33.827
849.49	33.524
849.79	32.522
850.08	31.847
850.38	31.870
850.68	31.606
850.97	31.232
851.27	33.217
851.56	33.342
851.86	33.456
852.16	32.287
852.45	31.919
852.75	32.749
853.04	34.068
853.34	35.456
853.64	35.472
853.93	35.392
854.23	36.216
854.52	36.312
854.82	35.341
855.11	35.298
855.41	36.522
855.70	36.242
856.00	36.213
856.30	36.772
856.59	36.018
856.89	35.446
857.18	35.469
857.48	34.190
857.77	33.126
858.07	33.143
858.36	32.693
858.66	31.204
858.95	31.109
859.25	29.403
859.54	27.751
859.84	27.739
860.13	29.036
860.42	28.396
860.72	27.745
861.01	27.341
861.31	26.943
861.60	27.295
861.90	26.201
862.19	27.313
862.49	28.141
862.78	27.430
863.07	28.451
863.37	28.363
863.66	29.288
863.96	30.973
864.25	31.900
864.54	32.507
864.84	33.826
865.13	34.359
865.43	34.746
865.72	36.600
866.01	26.249
866.31	44.210
866.60	24.604
866.89	45.128
