180.30	0.000
180.67	0.000
181.03	433.592
181.40	8.611
181.77	153.077
182.14	121.945
182.51	1175.776
182.88	-60.160
183.25	-97.765
183.62	777.040
183.99	221.530
184.36	42.469
184.73	130.976
185.10	88.254
185.46	188.660
185.83	156.054
186.20	77.382
186.57	-40.563
186.94	-2793.073
187.31	-75.964
187.68	17.790
188.05	108.474
188.42	110.973
188.78	344.359
189.15	114.990
189.52	64.100
189.89	58.683
190.26	93.566
190.63	111.487
191.00	76.194
191.37	57.413
191.73	97.088
192.10	106.955
192.47	107.980
192.84	62.772
193.21	-537.680
193.58	194.469
193.94	138.456
194.31	203.869
194.68	222.370
195.05	381.607
195.42	509.550
195.79	330.993
196.15	229.715
196.52	246.319
196.89	324.758
197.26	3203.170
197.63	-304.661
198.00	-169.810
198.36	-220.400
198.73	-233.125
199.10	-118.369
199.47	-223.761
199.84	-236.443
200.20	-109.457
200.57	-83.410
200.94	-77.420
201.31	-76.443
201.68	-51.233
202.04	-34.104
202.41	-55.537
202.78	-58.536
203.15	-147.621
203.51	-131.622
203.88	-103.607
204.25	-117.863
204.62	-217.681
204.98	-113.284
205.35	-67.484
205.72	-67.846
206.09	-318.507
206.46	-152.088
206.82	-133.655
207.19	-71.765
207.56	-54.935
207.92	-37.970
208.29	-29.092
208.66	-20.896
209.03	-23.877
209.39	-50.122
209.76	-62.989
210.13	-32.343
210.50	-21.977
210.86	3.735
211.23	-4.336
211.60	-16.133
211.96	-18.577
212.33	-7.863
212.70	-1.237
213.07	-32.059
213.43	-29.586
213.80	-28.995
214.17	-42.583
214.53	-48.958
214.90	-61.911
215.27	-77.379
215.63	-67.622
216.00	-74.671
216.37	-58.881
216.74	-61.723
217.10	-43.495
217.47	-41.424
217.84	-17.465
218.20	-14.024
218.57	-15.262
218.94	-13.143
219.30	-4.432
219.67	7.797
220.04	11.916
220.40	0.091
220.77	-3.355
221.13	6.104
221.50	21.014
221.87	6.585
222.23	7.394
222.60	10.475
222.97	3.503
223.33	-0.621
223.70	-6.029
224.07	-2.927
224.43	-0.710
224.80	-1.832
225.16	-3.368
225.53	-5.426
225.90	-3.094
226.26	-3.796
226.63	-3.793
226.99	-3.418
227.36	-3.755
227.73	-3.425
228.09	-2.583
228.46	-2.985
228.82	-2.857
229.19	-2.642
229.56	-2.876
229.92	-4.247
230.29	-3.108
230.65	-2.522
231.02	-0.400
231.38	1.627
231.75	1.889
232.12	-0.070
232.48	-0.455
232.85	-2.016
233.21	-3.460
233.58	-2.765
233.94	-1.487
234.31	-1.423
234.68	-0.498
235.04	-2.292
235.41	-2.210
235.77	-2.867
236.14	-0.801
236.50	0.011
236.87	2.143
237.23	3.301
237.60	2.708
237.96	2.540
238.33	1.891
238.69	0.988
239.06	0.847
239.42	0.832
239.79	1.155
240.15	0.256
240.52	0.048
240.88	-0.501
241.25	-0.278
241.61	0.487
241.98	0.834
242.34	0.574
242.71	0.637
243.07	0.892
243.44	0.545
243.80	0.463
244.17	0.624
244.53	0.795
244.90	0.900
245.26	0.644
245.63	0.358
245.99	0.252
246.36	0.397
246.72	0.445
247.09	0.393
247.45	0.586
247.81	0.827
248.18	1.089
248.54	1.215
248.91	1.478
249.27	1.806
249.64	1.726
250.00	1.842
250.36	1.764
250.73	1.787
251.09	1.839
251.46	1.908
251.82	1.508
252.19	0.779
252.55	0.314
252.91	-0.204
253.28	-0.471
253.64	-0.210
254.01	-0.396
254.37	-0.157
254.73	-0.421
255.10	-0.561
255.46	-0.555
255.83	-0.401
256.19	0.227
256.55	0.471
256.92	0.447
257.28	0.556
257.65	0.519
258.01	0.459
258.37	0.510
258.74	0.574
259.10	0.599
259.46	0.805
259.83	0.780
260.19	0.694
260.55	0.546
260.92	0.562
261.28	0.428
261.64	0.071
262.01	-0.052
262.37	0.009
262.73	0.033
263.10	-0.133
263.46	-0.763
263.82	-0.384
264.19	-0.176
264.55	-0.229
264.91	0.034
265.28	0.282
265.64	0.857
266.00	1.184
266.37	1.187
266.73	1.305
267.09	1.344
267.46	1.591
267.82	1.277
268.18	1.163
268.54	1.398
268.91	1.559
269.27	1.383
269.63	1.399
270.00	1.163
270.36	0.978
270.72	0.894
271.08	0.833
271.45	0.587
271.81	0.389
272.17	0.273
272.53	0.155
272.90	-0.215
273.26	-0.225
273.62	-0.341
273.98	-0.452
274.35	-0.577
274.71	-0.580
275.07	-0.378
275.43	-0.197
275.80	0.157
276.16	0.202
276.52	0.364
276.88	0.267
277.25	0.041
277.61	-0.017
277.97	0.412
278.33	0.533
278.69	0.400
279.06	0.280
279.42	0.525
279.78	0.506
280.14	0.457
280.50	0.397
280.87	0.393
281.23	0.672
281.59	0.758
281.95	0.750
282.31	0.641
282.68	0.699
283.04	1.072
283.40	0.980
283.76	1.014
284.12	1.081
284.48	1.142
284.85	1.233
285.21	1.128
285.57	1.018
285.93	0.936
286.29	1.021
286.65	1.113
287.02	0.888
287.38	1.049
287.74	1.014
288.10	1.064
288.46	0.953
288.82	1.009
289.18	1.103
289.54	1.304
289.91	1.182
290.27	1.284
290.63	1.204
290.99	1.187
291.35	1.023
291.71	1.218
292.07	1.384
292.43	1.454
292.79	1.417
293.16	1.422
293.52	1.370
293.88	1.539
294.24	1.496
294.60	1.510
294.96	1.564
295.32	1.588
295.68	1.511
296.04	1.351
296.40	1.343
296.76	1.444
297.12	1.323
297.49	1.349
297.85	1.343
298.21	1.460
298.57	1.565
298.93	1.511
299.29	1.595
299.65	1.652
300.01	1.715
300.37	1.688
300.73	1.788
301.09	1.936
301.45	1.994
301.81	2.055
302.17	1.968
302.53	2.066
302.89	2.304
303.25	2.317
303.61	2.341
303.97	2.432
304.33	2.506
304.69	2.478
305.05	2.568
305.41	2.505
305.77	2.476
306.13	2.578
306.49	2.440
306.85	2.338
307.21	2.334
307.57	2.336
307.93	2.260
308.29	2.365
308.65	2.321
309.01	2.261
309.37	2.249
309.73	2.142
310.09	2.107
310.45	2.247
310.81	2.104
311.17	2.050
311.53	1.972
311.89	2.038
312.25	2.034
312.61	2.074
312.96	2.237
313.32	2.277
313.68	2.406
314.04	2.449
314.40	2.377
314.76	2.454
315.12	2.540
315.48	2.781
315.84	2.719
316.20	2.722
316.56	2.647
316.92	2.569
317.27	2.568
317.63	2.594
317.99	2.496
318.35	2.419
318.71	2.568
319.07	2.547
319.43	2.349
319.79	2.420
320.15	2.273
320.50	2.282
320.86	2.334
321.22	2.265
321.58	2.290
321.94	2.394
322.30	2.459
322.66	2.389
323.01	2.347
323.37	2.367
323.73	2.325
324.09	2.340
324.45	2.280
324.81	2.237
325.17	2.336
325.52	2.350
325.88	2.313
326.24	2.207
326.60	2.158
326.96	2.057
327.31	2.048
327.67	1.954
328.03	1.979
328.39	2.067
328.75	1.961
329.11	1.900
329.46	1.827
329.82	1.754
330.18	1.774
330.54	1.826
330.90	1.888
331.25	1.901
331.61	1.978
331.97	2.001
332.33	2.044
332.68	2.025
333.04	2.026
333.40	2.139
333.76	2.056
334.11	2.018
334.47	2.012
334.83	2.056
335.19	2.008
335.54	2.019
335.90	2.029
336.26	2.057
336.62	2.211
336.97	2.174
337.33	2.095
337.69	2.217
338.05	2.244
338.40	2.139
338.76	2.168
339.12	2.170
339.48	2.095
339.83	2.087
340.19	1.917
340.55	1.831
340.90	1.980
341.26	2.048
341.62	2.033
341.97	2.056
342.33	2.133
342.69	2.000
343.04	2.078
343.40	2.093
343.76	2.111
344.12	2.088
344.47	2.108
344.83	1.995
345.19	1.835
345.54	1.823
345.90	1.767
346.26	1.757
346.61	1.843
346.97	1.843
347.32	1.921
347.68	1.898
348.04	2.013
348.39	1.936
348.75	1.946
349.11	1.920
349.46	1.936
349.82	1.952
350.18	1.870
350.53	1.810
350.89	1.674
351.24	1.623
351.60	1.635
351.96	1.588
352.31	1.614
352.67	1.659
353.02	1.728
353.38	1.731
353.74	1.730
354.09	1.759
354.45	1.739
354.80	1.808
355.16	1.864
355.52	1.871
355.87	1.891
356.23	1.874
356.58	1.789
356.94	1.772
357.29	1.759
357.65	1.713
358.00	1.777
358.36	1.790
358.72	1.756
359.07	1.709
359.43	1.624
359.78	1.583
360.14	1.604
360.49	1.592
360.85	1.525
361.20	1.519
361.56	1.489
361.91	1.402
362.27	1.390
362.62	1.401
362.98	1.377
363.33	1.382
363.69	1.345
364.04	1.291
364.40	1.258
364.75	1.352
365.11	1.328
365.46	1.393
365.82	1.455
366.17	1.484
366.53	1.421
366.88	1.365
367.24	1.339
367.59	1.375
367.95	1.351
368.30	1.327
368.66	1.281
369.01	1.274
369.37	1.226
369.72	1.157
370.08	1.129
370.43	1.186
370.78	1.241
371.14	1.275
371.49	1.266
371.85	1.350
372.20	1.381
372.56	1.389
372.91	1.399
373.26	1.446
373.62	1.499
373.97	1.508
374.33	1.532
374.68	1.491
375.03	1.456
375.39	1.417
375.74	1.363
376.10	1.327
376.45	1.262
376.80	1.230
377.16	1.216
377.51	1.186
377.87	1.165
378.22	1.117
378.57	1.125
378.93	1.116
379.28	1.127
379.63	1.153
379.99	1.204
380.34	1.212
380.70	1.203
381.05	1.188
381.40	1.177
381.76	1.174
382.11	1.128
382.46	1.140
382.82	1.165
383.17	1.194
383.52	1.168
383.88	1.168
384.23	1.155
384.58	1.148
384.94	1.155
385.29	1.135
385.64	1.121
385.99	1.184
386.35	1.152
386.70	1.104
387.05	1.076
387.41	1.073
387.76	1.050
388.11	1.085
388.47	1.100
388.82	1.088
389.17	1.075
389.52	1.080
389.88	1.063
390.23	1.056
390.58	1.072
390.93	1.104
391.29	1.098
391.64	1.129
391.99	1.173
392.34	1.183
392.70	1.195
393.05	1.215
393.40	1.229
393.75	1.213
394.11	1.231
394.46	1.250
394.81	1.222
395.16	1.225
395.52	1.161
395.87	1.107
396.22	1.057
396.57	1.022
396.92	1.020
397.28	0.990
397.63	0.957
397.98	0.923
398.33	0.894
398.68	0.870
399.04	0.854
399.39	0.879
399.74	0.851
400.09	0.871
400.44	0.872
400.80	0.839
401.15	0.816
401.50	0.838
401.85	0.842
402.20	0.845
402.55	0.874
402.90	0.869
403.26	0.841
403.61	0.862
403.96	0.851
404.31	0.849
404.66	0.829
405.01	0.825
405.36	0.807
405.72	0.789
406.07	0.768
406.42	0.721
406.77	0.722
407.12	0.724
407.47	0.695
407.82	0.703
408.17	0.690
408.53	0.737
408.88	0.754
409.23	0.753
409.58	0.759
409.93	0.780
410.28	0.808
410.63	0.791
410.98	0.805
411.33	0.803
411.68	0.799
412.03	0.824
412.38	0.827
412.73	0.809
413.09	0.797
413.44	0.822
413.79	0.826
414.14	0.871
414.49	0.890
414.84	0.905
415.19	0.923
415.54	0.922
415.89	0.934
416.24	0.934
416.59	0.970
416.94	0.992
417.29	0.990
417.64	0.989
417.99	0.970
418.34	0.972
418.69	0.994
419.04	1.008
419.39	1.019
419.74	1.013
420.09	1.007
420.44	0.999
420.79	0.997
421.14	1.006
421.49	1.004
421.84	0.999
422.19	1.018
422.54	1.006
422.89	0.981
423.24	0.971
423.59	0.967
423.94	0.976
424.29	0.964
424.64	0.959
424.99	0.926
425.34	0.919
425.68	0.891
426.03	0.846
426.38	0.832
426.73	0.847
427.08	0.837
427.43	0.821
427.78	0.820
428.13	0.810
428.48	0.819
428.83	0.843
429.18	0.862
429.53	0.867
429.87	0.878
430.22	0.879
430.57	0.866
430.92	0.872
431.27	0.878
431.62	0.859
431.97	0.862
432.32	0.847
432.67	0.844
433.01	0.828
433.36	0.815
433.71	0.797
434.06	0.782
434.41	0.786
434.76	0.784
435.11	0.771
435.45	0.800
435.80	0.813
436.15	0.825
436.50	0.829
436.85	0.826
437.20	0.851
437.54	0.867
437.89	0.878
438.24	0.873
438.59	0.868
438.94	0.876
439.29	0.848
439.63	0.833
439.98	0.807
440.33	0.798
440.68	0.805
441.03	0.783
441.37	0.773
441.72	0.760
442.07	0.764
442.42	0.768
442.76	0.773
443.11	0.780
443.46	0.796
443.81	0.835
444.16	0.834
444.50	0.846
444.85	0.841
445.20	0.833
445.55	0.826
445.89	0.820
446.24	0.803
446.59	0.787
446.94	0.775
447.28	0.753
447.63	0.699
447.98	0.683
448.32	0.640
448.67	0.644
449.02	0.629
449.37	0.615
449.71	0.596
450.06	0.614
450.41	0.635
450.75	0.641
451.10	0.640
451.45	0.653
451.79	0.637
452.14	0.636
452.49	0.634
452.84	0.651
453.18	0.651
453.53	0.680
453.88	0.668
454.22	0.640
454.57	0.645
454.92	0.638
455.26	0.651
455.61	0.690
455.95	0.691
456.30	0.719
456.65	0.725
456.99	0.739
457.34	0.736
457.69	0.746
458.03	0.760
458.38	0.754
458.73	0.756
459.07	0.744
459.42	0.723
459.76	0.727
460.11	0.687
460.46	0.664
460.80	0.652
461.15	0.642
461.49	0.615
461.84	0.609
462.19	0.590
462.53	0.596
462.88	0.604
463.22	0.592
463.57	0.577
463.91	0.595
464.26	0.596
464.61	0.577
464.95	0.565
465.30	0.572
465.64	0.558
465.99	0.577
466.33	0.564
466.68	0.552
467.02	0.564
467.37	0.561
467.71	0.546
468.06	0.547
468.41	0.546
468.75	0.539
469.10	0.523
469.44	0.515
469.79	0.492
470.13	0.480
470.48	0.470
470.82	0.451
471.17	0.436
471.51	0.422
471.86	0.413
472.20	0.415
472.55	0.399
472.89	0.406
473.23	0.393
473.58	0.385
473.92	0.379
474.27	0.380
474.61	0.381
474.96	0.378
475.30	0.385
475.65	0.380
475.99	0.372
476.34	0.377
476.68	0.364
477.02	0.380
477.37	0.404
477.71	0.422
478.06	0.432
478.40	0.469
478.75	0.526
479.09	0.568
479.43	0.624
479.78	0.679
480.12	0.725
480.47	0.768
480.81	0.797
481.15	0.819
481.50	0.854
481.84	0.893
482.19	0.919
482.53	0.941
482.87	0.955
483.22	0.952
483.56	0.947
483.90	0.942
484.25	0.940
484.59	0.935
484.94	0.926
485.28	0.911
485.62	0.882
485.97	0.854
486.31	0.828
486.65	0.808
487.00	0.806
487.34	0.796
487.68	0.779
488.03	0.764
488.37	0.748
488.71	0.736
489.06	0.710
489.40	0.694
489.74	0.697
490.09	0.679
490.43	0.668
490.77	0.639
491.11	0.621
491.46	0.592
491.80	0.566
492.14	0.533
492.49	0.506
492.83	0.481
493.17	0.453
493.51	0.395
493.86	0.368
494.20	0.330
494.54	0.317
494.88	0.301
495.23	0.306
495.57	0.301
495.91	0.293
496.25	0.296
496.60	0.300
496.94	0.294
497.28	0.286
497.62	0.260
497.97	0.258
498.31	0.241
498.65	0.219
498.99	0.201
499.33	0.186
499.68	0.198
500.02	0.165
500.36	0.144
500.70	0.138
501.04	0.143
501.39	0.148
501.73	0.131
502.07	0.119
502.41	0.105
502.75	0.115
503.09	0.104
503.44	0.101
503.78	0.135
504.12	0.148
504.46	0.158
504.80	0.175
505.14	0.181
505.49	0.195
505.83	0.215
506.17	0.228
506.51	0.222
506.85	0.222
507.19	0.207
507.53	0.197
507.87	0.207
508.22	0.202
508.56	0.186
508.90	0.190
509.24	0.181
509.58	0.169
509.92	0.179
510.26	0.167
510.60	0.177
510.94	0.181
511.28	0.176
511.63	0.151
511.97	0.149
512.31	0.147
512.65	0.142
512.99	0.140
513.33	0.153
513.67	0.140
514.01	0.171
514.35	0.180
514.69	0.202
515.03	0.210
515.37	0.239
515.71	0.248
516.05	0.259
516.39	0.269
516.73	0.286
517.07	0.277
517.41	0.287
517.75	0.284
518.09	0.273
518.43	0.263
518.77	0.250
519.11	0.200
519.45	0.176
519.79	0.149
520.13	0.123
520.47	0.100
520.81	0.097
521.15	0.094
521.49	0.084
521.83	0.087
522.17	0.091
522.51	0.118
522.85	0.180
523.19	0.232
523.53	0.293
523.87	0.355
524.21	0.413
524.55	0.466
524.89	0.505
525.23	0.549
525.57	0.589
525.91	0.617
526.25	0.638
526.58	0.660
526.92	0.678
527.26	0.687
527.60	0.687
527.94	0.688
528.28	0.682
528.62	0.673
528.96	0.661
529.30	0.649
529.64	0.631
529.97	0.614
530.31	0.589
530.65	0.564
530.99	0.539
531.33	0.520
531.67	0.494
532.01	0.478
532.35	0.471
532.68	0.463
533.02	0.454
533.36	0.456
533.70	0.446
534.04	0.423
534.38	0.395
534.71	0.389
535.05	0.378
535.39	0.366
535.73	0.341
536.07	0.331
536.41	0.320
536.74	0.313
537.08	0.330
537.42	0.345
537.76	0.382
538.10	0.412
538.43	0.429
538.77	0.448
539.11	0.473
539.45	0.504
539.79	0.527
540.12	0.547
540.46	0.556
540.80	0.547
541.14	0.546
541.47	0.530
541.81	0.511
542.15	0.492
542.49	0.478
542.82	0.445
543.16	0.412
543.50	0.374
543.84	0.326
544.17	0.293
544.51	0.267
544.85	0.231
545.18	0.220
545.52	0.200
545.86	0.179
546.20	0.132
546.53	0.114
546.87	0.091
547.21	0.063
547.54	0.049
547.88	0.016
548.22	-0.021
548.55	-0.019
548.89	-0.051
549.23	-0.054
549.56	-0.066
549.90	-0.054
550.24	-0.082
550.57	-0.091
550.91	-0.091
551.25	-0.112
551.58	-0.105
551.92	-0.103
552.26	-0.142
552.59	-0.146
552.93	-0.154
553.27	-0.175
553.60	-0.171
553.94	-0.138
554.27	-0.152
554.61	-0.160
554.95	-0.150
555.28	-0.169
555.62	-0.197
555.95	-0.193
556.29	-0.203
556.63	-0.200
556.96	-0.195
557.30	-0.192
557.63	-0.217
557.97	-0.201
558.31	-0.212
558.64	-0.216
558.98	-0.196
559.31	-0.157
559.65	-0.136
559.98	-0.110
560.32	-0.113
560.65	-0.111
560.99	-0.101
561.33	-0.070
561.66	-0.054
562.00	-0.037
562.33	-0.003
562.67	0.021
563.00	0.033
563.34	0.075
563.67	0.099
564.01	0.135
564.34	0.161
564.68	0.184
565.01	0.205
565.35	0.199
565.68	0.232
566.02	0.235
566.35	0.235
566.69	0.256
567.02	0.245
567.36	0.241
567.69	0.234
568.03	0.225
568.36	0.218
568.69	0.203
569.03	0.229
569.36	0.220
569.70	0.231
570.03	0.243
570.37	0.224
570.70	0.237
571.04	0.228
571.37	0.229
571.70	0.265
572.04	0.254
572.37	0.262
572.71	0.260
573.04	0.266
573.37	0.276
573.71	0.266
574.04	0.286
574.38	0.268
574.71	0.264
575.04	0.233
575.38	0.202
575.71	0.195
576.05	0.195
576.38	0.170
576.71	0.137
577.05	0.081
577.38	0.063
577.71	0.029
578.05	0.015
578.38	0.003
578.71	0.001
579.05	-0.013
579.38	-0.025
579.71	-0.069
580.05	-0.080
580.38	-0.072
580.71	-0.062
581.05	-0.048
581.38	-0.056
581.71	-0.063
582.05	-0.051
582.38	-0.024
582.71	-0.038
583.04	-0.025
583.38	-0.008
583.71	0.010
584.04	0.029
584.38	0.041
584.71	0.033
585.04	0.061
585.37	0.097
585.71	0.123
586.04	0.161
586.37	0.210
586.70	0.237
587.04	0.265
587.37	0.302
587.70	0.316
588.03	0.332
588.37	0.369
588.70	0.385
589.03	0.384
589.36	0.360
589.69	0.344
590.03	0.322
590.36	0.320
590.69	0.335
591.02	0.323
591.35	0.317
591.69	0.344
592.02	0.343
592.35	0.356
592.68	0.359
593.01	0.411
593.35	0.451
593.68	0.455
594.01	0.455
594.34	0.462
594.67	0.463
595.00	0.457
595.34	0.433
595.67	0.416
596.00	0.382
596.33	0.363
596.66	0.317
596.99	0.274
597.32	0.261
597.65	0.237
597.99	0.205
598.32	0.215
598.65	0.244
598.98	0.271
599.31	0.296
599.64	0.317
599.97	0.336
600.30	0.404
600.63	0.433
600.96	0.473
601.30	0.496
601.63	0.510
601.96	0.505
602.29	0.528
602.62	0.535
602.95	0.529
603.28	0.553
603.61	0.556
603.94	0.522
604.27	0.522
604.60	0.507
604.93	0.520
605.26	0.523
605.59	0.523
605.92	0.474
606.25	0.454
606.58	0.446
606.91	0.423
607.24	0.421
607.57	0.422
607.90	0.433
608.23	0.429
608.56	0.407
608.89	0.393
609.22	0.377
609.55	0.359
609.88	0.333
610.21	0.319
610.54	0.293
610.87	0.270
611.20	0.254
611.53	0.231
611.86	0.247
612.19	0.245
612.52	0.246
612.85	0.250
613.18	0.250
613.51	0.269
613.84	0.278
614.17	0.289
614.49	0.274
614.82	0.275
615.15	0.236
615.48	0.205
615.81	0.205
616.14	0.226
616.47	0.222
616.80	0.265
617.13	0.269
617.46	0.278
617.78	0.320
618.11	0.339
618.44	0.328
618.77	0.312
619.10	0.310
619.43	0.295
619.76	0.248
620.09	0.222
620.41	0.212
620.74	0.182
621.07	0.173
621.40	0.148
621.73	0.151
622.06	0.182
622.38	0.225
622.71	0.248
623.04	0.297
623.37	0.338
623.70	0.363
624.02	0.346
624.35	0.393
624.68	0.454
625.01	0.458
625.34	0.484
625.66	0.482
625.99	0.458
626.32	0.459
626.65	0.424
626.98	0.396
627.30	0.415
627.63	0.414
627.96	0.387
628.29	0.350
628.61	0.352
628.94	0.348
629.27	0.342
629.60	0.365
629.92	0.350
630.25	0.355
630.58	0.380
630.91	0.365
631.23	0.367
631.56	0.344
631.89	0.327
632.21	0.275
632.54	0.238
632.87	0.224
633.19	0.206
633.52	0.193
633.85	0.172
634.18	0.143
634.50	0.103
634.83	0.100
635.16	0.133
635.48	0.114
635.81	0.123
636.14	0.123
636.46	0.108
636.79	0.119
637.11	0.093
637.44	0.047
637.77	0.031
638.09	0.045
638.42	0.024
638.75	-0.039
639.07	-0.067
639.40	-0.063
639.73	-0.073
640.05	-0.058
640.38	-0.115
640.70	-0.118
641.03	-0.075
641.36	-0.086
641.68	-0.064
642.01	-0.073
642.33	-0.031
642.66	-0.022
642.98	0.012
643.31	-0.005
643.64	-0.019
643.96	0.045
644.29	0.083
644.61	0.076
644.94	0.135
645.26	0.086
645.59	0.117
645.91	0.160
646.24	0.210
646.56	0.221
646.89	0.264
647.22	0.273
647.54	0.258
647.87	0.231
648.19	0.262
648.52	0.271
648.84	0.282
649.17	0.293
649.49	0.246
649.82	0.232
650.14	0.165
650.47	0.169
650.79	0.127
651.11	0.108
651.44	0.175
651.76	0.142
652.09	0.108
652.41	0.136
652.74	0.100
653.06	0.154
653.39	0.123
653.71	0.128
654.04	0.103
654.36	0.177
654.68	0.236
655.01	0.219
655.33	0.237
655.66	0.214
655.98	0.225
656.30	0.258
656.63	0.251
656.95	0.287
657.28	0.308
657.60	0.362
657.92	0.328
658.25	0.308
658.57	0.316
658.90	0.328
659.22	0.307
659.54	0.256
659.87	0.196
660.19	0.140
660.51	0.114
660.84	0.089
661.16	0.019
661.48	-0.013
661.81	-0.019
662.13	-0.096
662.45	-0.074
662.78	-0.038
663.10	-0.040
663.42	-0.031
663.75	-0.055
664.07	-0.042
664.39	-0.022
664.72	-0.042
665.04	-0.010
665.36	-0.042
665.69	-0.005
666.01	-0.072
666.33	-0.112
666.65	-0.067
666.98	-0.028
667.30	-0.011
667.62	-0.076
667.94	-0.034
668.27	-0.036
668.59	-0.068
668.91	-0.047
669.23	-0.048
669.56	-0.013
669.88	0.031
670.20	0.011
670.52	-0.020
670.85	-0.041
671.17	-0.012
671.49	-0.066
671.81	-0.124
672.13	-0.123
672.46	-0.185
672.78	-0.227
673.10	-0.283
673.42	-0.305
673.74	-0.323
674.07	-0.276
674.39	-0.308
674.71	-0.279
675.03	-0.309
675.35	-0.188
675.67	-0.225
676.00	-0.207
676.32	-0.088
676.64	-0.005
676.96	0.076
677.28	0.076
677.60	0.059
677.92	0.153
678.25	0.135
678.57	0.153
678.89	0.127
679.21	0.131
679.53	0.169
679.85	0.059
680.17	0.029
680.49	-0.002
680.81	0.009
681.13	-0.033
681.46	-0.108
681.78	-0.076
682.10	-0.012
682.42	0.019
682.74	0.109
683.06	0.084
683.38	0.074
683.70	0.127
684.02	0.134
684.34	0.150
684.66	0.186
684.98	0.236
685.30	0.217
685.62	0.247
685.94	0.281
686.26	0.297
686.58	0.259
686.90	0.311
687.22	0.276
687.54	0.207
687.86	0.213
688.18	0.290
688.50	0.342
688.82	0.314
689.14	0.268
689.46	0.195
689.78	0.140
690.10	0.210
690.42	0.243
690.74	0.147
691.06	0.173
691.38	0.170
691.70	0.109
692.02	0.129
692.34	0.189
692.66	0.184
692.98	0.222
693.30	0.278
693.62	0.321
693.94	0.393
694.26	0.488
694.57	0.533
694.89	0.548
695.21	0.550
695.53	0.516
695.85	0.559
696.17	0.549
696.49	0.557
696.81	0.530
697.13	0.504
697.44	0.463
697.76	0.462
698.08	0.497
698.40	0.519
698.72	0.544
699.04	0.500
699.36	0.400
699.67	0.409
699.99	0.417
700.31	0.430
700.63	0.405
700.95	0.311
701.27	0.191
701.58	0.140
701.90	0.058
702.22	-0.003
702.54	0.003
702.86	0.001
703.17	-0.002
703.49	-0.045
703.81	-0.101
704.13	-0.119
704.45	-0.072
704.76	-0.003
705.08	-0.096
705.40	-0.044
705.72	-0.042
706.03	0.025
706.35	0.055
706.67	-0.051
706.99	-0.097
707.30	-0.027
707.62	-0.048
707.94	-0.046
708.26	-0.063
708.57	-0.080
708.89	-0.082
709.21	-0.053
709.53	-0.055
709.84	-0.015
710.16	0.101
710.48	0.100
710.79	0.037
711.11	0.012
711.43	0.002
711.74	0.016
712.06	0.152
712.38	0.208
712.69	0.250
713.01	0.168
713.33	0.178
713.64	0.162
713.96	0.279
714.28	0.304
714.59	0.480
714.91	0.576
715.23	0.645
715.54	0.646
715.86	0.596
716.17	0.603
716.49	0.754
716.81	0.649
717.12	0.674
717.44	0.677
717.76	0.713
718.07	0.659
718.39	0.719
718.70	0.729
719.02	0.663
719.33	0.723
719.65	0.700
719.97	0.605
720.28	0.777
720.60	0.724
720.91	0.636
721.23	0.693
721.54	0.614
721.86	0.484
722.17	0.526
722.49	0.479
722.81	0.526
723.12	0.499
723.44	0.583
723.75	0.473
724.07	0.606
724.38	0.594
724.70	0.593
725.01	0.689
725.33	0.606
725.64	0.675
725.96	0.727
726.27	0.619
726.59	0.618
726.90	0.544
727.22	0.486
727.53	0.456
727.84	0.575
728.16	0.545
728.47	0.485
728.79	0.466
729.10	0.430
729.42	0.528
729.73	0.460
730.05	0.417
730.36	0.421
730.67	0.465
730.99	0.353
731.30	0.135
731.62	0.170
731.93	0.096
732.24	0.099
732.56	0.093
732.87	-0.145
733.19	-0.060
733.50	-0.144
733.81	-0.230
734.13	-0.155
734.44	-0.178
734.76	-0.026
735.07	-0.157
735.38	-0.231
735.70	-0.129
736.01	-0.109
736.32	-0.018
736.64	-0.034
736.95	-0.062
737.26	-0.143
737.58	-0.385
737.89	-0.429
738.20	-0.518
738.52	-0.468
738.83	-0.415
739.14	-0.424
739.45	-0.602
739.77	-0.677
740.08	-0.730
740.39	-0.633
740.71	-0.586
741.02	-0.613
741.33	-0.655
741.64	-0.774
741.96	-0.932
742.27	-0.980
742.58	-1.026
742.90	-1.147
743.21	-1.041
743.52	-0.940
743.83	-0.924
744.14	-1.082
744.46	-0.951
744.77	-0.934
745.08	-0.934
745.39	-0.874
745.71	-0.918
746.02	-0.980
746.33	-1.004
746.64	-1.245
746.95	-1.232
747.27	-1.231
747.58	-1.033
747.89	-1.029
748.20	-0.837
748.51	-0.693
748.82	-0.744
749.14	-0.652
749.45	-0.719
749.76	-0.720
750.07	-0.764
750.38	-0.927
750.69	-0.954
751.01	-0.942
751.32	-1.057
751.63	-1.301
751.94	-1.337
752.25	-1.355
752.56	-1.397
752.87	-1.502
753.18	-1.560
753.49	-1.479
753.81	-1.563
754.12	-1.489
754.43	-1.614
754.74	-1.583
755.05	-1.430
755.36	-1.460
755.67	-1.343
755.98	-1.180
756.29	-0.931
756.60	-0.681
756.91	-0.419
757.22	-0.132
757.53	-0.164
757.84	0.034
758.15	0.272
758.46	0.506
758.77	0.604
759.09	0.631
759.40	0.682
759.71	0.823
760.02	0.949
760.33	1.079
760.64	1.071
760.95	1.335
761.26	1.376
761.57	1.241
761.88	1.195
762.18	1.149
762.49	1.212
762.80	1.216
763.11	1.060
763.42	0.964
763.73	0.760
764.04	0.659
764.35	0.465
764.66	0.239
764.97	0.216
765.28	-0.035
765.59	-0.188
765.90	-0.402
766.21	-0.633
766.52	-0.628
766.83	-1.072
767.14	-1.455
767.44	-1.613
767.75	-2.034
768.06	-1.891
768.37	-1.943
768.68	-2.072
768.99	-2.330
769.30	-2.425
769.61	-2.342
769.91	-2.521
770.22	-2.205
770.53	-1.980
770.84	-2.138
771.15	-2.127
771.46	-2.374
771.77	-2.471
772.07	-2.300
772.38	-2.042
772.69	-2.329
773.00	-2.450
773.31	-2.376
773.61	-2.376
773.92	-2.577
774.23	-2.492
774.54	-2.724
774.85	-2.754
775.15	-2.642
775.46	-2.446
775.77	-2.288
776.08	-2.121
776.39	-2.285
776.69	-2.588
777.00	-2.785
777.31	-2.620
777.62	-2.574
777.92	-2.301
778.23	-2.436
778.54	-2.440
778.85	-3.100
779.15	-3.115
779.46	-3.129
779.77	-3.161
780.07	-2.656
780.38	-2.460
780.69	-2.238
781.00	-2.383
781.30	-2.276
781.61	-2.161
781.92	-2.209
782.22	-1.834
782.53	-1.938
782.84	-1.748
783.14	-1.706
783.45	-1.926
783.76	-1.889
784.06	-1.820
784.37	-1.623
784.68	-1.468
784.98	-1.385
785.29	-1.310
785.60	-1.238
785.90	-1.277
786.21	-1.359
786.51	-1.083
786.82	-1.290
787.13	-1.350
787.43	-1.265
787.74	-1.220
788.04	-1.427
788.35	-1.478
788.66	-1.515
788.96	-1.662
789.27	-1.602
789.57	-1.659
789.88	-1.665
790.19	-1.770
790.49	-1.898
790.80	-2.298
791.10	-2.354
791.41	-2.104
791.71	-2.122
792.02	-2.292
792.32	-2.195
792.63	-2.220
792.93	-1.742
793.24	-1.935
793.54	-1.587
793.85	-1.373
794.15	-1.036
794.46	-0.978
794.76	-1.184
795.07	-0.992
795.37	-0.652
795.68	-0.684
795.98	-0.705
796.29	-0.727
796.59	-0.737
796.90	-0.775
797.20	-1.014
797.51	-1.295
797.81	-1.351
798.12	-1.230
798.42	-1.374
798.72	-1.782
799.03	-1.599
799.33	-1.641
799.64	-2.256
799.94	-1.806
800.25	-1.851
800.55	-1.747
800.85	-1.695
801.16	-1.797
801.46	-2.077
801.77	-2.124
802.07	-1.831
802.37	-2.102
802.68	-1.951
802.98	-1.800
803.28	-2.152
803.59	-2.064
803.89	-1.986
804.20	-1.930
804.50	-1.704
804.80	-1.568
805.11	-1.622
805.41	-1.692
805.71	-1.336
806.02	-1.473
806.32	-0.863
806.62	-0.934
806.93	-0.845
807.23	-0.450
807.53	-0.172
807.83	0.003
808.14	0.314
808.44	0.826
808.74	1.072
809.05	0.681
809.35	0.541
809.65	-0.016
809.95	-0.206
810.26	-0.397
810.56	-0.836
810.86	-1.036
811.16	-1.487
811.47	-1.290
811.77	-1.828
812.07	-1.821
812.37	-1.337
812.68	-1.057
812.98	-0.553
813.28	-0.734
813.58	-0.683
813.88	-0.606
814.19	-0.175
814.49	0.272
814.79	-0.298
815.09	0.247
815.39	-0.128
815.70	-0.371
816.00	0.165
816.30	0.076
816.60	0.655
816.90	0.645
817.20	1.006
817.50	0.951
817.81	1.048
818.11	1.394
818.41	1.390
818.71	1.516
819.01	1.637
819.31	1.606
819.61	1.551
819.92	1.675
820.22	1.718
820.52	1.759
820.82	1.828
821.12	1.882
821.42	1.886
821.72	2.005
822.02	2.053
822.32	2.143
822.62	2.188
822.92	2.298
823.22	2.234
823.52	2.302
823.83	2.277
824.13	2.312
824.43	2.330
824.73	2.423
825.03	2.271
825.33	2.337
825.63	2.252
825.93	2.249
826.23	2.115
826.53	2.204
826.83	2.038
827.13	2.030
827.43	1.943
827.73	1.921
828.03	1.680
828.33	1.589
828.63	1.315
828.93	1.097
829.23	0.790
829.53	0.785
829.83	0.766
830.13	0.926
830.42	0.902
830.72	0.922
831.02	0.735
831.32	0.913
831.62	0.976
831.92	1.289
832.22	1.408
832.52	1.505
832.82	1.491
833.12	1.456
833.42	1.566
833.72	1.498
834.01	1.509
834.31	1.316
834.61	1.287
834.91	1.393
835.21	1.072
835.51	0.706
835.81	0.408
836.11	0.055
836.40	-0.402
836.70	-1.207
837.00	-1.604
837.30	-2.274
837.60	-2.196
837.90	-2.564
838.19	-2.797
838.49	-2.403
838.79	-1.539
839.09	-1.367
839.39	-1.206
839.68	-1.176
839.98	-0.093
840.28	0.117
840.58	0.106
840.88	0.186
841.17	0.020
841.47	0.005
841.77	-0.081
842.07	-0.826
842.36	-1.241
842.66	-0.679
842.96	-0.446
843.26	-1.634
843.55	-2.055
843.85	-2.643
844.15	-2.882
844.45	-3.408
844.74	-4.775
845.04	-6.695
845.34	-7.226
845.63	-7.158
845.93	-7.279
846.23	-8.151
846.53	-7.707
846.82	-6.335
847.12	-5.937
847.42	-5.663
847.71	-5.208
848.01	-4.806
848.31	-4.552
848.60	-3.728
848.90	-2.987
849.19	-3.229
849.49	-2.137
849.79	-1.801
850.08	-3.137
850.38	-2.362
850.68	-2.115
850.97	-1.229
851.27	-1.136
851.56	-0.053
851.86	-2.173
852.16	-4.144
852.45	-4.312
852.75	-4.473
853.04	-4.411
853.34	-3.969
853.64	-4.752
853.93	-5.647
854.23	-5.691
854.52	-4.443
854.82	-4.508
855.11	-3.135
855.41	0.464
855.70	0.083
856.00	-0.957
856.30	-2.451
856.59	-3.084
856.89	-4.515
857.18	-4.906
857.48	-5.367
857.77	-5.264
858.07	-5.554
858.36	-6.402
858.66	-8.338
858.95	-7.848
859.25	-7.207
859.54	-7.883
859.84	-7.139
860.13	-4.660
860.42	-4.418
860.72	-5.535
861.01	-7.466
861.31	-7.392
861.60	-5.797
861.90	-7.536
862.19	-6.298
862.49	-8.331
862.78	-8.006
863.07	-8.586
863.37	-8.131
863.66	-8.618
863.96	-7.881
864.25	-5.216
864.54	-5.910
864.84	-5.964
865.13	-6.370
865.43	-8.264
865.72	6.986
866.01	-9.735
866.31	-0.262
866.60	-27.079
866.89	-4.977
