180.30	0.000
180.67	0.000
181.03	-46.924
181.40	-310.285
181.77	-102.285
182.14	-134.657
182.51	105.265
182.88	-59.237
183.25	184.398
183.62	-77.589
183.99	-376.214
184.36	176.802
184.73	87.895
185.10	-66.616
185.46	-230.028
185.83	95.621
186.20	12.117
186.57	33.742
186.94	155.469
187.31	79.490
187.68	514.489
188.05	68.287
188.42	27.607
188.78	-43.552
189.15	-20.873
189.52	-17.095
189.89	-53.394
190.26	-75.861
190.63	-44.568
191.00	-44.880
191.37	-35.904
191.73	-34.974
192.10	-35.348
192.47	-25.027
192.84	4.656
193.21	17.218
193.58	24.883
193.94	19.927
194.31	22.491
194.68	12.668
195.05	-17.693
195.42	-61.875
195.79	-68.827
196.15	-96.854
196.52	-84.508
196.89	1855063.672
197.26	862.920
197.63	-4871.900
198.00	-2587.074
198.36	1052.379
198.73	-1275.924
199.10	-5122.336
199.47	-550.033
199.84	-1347.428
200.20	-517.128
200.57	-328.562
200.94	-62.450
201.31	-67.500
201.68	-53.054
202.04	-34.123
202.41	-27.356
202.78	-15.286
203.15	-16.257
203.51	-29.327
203.88	-36.075
204.25	-66.973
204.62	-58.403
204.98	-71.251
205.35	-38.844
205.72	-32.436
206.09	-24.433
206.46	-11.484
206.82	-15.281
207.19	-17.477
207.56	4.428
207.92	8.473
208.29	14.856
208.66	-0.258
209.03	13.759
209.39	29.433
209.76	36.997
210.13	76.801
210.50	69.059
210.86	76.544
211.23	78.325
211.60	55.783
211.96	42.035
212.33	50.528
212.70	56.280
213.07	43.776
213.43	25.273
213.80	9.091
214.17	-27.023
214.53	-86.579
214.90	-90.848
215.27	-108.599
215.63	-62.943
216.00	-49.116
216.37	-90.973
216.74	-127.130
217.10	-100.621
217.47	-91.583
217.84	-67.706
218.20	-69.849
218.57	-49.562
218.94	-40.911
219.30	-25.232
219.67	-29.583
220.04	-23.928
220.40	-12.122
220.77	-9.690
221.13	-4.755
221.50	6.535
221.87	11.033
222.23	14.910
222.60	9.091
222.97	2.743
223.33	-0.092
223.70	0.413
224.07	2.204
224.43	4.544
224.80	7.833
225.16	6.803
225.53	3.191
225.90	1.104
226.26	0.902
226.63	2.807
226.99	1.075
227.36	0.507
227.73	0.722
228.09	-0.687
228.46	-3.176
228.82	-4.016
229.19	-4.866
229.56	-2.930
229.92	-4.779
230.29	-6.649
230.65	-6.908
231.02	-3.077
231.38	-3.750
231.75	-3.706
232.12	-2.397
232.48	-0.421
232.85	-1.401
233.21	-0.511
233.58	-1.690
233.94	0.665
234.31	1.834
234.68	1.969
235.04	0.241
235.41	-1.219
235.77	-2.439
236.14	-2.471
236.50	-1.677
236.87	-0.202
237.23	-1.032
237.60	-0.901
237.96	-0.749
238.33	-0.033
238.69	0.441
239.06	0.296
239.42	1.590
239.79	1.463
240.15	1.889
240.52	1.836
240.88	0.979
241.25	1.887
241.61	1.984
241.98	2.298
242.34	1.874
242.71	1.812
243.07	1.448
243.44	1.099
243.80	1.194
244.17	0.978
244.53	0.648
244.90	1.078
245.26	0.728
245.63	0.759
245.99	0.822
246.36	0.869
246.72	1.087
247.09	1.469
247.45	1.584
247.81	1.622
248.18	1.682
248.54	2.042
248.91	1.694
249.27	1.605
249.64	1.685
250.00	1.263
250.36	1.084
250.73	0.795
251.09	0.853
251.46	1.352
251.82	1.025
252.19	1.116
252.55	0.492
252.91	0.040
253.28	-0.094
253.64	-0.134
254.01	0.369
254.37	0.942
254.73	0.318
255.10	0.061
255.46	-0.280
255.83	0.173
256.19	0.125
256.55	0.108
256.92	0.238
257.28	0.543
257.65	0.644
258.01	0.766
258.37	0.690
258.74	0.928
259.10	1.006
259.46	1.036
259.83	0.976
260.19	0.775
260.55	1.145
260.92	1.236
261.28	1.106
261.64	1.045
262.01	0.839
262.37	0.684
262.73	0.512
263.10	0.583
263.46	0.793
263.82	1.285
264.19	1.747
264.55	1.775
264.91	2.312
265.28	2.336
265.64	2.613
266.00	2.100
266.37	2.292
266.73	2.517
267.09	2.278
267.46	2.182
267.82	1.868
268.18	1.748
268.54	1.474
268.91	1.022
269.27	0.995
269.63	0.799
270.00	1.209
270.36	1.401
270.72	1.256
271.08	1.343
271.45	1.377
271.81	1.633
272.17	1.717
272.53	1.662
272.90	1.921
273.26	2.012
273.62	2.084
273.98	1.941
274.35	1.572
274.71	1.779
275.07	1.662
275.43	1.501
275.80	1.177
276.16	1.023
276.52	1.312
276.88	1.121
277.25	0.997
277.61	0.846
277.97	1.198
278.33	1.285
278.69	1.129
279.06	1.157
279.42	1.513
279.78	1.269
280.14	1.284
280.50	1.418
280.87	1.419
281.23	1.276
281.59	1.200
281.95	0.999
282.31	0.995
282.68	1.035
283.04	1.102
283.40	0.983
283.76	1.158
284.12	1.296
284.48	1.220
284.85	1.308
285.21	1.592
285.57	1.790
285.93	1.867
286.29	1.800
286.65	1.967
287.02	2.096
287.38	2.095
287.74	2.269
288.10	2.289
288.46	2.248
288.82	2.289
289.18	2.368
289.54	2.472
289.91	2.552
290.27	2.882
290.63	2.801
290.99	2.724
291.35	2.745
291.71	2.768
292.07	2.785
292.43	2.917
292.79	3.060
293.16	3.009
293.52	3.136
293.88	3.290
294.24	3.338
294.60	3.585
294.96	3.914
295.32	4.195
295.68	4.380
296.04	4.630
296.40	4.868
296.76	4.991
297.12	5.247
297.49	5.360
297.85	5.576
298.21	5.915
298.57	6.151
298.93	6.359
299.29	6.537
299.65	6.671
300.01	6.831
300.37	7.032
300.73	7.242
301.09	7.548
301.45	7.850
301.81	7.849
302.17	8.147
302.53	8.368
302.89	8.445
303.25	8.490
303.61	8.690
303.97	8.956
304.33	9.167
304.69	9.460
305.05	9.632
305.41	9.684
305.77	9.967
306.13	9.864
306.49	9.875
306.85	10.230
307.21	10.470
307.57	10.487
307.93	10.411
308.29	10.532
308.65	10.554
309.01	10.548
309.37	10.681
309.73	10.772
310.09	10.838
310.45	10.972
310.81	10.916
311.17	11.122
311.53	11.188
311.89	11.297
312.25	11.378
312.61	11.458
312.96	11.480
313.32	11.420
313.68	11.442
314.04	11.441
314.40	11.474
314.76	11.377
315.12	11.329
315.48	11.357
315.84	11.204
316.20	11.098
316.56	11.193
316.92	11.180
317.27	11.245
317.63	11.283
317.99	11.347
318.35	11.233
318.71	11.285
319.07	11.218
319.43	11.394
319.79	11.589
320.15	11.676
320.50	11.457
320.86	11.437
321.22	11.368
321.58	11.359
321.94	11.441
322.30	11.488
322.66	11.389
323.01	11.312
323.37	11.180
323.73	11.137
324.09	11.134
324.45	11.237
324.81	11.390
325.17	11.451
325.52	11.345
325.88	11.263
326.24	11.286
326.60	11.452
326.96	11.394
327.31	11.461
327.67	11.470
328.03	11.352
328.39	11.413
328.75	11.256
329.11	11.269
329.46	11.182
329.82	11.077
330.18	10.927
330.54	10.843
330.90	10.869
331.25	10.773
331.61	10.748
331.97	10.662
332.33	10.469
332.68	10.441
333.04	10.299
333.40	10.360
333.76	10.423
334.11	10.450
334.47	10.431
334.83	10.433
335.19	10.463
335.54	10.378
335.90	10.305
336.26	10.382
336.62	10.368
336.97	10.362
337.33	10.396
337.69	10.384
338.05	10.330
338.40	10.317
338.76	10.235
339.12	10.180
339.48	10.216
339.83	10.291
340.19	10.290
340.55	10.289
340.90	10.336
341.26	10.336
341.62	10.287
341.97	10.325
342.33	10.262
342.69	10.167
343.04	10.063
343.40	10.043
343.76	10.080
344.12	10.068
344.47	10.057
344.83	9.931
345.19	9.819
345.54	9.760
345.90	9.690
346.26	9.719
346.61	9.785
346.97	9.868
347.32	9.764
347.68	9.581
348.04	9.469
348.39	9.396
348.75	9.409
349.11	9.338
349.46	9.354
349.82	9.351
350.18	9.192
350.53	9.184
350.89	9.216
351.24	9.269
351.60	9.339
351.96	9.286
352.31	9.313
352.67	9.294
353.02	9.307
353.38	9.314
353.74	9.303
354.09	9.407
354.45	9.469
354.80	9.397
355.16	9.287
355.52	9.206
355.87	9.209
356.23	9.239
356.58	9.226
356.94	9.235
357.29	9.217
357.65	9.182
358.00	9.113
358.36	9.014
358.72	8.895
359.07	8.907
359.43	8.978
359.78	9.031
360.14	8.953
360.49	8.941
360.85	8.911
361.20	8.858
361.56	8.846
361.91	8.880
362.27	8.804
362.62	8.853
362.98	8.825
363.33	8.780
363.69	8.735
364.04	8.685
364.40	8.659
364.75	8.619
365.11	8.526
365.46	8.490
365.82	8.408
366.17	8.396
366.53	8.372
366.88	8.383
367.24	8.410
367.59	8.325
367.95	8.352
368.30	8.299
368.66	8.240
369.01	8.275
369.37	8.193
369.72	8.237
370.08	8.199
370.43	8.187
370.78	8.143
371.14	7.993
371.49	8.066
371.85	8.028
372.20	7.992
372.56	7.952
372.91	7.928
373.26	8.022
373.62	7.913
373.97	7.939
374.33	7.862
374.68	7.870
375.03	7.890
375.39	7.790
375.74	7.731
376.10	7.775
376.45	7.837
376.80	7.846
377.16	7.778
377.51	7.742
377.87	7.730
378.22	7.720
378.57	7.658
378.93	7.637
379.28	7.611
379.63	7.648
379.99	7.610
380.34	7.607
380.70	7.533
381.05	7.524
381.40	7.546
381.76	7.496
382.11	7.506
382.46	7.546
382.82	7.580
383.17	7.643
383.52	7.618
383.88	7.568
384.23	7.520
384.58	7.540
384.94	7.518
385.29	7.501
385.64	7.476
385.99	7.453
386.35	7.423
386.70	7.374
387.05	7.328
387.41	7.308
387.76	7.292
388.11	7.307
388.47	7.300
388.82	7.267
389.17	7.206
389.52	7.197
389.88	7.204
390.23	7.196
390.58	7.136
390.93	7.078
391.29	7.036
391.64	7.013
391.99	6.987
392.34	6.955
392.70	6.943
393.05	6.968
393.40	6.976
393.75	6.946
394.11	6.922
394.46	6.948
394.81	6.979
395.16	6.963
395.52	7.049
395.87	7.011
396.22	6.968
396.57	6.940
396.92	6.916
397.28	6.862
397.63	6.854
397.98	6.814
398.33	6.825
398.68	6.791
399.04	6.766
399.39	6.678
399.74	6.666
400.09	6.696
400.44	6.682
400.80	6.643
401.15	6.644
401.50	6.610
401.85	6.628
402.20	6.593
402.55	6.567
402.90	6.534
403.26	6.521
403.61	6.533
403.96	6.555
404.31	6.583
404.66	6.637
405.01	6.630
405.36	6.615
405.72	6.631
406.07	6.585
406.42	6.564
406.77	6.564
407.12	6.534
407.47	6.500
407.82	6.443
408.17	6.411
408.53	6.331
408.88	6.298
409.23	6.280
409.58	6.238
409.93	6.259
410.28	6.255
410.63	6.266
410.98	6.266
411.33	6.265
411.68	6.216
412.03	6.166
412.38	6.171
412.73	6.144
413.09	6.091
413.44	6.049
413.79	6.022
414.14	5.991
414.49	5.954
414.84	5.931
415.19	5.902
415.54	5.893
415.89	5.897
416.24	5.881
416.59	5.875
416.94	5.878
417.29	5.864
417.64	5.854
417.99	5.850
418.34	5.872
418.69	5.853
419.04	5.835
419.39	5.823
419.74	5.818
420.09	5.830
420.44	5.823
420.79	5.833
421.14	5.820
421.49	5.806
421.84	5.797
422.19	5.777
422.54	5.778
422.89	5.781
423.24	5.798
423.59	5.806
423.94	5.786
424.29	5.786
424.64	5.775
424.99	5.782
425.34	5.813
425.68	5.799
426.03	5.778
426.38	5.782
426.73	5.791
427.08	5.798
427.43	5.777
427.78	5.781
428.13	5.800
428.48	5.785
428.83	5.794
429.18	5.757
429.53	5.768
429.87	5.779
430.22	5.776
430.57	5.761
430.92	5.728
431.27	5.738
431.62	5.734
431.97	5.720
432.32	5.728
432.67	5.719
433.01	5.721
433.36	5.711
433.71	5.696
434.06	5.685
434.41	5.664
434.76	5.659
435.11	5.649
435.45	5.615
435.80	5.589
436.15	5.586
436.50	5.565
436.85	5.535
437.20	5.547
437.54	5.538
437.89	5.531
438.24	5.550
438.59	5.564
438.94	5.540
439.29	5.565
439.63	5.581
439.98	5.565
440.33	5.582
440.68	5.613
441.03	5.619
441.37	5.604
441.72	5.604
442.07	5.596
442.42	5.573
442.76	5.589
443.11	5.577
443.46	5.561
443.81	5.559
444.16	5.543
444.50	5.543
444.85	5.535
445.20	5.527
445.55	5.513
445.89	5.499
446.24	5.508
446.59	5.500
446.94	5.498
447.28	5.483
447.63	5.466
447.98	5.463
448.32	5.435
448.67	5.435
449.02	5.424
449.37	5.434
449.71	5.422
450.06	5.420
450.41	5.413
450.75	5.396
451.10	5.413
451.45	5.404
451.79	5.400
452.14	5.397
452.49	5.371
452.84	5.375
453.18	5.361
453.53	5.377
453.88	5.342
454.22	5.306
454.57	5.293
454.92	5.288
455.26	5.299
455.61	5.285
455.95	5.286
456.30	5.282
456.65	5.287
456.99	5.289
457.34	5.281
457.69	5.261
458.03	5.269
458.38	5.270
458.73	5.262
459.07	5.248
459.42	5.239
459.76	5.224
460.11	5.214
460.46	5.206
460.80	5.192
461.15	5.151
461.49	5.168
461.84	5.161
462.19	5.133
462.53	5.139
462.88	5.146
463.22	5.142
463.57	5.139
463.91	5.136
464.26	5.135
464.61	5.130
464.95	5.123
465.30	5.121
465.64	5.111
465.99	5.144
466.33	5.126
466.68	5.104
467.02	5.090
467.37	5.092
467.71	5.091
468.06	5.098
468.41	5.096
468.75	5.097
469.10	5.095
469.44	5.106
469.79	5.066
470.13	5.076
470.48	5.072
470.82	5.058
471.17	5.053
471.51	5.036
471.86	5.008
472.20	4.973
472.55	4.963
472.89	4.903
473.23	4.874
473.58	4.872
473.92	4.825
474.27	4.813
474.61	4.829
474.96	4.808
475.30	4.815
475.65	4.830
475.99	4.847
476.34	4.859
476.68	4.892
477.02	4.896
477.37	4.902
477.71	4.910
478.06	4.919
478.40	4.911
478.75	4.907
479.09	4.905
479.43	4.897
479.78	4.906
480.12	4.920
480.47	4.924
480.81	4.933
481.15	4.937
481.50	4.945
481.84	4.958
482.19	4.973
482.53	4.986
482.87	4.992
483.22	5.002
483.56	5.000
483.90	4.996
484.25	4.996
484.59	4.991
484.94	4.987
485.28	4.981
485.62	4.962
485.97	4.944
486.31	4.923
486.65	4.905
487.00	4.878
487.34	4.858
487.68	4.834
488.03	4.818
488.37	4.792
488.71	4.764
489.06	4.747
489.40	4.737
489.74	4.721
490.09	4.715
490.43	4.694
490.77	4.685
491.11	4.684
491.46	4.675
491.80	4.661
492.14	4.647
492.49	4.653
492.83	4.650
493.17	4.631
493.51	4.615
493.86	4.605
494.20	4.587
494.54	4.564
494.88	4.533
495.23	4.525
495.57	4.525
495.91	4.539
496.25	4.530
496.60	4.519
496.94	4.516
497.28	4.507
497.62	4.492
497.97	4.505
498.31	4.498
498.65	4.505
498.99	4.517
499.33	4.498
499.68	4.496
500.02	4.466
500.36	4.453
500.70	4.447
501.04	4.454
501.39	4.459
501.73	4.447
502.07	4.484
502.41	4.496
502.75	4.473
503.09	4.482
503.44	4.460
503.78	4.495
504.12	4.497
504.46	4.494
504.80	4.473
505.14	4.454
505.49	4.431
505.83	4.396
506.17	4.383
506.51	4.392
506.85	4.380
507.19	4.383
507.53	4.367
507.87	4.348
508.22	4.348
508.56	4.357
508.90	4.361
509.24	4.376
509.58	4.381
509.92	4.371
510.26	4.358
510.60	4.352
510.94	4.340
511.28	4.314
511.63	4.326
511.97	4.330
512.31	4.329
512.65	4.307
512.99	4.292
513.33	4.306
513.67	4.315
514.01	4.308
514.35	4.313
514.69	4.330
515.03	4.342
515.37	4.345
515.71	4.323
516.05	4.316
516.39	4.315
516.73	4.322
517.07	4.300
517.41	4.303
517.75	4.299
518.09	4.286
518.43	4.280
518.77	4.275
519.11	4.254
519.45	4.251
519.79	4.238
520.13	4.246
520.47	4.242
520.81	4.224
521.15	4.196
521.49	4.192
521.83	4.195
522.17	4.179
522.51	4.170
522.85	4.166
523.19	4.167
523.53	4.189
523.87	4.204
524.21	4.218
524.55	4.239
524.89	4.256
525.23	4.270
525.57	4.281
525.91	4.299
526.25	4.302
526.58	4.309
526.92	4.316
527.26	4.322
527.60	4.322
527.94	4.318
528.28	4.324
528.62	4.318
528.96	4.318
529.30	4.310
529.64	4.293
529.97	4.288
530.31	4.276
530.65	4.265
530.99	4.242
531.33	4.215
531.67	4.206
532.01	4.197
532.35	4.172
532.68	4.149
533.02	4.141
533.36	4.131
533.70	4.122
534.04	4.112
534.38	4.111
534.71	4.102
535.05	4.115
535.39	4.097
535.73	4.079
536.07	4.092
536.41	4.100
536.74	4.096
537.08	4.086
537.42	4.078
537.76	4.105
538.10	4.091
538.43	4.079
538.77	4.060
539.11	4.077
539.45	4.066
539.79	4.069
540.12	4.077
540.46	4.071
540.80	4.084
541.14	4.097
541.47	4.089
541.81	4.091
542.15	4.101
542.49	4.103
542.82	4.088
543.16	4.087
543.50	4.076
543.84	4.065
544.17	4.059
544.51	4.043
544.85	4.002
545.18	3.988
545.52	3.985
545.86	3.978
546.20	3.955
546.53	3.942
546.87	3.948
547.21	3.932
547.54	3.899
547.88	3.883
548.22	3.872
548.55	3.901
548.89	3.876
549.23	3.874
549.56	3.864
549.90	3.889
550.24	3.877
550.57	3.847
550.91	3.836
551.25	3.850
551.58	3.857
551.92	3.865
552.26	3.860
552.59	3.859
552.93	3.850
553.27	3.845
553.60	3.840
553.94	3.832
554.27	3.831
554.61	3.832
554.95	3.838
555.28	3.837
555.62	3.831
555.95	3.799
556.29	3.808
556.63	3.804
556.96	3.798
557.30	3.794
557.63	3.771
557.97	3.801
558.31	3.785
558.64	3.770
558.98	3.767
559.31	3.759
559.65	3.766
559.98	3.775
560.32	3.765
560.65	3.779
560.99	3.779
561.33	3.795
561.66	3.743
562.00	3.759
562.33	3.768
562.67	3.777
563.00	3.764
563.34	3.789
563.67	3.761
564.01	3.767
564.34	3.750
564.68	3.733
565.01	3.734
565.35	3.773
565.68	3.765
566.02	3.753
566.35	3.728
566.69	3.754
567.02	3.747
567.36	3.760
567.69	3.766
568.03	3.765
568.36	3.795
568.69	3.808
569.03	3.802
569.36	3.800
569.70	3.795
570.03	3.783
570.37	3.753
570.70	3.759
571.04	3.759
571.37	3.740
571.70	3.737
572.04	3.726
572.37	3.721
572.71	3.715
573.04	3.722
573.37	3.712
573.71	3.755
574.04	3.753
574.38	3.723
574.71	3.725
575.04	3.722
575.38	3.727
575.71	3.716
576.05	3.713
576.38	3.695
576.71	3.673
577.05	3.686
577.38	3.642
577.71	3.619
578.05	3.627
578.38	3.604
578.71	3.628
579.05	3.621
579.38	3.595
579.71	3.575
580.05	3.623
580.38	3.644
580.71	3.625
581.05	3.616
581.38	3.646
581.71	3.639
582.05	3.614
582.38	3.600
582.71	3.594
583.04	3.620
583.38	3.604
583.71	3.549
584.04	3.549
584.38	3.575
584.71	3.569
585.04	3.543
585.37	3.534
585.71	3.556
586.04	3.527
586.37	3.528
586.70	3.513
587.04	3.547
587.37	3.560
587.70	3.554
588.03	3.548
588.37	3.533
588.70	3.548
589.03	3.551
589.36	3.542
589.69	3.520
590.03	3.518
590.36	3.505
590.69	3.492
591.02	3.475
591.35	3.444
591.69	3.412
592.02	3.471
592.35	3.459
592.68	3.443
593.01	3.424
593.35	3.454
593.68	3.436
594.01	3.437
594.34	3.418
594.67	3.409
595.00	3.421
595.34	3.428
595.67	3.413
596.00	3.418
596.33	3.442
596.66	3.480
596.99	3.456
597.32	3.490
597.65	3.495
597.99	3.498
598.32	3.492
598.65	3.508
598.98	3.509
599.31	3.478
599.64	3.468
599.97	3.461
600.30	3.424
600.63	3.454
600.96	3.421
601.30	3.452
601.63	3.465
601.96	3.477
602.29	3.471
602.62	3.473
602.95	3.453
603.28	3.459
603.61	3.440
603.94	3.467
604.27	3.453
604.60	3.440
604.93	3.414
605.26	3.420
605.59	3.412
605.92	3.399
606.25	3.398
606.58	3.408
606.91	3.389
607.24	3.397
607.57	3.366
607.90	3.355
608.23	3.382
608.56	3.389
608.89	3.357
609.22	3.343
609.55	3.355
609.88	3.346
610.21	3.357
610.54	3.358
610.87	3.336
611.20	3.352
611.53	3.379
611.86	3.385
612.19	3.392
612.52	3.401
612.85	3.381
613.18	3.352
613.51	3.326
613.84	3.339
614.17	3.341
614.49	3.359
614.82	3.361
615.15	3.336
615.48	3.322
615.81	3.332
616.14	3.346
616.47	3.379
616.80	3.401
617.13	3.406
617.46	3.343
617.78	3.337
618.11	3.337
618.44	3.259
618.77	3.234
619.10	3.231
619.43	3.205
619.76	3.216
620.09	3.204
620.41	3.162
620.74	3.140
621.07	3.193
621.40	3.187
621.73	3.161
622.06	3.218
622.38	3.280
622.71	3.283
623.04	3.249
623.37	3.225
623.70	3.250
624.02	3.290
624.35	3.329
624.68	3.313
625.01	3.316
625.34	3.327
625.66	3.341
625.99	3.347
626.32	3.367
626.65	3.399
626.98	3.398
627.30	3.392
627.63	3.398
627.96	3.371
628.29	3.372
628.61	3.366
628.94	3.333
629.27	3.274
629.60	3.215
629.92	3.186
630.25	3.175
630.58	3.166
630.91	3.157
631.23	3.148
631.56	3.173
631.89	3.153
632.21	3.177
632.54	3.191
632.87	3.199
633.19	3.210
633.52	3.205
633.85	3.140
634.18	3.140
634.50	3.101
634.83	3.090
635.16	3.064
635.48	3.114
635.81	3.105
636.14	3.087
636.46	3.078
636.79	3.033
637.11	3.009
637.44	3.061
637.77	3.063
638.09	3.103
638.42	3.091
638.75	3.064
639.07	3.031
639.40	2.992
639.73	3.010
640.05	3.025
640.38	3.051
640.70	3.029
641.03	3.020
641.36	3.057
641.68	3.060
642.01	3.097
642.33	3.127
642.66	3.115
642.98	3.086
643.31	3.096
643.64	3.114
643.96	3.111
644.29	3.113
644.61	3.090
644.94	3.040
645.26	3.001
645.59	2.935
645.91	2.915
646.24	2.921
646.56	2.977
646.89	2.980
647.22	2.965
647.54	2.941
647.87	2.951
648.19	2.995
648.52	2.949
648.84	2.952
649.17	3.006
649.49	3.055
649.82	3.037
650.14	3.009
650.47	2.986
650.79	3.012
651.11	3.032
651.44	3.030
651.76	2.962
652.09	3.052
652.41	3.043
652.74	3.020
653.06	2.961
653.39	3.022
653.71	3.043
654.04	3.006
654.36	3.013
654.68	3.025
655.01	3.004
655.33	3.002
655.66	2.998
655.98	3.028
656.30	3.008
656.63	3.042
656.95	3.028
657.28	3.049
657.60	3.109
657.92	3.074
658.25	3.089
658.57	3.205
658.90	3.243
659.22	3.184
659.54	3.182
659.87	3.203
660.19	3.168
660.51	3.137
660.84	3.088
661.16	3.094
661.48	3.083
661.81	3.035
662.13	2.892
662.45	2.814
662.78	2.860
663.10	2.830
663.42	2.870
663.75	2.845
664.07	2.858
664.39	2.922
664.72	2.961
665.04	2.911
665.36	2.890
665.69	2.890
666.01	2.963
666.33	2.936
666.65	2.921
666.98	2.825
667.30	2.829
667.62	2.813
667.94	2.713
668.27	2.552
668.59	2.576
668.91	2.615
669.23	2.621
669.56	2.598
669.88	2.618
670.20	2.671
670.52	2.702
670.85	2.771
671.17	2.756
671.49	2.840
671.81	2.952
672.13	2.987
672.46	2.944
672.78	2.944
673.10	2.996
673.42	2.988
673.74	3.010
674.07	3.052
674.39	2.903
674.71	2.912
675.03	2.920
675.35	2.938
675.67	3.005
676.00	3.102
676.32	3.155
676.64	3.118
676.96	3.096
677.28	3.038
677.60	3.020
677.92	3.201
678.25	3.217
678.57	3.204
678.89	3.241
679.21	3.243
679.53	3.282
679.85	3.292
680.17	3.243
680.49	3.291
680.81	3.300
681.13	3.263
681.46	3.234
681.78	3.229
682.10	3.207
682.42	3.133
682.74	3.139
683.06	3.030
683.38	3.074
683.70	3.167
684.02	3.165
684.34	3.233
684.66	3.272
684.98	3.207
685.30	3.239
685.62	3.278
685.94	3.278
686.26	3.237
686.58	3.271
686.90	3.179
687.22	3.257
687.54	3.246
687.86	3.183
688.18	3.097
688.50	3.178
688.82	3.181
689.14	3.193
689.46	3.201
689.78	3.278
690.10	3.271
690.42	3.357
690.74	3.307
691.06	3.311
691.38	3.312
691.70	3.403
692.02	3.318
692.34	3.235
692.66	3.132
692.98	3.085
693.30	3.048
693.62	3.046
693.94	3.050
694.26	3.027
694.57	3.030
694.89	3.096
695.21	3.129
695.53	3.190
695.85	3.195
696.17	3.247
696.49	3.318
696.81	3.325
697.13	3.319
697.44	3.247
697.76	3.253
698.08	3.250
698.40	3.218
698.72	3.176
699.04	3.130
699.36	3.172
699.67	3.128
699.99	3.062
700.31	2.981
700.63	3.003
700.95	3.021
701.27	2.971
701.58	2.993
701.90	3.055
702.22	3.099
702.54	3.132
702.86	3.114
703.17	3.063
703.49	3.115
703.81	3.172
704.13	3.144
704.45	3.192
704.76	3.168
705.08	3.030
705.40	2.932
705.72	2.917
706.03	2.809
706.35	2.795
706.67	2.802
706.99	2.809
707.30	2.739
707.62	2.771
707.94	2.765
708.26	2.776
708.57	2.897
708.89	2.935
709.21	2.888
709.53	3.004
709.84	3.128
710.16	3.259
710.48	3.242
710.79	3.304
711.11	3.264
711.43	3.210
711.74	3.174
712.06	3.185
712.38	3.116
712.69	3.158
713.01	3.157
713.33	3.019
713.64	3.009
713.96	3.027
714.28	2.995
714.59	3.030
714.91	3.099
715.23	3.121
715.54	3.131
715.86	3.238
716.17	3.250
716.49	3.289
716.81	3.305
717.12	3.213
717.44	3.221
717.76	3.234
718.07	3.204
718.39	3.247
718.70	3.286
719.02	3.330
719.33	3.183
719.65	3.230
719.97	3.054
720.28	3.178
720.60	3.251
720.91	3.367
721.23	3.430
721.54	3.452
721.86	3.347
722.17	3.461
722.49	3.231
722.81	3.375
723.12	3.279
723.44	3.326
723.75	3.198
724.07	3.251
724.38	3.119
724.70	3.029
725.01	3.093
725.33	3.051
725.64	2.980
725.96	3.175
726.27	3.114
726.59	3.165
726.90	3.174
727.22	3.142
727.53	3.063
727.84	3.079
728.16	3.019
728.47	2.989
728.79	3.097
729.10	3.021
729.42	2.841
729.73	2.807
730.05	2.775
730.36	2.795
730.67	2.950
730.99	3.166
731.30	3.244
731.62	3.336
731.93	3.277
732.24	3.168
732.56	3.153
732.87	3.174
733.19	3.268
733.50	3.207
733.81	3.064
734.13	2.959
734.44	2.762
734.76	2.641
735.07	2.589
735.38	2.562
735.70	2.572
736.01	2.527
736.32	2.549
736.64	2.637
736.95	2.750
737.26	2.908
737.58	2.947
737.89	2.818
738.20	2.760
738.52	2.739
738.83	2.808
739.14	2.768
739.45	2.746
739.77	2.683
740.08	2.625
740.39	2.632
740.71	2.655
741.02	2.650
741.33	2.580
741.64	2.694
741.96	2.620
742.27	2.698
742.58	2.878
742.90	3.004
743.21	3.202
743.52	3.021
743.83	2.895
744.14	3.062
744.46	2.838
744.77	2.929
745.08	2.712
745.39	2.677
745.71	2.441
746.02	2.093
746.33	2.132
746.64	2.146
746.95	2.127
747.27	2.231
747.58	2.113
747.89	1.997
748.20	2.070
748.51	2.230
748.82	2.397
749.14	2.743
749.45	2.996
749.76	2.968
750.07	2.915
750.38	3.006
750.69	2.823
751.01	2.771
751.32	3.121
751.63	2.986
751.94	3.058
752.25	2.959
752.56	2.815
752.87	2.788
753.18	2.926
753.49	2.809
753.81	3.005
754.12	3.075
754.43	3.035
754.74	3.003
755.05	3.114
755.36	3.056
755.67	3.174
755.98	3.324
756.29	3.356
756.60	3.245
756.91	3.460
757.22	3.345
757.53	3.640
757.84	3.625
758.15	3.822
758.46	3.815
758.77	3.801
759.09	3.886
759.40	3.807
759.71	3.729
760.02	3.860
760.33	3.880
760.64	3.808
760.95	3.588
761.26	3.660
761.57	3.425
761.88	3.527
762.18	3.552
762.49	3.545
762.80	3.493
763.11	3.582
763.42	3.554
763.73	3.545
764.04	3.566
764.35	3.566
764.66	3.542
764.97	3.620
765.28	3.553
765.59	3.681
765.90	3.630
766.21	3.601
766.52	3.794
766.83	3.752
767.14	3.510
767.44	3.681
767.75	3.726
768.06	3.750
768.37	3.656
768.68	3.698
768.99	3.600
769.30	3.658
769.61	3.614
769.91	3.540
770.22	3.543
770.53	3.594
770.84	3.306
771.15	3.409
771.46	3.165
771.77	3.206
772.07	3.139
772.38	2.992
772.69	2.840
773.00	2.905
773.31	2.493
773.61	2.425
773.92	2.625
774.23	2.721
774.54	2.814
774.85	3.025
775.15	2.878
775.46	2.915
775.77	2.907
776.08	2.773
776.39	2.811
776.69	3.029
777.00	2.991
777.31	2.974
777.62	3.109
777.92	2.971
778.23	3.099
778.54	3.516
778.85	3.607
779.15	3.798
779.46	4.194
779.77	3.862
780.07	3.963
780.38	3.820
780.69	3.944
781.00	3.740
781.30	3.787
781.61	3.524
781.92	3.332
782.22	2.914
782.53	2.636
782.84	2.452
783.14	2.786
783.45	3.053
783.76	3.276
784.06	2.939
784.37	3.341
784.68	3.180
784.98	3.414
785.29	3.458
785.60	3.668
785.90	3.745
786.21	3.919
786.51	3.768
786.82	3.413
787.13	3.357
787.43	3.604
787.74	3.559
788.04	3.966
788.35	3.788
788.66	3.887
788.96	3.884
789.27	4.145
789.57	4.254
789.88	4.075
790.19	4.397
790.49	4.331
790.80	4.299
791.10	4.244
791.41	4.081
791.71	4.105
792.02	4.096
792.32	4.302
792.63	4.407
792.93	4.026
793.24	4.411
793.54	3.821
793.85	3.955
794.15	3.949
794.46	3.880
794.76	3.940
795.07	3.942
795.37	3.933
795.68	3.781
795.98	3.420
796.29	3.426
796.59	3.430
796.90	3.739
797.20	3.654
797.51	3.582
797.81	3.427
798.12	3.347
798.42	3.315
798.72	3.337
799.03	3.412
799.33	3.522
799.64	3.458
799.94	3.551
800.25	3.297
800.55	3.165
800.85	3.245
801.16	3.127
801.46	3.338
801.77	3.255
802.07	3.210
802.37	3.274
802.68	2.938
802.98	2.967
803.28	2.964
803.59	3.315
803.89	3.703
804.20	3.563
804.50	3.865
804.80	3.757
805.11	3.840
805.41	3.881
805.71	3.303
806.02	3.672
806.32	3.865
806.62	3.779
806.93	3.187
807.23	2.848
807.53	3.147
807.83	3.406
808.14	3.025
808.44	3.655
808.74	3.220
809.05	3.590
809.35	3.211
809.65	3.136
809.95	3.421
810.26	3.625
810.56	3.584
810.86	3.299
811.16	3.090
811.47	2.916
811.77	2.428
812.07	2.603
812.37	2.432
812.68	2.724
812.98	2.148
813.28	2.141
813.58	2.108
813.88	2.025
814.19	1.904
814.49	1.565
814.79	1.522
815.09	0.856
815.39	0.857
815.70	1.571
816.00	2.160
816.30	2.639
816.60	2.789
816.90	3.403
817.20	3.559
817.50	3.782
817.81	3.969
818.11	4.207
818.41	4.399
818.71	4.823
819.01	4.658
819.31	4.537
819.61	4.494
819.92	4.373
820.22	4.320
820.52	4.330
820.82	4.276
821.12	4.259
821.42	4.279
821.72	4.399
822.02	4.307
822.32	4.345
822.62	4.368
822.92	4.385
823.22	4.488
823.52	4.496
823.83	4.600
824.13	4.655
824.43	4.708
824.73	4.818
825.03	4.762
825.33	4.716
825.63	4.792
825.93	4.746
826.23	4.785
826.53	4.715
826.83	4.831
827.13	4.672
827.43	4.862
827.73	4.931
828.03	4.864
828.33	5.074
828.63	5.099
828.93	4.906
829.23	4.866
829.53	4.894
829.83	4.893
830.13	4.834
830.42	5.004
830.72	4.815
831.02	4.820
831.32	4.619
831.62	4.249
831.92	4.519
832.22	4.585
832.52	4.540
832.82	4.543
833.12	4.229
833.42	3.914
833.72	4.089
834.01	4.166
834.31	4.272
834.61	4.556
834.91	4.574
835.21	4.396
835.51	4.393
835.81	4.351
836.11	4.583
836.40	5.141
836.70	5.578
837.00	5.403
837.30	5.081
837.60	4.881
837.90	4.624
838.19	4.644
838.49	4.933
838.79	4.679
839.09	4.764
839.39	4.325
839.68	4.145
839.98	4.146
840.28	3.579
840.58	4.294
840.88	4.361
841.17	4.576
841.47	4.603
841.77	3.008
842.07	3.371
842.36	3.925
842.66	4.337
842.96	4.610
843.26	4.703
843.55	5.588
843.85	5.015
844.15	5.303
844.45	3.753
844.74	2.889
845.04	5.984
845.34	5.802
845.63	6.355
845.93	5.582
846.23	3.886
846.53	3.724
846.82	4.826
847.12	5.474
847.42	4.539
847.71	5.631
848.01	6.722
848.31	4.777
848.60	4.611
848.90	3.511
849.19	3.907
849.49	5.219
849.79	4.282
850.08	1.398
850.38	-0.632
850.68	-0.969
850.97	0.745
851.27	0.799
851.56	0.973
851.86	1.468
852.16	0.134
852.45	0.264
852.75	0.057
853.04	1.666
853.34	4.626
853.64	5.552
853.93	4.774
854.23	3.905
854.52	5.565
854.82	5.806
855.11	6.339
855.41	7.748
855.70	6.370
856.00	6.202
856.30	5.466
856.59	2.974
856.89	4.897
857.18	5.521
857.48	4.727
857.77	2.974
858.07	2.076
858.36	3.367
858.66	2.996
858.95	4.312
859.25	3.093
859.54	3.834
859.84	5.218
860.13	4.363
860.42	3.681
860.72	3.151
861.01	0.913
861.31	2.135
861.60	-0.791
861.90	-1.301
862.19	-1.593
862.49	0.114
862.78	-1.078
863.07	-3.840
863.37	-4.059
863.66	-1.989
863.96	-0.496
864.25	2.301
864.54	0.997
864.84	1.508
865.13	2.543
865.43	3.698
865.72	10.341
866.01	-8.925
866.31	-1.092
866.60	7.185
866.89	12.473
