180.30	0.000
180.67	0.000
181.03	151.754
181.40	-14.036
181.77	23.117
182.14	45.810
182.51	-433.390
182.88	53.531
183.25	-273.506
183.62	87.654
183.99	8.008
184.36	-202.677
184.73	47.401
185.10	160.850
185.46	21.815
185.83	48.276
186.20	-138.736
186.57	72.248
186.94	221.722
187.31	311.847
187.68	221.059
188.05	7.374
188.42	28.020
188.78	-17.922
189.15	-15.941
189.52	-15.861
189.89	0.856
190.26	3.870
190.63	-1.885
191.00	-13.401
191.37	10.172
191.73	7.111
192.10	21.445
192.47	40.976
192.84	49.791
193.21	45.266
193.58	49.169
193.94	41.956
194.31	43.754
194.68	40.518
195.05	32.956
195.42	27.215
195.79	19.541
196.15	14.038
196.52	-16.242
196.89	-24.172
197.26	-20.623
197.63	-10.560
198.00	3.598
198.36	-5.519
198.73	19.397
199.10	23.624
199.47	7.709
199.84	25.097
200.20	22.362
200.57	32.841
200.94	31.480
201.31	33.417
201.68	-7.061
202.04	-58.154
202.41	-18.459
202.78	-96.180
203.15	-104.188
203.51	-11.960
203.88	-49.671
204.25	-81.357
204.62	-71.082
204.98	-75.535
205.35	-56.159
205.72	-24.876
206.09	6.563
206.46	-28.037
206.82	-10.013
207.19	-26.893
207.56	-149.940
207.92	-144.579
208.29	-49.711
208.66	-28.929
209.03	28.193
209.39	9.768
209.76	7.989
210.13	31.193
210.50	59.445
210.86	42.373
211.23	44.858
211.60	49.273
211.96	32.066
212.33	32.840
212.70	24.197
213.07	30.072
213.43	49.787
213.80	30.079
214.17	13.165
214.53	-0.868
214.90	-0.352
215.27	-5.174
215.63	3.866
216.00	21.726
216.37	12.204
216.74	-7.956
217.10	2.909
217.47	11.909
217.84	35.548
218.20	20.527
218.57	16.319
218.94	15.347
219.30	14.229
219.67	10.174
220.04	14.940
220.40	13.769
220.77	21.299
221.13	12.936
221.50	-4.152
221.87	-11.914
222.23	8.183
222.60	16.582
222.97	19.457
223.33	17.871
223.70	19.641
224.07	16.709
224.43	18.837
224.80	16.025
225.16	14.059
225.53	14.654
225.90	13.277
226.26	6.686
226.63	5.867
226.99	8.912
227.36	9.281
227.73	8.327
228.09	8.414
228.46	6.999
228.82	9.161
229.19	8.443
229.56	9.861
229.92	10.539
230.29	12.459
230.65	10.040
231.02	4.891
231.38	2.514
231.75	1.677
232.12	2.753
232.48	3.588
232.85	2.439
233.21	3.680
233.58	-0.101
233.94	-1.602
234.31	-0.727
234.68	3.775
235.04	5.678
235.41	6.166
235.77	6.606
236.14	3.606
236.50	3.111
236.87	3.532
237.23	3.689
237.60	4.809
237.96	5.533
238.33	5.081
238.69	3.778
239.06	3.899
239.42	5.090
239.79	4.757
240.15	5.198
240.52	5.896
240.88	5.629
241.25	6.734
241.61	7.094
241.98	6.637
242.34	6.079
242.71	5.976
243.07	5.768
243.44	5.478
243.80	5.578
244.17	5.574
244.53	4.902
244.90	4.411
245.26	3.790
245.63	3.308
245.99	3.078
246.36	3.160
246.72	3.322
247.09	3.708
247.45	3.266
247.81	3.055
248.18	3.014
248.54	3.376
248.91	4.067
249.27	4.124
249.64	4.745
250.00	5.045
250.36	5.864
250.73	5.775
251.09	5.146
251.46	5.648
251.82	5.731
252.19	5.574
252.55	5.744
252.91	4.933
253.28	4.749
253.64	4.748
254.01	5.549
254.37	5.114
254.73	4.778
255.10	4.850
255.46	4.666
255.83	5.227
256.19	5.043
256.55	4.878
256.92	4.867
257.28	4.815
257.65	4.512
258.01	4.263
258.37	3.961
258.74	4.169
259.10	4.275
259.46	4.081
259.83	3.593
260.19	3.463
260.55	3.119
260.92	3.325
261.28	3.411
261.64	3.575
262.01	3.713
262.37	4.211
262.73	4.137
263.10	4.134
263.46	4.980
263.82	5.252
264.19	5.376
264.55	5.427
264.91	5.084
265.28	4.883
265.64	4.287
266.00	3.511
266.37	2.694
266.73	2.441
267.09	2.299
267.46	1.648
267.82	1.585
268.18	1.833
268.54	1.968
268.91	1.767
269.27	1.515
269.63	1.712
270.00	1.937
270.36	2.195
270.72	2.491
271.08	2.844
271.45	2.683
271.81	2.362
272.17	1.996
272.53	2.269
272.90	2.414
273.26	2.752
273.62	3.160
273.98	3.582
274.35	3.862
274.71	3.571
275.07	3.355
275.43	4.041
275.80	4.620
276.16	4.741
276.52	4.545
276.88	4.834
277.25	4.670
277.61	4.369
277.97	4.027
278.33	3.778
278.69	3.428
279.06	3.329
279.42	2.661
279.78	2.409
280.14	2.331
280.50	2.510
280.87	2.308
281.23	2.214
281.59	2.274
281.95	2.383
282.31	2.527
282.68	2.818
283.04	2.915
283.40	3.179
283.76	3.193
284.12	3.321
284.48	2.980
284.85	2.750
285.21	2.616
285.57	2.320
285.93	2.324
286.29	2.143
286.65	2.220
287.02	2.152
287.38	1.945
287.74	1.978
288.10	2.094
288.46	2.375
288.82	2.446
289.18	2.872
289.54	3.152
289.91	3.254
290.27	3.349
290.63	3.439
290.99	3.360
291.35	3.656
291.71	3.743
292.07	3.797
292.43	3.585
292.79	3.712
293.16	3.361
293.52	3.467
293.88	3.356
294.24	3.478
294.60	3.547
294.96	3.723
295.32	3.622
295.68	3.645
296.04	3.579
296.40	3.810
296.76	4.032
297.12	4.291
297.49	4.251
297.85	4.457
298.21	4.463
298.57	4.422
298.93	4.347
299.29	4.677
299.65	4.637
300.01	4.872
300.37	4.724
300.73	4.713
301.09	4.737
301.45	4.694
301.81	4.559
302.17	4.607
302.53	4.480
302.89	4.536
303.25	4.131
303.61	4.136
303.97	3.980
304.33	4.028
304.69	3.838
305.05	3.920
305.41	3.870
305.77	3.742
306.13	3.644
306.49	3.631
306.85	3.638
307.21	4.001
307.57	4.085
307.93	4.248
308.29	4.225
308.65	4.242
309.01	4.055
309.37	4.123
309.73	4.180
310.09	4.157
310.45	4.261
310.81	4.289
311.17	4.114
311.53	4.069
311.89	3.953
312.25	3.991
312.61	4.103
312.96	4.257
313.32	4.314
313.68	4.533
314.04	4.526
314.40	4.525
314.76	4.457
315.12	4.515
315.48	4.431
315.84	4.297
316.20	4.370
316.56	4.394
316.92	4.501
317.27	4.508
317.63	4.404
317.99	4.504
318.35	4.509
318.71	4.430
319.07	4.634
319.43	4.723
319.79	4.698
320.15	4.558
320.50	4.429
320.86	4.440
321.22	4.337
321.58	4.318
321.94	4.243
322.30	4.326
322.66	4.414
323.01	4.252
323.37	4.342
323.73	4.355
324.09	4.519
324.45	4.705
324.81	4.530
325.17	4.657
325.52	4.775
325.88	4.944
326.24	4.952
326.60	4.857
326.96	4.823
327.31	4.793
327.67	4.934
328.03	4.923
328.39	4.843
328.75	4.906
329.11	4.926
329.46	4.784
329.82	4.740
330.18	4.783
330.54	4.879
330.90	4.977
331.25	5.091
331.61	5.072
331.97	5.016
332.33	5.059
332.68	5.075
333.04	5.129
333.40	5.243
333.76	5.245
334.11	5.071
334.47	5.069
334.83	4.971
335.19	4.894
335.54	4.856
335.90	4.783
336.26	4.667
336.62	4.664
336.97	4.539
337.33	4.503
337.69	4.444
338.05	4.575
338.40	4.590
338.76	4.598
339.12	4.615
339.48	4.556
339.83	4.555
340.19	4.567
340.55	4.524
340.90	4.507
341.26	4.425
341.62	4.494
341.97	4.428
342.33	4.459
342.69	4.500
343.04	4.410
343.40	4.443
343.76	4.424
344.12	4.301
344.47	4.290
344.83	4.325
345.19	4.333
345.54	4.185
345.90	4.154
346.26	4.074
346.61	3.962
346.97	3.912
347.32	3.960
347.68	4.014
348.04	4.097
348.39	4.074
348.75	4.077
349.11	4.051
349.46	4.137
349.82	4.131
350.18	4.055
350.53	4.164
350.89	4.232
351.24	4.141
351.60	4.168
351.96	4.206
352.31	4.328
352.67	4.341
353.02	4.382
353.38	4.388
353.74	4.481
354.09	4.525
354.45	4.441
354.80	4.410
355.16	4.451
355.52	4.382
355.87	4.330
356.23	4.198
356.58	4.188
356.94	4.145
357.29	4.109
357.65	4.018
358.00	4.109
358.36	4.181
358.72	4.144
359.07	4.071
359.43	4.105
359.78	4.131
360.14	4.159
360.49	4.124
360.85	4.137
361.20	4.140
361.56	4.140
361.91	4.065
362.27	4.082
362.62	4.160
362.98	4.255
363.33	4.207
363.69	4.209
364.04	4.157
364.40	4.170
364.75	4.188
365.11	4.186
365.46	4.214
365.82	4.258
366.17	4.240
366.53	4.256
366.88	4.223
367.24	4.323
367.59	4.283
367.95	4.385
368.30	4.393
368.66	4.342
369.01	4.359
369.37	4.369
369.72	4.293
370.08	4.274
370.43	4.209
370.78	4.211
371.14	4.149
371.49	4.218
371.85	4.132
372.20	4.115
372.56	4.171
372.91	4.160
373.26	4.137
373.62	4.225
373.97	4.218
374.33	4.203
374.68	4.186
375.03	4.217
375.39	4.195
375.74	4.221
376.10	4.260
376.45	4.268
376.80	4.292
377.16	4.324
377.51	4.331
377.87	4.387
378.22	4.392
378.57	4.454
378.93	4.428
379.28	4.441
379.63	4.480
379.99	4.444
380.34	4.435
380.70	4.440
381.05	4.440
381.40	4.446
381.76	4.462
382.11	4.513
382.46	4.502
382.82	4.563
383.17	4.610
383.52	4.627
383.88	4.666
384.23	4.703
384.58	4.734
384.94	4.785
385.29	4.794
385.64	4.794
385.99	4.782
386.35	4.829
386.70	4.808
387.05	4.782
387.41	4.783
387.76	4.848
388.11	4.811
388.47	4.853
388.82	4.900
389.17	5.004
389.52	5.058
389.88	5.160
390.23	5.170
390.58	5.222
390.93	5.241
391.29	5.305
391.64	5.326
391.99	5.442
392.34	5.481
392.70	5.504
393.05	5.513
393.40	5.552
393.75	5.571
394.11	5.661
394.46	5.689
394.81	5.787
395.16	5.786
395.52	5.840
395.87	5.852
396.22	5.861
396.57	5.867
396.92	5.899
397.28	5.913
397.63	5.984
397.98	5.994
398.33	6.078
398.68	6.087
399.04	6.191
399.39	6.264
399.74	6.373
400.09	6.486
400.44	6.604
400.80	6.606
401.15	6.674
401.50	6.716
401.85	6.777
402.20	6.845
402.55	6.990
402.90	7.056
403.26	7.100
403.61	7.133
403.96	7.195
404.31	7.234
404.66	7.374
405.01	7.401
405.36	7.435
405.72	7.505
406.07	7.561
406.42	7.589
406.77	7.669
407.12	7.753
407.47	7.832
407.82	7.896
408.17	8.002
408.53	8.035
408.88	8.193
409.23	8.312
409.58	8.410
409.93	8.531
410.28	8.597
410.63	8.668
410.98	8.751
411.33	8.839
411.68	8.894
412.03	8.940
412.38	9.063
412.73	9.161
413.09	9.273
413.44	9.331
413.79	9.424
414.14	9.531
414.49	9.658
414.84	9.766
415.19	9.849
415.54	10.003
415.89	10.112
416.24	10.186
416.59	10.249
416.94	10.296
417.29	10.407
417.64	10.485
417.99	10.578
418.34	10.632
418.69	10.722
419.04	10.821
419.39	10.884
419.74	10.961
420.09	11.030
420.44	11.108
420.79	11.209
421.14	11.282
421.49	11.357
421.84	11.426
422.19	11.533
422.54	11.593
422.89	11.663
423.24	11.717
423.59	11.804
423.94	11.901
424.29	11.995
424.64	12.084
424.99	12.179
425.34	12.278
425.68	12.386
426.03	12.440
426.38	12.539
426.73	12.630
427.08	12.763
427.43	12.904
427.78	13.024
428.13	13.126
428.48	13.226
428.83	13.300
429.18	13.374
429.53	13.454
429.87	13.556
430.22	13.608
430.57	13.727
430.92	13.817
431.27	13.866
431.62	13.936
431.97	14.006
432.32	14.082
432.67	14.187
433.01	14.279
433.36	14.366
433.71	14.467
434.06	14.602
434.41	14.659
434.76	14.729
435.11	14.848
435.45	14.954
435.80	15.056
436.15	15.157
436.50	15.234
436.85	15.302
437.20	15.404
437.54	15.449
437.89	15.533
438.24	15.607
438.59	15.671
438.94	15.714
439.29	15.744
439.63	15.806
439.98	15.823
440.33	15.881
440.68	15.975
441.03	16.030
441.37	16.153
441.72	16.205
442.07	16.276
442.42	16.363
442.76	16.425
443.11	16.488
443.46	16.537
443.81	16.616
444.16	16.691
444.50	16.719
444.85	16.754
445.20	16.774
445.55	16.820
445.89	16.859
446.24	16.894
446.59	16.950
446.94	17.024
447.28	17.051
447.63	17.131
447.98	17.149
448.32	17.234
448.67	17.305
449.02	17.353
449.37	17.393
449.71	17.476
450.06	17.528
450.41	17.583
450.75	17.590
451.10	17.675
451.45	17.729
451.79	17.808
452.14	17.813
452.49	17.866
452.84	17.948
453.18	18.016
453.53	18.069
453.88	18.137
454.22	18.208
454.57	18.300
454.92	18.377
455.26	18.421
455.61	18.457
455.95	18.524
456.30	18.578
456.65	18.615
456.99	18.657
457.34	18.691
457.69	18.762
458.03	18.803
458.38	18.848
458.73	18.879
459.07	18.918
459.42	18.968
459.76	19.018
460.11	19.059
460.46	19.133
460.80	19.220
461.15	19.261
461.49	19.286
461.84	19.317
462.19	19.389
462.53	19.456
462.88	19.512
463.22	19.589
463.57	19.637
463.91	19.704
464.26	19.739
464.61	19.770
464.95	19.829
465.30	19.881
465.64	19.949
465.99	19.968
466.33	19.985
466.68	20.026
467.02	20.040
467.37	20.085
467.71	20.127
468.06	20.165
468.41	20.192
468.75	20.276
469.10	20.287
469.44	20.299
469.79	20.338
470.13	20.379
470.48	20.414
470.82	20.444
471.17	20.461
471.51	20.501
471.86	20.509
472.20	20.544
472.55	20.542
472.89	20.621
473.23	20.662
473.58	20.705
473.92	20.699
474.27	20.710
474.61	20.745
474.96	20.783
475.30	20.785
475.65	20.815
475.99	20.849
476.34	20.896
476.68	20.912
477.02	20.961
477.37	20.995
477.71	21.069
478.06	21.126
478.40	21.220
478.75	21.333
479.09	21.456
479.43	21.615
479.78	21.778
480.12	21.902
480.47	22.017
480.81	22.134
481.15	22.237
481.50	22.352
481.84	22.466
482.19	22.573
482.53	22.665
482.87	22.738
483.22	22.771
483.56	22.779
483.90	22.784
484.25	22.791
484.59	22.764
484.94	22.749
485.28	22.716
485.62	22.668
485.97	22.616
486.31	22.566
486.65	22.535
487.00	22.530
487.34	22.525
487.68	22.550
488.03	22.555
488.37	22.568
488.71	22.560
489.06	22.582
489.40	22.599
489.74	22.599
490.09	22.603
490.43	22.576
490.77	22.559
491.11	22.545
491.46	22.528
491.80	22.504
492.14	22.510
492.49	22.527
492.83	22.514
493.17	22.517
493.51	22.521
493.86	22.538
494.20	22.587
494.54	22.634
494.88	22.671
495.23	22.696
495.57	22.751
495.91	22.793
496.25	22.830
496.60	22.858
496.94	22.875
497.28	22.928
497.62	22.965
497.97	23.009
498.31	23.017
498.65	23.061
498.99	23.100
499.33	23.124
499.68	23.160
500.02	23.172
500.36	23.235
500.70	23.323
501.04	23.361
501.39	23.384
501.73	23.411
502.07	23.450
502.41	23.512
502.75	23.563
503.09	23.605
503.44	23.639
503.78	23.724
504.12	23.746
504.46	23.777
504.80	23.795
505.14	23.845
505.49	23.922
505.83	23.960
506.17	23.991
506.51	24.014
506.85	24.060
507.19	24.098
507.53	24.132
507.87	24.186
508.22	24.224
508.56	24.261
508.90	24.284
509.24	24.300
509.58	24.337
509.92	24.372
510.26	24.457
510.60	24.509
510.94	24.593
511.28	24.630
511.63	24.665
511.97	24.681
512.31	24.744
512.65	24.804
512.99	24.861
513.33	24.925
513.67	24.984
514.01	24.997
514.35	25.057
514.69	25.081
515.03	25.130
515.37	25.196
515.71	25.260
516.05	25.279
516.39	25.325
516.73	25.343
517.07	25.359
517.41	25.390
517.75	25.428
518.09	25.432
518.43	25.454
518.77	25.482
519.11	25.477
519.45	25.485
519.79	25.545
520.13	25.576
520.47	25.636
520.81	25.693
521.15	25.730
521.49	25.738
521.83	25.803
522.17	25.839
522.51	25.913
522.85	25.987
523.19	26.074
523.53	26.184
523.87	26.335
524.21	26.477
524.55	26.638
524.89	26.776
525.23	26.925
525.57	27.022
525.91	27.152
526.25	27.264
526.58	27.366
526.92	27.434
527.26	27.495
527.60	27.525
527.94	27.523
528.28	27.538
528.62	27.538
528.96	27.535
529.30	27.544
529.64	27.521
529.97	27.473
530.31	27.428
530.65	27.413
530.99	27.395
531.33	27.409
531.67	27.465
532.01	27.477
532.35	27.477
532.68	27.459
533.02	27.456
533.36	27.456
533.70	27.454
534.04	27.462
534.38	27.478
534.71	27.486
535.05	27.472
535.39	27.454
535.73	27.447
536.07	27.476
536.41	27.534
536.74	27.604
537.08	27.712
537.42	27.858
537.76	27.972
538.10	28.077
538.43	28.169
538.77	28.245
539.11	28.324
539.45	28.397
539.79	28.446
540.12	28.513
540.46	28.545
540.80	28.536
541.14	28.520
541.47	28.497
541.81	28.499
542.15	28.484
542.49	28.483
542.82	28.460
543.16	28.459
543.50	28.496
543.84	28.479
544.17	28.479
544.51	28.486
544.85	28.481
545.18	28.560
545.52	28.550
545.86	28.602
546.20	28.611
546.53	28.669
546.87	28.674
547.21	28.686
547.54	28.707
547.88	28.751
548.22	28.811
548.55	28.884
548.89	28.885
549.23	28.983
549.56	29.010
549.90	29.096
550.24	29.132
550.57	29.163
550.91	29.211
551.25	29.276
551.58	29.315
551.92	29.358
552.26	29.374
552.59	29.417
552.93	29.426
553.27	29.455
553.60	29.482
553.94	29.482
554.27	29.514
554.61	29.511
554.95	29.565
555.28	29.599
555.62	29.645
555.95	29.685
556.29	29.730
556.63	29.782
556.96	29.834
557.30	29.868
557.63	29.929
557.97	29.987
558.31	30.042
558.64	30.046
558.98	30.127
559.31	30.144
559.65	30.216
559.98	30.237
560.32	30.249
560.65	30.296
560.99	30.317
561.33	30.356
561.66	30.388
562.00	30.439
562.33	30.486
562.67	30.498
563.00	30.523
563.34	30.558
563.67	30.617
564.01	30.668
564.34	30.696
564.68	30.743
565.01	30.816
565.35	30.883
565.68	30.906
566.02	30.931
566.35	30.980
566.69	31.063
567.02	31.096
567.36	31.141
567.69	31.188
568.03	31.243
568.36	31.297
568.69	31.293
569.03	31.300
569.36	31.356
569.70	31.405
570.03	31.465
570.37	31.487
570.70	31.488
571.04	31.486
571.37	31.545
571.70	31.556
572.04	31.583
572.37	31.628
572.71	31.656
573.04	31.682
573.37	31.739
573.71	31.724
574.04	31.768
574.38	31.829
574.71	31.878
575.04	31.877
575.38	31.925
575.71	31.955
576.05	31.974
576.38	32.046
576.71	32.071
577.05	32.075
577.38	32.114
577.71	32.100
578.05	32.084
578.38	32.103
578.71	32.133
579.05	32.118
579.38	32.159
579.71	32.221
580.05	32.170
580.38	32.142
580.71	32.186
581.05	32.272
581.38	32.327
581.71	32.353
582.05	32.381
582.38	32.411
582.71	32.439
583.04	32.429
583.38	32.460
583.71	32.514
584.04	32.588
584.38	32.558
584.71	32.530
585.04	32.552
585.37	32.629
585.71	32.640
586.04	32.672
586.37	32.732
586.70	32.740
587.04	32.737
587.37	32.775
587.70	32.835
588.03	32.916
588.37	32.962
588.70	33.004
589.03	33.048
589.36	33.087
589.69	33.131
590.03	33.111
590.36	33.176
590.69	33.167
591.02	33.167
591.35	33.167
591.69	33.145
592.02	33.127
592.35	33.087
592.68	33.091
593.01	33.086
593.35	33.057
593.68	33.082
594.01	33.063
594.34	33.058
594.67	33.091
595.00	33.099
595.34	33.126
595.67	33.144
596.00	33.212
596.33	33.190
596.66	33.249
596.99	33.228
597.32	33.224
597.65	33.250
597.99	33.334
598.32	33.286
598.65	33.295
598.98	33.267
599.31	33.266
599.64	33.220
599.97	33.234
600.30	33.221
600.63	33.231
600.96	33.274
601.30	33.243
601.63	33.235
601.96	33.281
602.29	33.266
602.62	33.304
602.95	33.320
603.28	33.366
603.61	33.320
603.94	33.314
604.27	33.349
604.60	33.348
604.93	33.386
605.26	33.414
605.59	33.431
605.92	33.436
606.25	33.399
606.58	33.377
606.91	33.346
607.24	33.369
607.57	33.374
607.90	33.362
608.23	33.322
608.56	33.309
608.89	33.251
609.22	33.250
609.55	33.257
609.88	33.252
610.21	33.261
610.54	33.262
610.87	33.286
611.20	33.260
611.53	33.266
611.86	33.303
612.19	33.284
612.52	33.248
612.85	33.159
613.18	33.119
613.51	33.148
613.84	33.156
614.17	33.131
614.49	33.135
614.82	33.152
615.15	33.133
615.48	33.131
615.81	33.135
616.14	33.151
616.47	33.156
616.80	33.158
617.13	33.110
617.46	33.083
617.78	33.051
618.11	32.994
618.44	32.997
618.77	33.000
619.10	33.032
619.43	33.030
619.76	33.058
620.09	33.039
620.41	33.028
620.74	33.014
621.07	32.949
621.40	32.938
621.73	32.978
622.06	32.899
622.38	32.889
622.71	32.786
623.04	32.762
623.37	32.712
623.70	32.714
624.02	32.693
624.35	32.717
624.68	32.723
625.01	32.714
625.34	32.696
625.66	32.746
625.99	32.691
626.32	32.668
626.65	32.666
626.98	32.703
627.30	32.718
627.63	32.674
627.96	32.621
628.29	32.628
628.61	32.640
628.94	32.609
629.27	32.568
629.60	32.574
629.92	32.594
630.25	32.511
630.58	32.439
630.91	32.438
631.23	32.420
631.56	32.401
631.89	32.377
632.21	32.360
632.54	32.261
632.87	32.267
633.19	32.258
633.52	32.203
633.85	32.228
634.18	32.183
634.50	32.098
634.83	32.056
635.16	32.015
635.48	32.033
635.81	31.969
636.14	31.990
636.46	31.845
636.79	31.766
637.11	31.774
637.44	31.709
637.77	31.688
638.09	31.670
638.42	31.659
638.75	31.663
639.07	31.599
639.40	31.553
639.73	31.538
640.05	31.574
640.38	31.533
640.70	31.433
641.03	31.407
641.36	31.411
641.68	31.383
642.01	31.398
642.33	31.326
642.66	31.282
642.98	31.215
643.31	31.198
643.64	31.144
643.96	31.092
644.29	31.127
644.61	31.071
644.94	30.966
645.26	30.906
645.59	30.837
645.91	30.766
646.24	30.752
646.56	30.707
646.89	30.618
647.22	30.604
647.54	30.611
647.87	30.591
648.19	30.582
648.52	30.608
648.84	30.560
649.17	30.565
649.49	30.604
649.82	30.529
650.14	30.569
650.47	30.627
650.79	30.595
651.11	30.601
651.44	30.478
651.76	30.513
652.09	30.465
652.41	30.513
652.74	30.460
653.06	30.460
653.39	30.403
653.71	30.330
654.04	30.189
654.36	30.152
654.68	30.086
655.01	30.095
655.33	30.065
655.66	30.008
655.98	29.881
656.30	29.801
656.63	29.722
656.95	29.676
657.28	29.603
657.60	29.531
657.92	29.411
658.25	29.400
658.57	29.364
658.90	29.289
659.22	29.257
659.54	29.285
659.87	29.235
660.19	29.185
660.51	29.181
660.84	29.233
661.16	29.249
661.48	29.343
661.81	29.173
662.13	29.080
662.45	28.974
662.78	28.852
663.10	28.740
663.42	28.751
663.75	28.678
664.07	28.592
664.39	28.494
664.72	28.488
665.04	28.408
665.36	28.484
665.69	28.433
666.01	28.462
666.33	28.463
666.65	28.438
666.98	28.328
667.30	28.332
667.62	28.307
667.94	28.293
668.27	28.262
668.59	28.193
668.91	28.143
669.23	28.208
669.56	28.202
669.88	28.235
670.20	28.203
670.52	28.198
670.85	28.190
671.17	28.190
671.49	28.177
671.81	28.089
672.13	28.029
672.46	27.981
672.78	27.849
673.10	27.764
673.42	27.726
673.74	27.701
674.07	27.707
674.39	27.629
674.71	27.515
675.03	27.465
675.35	27.456
675.67	27.502
676.00	27.511
676.32	27.589
676.64	27.543
676.96	27.426
677.28	27.363
677.60	27.367
677.92	27.351
678.25	27.374
678.57	27.348
678.89	27.332
679.21	27.262
679.53	27.219
679.85	27.145
680.17	27.145
680.49	27.189
680.81	27.159
681.13	27.040
681.46	27.071
681.78	27.026
682.10	26.936
682.42	26.983
682.74	27.007
683.06	26.902
683.38	26.789
683.70	26.661
684.02	26.566
684.34	26.590
684.66	26.567
684.98	26.439
685.30	26.428
685.62	26.453
685.94	26.384
686.26	26.297
686.58	26.300
686.90	26.340
687.22	26.292
687.54	26.279
687.86	26.190
688.18	26.202
688.50	26.179
688.82	26.099
689.14	26.068
689.46	26.003
689.78	25.917
690.10	25.878
690.42	25.905
690.74	25.894
691.06	25.888
691.38	25.933
691.70	25.898
692.02	25.885
692.34	25.920
692.66	25.842
692.98	25.776
693.30	25.817
693.62	25.746
693.94	25.618
694.26	25.625
694.57	25.575
694.89	25.508
695.21	25.492
695.53	25.486
695.85	25.479
696.17	25.424
696.49	25.371
696.81	25.346
697.13	25.343
697.44	25.362
697.76	25.337
698.08	25.366
698.40	25.361
698.72	25.348
699.04	25.273
699.36	25.219
699.67	25.175
699.99	25.158
700.31	25.127
700.63	24.991
700.95	24.866
701.27	24.871
701.58	24.734
701.90	24.630
702.22	24.435
702.54	24.411
702.86	24.267
703.17	24.257
703.49	24.191
703.81	24.038
704.13	24.107
704.45	24.091
704.76	24.052
705.08	24.047
705.40	24.071
705.72	24.259
706.03	24.266
706.35	24.296
706.67	24.287
706.99	24.219
707.30	24.312
707.62	24.284
707.94	24.325
708.26	24.284
708.57	24.233
708.89	24.171
709.21	24.047
709.53	24.066
709.84	24.064
710.16	24.070
710.48	24.131
710.79	24.069
711.11	24.081
711.43	23.948
711.74	23.870
712.06	23.880
712.38	23.943
712.69	24.003
713.01	23.916
713.33	23.794
713.64	23.808
713.96	23.810
714.28	23.751
714.59	23.713
714.91	23.790
715.23	23.915
715.54	23.949
715.86	23.900
716.17	23.910
716.49	23.900
716.81	23.966
717.12	23.928
717.44	23.947
717.76	23.920
718.07	24.045
718.39	24.002
718.70	23.946
719.02	23.755
719.33	23.692
719.65	23.616
719.97	23.609
720.28	23.614
720.60	23.438
720.91	23.355
721.23	23.438
721.54	23.324
721.86	23.209
722.17	23.108
722.49	23.183
722.81	23.209
723.12	23.102
723.44	23.032
723.75	22.983
724.07	23.038
724.38	23.097
724.70	23.042
725.01	23.069
725.33	23.131
725.64	23.093
725.96	23.100
726.27	23.084
726.59	23.142
726.90	23.144
727.22	23.119
727.53	23.143
727.84	22.961
728.16	22.980
728.47	22.892
728.79	22.934
729.10	23.014
729.42	22.983
729.73	23.016
730.05	22.944
730.36	23.026
730.67	23.043
730.99	23.070
731.30	23.174
731.62	23.056
731.93	22.984
732.24	22.909
732.56	22.820
732.87	22.805
733.19	22.797
733.50	22.801
733.81	22.787
734.13	22.813
734.44	22.790
734.76	22.693
735.07	22.723
735.38	22.836
735.70	22.749
736.01	22.605
736.32	22.415
736.64	22.221
736.95	22.141
737.26	22.031
737.58	21.922
737.89	21.803
738.20	21.813
738.52	21.676
738.83	21.435
739.14	21.369
739.45	21.384
739.77	21.322
740.08	21.256
740.39	21.376
740.71	21.253
741.02	21.186
741.33	21.194
741.64	21.151
741.96	21.189
742.27	21.234
742.58	21.316
742.90	21.412
743.21	21.649
743.52	21.634
743.83	21.333
744.14	21.571
744.46	21.529
744.77	21.459
745.08	21.505
745.39	21.498
745.71	21.243
746.02	21.285
746.33	21.323
746.64	21.372
746.95	21.609
747.27	21.619
747.58	21.354
747.89	21.385
748.20	21.338
748.51	21.224
748.82	21.095
749.14	21.481
749.45	21.370
749.76	21.056
750.07	20.945
750.38	20.700
750.69	20.910
751.01	21.051
751.32	21.229
751.63	21.263
751.94	21.201
752.25	21.378
752.56	21.199
752.87	21.277
753.18	21.345
753.49	21.390
753.81	21.473
754.12	21.344
754.43	21.322
754.74	21.251
755.05	21.094
755.36	21.069
755.67	20.958
755.98	20.950
756.29	21.054
756.60	21.018
756.91	21.061
757.22	21.123
757.53	21.277
757.84	21.108
758.15	21.089
758.46	21.356
758.77	21.533
759.09	21.664
759.40	21.683
759.71	21.599
760.02	21.807
760.33	21.680
760.64	21.703
760.95	21.788
761.26	21.968
761.57	21.970
761.88	21.948
762.18	21.882
762.49	21.718
762.80	21.724
763.11	21.517
763.42	21.448
763.73	21.574
764.04	21.430
764.35	21.318
764.66	21.199
764.97	20.976
765.28	20.825
765.59	20.775
765.90	20.899
766.21	20.808
766.52	21.097
766.83	20.924
767.14	20.483
767.44	20.427
767.75	20.319
768.06	20.021
768.37	20.229
768.68	20.178
768.99	20.012
769.30	19.965
769.61	19.995
769.91	19.853
770.22	20.031
770.53	20.279
770.84	20.241
771.15	20.100
771.46	20.229
771.77	20.193
772.07	20.316
772.38	20.607
772.69	20.320
773.00	20.081
773.31	19.982
773.61	19.873
773.92	19.933
774.23	20.190
774.54	20.214
774.85	20.367
775.15	20.271
775.46	20.170
775.77	20.022
776.08	20.184
776.39	20.156
776.69	20.278
777.00	20.136
777.31	19.999
777.62	19.921
777.92	19.876
778.23	19.730
778.54	19.721
778.85	19.894
779.15	19.853
779.46	19.771
779.77	19.719
780.07	19.520
780.38	19.666
780.69	19.906
781.00	19.494
781.30	19.509
781.61	19.269
781.92	19.518
782.22	19.163
782.53	18.928
782.84	19.002
783.14	19.330
783.45	19.457
783.76	19.229
784.06	19.201
784.37	19.654
784.68	19.646
784.98	20.061
785.29	19.786
785.60	19.821
785.90	20.057
786.21	20.164
786.51	20.284
786.82	20.200
787.13	20.316
787.43	19.991
787.74	19.843
788.04	20.023
788.35	19.644
788.66	19.912
788.96	19.920
789.27	20.102
789.57	19.674
789.88	19.430
790.19	19.409
790.49	19.539
790.80	19.634
791.10	19.786
791.41	19.365
791.71	19.409
792.02	19.019
792.32	19.006
792.63	18.714
792.93	19.118
793.24	19.003
793.54	18.851
793.85	18.636
794.15	18.858
794.46	18.626
794.76	18.839
795.07	18.687
795.37	18.838
795.68	18.854
795.98	18.771
796.29	18.807
796.59	19.094
796.90	19.363
797.20	19.475
797.51	19.203
797.81	19.409
798.12	19.315
798.42	19.851
798.72	19.862
799.03	19.854
799.33	19.969
799.64	20.317
799.94	19.881
800.25	20.250
800.55	20.040
800.85	20.088
801.16	19.718
801.46	19.508
801.77	19.062
802.07	18.921
802.37	18.725
802.68	18.628
802.98	18.287
803.28	18.342
803.59	17.619
803.89	18.034
804.20	18.153
804.50	18.513
804.80	18.846
805.11	19.158
805.41	19.402
805.71	19.742
806.02	19.995
806.32	20.045
806.62	20.171
806.93	20.614
807.23	20.293
807.53	20.111
807.83	19.868
808.14	19.503
808.44	19.297
808.74	19.121
809.05	18.808
809.35	18.618
809.65	18.745
809.95	18.675
810.26	18.891
810.56	19.314
810.86	19.529
811.16	19.563
811.47	19.806
811.77	19.998
812.07	19.690
812.37	19.994
812.68	20.200
812.98	19.720
813.28	20.030
813.58	19.368
813.88	18.792
814.19	18.739
814.49	19.003
814.79	19.298
815.09	18.930
815.39	19.279
815.70	19.054
816.00	19.261
816.30	19.698
816.60	19.960
816.90	20.148
817.20	20.285
817.50	20.339
817.81	20.635
818.11	20.344
818.41	20.678
818.71	20.855
819.01	21.058
819.31	20.979
819.61	20.915
819.92	20.913
820.22	20.990
820.52	21.024
820.82	21.032
821.12	20.981
821.42	21.086
821.72	21.039
822.02	21.032
822.32	20.929
822.62	20.944
822.92	20.902
823.22	20.905
823.52	20.886
823.83	20.834
824.13	20.853
824.43	20.826
824.73	20.755
825.03	20.721
825.33	20.745
825.63	20.920
825.93	20.912
826.23	21.038
826.53	20.862
826.83	20.827
827.13	21.012
827.43	21.030
827.73	21.002
828.03	21.010
828.33	20.917
828.63	20.867
828.93	20.799
829.23	20.524
829.53	20.314
829.83	20.562
830.13	20.814
830.42	20.947
830.72	20.807
831.02	20.908
831.32	20.611
831.62	20.831
831.92	20.471
832.22	20.474
832.52	20.706
832.82	20.939
833.12	20.936
833.42	20.870
833.72	20.652
834.01	20.852
834.31	20.867
834.61	21.085
834.91	21.096
835.21	21.257
835.51	21.073
835.81	20.943
836.11	20.462
836.40	20.169
836.70	19.524
837.00	19.287
837.30	18.528
837.60	18.543
837.90	18.463
838.19	18.620
838.49	18.509
838.79	19.005
839.09	18.621
839.39	19.079
839.68	19.512
839.98	19.857
840.28	19.490
840.58	19.398
840.88	18.851
841.17	18.585
841.47	18.249
841.77	18.541
842.07	16.943
842.36	17.584
842.66	17.297
842.96	16.630
843.26	16.343
843.55	16.064
843.85	16.845
844.15	17.540
844.45	17.900
844.74	17.666
845.04	17.244
845.34	18.980
845.63	17.009
845.93	16.941
846.23	17.109
846.53	16.217
846.82	16.755
847.12	16.123
847.42	15.037
847.71	15.976
848.01	16.811
848.31	16.348
848.60	13.807
848.90	14.084
849.19	15.235
849.49	15.155
849.79	16.593
850.08	16.293
850.38	16.221
850.68	16.634
850.97	15.367
851.27	15.305
851.56	15.840
851.86	17.449
852.16	19.707
852.45	19.517
852.75	18.908
853.04	18.987
853.34	19.847
853.64	19.111
853.93	17.560
854.23	16.854
854.52	15.287
854.82	14.359
855.11	15.095
855.41	14.947
855.70	14.204
856.00	15.151
856.30	14.651
856.59	14.309
856.89	14.093
857.18	14.411
857.48	14.173
857.77	15.813
858.07	16.973
858.36	17.423
858.66	15.498
858.95	15.560
859.25	15.689
859.54	14.174
859.84	14.821
860.13	16.132
860.42	16.832
860.72	17.447
861.01	16.652
861.31	15.453
861.60	13.855
861.90	15.363
862.19	14.377
862.49	15.032
862.78	16.804
863.07	17.384
863.37	17.266
863.66	17.294
863.96	18.137
864.25	18.449
864.54	19.405
864.84	20.186
865.13	20.158
865.43	20.623
865.72	21.274
866.01	21.389
866.31	15.952
866.60	17.350
866.89	13.135
