180.30	0.000
180.67	0.000
181.03	-59.893
181.40	132.345
181.77	-52.809
182.14	24.492
182.51	-180.000
182.88	40.526
183.25	231.497
183.62	88.862
183.99	10.226
184.36	200.278
184.73	40.735
185.10	3122.007
185.46	236.220
185.83	89.616
186.20	56.646
186.57	448.586
186.94	79.618
187.31	189.185
187.68	2062.404
188.05	295.177
188.42	204.388
188.78	50.256
189.15	52.621
189.52	66.755
189.89	63.308
190.26	71.945
190.63	58.249
191.00	30.459
191.37	-4.534
191.73	-37.925
192.10	-121.289
192.47	-132.300
192.84	-408.315
193.21	-776.633
193.58	-890.175
193.94	-805.856
194.31	-447.548
194.68	-202.039
195.05	-190.536
195.42	-202.342
195.79	-197.251
196.15	-129.337
196.52	-97.750
196.89	-101.377
197.26	-115.949
197.63	-107.152
198.00	-117.569
198.36	-221.686
198.73	-366.205
199.10	-165.226
199.47	-66.146
199.84	-34.406
200.20	-97.031
200.57	-76.091
200.94	-37.547
201.31	-4.821
201.68	5.009
202.04	8.615
202.41	-1.075
202.78	5.722
203.15	0.631
203.51	5.194
203.88	15.299
204.25	12.077
204.62	11.374
204.98	13.373
205.35	1.827
205.72	-15.902
206.09	-85.999
206.46	-36.665
206.82	-73.762
207.19	-56.816
207.56	-67.310
207.92	-100.308
208.29	-49.911
208.66	-43.584
209.03	-69.545
209.39	-38.535
209.76	-32.666
210.13	-4.071
210.50	-19.120
210.86	-29.336
211.23	-75.381
211.60	-80.481
211.96	-85.743
212.33	-223.029
212.70	7321.900
213.07	701.310
213.43	571.373
213.80	1484.433
214.17	303.759
214.53	1437.950
214.90	-169.964
215.27	-60.810
215.63	-122.938
216.00	-98.590
216.37	-42.197
216.74	-25.452
217.10	-24.562
217.47	-32.417
217.84	-40.663
218.20	-36.984
218.57	-33.684
218.94	-51.734
219.30	-45.471
219.67	-31.913
220.04	-26.343
220.40	-24.146
220.77	-31.844
221.13	-23.323
221.50	-13.124
221.87	-8.524
222.23	-1.598
222.60	-1.577
222.97	0.751
223.33	-6.354
223.70	-10.730
224.07	-8.744
224.43	-9.741
224.80	-2.839
225.16	-5.910
225.53	-4.069
225.90	-3.892
226.26	-4.143
226.63	-4.096
226.99	-1.848
227.36	-0.974
227.73	1.203
228.09	-0.164
228.46	0.942
228.82	-2.416
229.19	-1.026
229.56	-3.335
229.92	-1.804
230.29	-1.806
230.65	-0.558
231.02	-3.323
231.38	-2.337
231.75	-2.397
232.12	-0.104
232.48	-2.923
232.85	0.312
233.21	-0.617
233.58	3.762
233.94	3.580
234.31	5.750
234.68	4.208
235.04	7.802
235.41	8.326
235.77	6.457
236.14	5.566
236.50	9.162
236.87	10.248
237.23	9.924
237.60	7.348
237.96	6.083
238.33	4.386
238.69	4.903
239.06	3.616
239.42	2.827
239.79	3.945
240.15	4.294
240.52	4.237
240.88	2.795
241.25	2.715
241.61	3.110
241.98	3.144
242.34	3.237
242.71	3.271
243.07	3.788
243.44	4.076
243.80	3.936
244.17	3.371
244.53	2.987
244.90	3.284
245.26	3.607
245.63	3.439
245.99	3.468
246.36	3.410
246.72	2.993
247.09	2.552
247.45	2.890
247.81	2.964
248.18	3.320
248.54	3.286
248.91	3.162
249.27	2.981
249.64	3.256
250.00	3.496
250.36	3.968
250.73	4.021
251.09	3.932
251.46	3.066
251.82	2.908
252.19	3.077
252.55	4.014
252.91	4.792
253.28	4.761
253.64	5.088
254.01	4.878
254.37	5.026
254.73	5.803
255.10	5.653
255.46	5.841
255.83	6.089
256.19	5.718
256.55	5.288
256.92	4.959
257.28	4.981
257.65	5.030
258.01	4.851
258.37	4.526
258.74	4.151
259.10	4.294
259.46	3.976
259.83	3.809
260.19	3.879
260.55	3.698
260.92	3.538
261.28	3.241
261.64	2.914
262.01	2.964
262.37	3.030
262.73	3.080
263.10	2.578
263.46	3.273
263.82	3.195
264.19	3.047
264.55	3.225
264.91	3.340
265.28	3.487
265.64	3.135
266.00	2.762
266.37	2.897
266.73	3.181
267.09	3.553
267.46	3.215
267.82	3.365
268.18	3.536
268.54	3.726
268.91	3.918
269.27	3.816
269.63	3.873
270.00	3.932
270.36	3.807
270.72	3.569
271.08	3.500
271.45	3.615
271.81	3.503
272.17	3.668
272.53	3.425
272.90	3.424
273.26	3.496
273.62	3.806
273.98	4.047
274.35	4.378
274.71	4.480
275.07	4.581
275.43	4.628
275.80	4.696
276.16	4.394
276.52	4.331
276.88	4.557
277.25	4.277
277.61	4.070
277.97	3.921
278.33	3.895
278.69	3.865
279.06	3.671
279.42	3.718
279.78	3.886
280.14	3.907
280.50	4.195
280.87	3.959
281.23	4.110
281.59	4.186
281.95	4.235
282.31	4.130
282.68	4.156
283.04	4.274
283.40	4.072
283.76	3.982
284.12	4.061
284.48	3.805
284.85	3.759
285.21	3.945
285.57	4.080
285.93	4.253
286.29	4.052
286.65	4.092
287.02	4.086
287.38	4.189
287.74	4.127
288.10	3.986
288.46	3.921
288.82	3.813
289.18	3.351
289.54	3.173
289.91	2.879
290.27	3.143
290.63	3.224
290.99	3.218
291.35	3.259
291.71	3.390
292.07	3.661
292.43	3.745
292.79	3.928
293.16	4.310
293.52	4.393
293.88	4.511
294.24	4.542
294.60	4.535
294.96	4.652
295.32	4.795
295.68	4.554
296.04	4.577
296.40	4.766
296.76	4.787
297.12	5.041
297.49	5.242
297.85	5.609
298.21	5.760
298.57	5.935
298.93	6.235
299.29	6.381
299.65	7.000
300.01	6.992
300.37	7.315
300.73	7.653
301.09	7.892
301.45	8.025
301.81	8.377
302.17	8.627
302.53	8.876
302.89	8.931
303.25	9.136
303.61	9.338
303.97	9.786
304.33	10.016
304.69	10.414
305.05	10.629
305.41	11.021
305.77	11.121
306.13	11.366
306.49	11.703
306.85	12.124
307.21	12.381
307.57	12.449
307.93	12.562
308.29	12.846
308.65	12.689
309.01	12.887
309.37	12.885
309.73	13.090
310.09	13.054
310.45	13.212
310.81	13.222
311.17	13.378
311.53	13.582
311.89	13.802
312.25	13.781
312.61	14.111
312.96	14.224
313.32	14.466
313.68	14.384
314.04	14.754
314.40	14.668
314.76	14.842
315.12	14.854
315.48	15.035
315.84	14.872
316.20	15.112
316.56	15.205
316.92	15.062
317.27	15.205
317.63	15.344
317.99	15.168
318.35	15.314
318.71	15.350
319.07	15.473
319.43	15.147
319.79	15.302
320.15	15.167
320.50	15.205
320.86	15.307
321.22	15.282
321.58	15.264
321.94	15.310
322.30	15.344
322.66	15.370
323.01	15.132
323.37	15.438
323.73	15.370
324.09	15.369
324.45	15.230
324.81	15.220
325.17	15.078
325.52	14.964
325.88	14.996
326.24	14.930
326.60	14.712
326.96	14.905
327.31	14.663
327.67	14.736
328.03	14.619
328.39	14.595
328.75	14.588
329.11	14.570
329.46	14.582
329.82	14.569
330.18	14.642
330.54	14.742
330.90	14.705
331.25	14.745
331.61	14.611
331.97	14.647
332.33	14.753
332.68	14.659
333.04	14.589
333.40	14.608
333.76	14.509
334.11	14.316
334.47	14.250
334.83	14.094
335.19	14.061
335.54	14.093
335.90	13.955
336.26	13.703
336.62	13.688
336.97	13.604
337.33	13.508
337.69	13.524
338.05	13.671
338.40	13.598
338.76	13.719
339.12	13.665
339.48	13.519
339.83	13.519
340.19	13.597
340.55	13.553
340.90	13.575
341.26	13.593
341.62	13.413
341.97	13.317
342.33	13.350
342.69	13.346
343.04	13.305
343.40	13.397
343.76	13.358
344.12	13.364
344.47	13.330
344.83	13.353
345.19	13.386
345.54	13.448
345.90	13.362
346.26	13.316
346.61	13.110
346.97	13.123
347.32	13.048
347.68	13.140
348.04	13.029
348.39	12.966
348.75	12.920
349.11	12.744
349.46	12.739
349.82	12.650
350.18	12.551
350.53	12.643
350.89	12.573
351.24	12.543
351.60	12.430
351.96	12.458
352.31	12.471
352.67	12.416
353.02	12.497
353.38	12.499
353.74	12.483
354.09	12.476
354.45	12.269
354.80	12.202
355.16	12.156
355.52	12.070
355.87	11.949
356.23	11.892
356.58	11.816
356.94	11.763
357.29	11.628
357.65	11.605
358.00	11.551
358.36	11.552
358.72	11.462
359.07	11.339
359.43	11.330
359.78	11.374
360.14	11.366
360.49	11.324
360.85	11.226
361.20	11.189
361.56	11.115
361.91	11.125
362.27	11.148
362.62	11.256
362.98	11.319
363.33	11.320
363.69	11.305
364.04	11.294
364.40	11.281
364.75	11.255
365.11	11.239
365.46	11.249
365.82	11.130
366.17	11.056
366.53	10.931
366.88	10.895
367.24	10.892
367.59	10.865
367.95	10.780
368.30	10.746
368.66	10.727
369.01	10.738
369.37	10.681
369.72	10.751
370.08	10.776
370.43	10.781
370.78	10.775
371.14	10.733
371.49	10.614
371.85	10.615
372.20	10.614
372.56	10.627
372.91	10.569
373.26	10.604
373.62	10.508
373.97	10.486
374.33	10.373
374.68	10.311
375.03	10.259
375.39	10.168
375.74	10.082
376.10	10.053
376.45	9.983
376.80	9.957
377.16	9.905
377.51	9.905
377.87	9.866
378.22	9.863
378.57	9.821
378.93	9.815
379.28	9.878
379.63	9.874
379.99	9.801
380.34	9.730
380.70	9.707
381.05	9.643
381.40	9.527
381.76	9.480
382.11	9.452
382.46	9.442
382.82	9.347
383.17	9.289
383.52	9.249
383.88	9.247
384.23	9.239
384.58	9.220
384.94	9.187
385.29	9.273
385.64	9.208
385.99	9.164
386.35	9.095
386.70	9.083
387.05	9.000
387.41	8.963
387.76	8.867
388.11	8.847
388.47	8.742
388.82	8.739
389.17	8.638
389.52	8.599
389.88	8.581
390.23	8.588
390.58	8.463
390.93	8.498
391.29	8.456
391.64	8.493
391.99	8.472
392.34	8.504
392.70	8.463
393.05	8.450
393.40	8.452
393.75	8.420
394.11	8.327
394.46	8.360
394.81	8.269
395.16	8.244
395.52	8.216
395.87	8.141
396.22	8.062
396.57	7.996
396.92	7.945
397.28	7.888
397.63	7.816
397.98	7.833
398.33	7.828
398.68	7.843
399.04	7.775
399.39	7.674
399.74	7.631
400.09	7.604
400.44	7.568
400.80	7.544
401.15	7.503
401.50	7.521
401.85	7.467
402.20	7.405
402.55	7.359
402.90	7.334
403.26	7.317
403.61	7.287
403.96	7.271
404.31	7.252
404.66	7.231
405.01	7.211
405.36	7.135
405.72	7.122
406.07	7.096
406.42	7.102
406.77	7.104
407.12	7.111
407.47	7.113
407.82	7.106
408.17	7.055
408.53	7.051
408.88	7.020
409.23	7.028
409.58	6.995
409.93	6.984
410.28	6.939
410.63	6.896
410.98	6.866
411.33	6.820
411.68	6.804
412.03	6.802
412.38	6.752
412.73	6.751
413.09	6.685
413.44	6.633
413.79	6.571
414.14	6.546
414.49	6.499
414.84	6.444
415.19	6.410
415.54	6.345
415.89	6.269
416.24	6.218
416.59	6.159
416.94	6.134
417.29	6.103
417.64	6.101
417.99	6.068
418.34	6.050
418.69	6.015
419.04	5.970
419.39	5.956
419.74	5.976
420.09	5.955
420.44	5.928
420.79	5.928
421.14	5.919
421.49	5.911
421.84	5.903
422.19	5.888
422.54	5.895
422.89	5.909
423.24	5.908
423.59	5.897
423.94	5.921
424.29	5.945
424.64	5.951
424.99	6.001
425.34	6.015
425.68	6.006
426.03	6.066
426.38	6.101
426.73	6.132
427.08	6.128
427.43	6.128
427.78	6.123
428.13	6.124
428.48	6.140
428.83	6.101
429.18	6.080
429.53	6.092
429.87	6.059
430.22	6.025
430.57	6.031
430.92	6.027
431.27	6.008
431.62	6.005
431.97	6.007
432.32	5.986
432.67	5.988
433.01	5.993
433.36	6.002
433.71	5.999
434.06	6.014
434.41	5.993
434.76	6.023
435.11	6.061
435.45	6.069
435.80	6.042
436.15	6.046
436.50	6.028
436.85	6.030
437.20	5.994
437.54	5.979
437.89	5.992
438.24	5.993
438.59	5.991
438.94	5.974
439.29	5.971
439.63	5.988
439.98	5.976
440.33	6.006
440.68	6.005
441.03	6.026
441.37	6.033
441.72	6.027
442.07	6.044
442.42	6.025
442.76	6.022
443.11	6.013
443.46	6.012
443.81	6.023
444.16	6.017
444.50	6.017
444.85	6.035
445.20	6.065
445.55	6.062
445.89	6.046
446.24	6.068
446.59	6.101
446.94	6.133
447.28	6.158
447.63	6.166
447.98	6.172
448.32	6.193
448.67	6.194
449.02	6.187
449.37	6.212
449.71	6.233
450.06	6.237
450.41	6.226
450.75	6.221
451.10	6.231
451.45	6.249
451.79	6.265
452.14	6.265
452.49	6.267
452.84	6.262
453.18	6.254
453.53	6.253
453.88	6.263
454.22	6.255
454.57	6.235
454.92	6.222
455.26	6.201
455.61	6.189
455.95	6.179
456.30	6.179
456.65	6.169
456.99	6.163
457.34	6.174
457.69	6.168
458.03	6.164
458.38	6.184
458.73	6.207
459.07	6.226
459.42	6.233
459.76	6.242
460.11	6.261
460.46	6.295
460.80	6.309
461.15	6.318
461.49	6.328
461.84	6.339
462.19	6.364
462.53	6.356
462.88	6.364
463.22	6.384
463.57	6.418
463.91	6.423
464.26	6.451
464.61	6.464
464.95	6.503
465.30	6.526
465.64	6.564
465.99	6.552
466.33	6.576
466.68	6.577
467.02	6.591
467.37	6.581
467.71	6.570
468.06	6.535
468.41	6.531
468.75	6.509
469.10	6.507
469.44	6.505
469.79	6.514
470.13	6.502
470.48	6.523
470.82	6.523
471.17	6.520
471.51	6.537
471.86	6.571
472.20	6.575
472.55	6.577
472.89	6.562
473.23	6.537
473.58	6.526
473.92	6.500
474.27	6.454
474.61	6.445
474.96	6.419
475.30	6.411
475.65	6.380
475.99	6.380
476.34	6.354
476.68	6.336
477.02	6.339
477.37	6.337
477.71	6.345
478.06	6.351
478.40	6.325
478.75	6.324
479.09	6.311
479.43	6.320
479.78	6.330
480.12	6.369
480.47	6.415
480.81	6.453
481.15	6.513
481.50	6.560
481.84	6.631
482.19	6.708
482.53	6.764
482.87	6.785
483.22	6.760
483.56	6.696
483.90	6.607
484.25	6.546
484.59	6.507
484.94	6.443
485.28	6.392
485.62	6.315
485.97	6.229
486.31	6.154
486.65	6.128
487.00	6.141
487.34	6.197
487.68	6.280
488.03	6.320
488.37	6.328
488.71	6.340
489.06	6.346
489.40	6.338
489.74	6.346
490.09	6.359
490.43	6.356
490.77	6.366
491.11	6.390
491.46	6.408
491.80	6.414
492.14	6.419
492.49	6.431
492.83	6.436
493.17	6.454
493.51	6.447
493.86	6.460
494.20	6.482
494.54	6.479
494.88	6.481
495.23	6.458
495.57	6.470
495.91	6.500
496.25	6.504
496.60	6.535
496.94	6.564
497.28	6.595
497.62	6.627
497.97	6.639
498.31	6.692
498.65	6.713
498.99	6.778
499.33	6.835
499.68	6.847
500.02	6.888
500.36	6.903
500.70	6.947
501.04	6.983
501.39	7.019
501.73	7.057
502.07	7.085
502.41	7.131
502.75	7.155
503.09	7.189
503.44	7.227
503.78	7.247
504.12	7.297
504.46	7.333
504.80	7.383
505.14	7.408
505.49	7.458
505.83	7.486
506.17	7.517
506.51	7.551
506.85	7.574
507.19	7.625
507.53	7.674
507.87	7.705
508.22	7.752
508.56	7.802
508.90	7.841
509.24	7.880
509.58	7.933
509.92	7.966
510.26	8.006
510.60	8.055
510.94	8.114
511.28	8.171
511.63	8.240
511.97	8.269
512.31	8.299
512.65	8.337
512.99	8.389
513.33	8.418
513.67	8.462
514.01	8.507
514.35	8.553
514.69	8.568
515.03	8.591
515.37	8.590
515.71	8.631
516.05	8.645
516.39	8.680
516.73	8.679
517.07	8.715
517.41	8.748
517.75	8.780
518.09	8.799
518.43	8.825
518.77	8.856
519.11	8.897
519.45	8.909
519.79	8.946
520.13	8.968
520.47	9.003
520.81	9.026
521.15	9.040
521.49	9.042
521.83	9.027
522.17	9.015
522.51	9.009
522.85	8.994
523.19	8.985
523.53	8.977
523.87	8.986
524.21	8.994
524.55	9.006
524.89	9.027
525.23	9.052
525.57	9.085
525.91	9.117
526.25	9.139
526.58	9.164
526.92	9.195
527.26	9.228
527.60	9.257
527.94	9.283
528.28	9.284
528.62	9.280
528.96	9.268
529.30	9.252
529.64	9.230
529.97	9.214
530.31	9.200
530.65	9.163
530.99	9.134
531.33	9.104
531.67	9.062
532.01	9.045
532.35	9.053
532.68	9.060
533.02	9.068
533.36	9.074
533.70	9.067
534.04	9.066
534.38	9.077
534.71	9.068
535.05	9.052
535.39	9.046
535.73	9.038
536.07	8.988
536.41	8.961
536.74	8.918
537.08	8.894
537.42	8.882
537.76	8.860
538.10	8.853
538.43	8.851
538.77	8.837
539.11	8.841
539.45	8.845
539.79	8.853
540.12	8.847
540.46	8.872
540.80	8.887
541.14	8.900
541.47	8.913
541.81	8.906
542.15	8.898
542.49	8.903
542.82	8.894
543.16	8.881
543.50	8.888
543.84	8.894
544.17	8.849
544.51	8.825
544.85	8.803
545.18	8.766
545.52	8.768
545.86	8.787
546.20	8.791
546.53	8.784
546.87	8.792
547.21	8.783
547.54	8.766
547.88	8.799
548.22	8.801
548.55	8.762
548.89	8.752
549.23	8.732
549.56	8.714
549.90	8.676
550.24	8.674
550.57	8.655
550.91	8.660
551.25	8.675
551.58	8.658
551.92	8.656
552.26	8.696
552.59	8.694
552.93	8.702
553.27	8.674
553.60	8.693
553.94	8.695
554.27	8.709
554.61	8.714
554.95	8.720
555.28	8.715
555.62	8.712
555.95	8.712
556.29	8.742
556.63	8.756
556.96	8.764
557.30	8.791
557.63	8.791
557.97	8.786
558.31	8.751
558.64	8.723
558.98	8.743
559.31	8.745
559.65	8.730
559.98	8.704
560.32	8.683
560.65	8.686
560.99	8.649
561.33	8.658
561.66	8.656
562.00	8.657
562.33	8.657
562.67	8.633
563.00	8.626
563.34	8.628
563.67	8.654
564.01	8.661
564.34	8.657
564.68	8.677
565.01	8.673
565.35	8.679
565.68	8.701
566.02	8.718
566.35	8.749
566.69	8.751
567.02	8.766
567.36	8.767
567.69	8.750
568.03	8.740
568.36	8.730
568.69	8.730
569.03	8.743
569.36	8.723
569.70	8.713
570.03	8.704
570.37	8.694
570.70	8.703
571.04	8.697
571.37	8.709
571.70	8.715
572.04	8.713
572.37	8.735
572.71	8.731
573.04	8.747
573.37	8.763
573.71	8.780
574.04	8.809
574.38	8.822
574.71	8.846
575.04	8.891
575.38	8.930
575.71	8.968
576.05	8.972
576.38	9.009
576.71	9.021
577.05	9.049
577.38	9.057
577.71	9.078
578.05	9.049
578.38	9.054
578.71	9.037
579.05	9.025
579.38	9.050
579.71	9.049
580.05	9.043
580.38	9.060
580.71	9.038
581.05	9.049
581.38	9.039
581.71	9.069
582.05	9.093
582.38	9.091
582.71	9.103
583.04	9.098
583.38	9.108
583.71	9.113
584.04	9.127
584.38	9.140
584.71	9.130
585.04	9.142
585.37	9.152
585.71	9.148
586.04	9.150
586.37	9.175
586.70	9.164
587.04	9.184
587.37	9.195
587.70	9.189
588.03	9.176
588.37	9.175
588.70	9.175
589.03	9.170
589.36	9.161
589.69	9.167
590.03	9.147
590.36	9.171
590.69	9.149
591.02	9.142
591.35	9.137
591.69	9.143
592.02	9.157
592.35	9.183
592.68	9.143
593.01	9.128
593.35	9.139
593.68	9.135
594.01	9.104
594.34	9.130
594.67	9.120
595.00	9.095
595.34	9.099
595.67	9.083
596.00	9.071
596.33	9.110
596.66	9.140
596.99	9.134
597.32	9.162
597.65	9.145
597.99	9.108
598.32	9.066
598.65	9.051
598.98	9.020
599.31	9.014
599.64	8.983
599.97	8.958
600.30	8.919
600.63	8.914
600.96	8.917
601.30	8.923
601.63	8.925
601.96	8.953
602.29	8.985
602.62	9.018
602.95	9.033
603.28	9.056
603.61	9.069
603.94	9.066
604.27	9.068
604.60	9.045
604.93	9.073
605.26	9.067
605.59	9.068
605.92	9.060
606.25	9.035
606.58	9.020
606.91	8.991
607.24	8.984
607.57	8.990
607.90	8.988
608.23	8.982
608.56	8.953
608.89	8.983
609.22	8.948
609.55	8.948
609.88	8.987
610.21	9.016
610.54	9.009
610.87	8.995
611.20	8.981
611.53	8.944
611.86	8.930
612.19	8.914
612.52	8.852
612.85	8.862
613.18	8.827
613.51	8.740
613.84	8.683
614.17	8.695
614.49	8.680
614.82	8.745
615.15	8.771
615.48	8.744
615.81	8.750
616.14	8.744
616.47	8.768
616.80	8.773
617.13	8.775
617.46	8.753
617.78	8.701
618.11	8.705
618.44	8.661
618.77	8.650
619.10	8.648
619.43	8.662
619.76	8.644
620.09	8.594
620.41	8.588
620.74	8.647
621.07	8.641
621.40	8.684
621.73	8.685
622.06	8.668
622.38	8.653
622.71	8.664
623.04	8.598
623.37	8.623
623.70	8.623
624.02	8.624
624.35	8.582
624.68	8.604
625.01	8.585
625.34	8.595
625.66	8.590
625.99	8.606
626.32	8.632
626.65	8.688
626.98	8.686
627.30	8.726
627.63	8.751
627.96	8.764
628.29	8.767
628.61	8.783
628.94	8.782
629.27	8.739
629.60	8.688
629.92	8.662
630.25	8.640
630.58	8.592
630.91	8.514
631.23	8.451
631.56	8.421
631.89	8.426
632.21	8.416
632.54	8.398
632.87	8.417
633.19	8.453
633.52	8.384
633.85	8.332
634.18	8.340
634.50	8.378
634.83	8.376
635.16	8.351
635.48	8.290
635.81	8.280
636.14	8.211
636.46	8.162
636.79	8.114
637.11	8.128
637.44	8.156
637.77	8.137
638.09	8.078
638.42	8.055
638.75	8.025
639.07	8.015
639.40	7.956
639.73	7.971
640.05	7.936
640.38	7.905
640.70	7.884
641.03	7.842
641.36	7.843
641.68	7.840
642.01	7.867
642.33	7.947
642.66	7.940
642.98	7.942
643.31	7.887
643.64	7.961
643.96	7.994
644.29	8.014
644.61	8.023
644.94	8.073
645.26	8.147
645.59	8.157
645.91	8.110
646.24	8.151
646.56	8.124
646.89	8.174
647.22	8.145
647.54	8.118
647.87	8.126
648.19	8.118
648.52	8.050
648.84	7.975
649.17	7.980
649.49	7.933
649.82	7.852
650.14	7.896
650.47	7.888
650.79	7.905
651.11	7.907
651.44	7.869
651.76	7.914
652.09	7.941
652.41	7.950
652.74	7.864
653.06	7.838
653.39	7.885
653.71	7.860
654.04	7.874
654.36	7.811
654.68	7.789
655.01	7.821
655.33	7.783
655.66	7.740
655.98	7.751
656.30	7.807
656.63	7.829
656.95	7.783
657.28	7.799
657.60	7.773
657.92	7.808
658.25	7.793
658.57	7.731
658.90	7.673
659.22	7.688
659.54	7.606
659.87	7.524
660.19	7.482
660.51	7.504
660.84	7.420
661.16	7.383
661.48	7.362
661.81	7.344
662.13	7.318
662.45	7.310
662.78	7.255
663.10	7.281
663.42	7.306
663.75	7.318
664.07	7.333
664.39	7.360
664.72	7.377
665.04	7.351
665.36	7.305
665.69	7.307
666.01	7.316
666.33	7.326
666.65	7.293
666.98	7.258
667.30	7.248
667.62	7.225
667.94	7.172
668.27	7.184
668.59	7.109
668.91	7.117
669.23	7.094
669.56	7.098
669.88	7.041
670.20	7.001
670.52	6.993
670.85	6.987
671.17	6.939
671.49	6.918
671.81	6.867
672.13	6.911
672.46	6.863
672.78	6.917
673.10	6.854
673.42	6.847
673.74	6.919
674.07	6.928
674.39	6.940
674.71	6.913
675.03	7.005
675.35	6.994
675.67	6.949
676.00	7.013
676.32	6.968
676.64	7.036
676.96	7.068
677.28	7.095
677.60	7.093
677.92	7.093
678.25	7.100
678.57	7.124
678.89	7.151
679.21	7.235
679.53	7.235
679.85	7.261
680.17	7.274
680.49	7.277
680.81	7.263
681.13	7.331
681.46	7.332
681.78	7.339
682.10	7.287
682.42	7.277
682.74	7.252
683.06	7.252
683.38	7.273
683.70	7.320
684.02	7.424
684.34	7.410
684.66	7.466
684.98	7.514
685.30	7.603
685.62	7.661
685.94	7.686
686.26	7.688
686.58	7.713
686.90	7.705
687.22	7.688
687.54	7.652
687.86	7.632
688.18	7.560
688.50	7.547
688.82	7.532
689.14	7.449
689.46	7.408
689.78	7.441
690.10	7.443
690.42	7.403
690.74	7.344
691.06	7.267
691.38	7.238
691.70	7.154
692.02	7.090
692.34	7.033
692.66	7.026
692.98	7.003
693.30	6.963
693.62	6.944
693.94	6.988
694.26	6.922
694.57	7.031
694.89	7.072
695.21	7.127
695.53	7.197
695.85	7.185
696.17	7.257
696.49	7.335
696.81	7.364
697.13	7.413
697.44	7.393
697.76	7.435
698.08	7.343
698.40	7.352
698.72	7.280
699.04	7.182
699.36	7.145
699.67	6.976
699.99	6.865
700.31	6.707
700.63	6.549
700.95	6.492
701.27	6.414
701.58	6.319
701.90	6.272
702.22	6.207
702.54	6.203
702.86	6.155
703.17	6.169
703.49	6.144
703.81	6.234
704.13	6.159
704.45	6.161
704.76	6.097
705.08	6.100
705.40	6.065
705.72	6.152
706.03	6.191
706.35	6.202
706.67	6.248
706.99	6.245
707.30	6.191
707.62	6.291
707.94	6.302
708.26	6.321
708.57	6.286
708.89	6.283
709.21	6.290
709.53	6.246
709.84	6.336
710.16	6.328
710.48	6.374
710.79	6.374
711.11	6.395
711.43	6.433
711.74	6.535
712.06	6.640
712.38	6.682
712.69	6.715
713.01	6.771
713.33	6.708
713.64	6.800
713.96	6.833
714.28	6.953
714.59	7.054
714.91	7.070
715.23	7.187
715.54	7.172
715.86	7.241
716.17	7.256
716.49	7.152
716.81	7.218
717.12	7.165
717.44	7.070
717.76	6.933
718.07	6.767
718.39	6.646
718.70	6.453
719.02	6.429
719.33	6.254
719.65	6.222
719.97	6.248
720.28	6.226
720.60	6.241
720.91	6.261
721.23	6.207
721.54	6.218
721.86	6.335
722.17	6.434
722.49	6.495
722.81	6.625
723.12	6.605
723.44	6.742
723.75	6.749
724.07	6.684
724.38	6.731
724.70	6.795
725.01	6.828
725.33	6.757
725.64	6.671
725.96	6.597
726.27	6.607
726.59	6.684
726.90	6.665
727.22	6.721
727.53	6.745
727.84	6.693
728.16	6.618
728.47	6.594
728.79	6.618
729.10	6.549
729.42	6.526
729.73	6.462
730.05	6.348
730.36	6.185
730.67	6.133
730.99	6.125
731.30	6.080
731.62	6.145
731.93	6.110
732.24	5.927
732.56	5.940
732.87	5.872
733.19	5.779
733.50	5.794
733.81	5.696
734.13	5.473
734.44	5.364
734.76	5.350
735.07	5.222
735.38	5.103
735.70	5.080
736.01	5.003
736.32	5.047
736.64	4.922
736.95	4.773
737.26	4.882
737.58	4.882
737.89	4.860
738.20	4.653
738.52	4.553
738.83	4.605
739.14	4.562
739.45	4.502
739.77	4.198
740.08	4.248
740.39	4.144
740.71	4.156
741.02	3.925
741.33	3.806
741.64	3.817
741.96	3.904
742.27	3.789
742.58	3.737
742.90	3.680
743.21	3.831
743.52	3.910
743.83	3.761
744.14	3.414
744.46	3.437
744.77	3.412
745.08	3.436
745.39	3.370
745.71	3.396
746.02	3.471
746.33	3.434
746.64	3.350
746.95	3.142
747.27	3.105
747.58	3.260
747.89	3.540
748.20	3.464
748.51	3.456
748.82	3.399
749.14	3.370
749.45	3.317
749.76	3.268
750.07	3.484
750.38	3.480
750.69	3.694
751.01	3.769
751.32	3.520
751.63	3.458
751.94	3.553
752.25	3.514
752.56	3.368
752.87	3.334
753.18	3.259
753.49	2.991
753.81	3.014
754.12	2.898
754.43	2.899
754.74	3.088
755.05	3.388
755.36	3.459
755.67	3.801
755.98	4.126
756.29	4.386
756.60	4.693
756.91	4.974
757.22	5.285
757.53	5.567
757.84	5.834
758.15	6.313
758.46	6.502
758.77	6.665
759.09	6.869
759.40	7.052
759.71	7.156
760.02	7.234
760.33	7.392
760.64	7.341
760.95	7.447
761.26	7.393
761.57	7.221
761.88	7.227
762.18	7.232
762.49	7.132
762.80	7.075
763.11	6.984
763.42	6.860
763.73	6.630
764.04	6.531
764.35	6.297
764.66	6.102
764.97	5.846
765.28	5.483
765.59	5.042
765.90	4.686
766.21	4.332
766.52	3.949
766.83	3.696
767.14	3.483
767.44	3.002
767.75	2.678
768.06	2.435
768.37	2.264
768.68	2.207
768.99	2.231
769.30	1.978
769.61	1.611
769.91	1.452
770.22	1.335
770.53	1.229
770.84	1.219
771.15	1.222
771.46	1.339
771.77	1.276
772.07	1.024
772.38	0.994
772.69	0.986
773.00	0.805
773.31	1.129
773.61	1.075
773.92	1.298
774.23	1.505
774.54	1.504
774.85	1.424
775.15	1.392
775.46	1.364
775.77	1.358
776.08	1.288
776.39	1.405
776.69	1.119
777.00	1.123
777.31	1.039
777.62	0.981
777.92	1.158
778.23	0.913
778.54	0.947
778.85	1.038
779.15	0.965
779.46	0.911
779.77	1.253
780.07	1.162
780.38	1.051
780.69	0.882
781.00	1.077
781.30	1.079
781.61	1.049
781.92	0.935
782.22	0.939
782.53	1.007
782.84	1.158
783.14	0.814
783.45	1.109
783.76	1.224
784.06	1.385
784.37	1.621
784.68	1.677
784.98	2.010
785.29	2.057
785.60	2.310
785.90	2.465
786.21	2.441
786.51	2.796
786.82	2.671
787.13	2.938
787.43	2.985
787.74	2.786
788.04	2.828
788.35	2.723
788.66	2.790
788.96	2.631
789.27	2.623
789.57	3.016
789.88	2.886
790.19	3.052
790.49	2.906
790.80	2.802
791.10	2.796
791.41	2.567
791.71	2.634
792.02	2.733
792.32	2.724
792.63	2.664
792.93	2.290
793.24	2.214
793.54	2.191
793.85	2.354
794.15	2.414
794.46	2.554
794.76	2.744
795.07	2.669
795.37	2.461
795.68	2.893
795.98	2.839
796.29	3.124
796.59	3.054
796.90	3.121
797.20	3.167
797.51	3.304
797.81	3.202
798.12	3.001
798.42	3.370
798.72	3.578
799.03	3.210
799.33	3.278
799.64	3.234
799.94	3.810
800.25	3.525
800.55	3.361
800.85	3.146
801.16	3.096
801.46	3.287
801.77	3.062
802.07	3.175
802.37	3.272
802.68	3.311
802.98	3.601
803.28	3.240
803.59	3.474
803.89	3.425
804.20	3.688
804.50	3.706
804.80	3.696
805.11	3.319
805.41	3.164
805.71	3.223
806.02	3.096
806.32	2.486
806.62	2.551
806.93	2.489
807.23	2.976
807.53	3.234
807.83	3.348
808.14	3.414
808.44	3.969
808.74	4.536
809.05	4.306
809.35	4.559
809.65	5.036
809.95	5.416
810.26	5.639
810.56	5.479
810.86	5.187
811.16	4.953
811.47	5.054
811.77	5.107
812.07	4.619
812.37	4.629
812.68	5.012
812.98	4.864
813.28	4.703
813.58	5.389
813.88	5.291
814.19	6.096
814.49	6.633
814.79	6.927
815.09	6.804
815.39	7.090
815.70	7.781
816.00	7.292
816.30	7.311
816.60	7.075
816.90	6.684
817.20	7.024
817.50	6.736
817.81	6.760
818.11	6.724
818.41	7.006
818.71	7.085
819.01	7.030
819.31	7.269
819.61	7.475
819.92	7.621
820.22	7.735
820.52	7.737
820.82	7.804
821.12	7.844
821.42	7.814
821.72	7.861
822.02	7.904
822.32	7.992
822.62	8.050
822.92	7.993
823.22	7.926
823.52	7.912
823.83	7.944
824.13	7.962
824.43	7.884
824.73	7.983
825.03	7.952
825.33	8.028
825.63	7.875
825.93	7.751
826.23	7.730
826.53	7.845
826.83	7.837
827.13	7.767
827.43	7.655
827.73	7.788
828.03	7.796
828.33	7.826
828.63	7.594
828.93	7.706
829.23	7.828
829.53	7.892
829.83	7.752
830.13	7.648
830.42	7.410
830.72	7.318
831.02	7.073
831.32	6.846
831.62	6.681
831.92	6.868
832.22	6.955
832.52	6.999
832.82	7.054
833.12	7.189
833.42	7.133
833.72	7.294
834.01	7.189
834.31	7.010
834.61	7.117
834.91	7.075
835.21	6.820
835.51	6.657
835.81	6.084
836.11	5.761
836.40	5.392
836.70	5.063
837.00	4.753
837.30	4.832
837.60	5.409
837.90	5.524
838.19	5.786
838.49	5.769
838.79	5.734
839.09	6.053
839.39	6.149
839.68	5.891
839.98	6.063
840.28	6.767
840.58	6.536
840.88	6.400
841.17	5.964
841.47	5.993
841.77	5.696
842.07	5.581
842.36	5.441
842.66	4.878
842.96	4.881
843.26	4.665
843.55	3.131
843.85	2.079
844.15	0.990
844.45	0.353
844.74	-0.590
845.04	0.420
845.34	-0.139
845.63	-0.100
845.93	0.951
846.23	2.424
846.53	2.086
846.82	1.788
847.12	2.698
847.42	2.728
847.71	3.532
848.01	3.275
848.31	2.732
848.60	3.358
848.90	2.698
849.19	2.111
849.49	-0.374
849.79	0.053
850.08	0.802
850.38	2.064
850.68	2.544
850.97	2.754
851.27	2.187
851.56	0.870
851.86	-0.545
852.16	0.383
852.45	0.453
852.75	1.823
853.04	0.911
853.34	1.362
853.64	-0.444
853.93	-0.283
854.23	0.349
854.52	0.672
854.82	1.211
855.11	2.226
855.41	0.820
855.70	-0.001
856.00	-1.102
856.30	-1.071
856.59	-2.979
856.89	-3.001
857.18	-2.103
857.48	-3.833
857.77	-2.649
858.07	-1.549
858.36	-1.473
858.66	-0.979
858.95	-0.538
859.25	0.479
859.54	1.320
859.84	2.548
860.13	3.425
860.42	3.360
860.72	4.573
861.01	3.971
861.31	4.592
861.60	6.040
861.90	7.127
862.19	6.773
862.49	6.759
862.78	7.807
863.07	7.511
863.37	7.630
863.66	6.851
863.96	5.801
864.25	5.365
864.54	4.354
864.84	3.673
865.13	2.932
865.43	3.233
865.72	-1.191
866.01	2.836
866.31	12.577
866.60	0.694
866.89	-2.032
