180.30	0.000
180.67	0.000
181.03	80.080
181.40	53.624
181.77	-11.760
182.14	-40.745
182.51	802.820
182.88	-0.238
183.25	172.582
183.62	-83.116
183.99	16.958
184.36	45.914
184.73	9.071
185.10	2064.187
185.46	28.625
185.83	-19.603
186.20	135.068
186.57	135.315
186.94	87.473
187.31	-0.237
187.68	2261.954
188.05	349.423
188.42	178.383
188.78	38.525
189.15	70.722
189.52	52.436
189.89	44.314
190.26	38.713
190.63	40.640
191.00	26.303
191.37	23.575
191.73	51.510
192.10	62.977
192.47	79.177
192.84	49.521
193.21	-30.149
193.58	-66.625
193.94	-88.173
194.31	2.616
194.68	5.038
195.05	7.904
195.42	5.786
195.79	-15.978
196.15	-13.797
196.52	-14.049
196.89	-5.891
197.26	-5.128
197.63	-8.184
198.00	54.160
198.36	38.496
198.73	46.836
199.10	36.002
199.47	36.586
199.84	27.425
200.20	19.461
200.57	19.165
200.94	25.600
201.31	29.723
201.68	35.578
202.04	27.098
202.41	19.095
202.78	15.175
203.15	15.211
203.51	12.793
203.88	18.512
204.25	14.184
204.62	5.176
204.98	3.899
205.35	-11.201
205.72	-42.604
206.09	-105.977
206.46	-54.817
206.82	-64.465
207.19	-98.338
207.56	-104.907
207.92	-139.243
208.29	-100.659
208.66	-85.487
209.03	-99.119
209.39	-58.190
209.76	-35.633
210.13	1.432
210.50	-5.004
210.86	-23.062
211.23	-1.843
211.60	-27.145
211.96	-22.603
212.33	-83.288
212.70	2683.361
213.07	143.911
213.43	86.808
213.80	192.978
214.17	154.202
214.53	863.924
214.90	-89.929
215.27	-63.869
215.63	-105.466
216.00	-70.440
216.37	-17.763
216.74	-13.032
217.10	-23.363
217.47	-39.519
217.84	-43.773
218.20	-35.622
218.57	-24.846
218.94	-30.147
219.30	-9.108
219.67	-0.427
220.04	5.934
220.40	12.629
220.77	14.505
221.13	22.241
221.50	31.759
221.87	29.001
222.23	35.633
222.60	28.687
222.97	22.945
223.33	13.483
223.70	4.651
224.07	-2.978
224.43	-5.064
224.80	-0.584
225.16	-3.094
225.53	-4.697
225.90	-3.652
226.26	-3.090
226.63	-3.196
226.99	-0.965
227.36	0.179
227.73	2.792
228.09	4.061
228.46	3.956
228.82	1.458
229.19	1.887
229.56	1.305
229.92	1.182
230.29	1.438
230.65	2.235
231.02	0.554
231.38	0.595
231.75	-1.527
232.12	-1.313
232.48	-2.539
232.85	-0.406
233.21	1.773
233.58	4.183
233.94	5.277
234.31	4.351
234.68	3.774
235.04	5.311
235.41	6.286
235.77	6.470
236.14	5.441
236.50	7.341
236.87	8.850
237.23	8.431
237.60	5.827
237.96	4.280
238.33	3.406
238.69	3.698
239.06	2.836
239.42	1.844
239.79	2.848
240.15	3.125
240.52	2.454
240.88	1.292
241.25	0.653
241.61	0.765
241.98	0.967
242.34	1.043
242.71	0.888
243.07	1.179
243.44	1.789
243.80	1.654
244.17	1.552
244.53	1.406
244.90	1.618
245.26	2.058
245.63	2.114
245.99	2.008
246.36	2.206
246.72	2.196
247.09	2.025
247.45	2.107
247.81	2.199
248.18	2.171
248.54	2.379
248.91	2.189
249.27	1.540
249.64	2.041
250.00	2.755
250.36	2.733
250.73	2.316
251.09	2.023
251.46	1.219
251.82	1.543
252.19	1.545
252.55	1.382
252.91	1.427
253.28	1.241
253.64	0.711
254.01	0.343
254.37	0.711
254.73	1.147
255.10	1.310
255.46	2.059
255.83	1.438
256.19	1.379
256.55	1.596
256.92	2.039
257.28	2.450
257.65	2.476
258.01	2.282
258.37	2.174
258.74	2.227
259.10	2.425
259.46	2.318
259.83	2.630
260.19	2.902
260.55	2.801
260.92	2.583
261.28	2.336
261.64	2.431
262.01	2.678
262.37	2.502
262.73	2.648
263.10	2.240
263.46	2.448
263.82	2.163
264.19	1.877
264.55	2.183
264.91	2.652
265.28	2.773
265.64	2.571
266.00	2.325
266.37	2.414
266.73	2.537
267.09	2.784
267.46	2.197
267.82	2.417
268.18	2.701
268.54	2.431
268.91	2.118
269.27	1.976
269.63	1.904
270.00	1.989
270.36	2.191
270.72	1.882
271.08	1.909
271.45	2.200
271.81	2.125
272.17	2.211
272.53	2.436
272.90	2.556
273.26	2.638
273.62	2.888
273.98	2.854
274.35	2.752
274.71	2.681
275.07	2.712
275.43	2.749
275.80	2.775
276.16	2.626
276.52	2.472
276.88	2.386
277.25	2.148
277.61	2.104
277.97	2.041
278.33	1.894
278.69	2.137
279.06	2.114
279.42	2.197
279.78	2.243
280.14	2.007
280.50	2.113
280.87	2.146
281.23	2.408
281.59	2.244
281.95	2.395
282.31	2.323
282.68	2.356
283.04	2.380
283.40	2.058
283.76	1.791
284.12	1.767
284.48	1.722
284.85	1.659
285.21	1.700
285.57	1.849
285.93	1.808
286.29	1.826
286.65	1.867
287.02	1.836
287.38	2.024
287.74	2.206
288.10	2.391
288.46	2.215
288.82	2.197
289.18	2.012
289.54	1.864
289.91	1.857
290.27	2.125
290.63	2.221
290.99	2.254
291.35	2.177
291.71	2.042
292.07	2.015
292.43	2.134
292.79	2.243
293.16	2.349
293.52	2.554
293.88	2.578
294.24	2.301
294.60	2.124
294.96	2.064
295.32	2.257
295.68	2.203
296.04	2.314
296.40	2.413
296.76	2.296
297.12	2.258
297.49	2.317
297.85	2.566
298.21	2.771
298.57	2.727
298.93	2.846
299.29	2.752
299.65	3.110
300.01	3.014
300.37	2.964
300.73	3.115
301.09	3.243
301.45	3.027
301.81	2.835
302.17	2.775
302.53	2.809
302.89	2.799
303.25	2.783
303.61	2.582
303.97	2.712
304.33	2.791
304.69	2.922
305.05	3.006
305.41	3.199
305.77	3.219
306.13	3.297
306.49	3.368
306.85	3.379
307.21	3.393
307.57	3.375
307.93	3.217
308.29	3.212
308.65	2.890
309.01	2.743
309.37	2.586
309.73	2.554
310.09	2.406
310.45	2.362
310.81	2.384
311.17	2.443
311.53	2.619
311.89	2.665
312.25	2.525
312.61	2.816
312.96	2.937
313.32	2.941
313.68	2.989
314.04	3.190
314.40	3.207
314.76	3.166
315.12	3.176
315.48	3.134
315.84	2.921
316.20	2.925
316.56	2.811
316.92	2.655
317.27	2.844
317.63	2.728
317.99	2.624
318.35	2.645
318.71	2.673
319.07	2.715
319.43	2.520
319.79	2.614
320.15	2.767
320.50	2.944
320.86	2.974
321.22	2.861
321.58	2.847
321.94	2.873
322.30	3.065
322.66	3.008
323.01	2.893
323.37	3.007
323.73	3.033
324.09	3.173
324.45	3.085
324.81	3.296
325.17	3.345
325.52	3.394
325.88	3.327
326.24	3.178
326.60	3.281
326.96	3.308
327.31	3.174
327.67	3.293
328.03	3.159
328.39	2.920
328.75	2.776
329.11	2.783
329.46	2.795
329.82	2.878
330.18	2.918
330.54	2.915
330.90	2.983
331.25	3.109
331.61	2.966
331.97	2.945
332.33	3.147
332.68	3.204
333.04	3.203
333.40	3.327
333.76	3.349
334.11	3.319
334.47	3.283
334.83	3.170
335.19	3.209
335.54	3.208
335.90	3.145
336.26	3.078
336.62	3.154
336.97	3.047
337.33	2.960
337.69	2.902
338.05	3.021
338.40	2.961
338.76	3.040
339.12	2.971
339.48	2.918
339.83	2.936
340.19	3.062
340.55	2.902
340.90	3.011
341.26	3.014
341.62	3.023
341.97	2.913
342.33	2.939
342.69	2.931
343.04	3.063
343.40	3.161
343.76	3.179
344.12	3.104
344.47	3.079
344.83	3.078
345.19	3.134
345.54	3.175
345.90	3.140
346.26	3.137
346.61	3.015
346.97	2.922
347.32	2.864
347.68	2.928
348.04	2.906
348.39	2.975
348.75	2.931
349.11	2.881
349.46	2.921
349.82	3.038
350.18	3.104
350.53	3.284
350.89	3.237
351.24	3.333
351.60	3.264
351.96	3.259
352.31	3.285
352.67	3.279
353.02	3.261
353.38	3.257
353.74	3.215
354.09	3.124
354.45	3.031
354.80	3.028
355.16	3.051
355.52	3.011
355.87	3.010
356.23	2.969
356.58	2.991
356.94	3.035
357.29	2.948
357.65	2.955
358.00	3.063
358.36	3.117
358.72	3.092
359.07	3.014
359.43	3.025
359.78	3.080
360.14	3.113
360.49	3.137
360.85	3.086
361.20	3.176
361.56	3.212
361.91	3.176
362.27	3.157
362.62	3.198
362.98	3.294
363.33	3.383
363.69	3.366
364.04	3.366
364.40	3.357
364.75	3.345
365.11	3.273
365.46	3.228
365.82	3.151
366.17	3.124
366.53	3.132
366.88	3.041
367.24	3.040
367.59	3.029
367.95	3.052
368.30	3.070
368.66	3.174
369.01	3.226
369.37	3.267
369.72	3.327
370.08	3.424
370.43	3.471
370.78	3.565
371.14	3.554
371.49	3.517
371.85	3.560
372.20	3.570
372.56	3.577
372.91	3.564
373.26	3.556
373.62	3.535
373.97	3.518
374.33	3.488
374.68	3.503
375.03	3.518
375.39	3.509
375.74	3.477
376.10	3.502
376.45	3.517
376.80	3.572
377.16	3.557
377.51	3.614
377.87	3.641
378.22	3.659
378.57	3.671
378.93	3.696
379.28	3.808
379.63	3.815
379.99	3.844
380.34	3.848
380.70	3.883
381.05	3.904
381.40	3.948
381.76	3.975
382.11	4.008
382.46	4.036
382.82	4.018
383.17	4.016
383.52	4.088
383.88	4.134
384.23	4.169
384.58	4.211
384.94	4.270
385.29	4.322
385.64	4.342
385.99	4.400
386.35	4.443
386.70	4.500
387.05	4.562
387.41	4.611
387.76	4.602
388.11	4.628
388.47	4.639
388.82	4.685
389.17	4.706
389.52	4.730
389.88	4.773
390.23	4.820
390.58	4.852
390.93	4.910
391.29	4.961
391.64	5.021
391.99	5.066
392.34	5.073
392.70	5.099
393.05	5.131
393.40	5.196
393.75	5.237
394.11	5.270
394.46	5.308
394.81	5.353
395.16	5.381
395.52	5.442
395.87	5.499
396.22	5.589
396.57	5.635
396.92	5.671
397.28	5.694
397.63	5.697
397.98	5.758
398.33	5.852
398.68	5.923
399.04	5.926
399.39	5.959
399.74	5.985
400.09	6.007
400.44	6.060
400.80	6.139
401.15	6.180
401.50	6.277
401.85	6.309
402.20	6.328
402.55	6.332
402.90	6.399
403.26	6.435
403.61	6.484
403.96	6.537
404.31	6.615
404.66	6.644
405.01	6.710
405.36	6.756
405.72	6.780
406.07	6.844
406.42	6.950
406.77	7.001
407.12	7.066
407.47	7.149
407.82	7.197
408.17	7.204
408.53	7.260
408.88	7.319
409.23	7.338
409.58	7.405
409.93	7.493
410.28	7.508
410.63	7.554
410.98	7.583
411.33	7.601
411.68	7.649
412.03	7.704
412.38	7.762
412.73	7.786
413.09	7.865
413.44	7.935
413.79	7.943
414.14	7.995
414.49	8.001
414.84	8.053
415.19	8.081
415.54	8.099
415.89	8.117
416.24	8.125
416.59	8.150
416.94	8.138
417.29	8.120
417.64	8.155
417.99	8.176
418.34	8.232
418.69	8.232
419.04	8.258
419.39	8.310
419.74	8.363
420.09	8.392
420.44	8.421
420.79	8.489
421.14	8.532
421.49	8.567
421.84	8.584
422.19	8.620
422.54	8.689
422.89	8.753
423.24	8.792
423.59	8.831
423.94	8.908
424.29	8.983
424.64	9.039
424.99	9.144
425.34	9.224
425.68	9.328
426.03	9.437
426.38	9.516
426.73	9.578
427.08	9.654
427.43	9.746
427.78	9.804
428.13	9.866
428.48	9.921
428.83	9.946
429.18	9.972
429.53	10.002
429.87	9.998
430.22	10.025
430.57	10.071
430.92	10.087
431.27	10.103
431.62	10.113
431.97	10.132
432.32	10.162
432.67	10.189
433.01	10.226
433.36	10.283
433.71	10.343
434.06	10.391
434.41	10.412
434.76	10.495
435.11	10.559
435.45	10.614
435.80	10.656
436.15	10.699
436.50	10.713
436.85	10.759
437.20	10.766
437.54	10.781
437.89	10.797
438.24	10.844
438.59	10.853
438.94	10.855
439.29	10.895
439.63	10.914
439.98	10.917
440.33	10.966
440.68	10.985
441.03	11.018
441.37	11.042
441.72	11.088
442.07	11.121
442.42	11.136
442.76	11.178
443.11	11.176
443.46	11.210
443.81	11.246
444.16	11.277
444.50	11.291
444.85	11.312
445.20	11.348
445.55	11.358
445.89	11.378
446.24	11.404
446.59	11.438
446.94	11.495
447.28	11.555
447.63	11.608
447.98	11.639
448.32	11.697
448.67	11.749
449.02	11.805
449.37	11.885
449.71	11.917
450.06	11.986
450.41	12.027
450.75	12.043
451.10	12.048
451.45	12.070
451.79	12.128
452.14	12.181
452.49	12.211
452.84	12.229
453.18	12.250
453.53	12.308
453.88	12.322
454.22	12.340
454.57	12.357
454.92	12.400
455.26	12.417
455.61	12.419
455.95	12.393
456.30	12.422
456.65	12.433
456.99	12.438
457.34	12.431
457.69	12.453
458.03	12.456
458.38	12.509
458.73	12.535
459.07	12.579
459.42	12.634
459.76	12.709
460.11	12.765
460.46	12.831
460.80	12.881
461.15	12.951
461.49	13.014
461.84	13.105
462.19	13.153
462.53	13.208
462.88	13.233
463.22	13.272
463.57	13.338
463.91	13.380
464.26	13.458
464.61	13.526
464.95	13.602
465.30	13.677
465.64	13.724
465.99	13.776
466.33	13.820
466.68	13.868
467.02	13.900
467.37	13.918
467.71	13.943
468.06	13.949
468.41	13.974
468.75	13.995
469.10	14.003
469.44	14.020
469.79	14.045
470.13	14.080
470.48	14.130
470.82	14.176
471.17	14.192
471.51	14.224
471.86	14.271
472.20	14.279
472.55	14.275
472.89	14.274
473.23	14.290
473.58	14.299
473.92	14.295
474.27	14.310
474.61	14.305
474.96	14.314
475.30	14.317
475.65	14.297
475.99	14.351
476.34	14.363
476.68	14.396
477.02	14.422
477.37	14.429
477.71	14.435
478.06	14.428
478.40	14.425
478.75	14.451
479.09	14.490
479.43	14.556
479.78	14.616
480.12	14.732
480.47	14.859
480.81	14.984
481.15	15.129
481.50	15.290
481.84	15.481
482.19	15.692
482.53	15.850
482.87	15.913
483.22	15.861
483.56	15.712
483.90	15.527
484.25	15.396
484.59	15.329
484.94	15.246
485.28	15.128
485.62	14.968
485.97	14.789
486.31	14.650
486.65	14.623
487.00	14.712
487.34	14.916
487.68	15.141
488.03	15.285
488.37	15.323
488.71	15.362
489.06	15.417
489.40	15.474
489.74	15.517
490.09	15.573
490.43	15.613
490.77	15.661
491.11	15.700
491.46	15.756
491.80	15.802
492.14	15.856
492.49	15.911
492.83	15.960
493.17	16.019
493.51	16.069
493.86	16.138
494.20	16.198
494.54	16.248
494.88	16.322
495.23	16.378
495.57	16.440
495.91	16.530
496.25	16.592
496.60	16.646
496.94	16.704
497.28	16.773
497.62	16.821
497.97	16.898
498.31	16.982
498.65	17.045
498.99	17.134
499.33	17.215
499.68	17.286
500.02	17.356
500.36	17.437
500.70	17.495
501.04	17.577
501.39	17.668
501.73	17.721
502.07	17.766
502.41	17.833
502.75	17.843
503.09	17.903
503.44	17.937
503.78	17.961
504.12	18.006
504.46	18.070
504.80	18.140
505.14	18.165
505.49	18.212
505.83	18.264
506.17	18.314
506.51	18.375
506.85	18.406
507.19	18.446
507.53	18.499
507.87	18.556
508.22	18.591
508.56	18.647
508.90	18.690
509.24	18.742
509.58	18.806
509.92	18.859
510.26	18.905
510.60	18.963
510.94	19.038
511.28	19.117
511.63	19.186
511.97	19.278
512.31	19.309
512.65	19.384
512.99	19.442
513.33	19.487
513.67	19.515
514.01	19.600
514.35	19.653
514.69	19.673
515.03	19.715
515.37	19.745
515.71	19.756
516.05	19.784
516.39	19.816
516.73	19.837
517.07	19.874
517.41	19.929
517.75	19.968
518.09	19.999
518.43	20.074
518.77	20.132
519.11	20.184
519.45	20.261
519.79	20.322
520.13	20.375
520.47	20.460
520.81	20.511
521.15	20.566
521.49	20.596
521.83	20.620
522.17	20.627
522.51	20.625
522.85	20.632
523.19	20.622
523.53	20.669
523.87	20.758
524.21	20.832
524.55	20.939
524.89	21.030
525.23	21.124
525.57	21.225
525.91	21.295
526.25	21.392
526.58	21.496
526.92	21.604
527.26	21.682
527.60	21.725
527.94	21.757
528.28	21.758
528.62	21.755
528.96	21.761
529.30	21.772
529.64	21.793
529.97	21.782
530.31	21.754
530.65	21.721
530.99	21.702
531.33	21.719
531.67	21.752
532.01	21.808
532.35	21.853
532.68	21.900
533.02	21.930
533.36	21.946
533.70	21.994
534.04	22.053
534.38	22.110
534.71	22.168
535.05	22.198
535.39	22.231
535.73	22.261
536.07	22.299
536.41	22.335
536.74	22.368
537.08	22.428
537.42	22.473
537.76	22.524
538.10	22.572
538.43	22.618
538.77	22.679
539.11	22.749
539.45	22.777
539.79	22.833
540.12	22.876
540.46	22.916
540.80	22.953
541.14	22.982
541.47	23.002
541.81	23.022
542.15	23.036
542.49	23.051
542.82	23.048
543.16	23.086
543.50	23.130
543.84	23.168
544.17	23.207
544.51	23.261
544.85	23.331
545.18	23.389
545.52	23.454
545.86	23.551
546.20	23.623
546.53	23.707
546.87	23.801
547.21	23.870
547.54	23.963
547.88	24.085
548.22	24.180
548.55	24.232
548.89	24.298
549.23	24.398
549.56	24.438
549.90	24.490
550.24	24.537
550.57	24.591
550.91	24.601
551.25	24.633
551.58	24.638
551.92	24.677
552.26	24.758
552.59	24.800
552.93	24.849
553.27	24.906
553.60	24.974
553.94	25.012
554.27	25.066
554.61	25.132
554.95	25.203
555.28	25.280
555.62	25.314
555.95	25.336
556.29	25.390
556.63	25.436
556.96	25.495
557.30	25.550
557.63	25.608
557.97	25.645
558.31	25.704
558.64	25.700
558.98	25.719
559.31	25.760
559.65	25.769
559.98	25.786
560.32	25.824
560.65	25.853
560.99	25.856
561.33	25.846
561.66	25.824
562.00	25.854
562.33	25.884
562.67	25.900
563.00	25.906
563.34	25.943
563.67	25.995
564.01	25.980
564.34	25.998
564.68	26.028
565.01	26.082
565.35	26.186
565.68	26.218
566.02	26.261
566.35	26.292
566.69	26.309
567.02	26.318
567.36	26.343
567.69	26.365
568.03	26.357
568.36	26.344
568.69	26.380
569.03	26.354
569.36	26.365
569.70	26.378
570.03	26.405
570.37	26.430
570.70	26.480
571.04	26.487
571.37	26.496
571.70	26.540
572.04	26.619
572.37	26.658
572.71	26.684
573.04	26.701
573.37	26.753
573.71	26.802
574.04	26.860
574.38	26.936
574.71	27.034
575.04	27.141
575.38	27.222
575.71	27.268
576.05	27.330
576.38	27.439
576.71	27.547
577.05	27.646
577.38	27.728
577.71	27.828
578.05	27.854
578.38	27.892
578.71	27.938
579.05	27.996
579.38	28.053
579.71	28.094
580.05	28.126
580.38	28.148
580.71	28.160
581.05	28.182
581.38	28.214
581.71	28.274
582.05	28.303
582.38	28.324
582.71	28.333
583.04	28.372
583.38	28.408
583.71	28.413
584.04	28.447
584.38	28.494
584.71	28.484
585.04	28.479
585.37	28.458
585.71	28.474
586.04	28.484
586.37	28.523
586.70	28.508
587.04	28.515
587.37	28.545
587.70	28.499
588.03	28.416
588.37	28.436
588.70	28.450
589.03	28.485
589.36	28.470
589.69	28.484
590.03	28.457
590.36	28.492
590.69	28.468
591.02	28.462
591.35	28.509
591.69	28.528
592.02	28.486
592.35	28.461
592.68	28.440
593.01	28.383
593.35	28.327
593.68	28.300
594.01	28.254
594.34	28.255
594.67	28.254
595.00	28.212
595.34	28.180
595.67	28.213
596.00	28.241
596.33	28.272
596.66	28.346
596.99	28.422
597.32	28.487
597.65	28.507
597.99	28.535
598.32	28.527
598.65	28.582
598.98	28.624
599.31	28.631
599.64	28.602
599.97	28.568
600.30	28.516
600.63	28.471
600.96	28.438
601.30	28.393
601.63	28.348
601.96	28.325
602.29	28.293
602.62	28.282
602.95	28.300
603.28	28.325
603.61	28.308
603.94	28.343
604.27	28.386
604.60	28.381
604.93	28.469
605.26	28.512
605.59	28.527
605.92	28.570
606.25	28.616
606.58	28.582
606.91	28.552
607.24	28.575
607.57	28.562
607.90	28.574
608.23	28.586
608.56	28.570
608.89	28.591
609.22	28.607
609.55	28.636
609.88	28.665
610.21	28.727
610.54	28.771
610.87	28.802
611.20	28.861
611.53	28.850
611.86	28.925
612.19	28.939
612.52	28.962
612.85	29.055
613.18	29.039
613.51	29.039
613.84	29.061
614.17	29.128
614.49	29.089
614.82	29.170
615.15	29.232
615.48	29.223
615.81	29.218
616.14	29.252
616.47	29.214
616.80	29.258
617.13	29.289
617.46	29.295
617.78	29.250
618.11	29.359
618.44	29.328
618.77	29.318
619.10	29.332
619.43	29.349
619.76	29.288
620.09	29.295
620.41	29.304
620.74	29.272
621.07	29.246
621.40	29.233
621.73	29.179
622.06	29.124
622.38	29.106
622.71	29.048
623.04	29.035
623.37	29.076
623.70	29.046
624.02	28.973
624.35	28.977
624.68	29.017
625.01	28.977
625.34	28.950
625.66	28.953
625.99	28.945
626.32	28.986
626.65	29.032
626.98	29.025
627.30	29.033
627.63	29.089
627.96	29.099
628.29	29.103
628.61	29.188
628.94	29.214
629.27	29.236
629.60	29.234
629.92	29.224
630.25	29.233
630.58	29.232
630.91	29.246
631.23	29.222
631.56	29.204
631.89	29.144
632.21	29.141
632.54	29.140
632.87	29.178
633.19	29.153
633.52	29.133
633.85	29.084
634.18	29.063
634.50	29.083
634.83	29.078
635.16	29.110
635.48	29.171
635.81	29.196
636.14	29.217
636.46	29.182
636.79	29.227
637.11	29.250
637.44	29.227
637.77	29.306
638.09	29.278
638.42	29.271
638.75	29.240
639.07	29.185
639.40	29.155
639.73	29.105
640.05	29.065
640.38	29.036
640.70	28.998
641.03	29.017
641.36	28.986
641.68	29.012
642.01	29.027
642.33	29.068
642.66	29.086
642.98	29.064
643.31	29.089
643.64	29.164
643.96	29.186
644.29	29.248
644.61	29.241
644.94	29.216
645.26	29.211
645.59	29.174
645.91	29.157
646.24	29.103
646.56	29.051
646.89	29.065
647.22	29.010
647.54	28.967
647.87	28.936
648.19	28.934
648.52	28.903
648.84	28.883
649.17	28.892
649.49	28.837
649.82	28.831
650.14	28.864
650.47	28.809
650.79	28.759
651.11	28.729
651.44	28.704
651.76	28.623
652.09	28.634
652.41	28.614
652.74	28.584
653.06	28.490
653.39	28.447
653.71	28.415
654.04	28.419
654.36	28.438
654.68	28.361
655.01	28.306
655.33	28.291
655.66	28.170
655.98	28.105
656.30	28.034
656.63	28.008
656.95	27.999
657.28	27.954
657.60	27.866
657.92	27.771
658.25	27.786
658.57	27.774
658.90	27.761
659.22	27.756
659.54	27.685
659.87	27.732
660.19	27.738
660.51	27.764
660.84	27.708
661.16	27.731
661.48	27.745
661.81	27.721
662.13	27.679
662.45	27.720
662.78	27.718
663.10	27.749
663.42	27.717
663.75	27.754
664.07	27.692
664.39	27.742
664.72	27.711
665.04	27.707
665.36	27.686
665.69	27.681
666.01	27.645
666.33	27.578
666.65	27.502
666.98	27.463
667.30	27.419
667.62	27.384
667.94	27.351
668.27	27.369
668.59	27.321
668.91	27.362
669.23	27.379
669.56	27.302
669.88	27.299
670.20	27.303
670.52	27.284
670.85	27.297
671.17	27.302
671.49	27.296
671.81	27.237
672.13	27.250
672.46	27.157
672.78	27.089
673.10	27.034
673.42	27.020
673.74	27.043
674.07	27.000
674.39	26.963
674.71	26.920
675.03	26.843
675.35	26.806
675.67	26.691
676.00	26.743
676.32	26.696
676.64	26.678
676.96	26.659
677.28	26.594
677.60	26.530
677.92	26.462
678.25	26.438
678.57	26.460
678.89	26.444
679.21	26.528
679.53	26.432
679.85	26.438
680.17	26.422
680.49	26.434
680.81	26.439
681.13	26.459
681.46	26.447
681.78	26.399
682.10	26.357
682.42	26.410
682.74	26.385
683.06	26.375
683.38	26.367
683.70	26.463
684.02	26.392
684.34	26.398
684.66	26.461
684.98	26.501
685.30	26.552
685.62	26.589
685.94	26.560
686.26	26.531
686.58	26.583
686.90	26.556
687.22	26.509
687.54	26.533
687.86	26.457
688.18	26.390
688.50	26.343
688.82	26.285
689.14	26.221
689.46	26.177
689.78	26.141
690.10	26.084
690.42	26.032
690.74	25.928
691.06	25.832
691.38	25.831
691.70	25.743
692.02	25.618
692.34	25.560
692.66	25.501
692.98	25.386
693.30	25.316
693.62	25.218
693.94	25.186
694.26	25.133
694.57	25.102
694.89	25.021
695.21	25.013
695.53	25.012
695.85	24.954
696.17	24.898
696.49	24.843
696.81	24.864
697.13	24.828
697.44	24.753
697.76	24.800
698.08	24.781
698.40	24.758
698.72	24.638
699.04	24.649
699.36	24.606
699.67	24.500
699.99	24.412
700.31	24.257
700.63	24.173
700.95	24.104
701.27	23.902
701.58	23.807
701.90	23.756
702.22	23.781
702.54	23.718
702.86	23.713
703.17	23.734
703.49	23.813
703.81	23.889
704.13	23.888
704.45	23.882
704.76	23.824
705.08	23.787
705.40	23.778
705.72	23.759
706.03	23.800
706.35	23.733
706.67	23.698
706.99	23.606
707.30	23.480
707.62	23.543
707.94	23.593
708.26	23.627
708.57	23.668
708.89	23.737
709.21	23.742
709.53	23.682
709.84	23.695
710.16	23.671
710.48	23.718
710.79	23.700
711.11	23.578
711.43	23.618
711.74	23.605
712.06	23.653
712.38	23.545
712.69	23.518
713.01	23.527
713.33	23.558
713.64	23.665
713.96	23.717
714.28	23.824
714.59	24.001
714.91	23.900
715.23	24.109
715.54	24.017
715.86	23.980
716.17	24.032
716.49	23.911
716.81	23.951
717.12	23.815
717.44	23.681
717.76	23.568
718.07	23.357
718.39	23.268
718.70	23.000
719.02	22.983
719.33	22.924
719.65	22.885
719.97	22.867
720.28	22.724
720.60	22.775
720.91	22.886
721.23	22.817
721.54	22.787
721.86	22.965
722.17	23.120
722.49	23.120
722.81	23.279
723.12	23.200
723.44	23.364
723.75	23.394
724.07	23.355
724.38	23.226
724.70	23.234
725.01	23.219
725.33	23.119
725.64	22.937
725.96	22.807
726.27	22.737
726.59	22.757
726.90	22.637
727.22	22.604
727.53	22.539
727.84	22.537
728.16	22.522
728.47	22.646
728.79	22.597
729.10	22.596
729.42	22.609
729.73	22.540
730.05	22.314
730.36	22.212
730.67	22.156
730.99	22.145
731.30	22.020
731.62	22.092
731.93	21.948
732.24	21.754
732.56	21.681
732.87	21.656
733.19	21.569
733.50	21.725
733.81	21.610
734.13	21.467
734.44	21.478
734.76	21.512
735.07	21.208
735.38	21.118
735.70	21.096
736.01	21.052
736.32	21.038
736.64	20.983
736.95	20.750
737.26	20.840
737.58	20.765
737.89	20.650
738.20	20.453
738.52	20.432
738.83	20.329
739.14	20.306
739.45	20.222
739.77	20.059
740.08	20.080
740.39	20.054
740.71	19.761
741.02	19.745
741.33	19.558
741.64	19.454
741.96	19.495
742.27	19.507
742.58	19.322
742.90	19.290
743.21	19.223
743.52	19.081
743.83	18.959
744.14	18.941
744.46	18.817
744.77	18.760
745.08	18.835
745.39	18.707
745.71	18.597
746.02	18.546
746.33	18.443
746.64	18.478
746.95	18.474
747.27	18.373
747.58	18.489
747.89	18.550
748.20	18.654
748.51	18.751
748.82	18.693
749.14	18.489
749.45	18.605
749.76	18.572
750.07	18.633
750.38	18.535
750.69	18.724
751.01	18.592
751.32	18.472
751.63	18.244
751.94	18.201
752.25	18.239
752.56	18.188
752.87	18.176
753.18	18.128
753.49	18.094
753.81	18.188
754.12	18.226
754.43	18.429
754.74	18.428
755.05	18.644
755.36	18.719
755.67	18.821
755.98	19.260
756.29	19.487
756.60	19.732
756.91	20.051
757.22	20.303
757.53	20.546
757.84	20.770
758.15	21.217
758.46	21.436
758.77	21.701
759.09	21.874
759.40	22.113
759.71	22.217
760.02	22.336
760.33	22.278
760.64	22.216
760.95	22.334
761.26	22.229
761.57	22.098
761.88	22.054
762.18	21.874
762.49	21.805
762.80	21.583
763.11	21.640
763.42	21.498
763.73	21.275
764.04	21.157
764.35	20.758
764.66	20.499
764.97	20.353
765.28	20.052
765.59	19.629
765.90	19.303
766.21	18.994
766.52	18.283
766.83	18.014
767.14	17.854
767.44	17.394
767.75	17.178
768.06	16.990
768.37	16.787
768.68	16.826
768.99	16.975
769.30	16.664
769.61	16.543
769.91	16.582
770.22	16.386
770.53	16.181
770.84	16.246
771.15	16.380
771.46	16.668
771.77	16.511
772.07	16.334
772.38	16.293
772.69	16.576
773.00	16.428
773.31	16.411
773.61	16.214
773.92	16.199
774.23	16.122
774.54	15.989
774.85	15.767
775.15	15.674
775.46	15.435
775.77	15.407
776.08	15.241
776.39	15.333
776.69	15.233
777.00	15.371
777.31	15.237
777.62	15.261
777.92	15.357
778.23	15.191
778.54	15.195
778.85	15.529
779.15	15.463
779.46	15.395
779.77	15.441
780.07	15.448
780.38	15.301
780.69	15.359
781.00	15.413
781.30	15.198
781.61	15.244
781.92	15.495
782.22	15.477
782.53	15.580
782.84	15.533
783.14	15.382
783.45	15.346
783.76	15.660
784.06	15.784
784.37	15.966
784.68	15.885
784.98	16.221
785.29	16.197
785.60	16.089
785.90	16.298
786.21	16.638
786.51	16.928
786.82	17.348
787.13	17.346
787.43	17.496
787.74	17.604
788.04	17.952
788.35	17.719
788.66	17.739
788.96	17.801
789.27	17.401
789.57	17.187
789.88	16.999
790.19	16.664
790.49	16.786
790.80	16.875
791.10	16.750
791.41	16.791
791.71	16.711
792.02	16.585
792.32	16.712
792.63	17.241
792.93	17.356
793.24	17.370
793.54	17.605
793.85	17.633
794.15	17.380
794.46	17.450
794.76	17.342
795.07	17.439
795.37	17.508
795.68	17.422
795.98	17.246
796.29	17.372
796.59	17.492
796.90	17.519
797.20	17.497
797.51	17.517
797.81	17.519
798.12	17.501
798.42	17.862
798.72	17.941
799.03	17.915
799.33	17.707
799.64	17.746
799.94	17.816
800.25	17.588
800.55	17.507
800.85	17.638
801.16	17.744
801.46	17.704
801.77	17.471
802.07	17.586
802.37	17.622
802.68	18.035
802.98	18.151
803.28	17.896
803.59	18.072
803.89	17.861
804.20	17.896
804.50	17.634
804.80	17.659
805.11	17.397
805.41	16.981
805.71	16.912
806.02	16.525
806.32	16.090
806.62	16.233
806.93	16.375
807.23	16.856
807.53	17.125
807.83	17.108
808.14	17.310
808.44	17.801
808.74	18.213
809.05	18.421
809.35	18.665
809.65	19.187
809.95	19.012
810.26	18.636
810.56	18.926
810.86	18.927
811.16	18.925
811.47	18.930
811.77	18.849
812.07	19.051
812.37	19.267
812.68	19.616
812.98	19.092
813.28	19.321
813.58	19.855
813.88	19.283
814.19	19.730
814.49	20.410
814.79	20.687
815.09	20.531
815.39	20.284
815.70	20.467
816.00	20.201
816.30	20.675
816.60	20.847
816.90	20.649
817.20	20.790
817.50	20.243
817.81	20.353
818.11	20.182
818.41	20.395
818.71	20.636
819.01	20.708
819.31	20.806
819.61	20.954
819.92	21.081
820.22	21.266
820.52	21.277
820.82	21.327
821.12	21.307
821.42	21.349
821.72	21.401
822.02	21.443
822.32	21.457
822.62	21.515
822.92	21.459
823.22	21.393
823.52	21.344
823.83	21.379
824.13	21.419
824.43	21.339
824.73	21.377
825.03	21.378
825.33	21.404
825.63	21.252
825.93	21.211
826.23	21.230
826.53	21.305
826.83	21.148
827.13	20.947
827.43	20.921
827.73	21.007
828.03	21.116
828.33	21.121
828.63	20.851
828.93	20.996
829.23	20.858
829.53	20.779
829.83	20.710
830.13	20.901
830.42	21.024
830.72	20.981
831.02	20.904
831.32	20.330
831.62	20.147
831.92	20.311
832.22	20.239
832.52	20.201
832.82	20.184
833.12	20.058
833.42	20.029
833.72	20.275
834.01	20.131
834.31	19.977
834.61	20.375
834.91	20.360
835.21	20.047
835.51	19.985
835.81	19.653
836.11	19.618
836.40	19.798
836.70	19.386
837.00	19.137
837.30	19.479
837.60	19.441
837.90	19.307
838.19	19.126
838.49	19.234
838.79	19.240
839.09	19.520
839.39	19.413
839.68	18.807
839.98	18.785
840.28	18.356
840.58	18.032
840.88	17.929
841.17	17.367
841.47	17.745
841.77	17.293
842.07	17.102
842.36	17.629
842.66	17.045
842.96	16.655
843.26	16.023
843.55	14.798
843.85	13.382
844.15	13.075
844.45	13.026
844.74	12.211
845.04	12.413
845.34	12.589
845.63	11.795
845.93	13.199
846.23	14.801
846.53	15.907
846.82	16.265
847.12	17.271
847.42	17.772
847.71	17.971
848.01	17.584
848.31	18.116
848.60	18.353
848.90	17.924
849.19	17.325
849.49	15.703
849.79	15.074
850.08	17.302
850.38	17.530
850.68	16.658
850.97	17.079
851.27	16.603
851.56	16.293
851.86	15.329
852.16	16.958
852.45	16.658
852.75	17.752
853.04	17.701
853.34	16.930
853.64	17.186
853.93	17.754
854.23	16.771
854.52	17.067
854.82	16.877
855.11	17.826
855.41	15.981
855.70	15.046
856.00	13.557
856.30	14.031
856.59	13.160
856.89	12.071
857.18	12.350
857.48	12.822
857.77	13.977
858.07	15.179
858.36	15.493
858.66	15.840
858.95	16.940
859.25	17.775
859.54	17.690
859.84	18.147
860.13	18.601
860.42	19.348
860.72	19.286
861.01	18.057
861.31	17.734
861.60	16.900
861.90	17.461
862.19	17.299
862.49	16.833
862.78	17.475
863.07	15.513
863.37	15.156
863.66	14.814
863.96	14.080
864.25	14.463
864.54	13.695
864.84	13.557
865.13	13.751
865.43	12.713
865.72	13.122
866.01	12.642
866.31	17.998
866.60	20.825
866.89	4.346
