180.30	0.000
180.67	0.000
181.03	115.117
181.40	135.683
181.77	-2557.200
182.14	97.323
182.51	36.071
182.88	-2096.928
183.25	32.108
183.62	-12.530
183.99	80.862
184.36	144.575
184.73	168.657
185.10	34.107
185.46	-22.316
185.83	208.489
186.20	45.257
186.57	745.260
186.94	-23.334
187.31	49.088
187.68	-165.252
188.05	10.072
188.42	12.239
188.78	25.922
189.15	11.864
189.52	8.159
189.89	-1.723
190.26	-15.916
190.63	17.568
191.00	5.428
191.37	15.239
191.73	16.496
192.10	29.134
192.47	23.766
192.84	22.103
193.21	26.677
193.58	26.715
193.94	33.929
194.31	25.507
194.68	17.712
195.05	8.038
195.42	1.542
195.79	-1.622
196.15	-6.081
196.52	3.072
196.89	5.549
197.26	-0.315
197.63	-6.264
198.00	-7.313
198.36	-5.254
198.73	-4.843
199.10	8.312
199.47	8.785
199.84	2.582
200.20	16.198
200.57	-0.372
200.94	-5.617
201.31	-6.458
201.68	5.488
202.04	-0.299
202.41	2.185
202.78	-12.820
203.15	-13.120
203.51	-29.102
203.88	-17.248
204.25	-46.163
204.62	-22.516
204.98	-18.603
205.35	-12.447
205.72	-10.955
206.09	-1.759
206.46	15.929
206.82	22.136
207.19	22.659
207.56	30.305
207.92	18.649
208.29	19.677
208.66	23.030
209.03	19.288
209.39	4.641
209.76	3.820
210.13	-0.339
210.50	-13.948
210.86	-6.042
211.23	9.717
211.60	-10.430
211.96	-3.780
212.33	-2.903
212.70	-3.633
213.07	-11.062
213.43	5.790
213.80	4.398
214.17	-2.101
214.53	-0.195
214.90	-0.638
215.27	-18.561
215.63	-15.354
216.00	-11.402
216.37	-5.668
216.74	-14.686
217.10	-9.532
217.47	-27.333
217.84	-22.692
218.20	-3.786
218.57	-0.780
218.94	-4.272
219.30	-0.796
219.67	-2.919
220.04	-5.482
220.40	-6.557
220.77	-5.454
221.13	-6.261
221.50	-4.646
221.87	-14.982
222.23	-28.169
222.60	-32.983
222.97	-29.371
223.33	-26.976
223.70	-23.111
224.07	-12.370
224.43	-7.015
224.80	-0.941
225.16	0.993
225.53	3.212
225.90	1.092
226.26	0.064
226.63	1.071
226.99	1.992
227.36	2.926
227.73	3.206
228.09	-2.970
228.46	-4.870
228.82	-6.071
229.19	-6.485
229.56	-8.440
229.92	-6.986
230.29	-4.100
230.65	-2.657
231.02	-4.034
231.38	-7.520
231.75	-6.738
232.12	-1.116
232.48	1.112
232.85	0.384
233.21	1.457
233.58	2.650
233.94	5.832
234.31	3.875
234.68	2.539
235.04	3.440
235.41	5.271
235.77	5.596
236.14	4.350
236.50	2.374
236.87	3.152
237.23	1.586
237.60	0.577
237.96	-0.841
238.33	0.471
238.69	0.836
239.06	0.908
239.42	0.929
239.79	0.461
240.15	0.321
240.52	0.655
240.88	0.792
241.25	1.514
241.61	2.196
241.98	2.548
242.34	1.860
242.71	2.494
243.07	2.467
243.44	2.743
243.80	2.903
244.17	2.958
244.53	2.916
244.90	2.675
245.26	2.536
245.63	2.403
245.99	2.202
246.36	2.374
246.72	1.704
247.09	1.547
247.45	1.350
247.81	1.228
248.18	0.938
248.54	1.202
248.91	1.389
249.27	1.523
249.64	1.734
250.00	2.366
250.36	2.408
250.73	2.973
251.09	3.216
251.46	3.211
251.82	3.566
252.19	3.796
252.55	2.997
252.91	2.519
253.28	1.880
253.64	1.916
254.01	1.510
254.37	1.550
254.73	1.888
255.10	2.528
255.46	2.667
255.83	2.109
256.19	2.264
256.55	2.552
256.92	2.713
257.28	2.808
257.65	2.798
258.01	2.774
258.37	2.556
258.74	2.304
259.10	1.993
259.46	1.950
259.83	2.112
260.19	2.011
260.55	1.971
260.92	1.855
261.28	1.588
261.64	1.222
262.01	1.042
262.37	1.211
262.73	1.213
263.10	1.475
263.46	1.968
263.82	1.880
264.19	1.404
264.55	1.277
264.91	1.312
265.28	1.666
265.64	1.630
266.00	1.465
266.37	1.342
266.73	1.423
267.09	1.172
267.46	0.985
267.82	1.005
268.18	1.454
268.54	1.553
268.91	1.702
269.27	1.588
269.63	1.739
270.00	2.040
270.36	2.227
270.72	2.308
271.08	2.077
271.45	1.957
271.81	2.276
272.17	2.297
272.53	2.113
272.90	1.818
273.26	1.873
273.62	1.817
273.98	1.713
274.35	1.467
274.71	1.566
275.07	1.865
275.43	2.043
275.80	1.763
276.16	1.924
276.52	1.765
276.88	1.793
277.25	1.766
277.61	2.206
277.97	1.968
278.33	1.922
278.69	1.683
279.06	1.790
279.42	1.396
279.78	1.307
280.14	1.159
280.50	1.593
280.87	1.812
281.23	2.005
281.59	1.868
281.95	1.940
282.31	2.153
282.68	2.393
283.04	2.289
283.40	2.578
283.76	2.550
284.12	2.575
284.48	2.392
284.85	2.379
285.21	2.232
285.57	2.130
285.93	2.162
286.29	2.103
286.65	1.926
287.02	1.991
287.38	1.987
287.74	2.045
288.10	1.941
288.46	1.977
288.82	1.783
289.18	1.680
289.54	1.564
289.91	1.782
290.27	1.982
290.63	2.110
290.99	1.989
291.35	1.965
291.71	2.147
292.07	2.174
292.43	2.215
292.79	2.500
293.16	2.653
293.52	2.724
293.88	2.573
294.24	2.582
294.60	2.473
294.96	2.627
295.32	2.573
295.68	2.388
296.04	2.385
296.40	2.336
296.76	2.188
297.12	2.206
297.49	2.336
297.85	2.349
298.21	2.172
298.57	2.082
298.93	1.999
299.29	2.033
299.65	2.026
300.01	2.112
300.37	2.153
300.73	2.326
301.09	2.248
301.45	2.266
301.81	2.323
302.17	2.416
302.53	2.644
302.89	2.597
303.25	2.527
303.61	2.780
303.97	2.846
304.33	2.886
304.69	2.797
305.05	2.823
305.41	2.666
305.77	2.656
306.13	2.609
306.49	2.630
306.85	2.620
307.21	2.700
307.57	2.580
307.93	2.481
308.29	2.475
308.65	2.467
309.01	2.483
309.37	2.613
309.73	2.613
310.09	2.604
310.45	2.517
310.81	2.520
311.17	2.387
311.53	2.328
311.89	2.380
312.25	2.346
312.61	2.304
312.96	2.303
313.32	2.254
313.68	2.111
314.04	2.175
314.40	2.155
314.76	2.215
315.12	2.328
315.48	2.459
315.84	2.408
316.20	2.347
316.56	2.504
316.92	2.470
317.27	2.397
317.63	2.451
317.99	2.370
318.35	2.317
318.71	2.250
319.07	2.214
319.43	2.124
319.79	2.118
320.15	2.122
320.50	1.911
320.86	2.088
321.22	2.154
321.58	2.155
321.94	2.176
322.30	2.282
322.66	2.372
323.01	2.449
323.37	2.459
323.73	2.572
324.09	2.653
324.45	2.775
324.81	2.665
325.17	2.620
325.52	2.718
325.88	2.736
326.24	2.770
326.60	2.830
326.96	2.945
327.31	2.985
327.67	2.971
328.03	2.994
328.39	2.985
328.75	3.124
329.11	3.244
329.46	3.244
329.82	3.320
330.18	3.369
330.54	3.317
330.90	3.288
331.25	3.278
331.61	3.290
331.97	3.241
332.33	3.453
332.68	3.310
333.04	3.337
333.40	3.352
333.76	3.323
334.11	3.234
334.47	3.195
334.83	3.140
335.19	3.295
335.54	3.321
335.90	3.354
336.26	3.170
336.62	3.230
336.97	3.099
337.33	3.072
337.69	3.036
338.05	3.096
338.40	3.124
338.76	3.135
339.12	3.028
339.48	3.049
339.83	3.073
340.19	3.126
340.55	3.091
340.90	3.155
341.26	3.146
341.62	3.201
341.97	3.276
342.33	3.328
342.69	3.286
343.04	3.315
343.40	3.279
343.76	3.305
344.12	3.333
344.47	3.407
344.83	3.366
345.19	3.340
345.54	3.398
345.90	3.421
346.26	3.405
346.61	3.622
346.97	3.594
347.32	3.628
347.68	3.626
348.04	3.630
348.39	3.669
348.75	3.830
349.11	3.882
349.46	3.845
349.82	3.800
350.18	3.843
350.53	3.605
350.89	3.657
351.24	3.654
351.60	3.703
351.96	3.671
352.31	3.693
352.67	3.587
353.02	3.589
353.38	3.605
353.74	3.548
354.09	3.540
354.45	3.691
354.80	3.673
355.16	3.648
355.52	3.639
355.87	3.652
356.23	3.604
356.58	3.682
356.94	3.696
357.29	3.708
357.65	3.727
358.00	3.752
358.36	3.746
358.72	3.791
359.07	3.845
359.43	3.875
359.78	3.898
360.14	3.919
360.49	3.915
360.85	3.956
361.20	4.027
361.56	4.074
361.91	4.029
362.27	4.013
362.62	3.963
362.98	3.934
363.33	3.925
363.69	3.932
364.04	3.904
364.40	3.913
364.75	3.867
365.11	3.866
365.46	3.869
365.82	3.936
366.17	3.949
366.53	4.017
366.88	4.005
367.24	4.045
367.59	4.072
367.95	4.165
368.30	4.183
368.66	4.273
369.01	4.252
369.37	4.321
369.72	4.303
370.08	4.332
370.43	4.319
370.78	4.418
371.14	4.395
371.49	4.443
371.85	4.449
372.20	4.491
372.56	4.520
372.91	4.507
373.26	4.511
373.62	4.531
373.97	4.584
374.33	4.598
374.68	4.552
375.03	4.606
375.39	4.560
375.74	4.548
376.10	4.486
376.45	4.476
376.80	4.528
377.16	4.485
377.51	4.541
377.87	4.513
378.22	4.574
378.57	4.642
378.93	4.673
379.28	4.755
379.63	4.786
379.99	4.871
380.34	4.888
380.70	4.919
381.05	5.037
381.40	5.025
381.76	5.061
382.11	5.087
382.46	5.056
382.82	5.067
383.17	5.058
383.52	5.077
383.88	5.055
384.23	5.096
384.58	5.071
384.94	5.004
385.29	5.045
385.64	5.094
385.99	5.096
386.35	5.187
386.70	5.192
387.05	5.205
387.41	5.217
387.76	5.264
388.11	5.229
388.47	5.302
388.82	5.331
389.17	5.343
389.52	5.321
389.88	5.365
390.23	5.338
390.58	5.353
390.93	5.354
391.29	5.379
391.64	5.367
391.99	5.383
392.34	5.395
392.70	5.398
393.05	5.383
393.40	5.407
393.75	5.365
394.11	5.362
394.46	5.357
394.81	5.342
395.16	5.297
395.52	5.300
395.87	5.261
396.22	5.220
396.57	5.224
396.92	5.250
397.28	5.250
397.63	5.232
397.98	5.258
398.33	5.265
398.68	5.329
399.04	5.355
399.39	5.358
399.74	5.394
400.09	5.383
400.44	5.376
400.80	5.334
401.15	5.310
401.50	5.355
401.85	5.344
402.20	5.333
402.55	5.318
402.90	5.326
403.26	5.333
403.61	5.362
403.96	5.388
404.31	5.368
404.66	5.415
405.01	5.425
405.36	5.415
405.72	5.397
406.07	5.442
406.42	5.435
406.77	5.404
407.12	5.391
407.47	5.392
407.82	5.365
408.17	5.369
408.53	5.364
408.88	5.365
409.23	5.364
409.58	5.357
409.93	5.286
410.28	5.272
410.63	5.293
410.98	5.328
411.33	5.290
411.68	5.260
412.03	5.312
412.38	5.289
412.73	5.270
413.09	5.224
413.44	5.218
413.79	5.252
414.14	5.260
414.49	5.269
414.84	5.245
415.19	5.273
415.54	5.302
415.89	5.277
416.24	5.293
416.59	5.289
416.94	5.302
417.29	5.299
417.64	5.291
417.99	5.277
418.34	5.253
418.69	5.245
419.04	5.236
419.39	5.226
419.74	5.205
420.09	5.185
420.44	5.187
420.79	5.190
421.14	5.161
421.49	5.152
421.84	5.155
422.19	5.144
422.54	5.158
422.89	5.139
423.24	5.121
423.59	5.132
423.94	5.118
424.29	5.088
424.64	5.048
424.99	5.068
425.34	5.070
425.68	5.055
426.03	5.086
426.38	5.043
426.73	5.040
427.08	5.032
427.43	5.010
427.78	5.043
428.13	5.057
428.48	5.099
428.83	5.101
429.18	5.085
429.53	5.072
429.87	5.048
430.22	5.047
430.57	5.062
430.92	5.075
431.27	5.087
431.62	5.057
431.97	5.056
432.32	5.051
432.67	5.048
433.01	5.044
433.36	5.073
433.71	5.080
434.06	5.108
434.41	5.121
434.76	5.143
435.11	5.127
435.45	5.140
435.80	5.143
436.15	5.145
436.50	5.157
436.85	5.167
437.20	5.162
437.54	5.160
437.89	5.138
438.24	5.117
438.59	5.101
438.94	5.119
439.29	5.127
439.63	5.128
439.98	5.108
440.33	5.096
440.68	5.086
441.03	5.070
441.37	5.054
441.72	5.047
442.07	5.037
442.42	5.031
442.76	5.010
443.11	4.980
443.46	4.964
443.81	4.965
444.16	4.957
444.50	4.947
444.85	4.930
445.20	4.914
445.55	4.899
445.89	4.881
446.24	4.862
446.59	4.854
446.94	4.848
447.28	4.835
447.63	4.807
447.98	4.790
448.32	4.785
448.67	4.774
449.02	4.764
449.37	4.751
449.71	4.737
450.06	4.730
450.41	4.724
450.75	4.711
451.10	4.698
451.45	4.699
451.79	4.688
452.14	4.674
452.49	4.662
452.84	4.669
453.18	4.668
453.53	4.689
453.88	4.690
454.22	4.682
454.57	4.679
454.92	4.702
455.26	4.734
455.61	4.758
455.95	4.785
456.30	4.821
456.65	4.831
456.99	4.844
457.34	4.850
457.69	4.877
458.03	4.885
458.38	4.906
458.73	4.923
459.07	4.935
459.42	4.951
459.76	4.947
460.11	4.935
460.46	4.940
460.80	4.973
461.15	4.979
461.49	4.973
461.84	5.004
462.19	5.040
462.53	5.048
462.88	5.038
463.22	5.052
463.57	5.083
463.91	5.119
464.26	5.153
464.61	5.167
464.95	5.207
465.30	5.234
465.64	5.249
465.99	5.262
466.33	5.281
466.68	5.327
467.02	5.336
467.37	5.352
467.71	5.368
468.06	5.376
468.41	5.379
468.75	5.395
469.10	5.394
469.44	5.391
469.79	5.387
470.13	5.398
470.48	5.386
470.82	5.400
471.17	5.403
471.51	5.409
471.86	5.417
472.20	5.425
472.55	5.421
472.89	5.435
473.23	5.454
473.58	5.453
473.92	5.434
474.27	5.421
474.61	5.409
474.96	5.393
475.30	5.378
475.65	5.356
475.99	5.342
476.34	5.331
476.68	5.318
477.02	5.309
477.37	5.301
477.71	5.317
478.06	5.339
478.40	5.381
478.75	5.425
479.09	5.481
479.43	5.556
479.78	5.627
480.12	5.702
480.47	5.800
480.81	5.896
481.15	6.011
481.50	6.110
481.84	6.223
482.19	6.337
482.53	6.446
482.87	6.495
483.22	6.492
483.56	6.444
483.90	6.358
484.25	6.242
484.59	6.142
484.94	6.046
485.28	5.966
485.62	5.866
485.97	5.753
486.31	5.643
486.65	5.597
487.00	5.601
487.34	5.642
487.68	5.716
488.03	5.795
488.37	5.857
488.71	5.896
489.06	5.918
489.40	5.933
489.74	5.943
490.09	5.973
490.43	5.982
490.77	5.987
491.11	6.001
491.46	6.035
491.80	6.072
492.14	6.101
492.49	6.141
492.83	6.170
493.17	6.212
493.51	6.278
493.86	6.340
494.20	6.408
494.54	6.480
494.88	6.560
495.23	6.625
495.57	6.705
495.91	6.785
496.25	6.863
496.60	6.954
496.94	7.048
497.28	7.137
497.62	7.238
497.97	7.348
498.31	7.471
498.65	7.566
498.99	7.682
499.33	7.805
499.68	7.953
500.02	8.080
500.36	8.213
500.70	8.344
501.04	8.505
501.39	8.638
501.73	8.814
502.07	8.970
502.41	9.183
502.75	9.348
503.09	9.540
503.44	9.728
503.78	9.930
504.12	10.133
504.46	10.341
504.80	10.547
505.14	10.774
505.49	10.972
505.83	11.208
506.17	11.401
506.51	11.638
506.85	11.856
507.19	12.075
507.53	12.294
507.87	12.526
508.22	12.782
508.56	12.996
508.90	13.205
509.24	13.434
509.58	13.646
509.92	13.884
510.26	14.112
510.60	14.350
510.94	14.572
511.28	14.801
511.63	15.039
511.97	15.248
512.31	15.498
512.65	15.745
512.99	16.007
513.33	16.296
513.67	16.574
514.01	16.855
514.35	17.119
514.69	17.395
515.03	17.650
515.37	17.867
515.71	18.092
516.05	18.286
516.39	18.494
516.73	18.677
517.07	18.852
517.41	19.007
517.75	19.155
518.09	19.328
518.43	19.468
518.77	19.642
519.11	19.837
519.45	20.029
519.79	20.228
520.13	20.456
520.47	20.660
520.81	20.869
521.15	21.088
521.49	21.338
521.83	21.535
522.17	21.780
522.51	21.997
522.85	22.212
523.19	22.452
523.53	22.761
523.87	23.054
524.21	23.343
524.55	23.617
524.89	23.863
525.23	24.067
525.57	24.281
525.91	24.465
526.25	24.631
526.58	24.784
526.92	24.927
527.26	25.007
527.60	25.059
527.94	25.115
528.28	25.164
528.62	25.198
528.96	25.250
529.30	25.290
529.64	25.306
529.97	25.347
530.31	25.393
530.65	25.426
530.99	25.505
531.33	25.604
531.67	25.692
532.01	25.759
532.35	25.854
532.68	25.895
533.02	25.931
533.36	25.999
533.70	26.043
534.04	26.093
534.38	26.160
534.71	26.222
535.05	26.278
535.39	26.345
535.73	26.440
536.07	26.536
536.41	26.699
536.74	26.858
537.08	27.013
537.42	27.166
537.76	27.310
538.10	27.425
538.43	27.551
538.77	27.678
539.11	27.792
539.45	27.878
539.79	27.942
540.12	27.985
540.46	28.010
540.80	28.020
541.14	28.032
541.47	28.048
541.81	28.083
542.15	28.099
542.49	28.092
542.82	28.092
543.16	28.123
543.50	28.159
543.84	28.176
544.17	28.224
544.51	28.295
544.85	28.361
545.18	28.417
545.52	28.461
545.86	28.471
546.20	28.516
546.53	28.533
546.87	28.574
547.21	28.623
547.54	28.689
547.88	28.772
548.22	28.798
548.55	28.871
548.89	28.947
549.23	29.028
549.56	29.117
549.90	29.195
550.24	29.296
550.57	29.332
550.91	29.370
551.25	29.419
551.58	29.444
551.92	29.520
552.26	29.560
552.59	29.604
552.93	29.661
553.27	29.717
553.60	29.759
553.94	29.794
554.27	29.847
554.61	29.931
554.95	30.030
555.28	30.123
555.62	30.190
555.95	30.235
556.29	30.278
556.63	30.306
556.96	30.327
557.30	30.393
557.63	30.469
557.97	30.530
558.31	30.560
558.64	30.602
558.98	30.582
559.31	30.610
559.65	30.619
559.98	30.632
560.32	30.669
560.65	30.713
560.99	30.730
561.33	30.749
561.66	30.766
562.00	30.798
562.33	30.805
562.67	30.835
563.00	30.869
563.34	30.929
563.67	30.977
564.01	31.000
564.34	31.030
564.68	31.067
565.01	31.079
565.35	31.087
565.68	31.113
566.02	31.146
566.35	31.205
566.69	31.237
567.02	31.278
567.36	31.318
567.69	31.331
568.03	31.356
568.36	31.409
568.69	31.453
569.03	31.509
569.36	31.540
569.70	31.541
570.03	31.561
570.37	31.565
570.70	31.607
571.04	31.626
571.37	31.661
571.70	31.726
572.04	31.743
572.37	31.745
572.71	31.775
573.04	31.797
573.37	31.854
573.71	31.873
574.04	31.923
574.38	31.921
574.71	31.961
575.04	32.015
575.38	32.015
575.71	32.039
576.05	32.115
576.38	32.174
576.71	32.236
577.05	32.265
577.38	32.348
577.71	32.383
578.05	32.405
578.38	32.399
578.71	32.424
579.05	32.437
579.38	32.467
579.71	32.460
580.05	32.430
580.38	32.437
580.71	32.456
581.05	32.470
581.38	32.499
581.71	32.518
582.05	32.578
582.38	32.555
582.71	32.612
583.04	32.594
583.38	32.641
583.71	32.685
584.04	32.676
584.38	32.678
584.71	32.702
585.04	32.733
585.37	32.768
585.71	32.757
586.04	32.788
586.37	32.771
586.70	32.799
587.04	32.781
587.37	32.776
587.70	32.793
588.03	32.821
588.37	32.786
588.70	32.773
589.03	32.751
589.36	32.783
589.69	32.757
590.03	32.735
590.36	32.735
590.69	32.767
591.02	32.793
591.35	32.816
591.69	32.796
592.02	32.786
592.35	32.746
592.68	32.760
593.01	32.719
593.35	32.782
593.68	32.789
594.01	32.778
594.34	32.758
594.67	32.716
595.00	32.695
595.34	32.674
595.67	32.668
596.00	32.719
596.33	32.690
596.66	32.702
596.99	32.701
597.32	32.743
597.65	32.771
597.99	32.757
598.32	32.775
598.65	32.778
598.98	32.819
599.31	32.842
599.64	32.822
599.97	32.827
600.30	32.773
600.63	32.699
600.96	32.649
601.30	32.619
601.63	32.592
601.96	32.564
602.29	32.555
602.62	32.558
602.95	32.550
603.28	32.500
603.61	32.512
603.94	32.556
604.27	32.604
604.60	32.608
604.93	32.607
605.26	32.611
605.59	32.606
605.92	32.613
606.25	32.568
606.58	32.563
606.91	32.600
607.24	32.595
607.57	32.541
607.90	32.477
608.23	32.455
608.56	32.456
608.89	32.494
609.22	32.527
609.55	32.508
609.88	32.498
610.21	32.484
610.54	32.491
610.87	32.467
611.20	32.538
611.53	32.579
611.86	32.649
612.19	32.663
612.52	32.643
612.85	32.633
613.18	32.593
613.51	32.591
613.84	32.571
614.17	32.551
614.49	32.527
614.82	32.482
615.15	32.459
615.48	32.414
615.81	32.397
616.14	32.375
616.47	32.365
616.80	32.384
617.13	32.361
617.46	32.361
617.78	32.316
618.11	32.322
618.44	32.308
618.77	32.292
619.10	32.270
619.43	32.265
619.76	32.264
620.09	32.253
620.41	32.268
620.74	32.283
621.07	32.289
621.40	32.297
621.73	32.289
622.06	32.271
622.38	32.275
622.71	32.216
623.04	32.139
623.37	32.055
623.70	32.017
624.02	31.965
624.35	31.993
624.68	31.928
625.01	31.860
625.34	31.800
625.66	31.787
625.99	31.764
626.32	31.770
626.65	31.797
626.98	31.848
627.30	31.883
627.63	31.876
627.96	31.789
628.29	31.779
628.61	31.794
628.94	31.780
629.27	31.743
629.60	31.703
629.92	31.669
630.25	31.612
630.58	31.562
630.91	31.484
631.23	31.429
631.56	31.424
631.89	31.440
632.21	31.420
632.54	31.377
632.87	31.368
633.19	31.341
633.52	31.333
633.85	31.325
634.18	31.283
634.50	31.265
634.83	31.265
635.16	31.247
635.48	31.175
635.81	31.106
636.14	31.140
636.46	31.089
636.79	31.059
637.11	31.045
637.44	31.038
637.77	31.032
638.09	30.945
638.42	30.866
638.75	30.814
639.07	30.758
639.40	30.767
639.73	30.733
640.05	30.771
640.38	30.786
640.70	30.747
641.03	30.719
641.36	30.685
641.68	30.706
642.01	30.733
642.33	30.709
642.66	30.751
642.98	30.736
643.31	30.651
643.64	30.565
643.96	30.493
644.29	30.424
644.61	30.341
644.94	30.282
645.26	30.204
645.59	30.164
645.91	30.215
646.24	30.196
646.56	30.192
646.89	30.203
647.22	30.185
647.54	30.177
647.87	30.167
648.19	30.195
648.52	30.219
648.84	30.244
649.17	30.227
649.49	30.129
649.82	30.047
650.14	29.994
650.47	29.942
650.79	29.893
651.11	29.818
651.44	29.799
651.76	29.742
652.09	29.671
652.41	29.617
652.74	29.584
653.06	29.508
653.39	29.511
653.71	29.474
654.04	29.496
654.36	29.517
654.68	29.471
655.01	29.443
655.33	29.345
655.66	29.319
655.98	29.274
656.30	29.277
656.63	29.268
656.95	29.184
657.28	29.154
657.60	29.047
657.92	28.899
658.25	28.870
658.57	28.809
658.90	28.787
659.22	28.732
659.54	28.722
659.87	28.598
660.19	28.558
660.51	28.592
660.84	28.598
661.16	28.616
661.48	28.653
661.81	28.673
662.13	28.693
662.45	28.687
662.78	28.708
663.10	28.663
663.42	28.697
663.75	28.709
664.07	28.610
664.39	28.534
664.72	28.492
665.04	28.503
665.36	28.420
665.69	28.354
666.01	28.332
666.33	28.320
666.65	28.308
666.98	28.258
667.30	28.172
667.62	28.152
667.94	28.067
668.27	28.054
668.59	27.978
668.91	27.920
669.23	27.901
669.56	27.925
669.88	27.826
670.20	27.787
670.52	27.720
670.85	27.743
671.17	27.736
671.49	27.723
671.81	27.662
672.13	27.656
672.46	27.702
672.78	27.637
673.10	27.561
673.42	27.612
673.74	27.623
674.07	27.594
674.39	27.526
674.71	27.503
675.03	27.496
675.35	27.503
675.67	27.462
676.00	27.449
676.32	27.433
676.64	27.383
676.96	27.308
677.28	27.227
677.60	27.253
677.92	27.220
678.25	27.161
678.57	27.140
678.89	27.107
679.21	27.102
679.53	27.120
679.85	27.108
680.17	27.119
680.49	27.100
680.81	27.121
681.13	27.119
681.46	27.178
681.78	27.265
682.10	27.284
682.42	27.294
682.74	27.356
683.06	27.242
683.38	27.293
683.70	27.324
684.02	27.294
684.34	27.261
684.66	27.261
684.98	27.179
685.30	27.170
685.62	27.126
685.94	27.123
686.26	26.997
686.58	27.041
686.90	27.025
687.22	27.032
687.54	27.101
687.86	27.112
688.18	27.071
688.50	27.114
688.82	27.057
689.14	27.021
689.46	26.993
689.78	26.961
690.10	26.938
690.42	26.828
690.74	26.762
691.06	26.659
691.38	26.640
691.70	26.570
692.02	26.522
692.34	26.510
692.66	26.493
692.98	26.473
693.30	26.561
693.62	26.512
693.94	26.490
694.26	26.449
694.57	26.458
694.89	26.398
695.21	26.490
695.53	26.452
695.85	26.409
696.17	26.447
696.49	26.463
696.81	26.435
697.13	26.395
697.44	26.389
697.76	26.423
698.08	26.421
698.40	26.460
698.72	26.334
699.04	26.247
699.36	26.163
699.67	26.086
699.99	25.973
700.31	25.847
700.63	25.815
700.95	25.828
701.27	25.686
701.58	25.594
701.90	25.449
702.22	25.445
702.54	25.402
702.86	25.405
703.17	25.296
703.49	25.214
703.81	25.229
704.13	25.250
704.45	25.214
704.76	25.134
705.08	25.097
705.40	25.031
705.72	24.980
706.03	24.981
706.35	24.958
706.67	25.014
706.99	24.990
707.30	24.910
707.62	24.816
707.94	24.746
708.26	24.731
708.57	24.755
708.89	24.887
709.21	24.880
709.53	24.858
709.84	24.907
710.16	24.875
710.48	24.954
710.79	25.011
711.11	25.020
711.43	24.999
711.74	25.005
712.06	25.023
712.38	24.866
712.69	24.826
713.01	24.960
713.33	24.831
713.64	24.782
713.96	24.769
714.28	24.894
714.59	24.968
714.91	25.041
715.23	25.191
715.54	25.160
715.86	25.263
716.17	25.400
716.49	25.342
716.81	25.403
717.12	25.399
717.44	25.334
717.76	25.174
718.07	25.146
718.39	25.028
718.70	24.869
719.02	24.784
719.33	24.750
719.65	24.605
719.97	24.512
720.28	24.515
720.60	24.576
720.91	24.656
721.23	24.637
721.54	24.628
721.86	24.794
722.17	24.749
722.49	24.803
722.81	24.723
723.12	24.711
723.44	24.654
723.75	24.661
724.07	24.704
724.38	24.580
724.70	24.564
725.01	24.552
725.33	24.583
725.64	24.686
725.96	24.639
726.27	24.620
726.59	24.651
726.90	24.724
727.22	24.683
727.53	24.603
727.84	24.632
728.16	24.562
728.47	24.478
728.79	24.355
729.10	24.233
729.42	24.276
729.73	24.238
730.05	24.192
730.36	24.062
730.67	24.017
730.99	23.922
731.30	23.809
731.62	23.689
731.93	23.668
732.24	23.540
732.56	23.462
732.87	23.169
733.19	23.156
733.50	23.102
733.81	23.090
734.13	23.029
734.44	23.000
734.76	23.019
735.07	23.025
735.38	22.831
735.70	22.706
736.01	22.668
736.32	22.866
736.64	22.865
736.95	22.705
737.26	22.715
737.58	22.653
737.89	22.637
738.20	22.443
738.52	22.384
738.83	22.346
739.14	22.434
739.45	22.318
739.77	22.145
740.08	21.951
740.39	21.909
740.71	21.828
741.02	21.795
741.33	21.810
741.64	21.768
741.96	21.654
742.27	21.700
742.58	21.413
742.90	21.441
743.21	21.373
743.52	21.281
743.83	21.416
744.14	21.427
744.46	21.208
744.77	21.076
745.08	21.180
745.39	21.284
745.71	21.158
746.02	21.306
746.33	21.177
746.64	21.194
746.95	21.300
747.27	21.133
747.58	21.047
747.89	21.208
748.20	21.076
748.51	20.972
748.82	21.018
749.14	21.009
749.45	20.976
749.76	21.026
750.07	20.940
750.38	20.927
750.69	21.007
751.01	20.998
751.32	20.910
751.63	20.907
751.94	20.856
752.25	20.697
752.56	20.849
752.87	20.874
753.18	20.874
753.49	20.947
753.81	20.977
754.12	20.909
754.43	20.969
754.74	21.091
755.05	21.226
755.36	21.435
755.67	21.581
755.98	21.663
756.29	21.872
756.60	22.164
756.91	22.491
757.22	22.711
757.53	22.931
757.84	23.211
758.15	23.497
758.46	23.750
758.77	23.960
759.09	24.201
759.40	24.429
759.71	24.628
760.02	24.642
760.33	24.633
760.64	24.641
760.95	24.647
761.26	24.631
761.57	24.593
761.88	24.491
762.18	24.433
762.49	24.307
762.80	24.190
763.11	24.012
763.42	23.912
763.73	23.818
764.04	23.554
764.35	23.322
764.66	22.980
764.97	22.738
765.28	22.567
765.59	22.374
765.90	22.227
766.21	22.005
766.52	21.718
766.83	21.475
767.14	21.198
767.44	21.247
767.75	21.266
768.06	21.200
768.37	20.993
768.68	20.966
768.99	20.819
769.30	20.384
769.61	19.867
769.91	19.622
770.22	19.638
770.53	19.422
770.84	19.305
771.15	19.210
771.46	19.134
771.77	18.855
772.07	18.579
772.38	18.333
772.69	18.427
773.00	18.518
773.31	18.808
773.61	18.484
773.92	18.730
774.23	18.545
774.54	18.599
774.85	18.871
775.15	18.991
775.46	18.960
775.77	19.054
776.08	19.059
776.39	19.136
776.69	18.900
777.00	19.225
777.31	19.003
777.62	19.111
777.92	18.817
778.23	18.494
778.54	18.447
778.85	18.599
779.15	18.707
779.46	18.770
779.77	18.663
780.07	18.759
780.38	18.304
780.69	18.375
781.00	18.281
781.30	18.341
781.61	18.506
781.92	18.676
782.22	18.728
782.53	18.672
782.84	18.779
783.14	19.329
783.45	19.326
783.76	20.054
784.06	19.948
784.37	20.143
784.68	20.082
784.98	20.080
785.29	20.308
785.60	20.505
785.90	20.835
786.21	20.908
786.51	20.720
786.82	20.639
787.13	20.585
787.43	20.625
787.74	20.823
788.04	21.066
788.35	21.191
788.66	20.993
788.96	20.789
789.27	20.957
789.57	20.854
789.88	21.036
790.19	21.283
790.49	21.135
790.80	21.518
791.10	21.156
791.41	21.235
791.71	21.289
792.02	21.475
792.32	21.622
792.63	21.147
792.93	21.235
793.24	20.838
793.54	20.622
793.85	20.868
794.15	20.344
794.46	20.481
794.76	20.188
795.07	19.974
795.37	19.961
795.68	19.799
795.98	19.866
796.29	19.754
796.59	19.935
796.90	19.989
797.20	19.893
797.51	20.379
797.81	20.313
798.12	20.610
798.42	20.690
798.72	20.621
799.03	20.587
799.33	20.435
799.64	20.444
799.94	20.271
800.25	20.302
800.55	20.104
800.85	19.763
801.16	19.786
801.46	19.754
801.77	19.544
802.07	19.418
802.37	19.353
802.68	19.323
802.98	19.346
803.28	19.816
803.59	19.738
803.89	19.746
804.20	19.842
804.50	20.002
804.80	19.791
805.11	20.146
805.41	20.209
805.71	20.401
806.02	20.565
806.32	21.010
806.62	20.463
806.93	20.409
807.23	20.658
807.53	20.548
807.83	20.609
808.14	20.762
808.44	20.706
808.74	21.105
809.05	21.751
809.35	22.000
809.65	21.886
809.95	22.162
810.26	22.670
810.56	22.599
810.86	22.939
811.16	22.834
811.47	23.068
811.77	23.196
812.07	23.024
812.37	22.135
812.68	21.784
812.98	22.025
813.28	22.272
813.58	21.939
813.88	21.972
814.19	22.078
814.49	22.182
814.79	22.186
815.09	22.076
815.39	22.193
815.70	22.873
816.00	23.178
816.30	22.928
816.60	23.266
816.90	23.686
817.20	23.877
817.50	23.968
817.81	23.915
818.11	24.017
818.41	24.259
818.71	24.172
819.01	24.196
819.31	24.194
819.61	24.331
819.92	24.273
820.22	24.263
820.52	24.278
820.82	24.295
821.12	24.318
821.42	24.288
821.72	24.227
822.02	24.199
822.32	24.147
822.62	24.105
822.92	23.994
823.22	23.901
823.52	23.836
823.83	23.697
824.13	23.646
824.43	23.574
824.73	23.514
825.03	23.537
825.33	23.564
825.63	23.536
825.93	23.515
826.23	23.623
826.53	23.668
826.83	23.646
827.13	23.644
827.43	23.498
827.73	23.609
828.03	23.611
828.33	23.295
828.63	23.309
828.93	23.217
829.23	23.184
829.53	22.862
829.83	23.007
830.13	22.808
830.42	22.782
830.72	22.813
831.02	22.684
831.32	22.780
831.62	22.881
831.92	22.684
832.22	22.882
832.52	22.799
832.82	22.906
833.12	22.740
833.42	22.784
833.72	22.997
834.01	22.998
834.31	23.047
834.61	23.033
834.91	23.514
835.21	23.610
835.51	23.239
835.81	23.439
836.11	23.225
836.40	23.115
836.70	23.212
837.00	23.214
837.30	23.272
837.60	23.077
837.90	23.047
838.19	22.192
838.49	22.484
838.79	22.628
839.09	22.327
839.39	22.111
839.68	21.865
839.98	21.981
840.28	21.365
840.58	20.850
840.88	20.133
841.17	19.484
841.47	19.477
841.77	18.655
842.07	18.091
842.36	18.102
842.66	17.638
842.96	18.343
843.26	16.925
843.55	16.434
843.85	16.757
844.15	17.258
844.45	17.742
844.74	16.943
845.04	16.561
845.34	17.458
845.63	16.363
845.93	17.860
846.23	17.217
846.53	17.770
846.82	17.804
847.12	16.775
847.42	15.642
847.71	14.529
848.01	14.866
848.31	14.801
848.60	13.218
848.90	12.502
849.19	12.164
849.49	12.289
849.79	12.262
850.08	14.147
850.38	15.517
850.68	17.115
850.97	17.685
851.27	17.902
851.56	17.570
851.86	18.700
852.16	20.136
852.45	20.165
852.75	19.428
853.04	20.069
853.34	18.754
853.64	16.732
853.93	15.815
854.23	17.042
854.52	15.685
854.82	16.505
855.11	16.335
855.41	16.150
855.70	16.867
856.00	17.951
856.30	18.009
856.59	16.731
856.89	18.878
857.18	19.362
857.48	17.722
857.77	16.521
858.07	17.301
858.36	17.369
858.66	18.204
858.95	17.444
859.25	15.961
859.54	15.524
859.84	15.795
860.13	15.208
860.42	15.271
860.72	15.587
861.01	18.797
861.31	18.352
861.60	19.886
861.90	18.626
862.19	16.697
862.49	17.686
862.78	18.274
863.07	19.424
863.37	18.077
863.66	17.107
863.96	18.097
864.25	17.775
864.54	17.679
864.84	15.487
865.13	15.470
865.43	15.498
865.72	27.098
866.01	18.154
866.31	8.291
866.60	9.066
866.89	0.983
