180.30	0.000
180.67	0.000
181.03	305.966
181.40	-39.398
181.77	6057.467
182.14	97.223
182.51	120.046
182.88	-4184.004
183.25	279.589
183.62	11.952
183.99	47.040
184.36	-102.416
184.73	1.151
185.10	45.468
185.46	52.860
185.83	24.229
186.20	156.791
186.57	-94.513
186.94	79.543
187.31	-29.836
187.68	-80.486
188.05	-20.432
188.42	-2.543
188.78	-6.064
189.15	11.275
189.52	-2.799
189.89	-0.809
190.26	-26.106
190.63	-6.117
191.00	-13.150
191.37	-4.467
191.73	-1.362
192.10	13.634
192.47	9.955
192.84	6.830
193.21	-0.700
193.58	4.728
193.94	0.842
194.31	-8.192
194.68	-6.262
195.05	-6.839
195.42	-13.502
195.79	-21.446
196.15	-19.930
196.52	-10.732
196.89	-19.013
197.26	-6.913
197.63	-26.015
198.00	-25.175
198.36	-17.565
198.73	-16.038
199.10	-13.302
199.47	-7.021
199.84	-12.090
200.20	2.841
200.57	-18.114
200.94	2.110
201.31	-7.081
201.68	30.910
202.04	39.046
202.41	45.596
202.78	42.181
203.15	36.865
203.51	20.638
203.88	22.309
204.25	0.616
204.62	15.104
204.98	4.397
205.35	8.622
205.72	-9.301
206.09	-5.731
206.46	-3.314
206.82	4.522
207.19	15.660
207.56	19.030
207.92	23.164
208.29	30.650
208.66	23.894
209.03	31.698
209.39	26.763
209.76	30.493
210.13	24.248
210.50	20.211
210.86	15.523
211.23	11.679
211.60	17.928
211.96	28.092
212.33	23.795
212.70	34.261
213.07	22.028
213.43	18.461
213.80	14.162
214.17	10.629
214.53	10.996
214.90	12.176
215.27	6.297
215.63	5.446
216.00	-12.324
216.37	-9.143
216.74	-21.006
217.10	-13.162
217.47	-11.928
217.84	-0.106
218.20	15.600
218.57	23.138
218.94	26.129
219.30	34.169
219.67	32.480
220.04	33.291
220.40	38.810
220.77	34.156
221.13	30.521
221.50	26.292
221.87	25.112
222.23	27.356
222.60	17.705
222.97	9.538
223.33	3.883
223.70	5.246
224.07	9.310
224.43	6.452
224.80	8.574
225.16	8.845
225.53	8.967
225.90	4.606
226.26	0.906
226.63	0.657
226.99	1.797
227.36	2.960
227.73	2.436
228.09	-0.722
228.46	-0.028
228.82	0.183
229.19	-0.028
229.56	-2.193
229.92	-0.334
230.29	0.812
230.65	0.807
231.02	0.924
231.38	1.145
231.75	2.244
232.12	4.240
232.48	5.703
232.85	5.936
233.21	7.326
233.58	10.138
233.94	11.344
234.31	9.776
234.68	9.103
235.04	9.306
235.41	9.148
235.77	7.211
236.14	6.622
236.50	3.683
236.87	2.859
237.23	0.790
237.60	0.463
237.96	-0.829
238.33	1.044
238.69	2.110
239.06	1.576
239.42	1.541
239.79	1.718
240.15	2.432
240.52	3.180
240.88	3.222
241.25	4.169
241.61	4.017
241.98	4.551
242.34	3.601
242.71	3.591
243.07	4.076
243.44	4.094
243.80	4.331
244.17	3.934
244.53	3.919
244.90	3.833
245.26	3.712
245.63	3.711
245.99	3.572
246.36	3.989
246.72	3.625
247.09	3.517
247.45	3.355
247.81	3.230
248.18	3.334
248.54	3.025
248.91	3.243
249.27	3.863
249.64	4.140
250.00	4.375
250.36	4.417
250.73	4.662
251.09	4.706
251.46	4.832
251.82	5.039
252.19	5.264
252.55	5.349
252.91	4.893
253.28	4.037
253.64	3.715
254.01	3.452
254.37	2.964
254.73	3.077
255.10	3.307
255.46	3.185
255.83	2.933
256.19	2.789
256.55	2.940
256.92	2.982
257.28	3.083
257.65	3.344
258.01	3.375
258.37	3.315
258.74	3.206
259.10	3.006
259.46	3.184
259.83	3.219
260.19	3.168
260.55	3.132
260.92	3.400
261.28	3.156
261.64	2.881
262.01	2.610
262.37	2.419
262.73	2.189
263.10	2.386
263.46	2.521
263.82	2.559
264.19	2.444
264.55	2.762
264.91	2.583
265.28	3.045
265.64	2.943
266.00	2.928
266.37	3.102
266.73	3.629
267.09	3.578
267.46	3.495
267.82	3.543
268.18	3.962
268.54	3.527
268.91	3.611
269.27	3.307
269.63	3.276
270.00	3.420
270.36	3.407
270.72	3.308
271.08	2.970
271.45	2.720
271.81	2.910
272.17	2.843
272.53	2.908
272.90	2.752
273.26	2.863
273.62	2.691
273.98	2.701
274.35	2.624
274.71	2.695
275.07	3.059
275.43	3.286
275.80	3.207
276.16	3.419
276.52	3.411
276.88	3.542
277.25	3.430
277.61	3.750
277.97	3.553
278.33	3.469
278.69	3.086
279.06	3.194
279.42	2.989
279.78	2.736
280.14	2.216
280.50	2.303
280.87	2.340
281.23	2.595
281.59	2.559
281.95	2.612
282.31	2.959
282.68	3.209
283.04	3.152
283.40	3.215
283.76	3.183
284.12	3.401
284.48	3.328
284.85	3.177
285.21	3.013
285.57	3.173
285.93	3.215
286.29	2.978
286.65	3.016
287.02	2.841
287.38	2.915
287.74	3.087
288.10	3.005
288.46	2.994
288.82	2.954
289.18	2.901
289.54	2.701
289.91	2.793
290.27	2.862
290.63	2.734
290.99	2.761
291.35	2.835
291.71	3.153
292.07	3.242
292.43	3.376
292.79	3.707
293.16	3.770
293.52	3.873
293.88	3.810
294.24	3.870
294.60	3.923
294.96	4.117
295.32	4.098
295.68	3.693
296.04	3.697
296.40	3.623
296.76	3.564
297.12	3.609
297.49	3.641
297.85	3.836
298.21	3.887
298.57	3.924
298.93	3.811
299.29	3.844
299.65	3.826
300.01	3.863
300.37	3.837
300.73	3.989
301.09	4.038
301.45	4.003
301.81	3.850
302.17	3.833
302.53	3.828
302.89	3.884
303.25	3.744
303.61	3.977
303.97	3.882
304.33	3.925
304.69	3.757
305.05	3.749
305.41	3.605
305.77	3.699
306.13	3.632
306.49	3.755
306.85	3.751
307.21	3.853
307.57	3.879
307.93	3.899
308.29	3.939
308.65	3.694
309.01	3.637
309.37	3.693
309.73	3.591
310.09	3.584
310.45	3.575
310.81	3.494
311.17	3.324
311.53	3.283
311.89	3.464
312.25	3.539
312.61	3.801
312.96	3.942
313.32	4.144
313.68	4.227
314.04	4.286
314.40	4.226
314.76	4.255
315.12	4.426
315.48	4.447
315.84	4.231
316.20	4.178
316.56	4.098
316.92	3.953
317.27	3.743
317.63	3.652
317.99	3.719
318.35	3.619
318.71	3.661
319.07	3.551
319.43	3.557
319.79	3.578
320.15	3.529
320.50	3.419
320.86	3.527
321.22	3.679
321.58	3.794
321.94	3.697
322.30	3.613
322.66	3.665
323.01	3.850
323.37	3.853
323.73	3.965
324.09	4.010
324.45	4.169
324.81	4.118
325.17	4.098
325.52	4.102
325.88	4.147
326.24	4.370
326.60	4.494
326.96	4.554
327.31	4.504
327.67	4.375
328.03	4.337
328.39	4.305
328.75	4.375
329.11	4.529
329.46	4.548
329.82	4.583
330.18	4.533
330.54	4.500
330.90	4.458
331.25	4.407
331.61	4.411
331.97	4.412
332.33	4.528
332.68	4.375
333.04	4.182
333.40	4.199
333.76	4.213
334.11	4.141
334.47	4.004
334.83	3.843
335.19	4.003
335.54	4.103
335.90	4.209
336.26	4.081
336.62	4.253
336.97	4.235
337.33	4.206
337.69	4.188
338.05	4.239
338.40	4.235
338.76	4.297
339.12	4.191
339.48	4.205
339.83	4.104
340.19	4.120
340.55	4.044
340.90	4.121
341.26	4.056
341.62	4.015
341.97	4.069
342.33	4.216
342.69	4.205
343.04	4.205
343.40	4.114
343.76	4.150
344.12	4.230
344.47	4.310
344.83	4.222
345.19	4.177
345.54	4.222
345.90	4.240
346.26	4.125
346.61	4.214
346.97	4.212
347.32	4.276
347.68	4.247
348.04	4.234
348.39	4.113
348.75	4.295
349.11	4.352
349.46	4.322
349.82	4.204
350.18	4.273
350.53	4.109
350.89	4.135
351.24	4.099
351.60	4.100
351.96	4.083
352.31	4.175
352.67	3.987
353.02	4.054
353.38	4.029
353.74	4.004
354.09	3.958
354.45	4.070
354.80	4.030
355.16	4.011
355.52	3.995
355.87	3.970
356.23	3.948
356.58	4.062
356.94	3.991
357.29	3.983
357.65	4.010
358.00	3.998
358.36	3.994
358.72	4.058
359.07	4.054
359.43	4.059
359.78	4.056
360.14	4.014
360.49	3.960
360.85	3.954
361.20	3.971
361.56	4.018
361.91	3.975
362.27	3.953
362.62	3.867
362.98	3.877
363.33	3.889
363.69	3.877
364.04	3.849
364.40	3.861
364.75	3.825
365.11	3.880
365.46	3.885
365.82	3.892
366.17	3.862
366.53	3.961
366.88	3.942
367.24	4.000
367.59	3.989
367.95	4.028
368.30	4.002
368.66	4.052
369.01	4.013
369.37	3.988
369.72	4.031
370.08	4.077
370.43	4.059
370.78	4.069
371.14	4.004
371.49	4.078
371.85	4.082
372.20	4.112
372.56	4.158
372.91	4.168
373.26	4.197
373.62	4.189
373.97	4.217
374.33	4.203
374.68	4.183
375.03	4.281
375.39	4.218
375.74	4.232
376.10	4.252
376.45	4.251
376.80	4.245
377.16	4.227
377.51	4.251
377.87	4.197
378.22	4.181
378.57	4.273
378.93	4.235
379.28	4.314
379.63	4.316
379.99	4.321
380.34	4.319
380.70	4.359
381.05	4.444
381.40	4.453
381.76	4.486
382.11	4.538
382.46	4.467
382.82	4.487
383.17	4.494
383.52	4.505
383.88	4.493
384.23	4.475
384.58	4.449
384.94	4.410
385.29	4.427
385.64	4.449
385.99	4.482
386.35	4.576
386.70	4.591
387.05	4.578
387.41	4.608
387.76	4.637
388.11	4.622
388.47	4.689
388.82	4.690
389.17	4.689
389.52	4.691
389.88	4.690
390.23	4.693
390.58	4.679
390.93	4.699
391.29	4.720
391.64	4.742
391.99	4.800
392.34	4.780
392.70	4.819
393.05	4.825
393.40	4.871
393.75	4.872
394.11	4.892
394.46	4.893
394.81	4.881
395.16	4.835
395.52	4.858
395.87	4.845
396.22	4.834
396.57	4.788
396.92	4.797
397.28	4.799
397.63	4.775
397.98	4.776
398.33	4.806
398.68	4.828
399.04	4.882
399.39	4.873
399.74	4.903
400.09	4.922
400.44	4.938
400.80	4.946
401.15	4.981
401.50	5.043
401.85	5.059
402.20	5.080
402.55	5.098
402.90	5.096
403.26	5.081
403.61	5.115
403.96	5.156
404.31	5.216
404.66	5.246
405.01	5.255
405.36	5.257
405.72	5.278
406.07	5.314
406.42	5.354
406.77	5.397
407.12	5.425
407.47	5.440
407.82	5.439
408.17	5.434
408.53	5.453
408.88	5.485
409.23	5.521
409.58	5.519
409.93	5.511
410.28	5.532
410.63	5.550
410.98	5.627
411.33	5.634
411.68	5.667
412.03	5.742
412.38	5.793
412.73	5.793
413.09	5.800
413.44	5.843
413.79	5.894
414.14	5.902
414.49	5.945
414.84	5.953
415.19	6.010
415.54	6.048
415.89	6.071
416.24	6.103
416.59	6.135
416.94	6.166
417.29	6.180
417.64	6.192
417.99	6.238
418.34	6.256
418.69	6.285
419.04	6.301
419.39	6.331
419.74	6.341
420.09	6.366
420.44	6.397
420.79	6.423
421.14	6.448
421.49	6.473
421.84	6.502
422.19	6.511
422.54	6.535
422.89	6.552
423.24	6.575
423.59	6.607
423.94	6.618
424.29	6.628
424.64	6.644
424.99	6.696
425.34	6.739
425.68	6.749
426.03	6.798
426.38	6.808
426.73	6.839
427.08	6.876
427.43	6.893
427.78	6.923
428.13	6.949
428.48	7.002
428.83	7.020
429.18	7.042
429.53	7.067
429.87	7.080
430.22	7.109
430.57	7.157
430.92	7.167
431.27	7.200
431.62	7.220
431.97	7.260
432.32	7.288
432.67	7.308
433.01	7.340
433.36	7.391
433.71	7.446
434.06	7.480
434.41	7.500
434.76	7.546
435.11	7.577
435.45	7.642
435.80	7.660
436.15	7.664
436.50	7.698
436.85	7.716
437.20	7.720
437.54	7.755
437.89	7.792
438.24	7.828
438.59	7.847
438.94	7.873
439.29	7.879
439.63	7.928
439.98	7.969
440.33	7.986
440.68	8.012
441.03	8.053
441.37	8.065
441.72	8.106
442.07	8.115
442.42	8.155
442.76	8.187
443.11	8.223
443.46	8.226
443.81	8.258
444.16	8.294
444.50	8.318
444.85	8.346
445.20	8.371
445.55	8.376
445.89	8.403
446.24	8.396
446.59	8.416
446.94	8.433
447.28	8.466
447.63	8.481
447.98	8.497
448.32	8.529
448.67	8.535
449.02	8.559
449.37	8.610
449.71	8.629
450.06	8.665
450.41	8.692
450.75	8.720
451.10	8.741
451.45	8.783
451.79	8.791
452.14	8.816
452.49	8.864
452.84	8.880
453.18	8.878
453.53	8.934
453.88	8.978
454.22	8.997
454.57	9.034
454.92	9.082
455.26	9.104
455.61	9.156
455.95	9.177
456.30	9.207
456.65	9.226
456.99	9.269
457.34	9.286
457.69	9.319
458.03	9.351
458.38	9.365
458.73	9.376
459.07	9.401
459.42	9.417
459.76	9.430
460.11	9.436
460.46	9.463
460.80	9.495
461.15	9.505
461.49	9.506
461.84	9.529
462.19	9.561
462.53	9.609
462.88	9.633
463.22	9.661
463.57	9.714
463.91	9.747
464.26	9.790
464.61	9.799
464.95	9.829
465.30	9.851
465.64	9.856
465.99	9.879
466.33	9.872
466.68	9.876
467.02	9.897
467.37	9.902
467.71	9.918
468.06	9.943
468.41	9.966
468.75	10.007
469.10	10.023
469.44	10.050
469.79	10.073
470.13	10.131
470.48	10.154
470.82	10.164
471.17	10.172
471.51	10.188
471.86	10.196
472.20	10.186
472.55	10.195
472.89	10.226
473.23	10.246
473.58	10.255
473.92	10.259
474.27	10.267
474.61	10.287
474.96	10.334
475.30	10.336
475.65	10.349
475.99	10.385
476.34	10.401
476.68	10.419
477.02	10.441
477.37	10.457
477.71	10.458
478.06	10.501
478.40	10.590
478.75	10.695
479.09	10.821
479.43	10.963
479.78	11.104
480.12	11.274
480.47	11.457
480.81	11.652
481.15	11.853
481.50	12.052
481.84	12.287
482.19	12.522
482.53	12.705
482.87	12.795
483.22	12.780
483.56	12.675
483.90	12.487
484.25	12.246
484.59	12.013
484.94	11.844
485.28	11.684
485.62	11.469
485.97	11.224
486.31	11.030
486.65	10.930
487.00	10.902
487.34	10.970
487.68	11.088
488.03	11.241
488.37	11.368
488.71	11.394
489.06	11.401
489.40	11.402
489.74	11.401
490.09	11.378
490.43	11.345
490.77	11.334
491.11	11.326
491.46	11.318
491.80	11.314
492.14	11.306
492.49	11.301
492.83	11.290
493.17	11.270
493.51	11.255
493.86	11.272
494.20	11.302
494.54	11.308
494.88	11.321
495.23	11.354
495.57	11.373
495.91	11.389
496.25	11.395
496.60	11.394
496.94	11.404
497.28	11.425
497.62	11.433
497.97	11.448
498.31	11.494
498.65	11.475
498.99	11.493
499.33	11.527
499.68	11.548
500.02	11.570
500.36	11.602
500.70	11.626
501.04	11.646
501.39	11.682
501.73	11.716
502.07	11.720
502.41	11.788
502.75	11.807
503.09	11.821
503.44	11.850
503.78	11.892
504.12	11.929
504.46	11.979
504.80	12.022
505.14	12.033
505.49	12.045
505.83	12.097
506.17	12.127
506.51	12.143
506.85	12.162
507.19	12.195
507.53	12.218
507.87	12.252
508.22	12.286
508.56	12.306
508.90	12.345
509.24	12.364
509.58	12.384
509.92	12.395
510.26	12.418
510.60	12.458
510.94	12.485
511.28	12.516
511.63	12.552
511.97	12.559
512.31	12.579
512.65	12.593
512.99	12.633
513.33	12.662
513.67	12.733
514.01	12.770
514.35	12.802
514.69	12.833
515.03	12.886
515.37	12.895
515.71	12.945
516.05	12.981
516.39	13.019
516.73	13.031
517.07	13.043
517.41	13.037
517.75	13.053
518.09	13.063
518.43	13.081
518.77	13.071
519.11	13.109
519.45	13.121
519.79	13.128
520.13	13.138
520.47	13.186
520.81	13.235
521.15	13.276
521.49	13.327
521.83	13.363
522.17	13.406
522.51	13.468
522.85	13.525
523.19	13.623
523.53	13.760
523.87	13.892
524.21	14.014
524.55	14.130
524.89	14.224
525.23	14.332
525.57	14.425
525.91	14.503
526.25	14.583
526.58	14.648
526.92	14.690
527.26	14.700
527.60	14.701
527.94	14.683
528.28	14.668
528.62	14.655
528.96	14.626
529.30	14.611
529.64	14.574
529.97	14.529
530.31	14.496
530.65	14.458
530.99	14.457
531.33	14.470
531.67	14.490
532.01	14.515
532.35	14.527
532.68	14.532
533.02	14.528
533.36	14.551
533.70	14.562
534.04	14.564
534.38	14.585
534.71	14.595
535.05	14.603
535.39	14.610
535.73	14.623
536.07	14.676
536.41	14.734
536.74	14.804
537.08	14.872
537.42	14.962
537.76	15.032
538.10	15.119
538.43	15.176
538.77	15.220
539.11	15.283
539.45	15.343
539.79	15.367
540.12	15.400
540.46	15.395
540.80	15.395
541.14	15.376
541.47	15.380
541.81	15.356
542.15	15.357
542.49	15.350
542.82	15.345
543.16	15.311
543.50	15.310
543.84	15.312
544.17	15.341
544.51	15.358
544.85	15.387
545.18	15.406
545.52	15.419
545.86	15.420
546.20	15.439
546.53	15.430
546.87	15.449
547.21	15.469
547.54	15.483
547.88	15.509
548.22	15.526
548.55	15.561
548.89	15.591
549.23	15.619
549.56	15.647
549.90	15.707
550.24	15.755
550.57	15.786
550.91	15.783
551.25	15.796
551.58	15.824
551.92	15.858
552.26	15.875
552.59	15.876
552.93	15.928
553.27	15.972
553.60	15.960
553.94	15.996
554.27	16.044
554.61	16.091
554.95	16.128
555.28	16.156
555.62	16.196
555.95	16.231
556.29	16.285
556.63	16.304
556.96	16.318
557.30	16.363
557.63	16.374
557.97	16.384
558.31	16.438
558.64	16.483
558.98	16.525
559.31	16.555
559.65	16.591
559.98	16.610
560.32	16.630
560.65	16.676
560.99	16.714
561.33	16.780
561.66	16.839
562.00	16.865
562.33	16.888
562.67	16.900
563.00	16.931
563.34	16.971
563.67	16.995
564.01	17.016
564.34	17.022
564.68	17.065
565.01	17.053
565.35	17.055
565.68	17.081
566.02	17.114
566.35	17.164
566.69	17.194
567.02	17.202
567.36	17.240
567.69	17.297
568.03	17.328
568.36	17.348
568.69	17.385
569.03	17.435
569.36	17.479
569.70	17.495
570.03	17.531
570.37	17.576
570.70	17.625
571.04	17.658
571.37	17.664
571.70	17.709
572.04	17.749
572.37	17.805
572.71	17.834
573.04	17.857
573.37	17.905
573.71	17.904
574.04	17.918
574.38	17.938
574.71	17.983
575.04	18.034
575.38	18.077
575.71	18.092
576.05	18.107
576.38	18.121
576.71	18.145
577.05	18.186
577.38	18.244
577.71	18.286
578.05	18.319
578.38	18.321
578.71	18.355
579.05	18.350
579.38	18.386
579.71	18.413
580.05	18.444
580.38	18.466
580.71	18.477
581.05	18.480
581.38	18.495
581.71	18.507
582.05	18.539
582.38	18.583
582.71	18.646
583.04	18.667
583.38	18.720
583.71	18.761
584.04	18.827
584.38	18.849
584.71	18.888
585.04	18.938
585.37	18.968
585.71	19.019
586.04	19.015
586.37	19.037
586.70	19.074
587.04	19.071
587.37	19.102
587.70	19.107
588.03	19.154
588.37	19.172
588.70	19.190
589.03	19.209
589.36	19.223
589.69	19.233
590.03	19.238
590.36	19.268
590.69	19.329
591.02	19.310
591.35	19.346
591.69	19.339
592.02	19.368
592.35	19.358
592.68	19.393
593.01	19.419
593.35	19.455
593.68	19.522
594.01	19.540
594.34	19.555
594.67	19.598
595.00	19.596
595.34	19.612
595.67	19.636
596.00	19.679
596.33	19.690
596.66	19.707
596.99	19.772
597.32	19.772
597.65	19.799
597.99	19.823
598.32	19.831
598.65	19.873
598.98	19.912
599.31	19.942
599.64	19.970
599.97	20.025
600.30	20.050
600.63	20.036
600.96	20.059
601.30	20.064
601.63	20.106
601.96	20.151
602.29	20.157
602.62	20.205
602.95	20.201
603.28	20.229
603.61	20.248
603.94	20.272
604.27	20.295
604.60	20.314
604.93	20.359
605.26	20.356
605.59	20.392
605.92	20.454
606.25	20.454
606.58	20.528
606.91	20.566
607.24	20.578
607.57	20.594
607.90	20.631
608.23	20.625
608.56	20.648
608.89	20.674
609.22	20.666
609.55	20.651
609.88	20.650
610.21	20.673
610.54	20.700
610.87	20.728
611.20	20.730
611.53	20.766
611.86	20.840
612.19	20.866
612.52	20.897
612.85	20.927
613.18	20.953
613.51	21.000
613.84	21.012
614.17	21.021
614.49	21.087
614.82	21.148
615.15	21.169
615.48	21.180
615.81	21.203
616.14	21.236
616.47	21.265
616.80	21.298
617.13	21.313
617.46	21.303
617.78	21.326
618.11	21.343
618.44	21.352
618.77	21.370
619.10	21.385
619.43	21.441
619.76	21.483
620.09	21.523
620.41	21.595
620.74	21.665
621.07	21.738
621.40	21.745
621.73	21.770
622.06	21.853
622.38	21.913
622.71	21.952
623.04	21.968
623.37	22.032
623.70	22.088
624.02	22.073
624.35	22.102
624.68	22.126
625.01	22.199
625.34	22.242
625.66	22.282
625.99	22.337
626.32	22.395
626.65	22.444
626.98	22.434
627.30	22.470
627.63	22.535
627.96	22.583
628.29	22.617
628.61	22.661
628.94	22.685
629.27	22.674
629.60	22.709
629.92	22.718
630.25	22.737
630.58	22.748
630.91	22.753
631.23	22.790
631.56	22.784
631.89	22.868
632.21	22.881
632.54	22.918
632.87	22.999
633.19	22.986
633.52	23.027
633.85	23.056
634.18	23.087
634.50	23.127
634.83	23.171
635.16	23.249
635.48	23.246
635.81	23.259
636.14	23.302
636.46	23.295
636.79	23.396
637.11	23.431
637.44	23.432
637.77	23.490
638.09	23.488
638.42	23.457
638.75	23.493
639.07	23.463
639.40	23.479
639.73	23.494
640.05	23.565
640.38	23.522
640.70	23.520
641.03	23.564
641.36	23.601
641.68	23.680
642.01	23.767
642.33	23.780
642.66	23.890
642.98	23.946
643.31	23.969
643.64	23.954
643.96	23.970
644.29	24.045
644.61	24.137
644.94	24.125
645.26	24.120
645.59	24.173
645.91	24.197
646.24	24.229
646.56	24.288
646.89	24.297
647.22	24.362
647.54	24.410
647.87	24.429
648.19	24.428
648.52	24.510
648.84	24.553
649.17	24.574
649.49	24.649
649.82	24.672
650.14	24.695
650.47	24.741
650.79	24.725
651.11	24.727
651.44	24.784
651.76	24.823
652.09	24.826
652.41	24.914
652.74	24.928
653.06	24.907
653.39	24.957
653.71	25.000
654.04	25.057
654.36	25.103
654.68	25.128
655.01	25.128
655.33	25.113
655.66	25.159
655.98	25.138
656.30	25.156
656.63	25.192
656.95	25.111
657.28	25.125
657.60	25.154
657.92	25.143
658.25	25.168
658.57	25.176
658.90	25.169
659.22	25.169
659.54	25.216
659.87	25.193
660.19	25.158
660.51	25.271
660.84	25.274
661.16	25.215
661.48	25.279
661.81	25.294
662.13	25.300
662.45	25.344
662.78	25.342
663.10	25.354
663.42	25.440
663.75	25.518
664.07	25.547
664.39	25.600
664.72	25.610
665.04	25.570
665.36	25.613
665.69	25.664
666.01	25.694
666.33	25.746
666.65	25.723
666.98	25.737
667.30	25.727
667.62	25.653
667.94	25.650
668.27	25.750
668.59	25.875
668.91	25.861
669.23	25.917
669.56	25.954
669.88	25.960
670.20	25.973
670.52	25.896
670.85	25.974
671.17	26.042
671.49	26.025
671.81	26.048
672.13	26.008
672.46	26.113
672.78	26.058
673.10	26.049
673.42	26.135
673.74	26.206
674.07	26.268
674.39	26.245
674.71	26.263
675.03	26.380
675.35	26.394
675.67	26.398
676.00	26.388
676.32	26.424
676.64	26.457
676.96	26.412
677.28	26.447
677.60	26.458
677.92	26.462
678.25	26.444
678.57	26.438
678.89	26.407
679.21	26.430
679.53	26.519
679.85	26.562
680.17	26.674
680.49	26.678
680.81	26.671
681.13	26.709
681.46	26.766
681.78	26.879
682.10	26.869
682.42	26.911
682.74	26.916
683.06	26.836
683.38	26.860
683.70	26.823
684.02	26.824
684.34	26.809
684.66	26.909
684.98	26.910
685.30	26.949
685.62	26.937
685.94	26.925
686.26	26.928
686.58	26.938
686.90	26.992
687.22	26.989
687.54	27.112
687.86	27.167
688.18	27.143
688.50	27.117
688.82	27.039
689.14	27.060
689.46	27.145
689.78	27.179
690.10	27.183
690.42	27.135
690.74	27.127
691.06	27.034
691.38	26.962
691.70	26.962
692.02	27.022
692.34	27.060
692.66	27.034
692.98	26.972
693.30	27.068
693.62	27.092
693.94	27.056
694.26	27.097
694.57	27.125
694.89	27.196
695.21	27.192
695.53	27.147
695.85	27.156
696.17	27.211
696.49	27.219
696.81	27.203
697.13	27.209
697.44	27.293
697.76	27.278
698.08	27.277
698.40	27.272
698.72	27.223
699.04	27.189
699.36	27.134
699.67	27.064
699.99	26.999
700.31	26.896
700.63	26.850
700.95	26.793
701.27	26.685
701.58	26.643
701.90	26.571
702.22	26.624
702.54	26.589
702.86	26.598
703.17	26.660
703.49	26.671
703.81	26.707
704.13	26.692
704.45	26.603
704.76	26.650
705.08	26.684
705.40	26.575
705.72	26.601
706.03	26.598
706.35	26.602
706.67	26.543
706.99	26.599
707.30	26.625
707.62	26.652
707.94	26.769
708.26	26.716
708.57	26.680
708.89	26.818
709.21	26.740
709.53	26.774
709.84	26.836
710.16	26.865
710.48	26.935
710.79	26.884
711.11	26.916
711.43	26.700
711.74	26.696
712.06	26.770
712.38	26.789
712.69	26.805
713.01	26.864
713.33	26.843
713.64	26.827
713.96	26.835
714.28	27.008
714.59	27.066
714.91	27.309
715.23	27.457
715.54	27.464
715.86	27.481
716.17	27.618
716.49	27.717
716.81	27.783
717.12	27.840
717.44	27.849
717.76	27.790
718.07	27.732
718.39	27.631
718.70	27.608
719.02	27.507
719.33	27.498
719.65	27.370
719.97	27.242
720.28	27.242
720.60	27.256
720.91	27.235
721.23	27.173
721.54	27.303
721.86	27.351
722.17	27.342
722.49	27.490
722.81	27.459
723.12	27.412
723.44	27.478
723.75	27.370
724.07	27.392
724.38	27.321
724.70	27.379
725.01	27.342
725.33	27.395
725.64	27.341
725.96	27.179
726.27	27.208
726.59	27.296
726.90	27.345
727.22	27.320
727.53	27.181
727.84	27.125
728.16	27.026
728.47	26.994
728.79	26.864
729.10	26.859
729.42	26.947
729.73	27.005
730.05	27.009
730.36	26.867
730.67	26.911
730.99	26.915
731.30	26.770
731.62	26.649
731.93	26.505
732.24	26.512
732.56	26.448
732.87	26.295
733.19	26.101
733.50	26.008
733.81	25.891
734.13	25.798
734.44	25.829
734.76	26.048
735.07	26.024
735.38	25.906
735.70	25.823
736.01	25.790
736.32	25.730
736.64	25.828
736.95	25.647
737.26	25.603
737.58	25.612
737.89	25.632
738.20	25.511
738.52	25.588
738.83	25.618
739.14	25.584
739.45	25.561
739.77	25.651
740.08	25.495
740.39	25.468
740.71	25.576
741.02	25.483
741.33	25.464
741.64	25.382
741.96	25.129
742.27	25.004
742.58	24.919
742.90	24.840
743.21	24.727
743.52	24.767
743.83	24.976
744.14	24.827
744.46	24.781
744.77	24.631
745.08	24.730
745.39	24.744
745.71	24.710
746.02	24.796
746.33	24.684
746.64	24.641
746.95	24.560
747.27	24.511
747.58	24.443
747.89	24.378
748.20	24.336
748.51	24.207
748.82	24.290
749.14	24.285
749.45	24.262
749.76	24.386
750.07	24.293
750.38	24.271
750.69	24.110
751.01	24.185
751.32	24.160
751.63	24.046
751.94	23.950
752.25	23.931
752.56	23.957
752.87	23.739
753.18	23.560
753.49	23.741
753.81	23.634
754.12	23.711
754.43	23.665
754.74	23.777
755.05	23.822
755.36	24.110
755.67	24.379
755.98	24.684
756.29	25.005
756.60	25.283
756.91	25.385
757.22	25.811
757.53	25.986
757.84	26.261
758.15	26.399
758.46	26.694
758.77	26.814
759.09	27.007
759.40	27.085
759.71	27.330
760.02	27.341
760.33	27.377
760.64	27.372
760.95	27.383
761.26	27.340
761.57	27.331
761.88	27.326
762.18	27.278
762.49	27.123
762.80	26.978
763.11	26.751
763.42	26.655
763.73	26.604
764.04	26.332
764.35	26.068
764.66	25.798
764.97	25.483
765.28	25.189
765.59	24.832
765.90	24.536
766.21	24.344
766.52	24.084
766.83	23.812
767.14	23.474
767.44	23.150
767.75	23.022
768.06	22.958
768.37	23.037
768.68	22.957
768.99	22.743
769.30	22.518
769.61	22.281
769.91	22.057
770.22	22.032
770.53	21.900
770.84	22.195
771.15	22.261
771.46	21.987
771.77	21.611
772.07	21.497
772.38	21.602
772.69	21.635
773.00	21.217
773.31	21.397
773.61	21.204
773.92	21.228
774.23	20.880
774.54	20.736
774.85	20.842
775.15	20.960
775.46	20.820
775.77	20.637
776.08	20.553
776.39	20.778
776.69	20.698
777.00	20.701
777.31	20.658
777.62	20.848
777.92	20.856
778.23	21.048
778.54	20.909
778.85	20.937
779.15	21.155
779.46	21.185
779.77	21.246
780.07	21.125
780.38	20.975
780.69	20.944
781.00	20.726
781.30	20.479
781.61	20.317
781.92	20.620
782.22	20.721
782.53	20.487
782.84	20.491
783.14	20.722
783.45	20.668
783.76	21.239
784.06	21.406
784.37	21.552
784.68	21.811
784.98	22.147
785.29	22.113
785.60	21.975
785.90	22.429
786.21	22.373
786.51	22.423
786.82	22.522
787.13	22.578
787.43	22.538
787.74	22.454
788.04	22.256
788.35	22.016
788.66	21.877
788.96	21.844
789.27	21.806
789.57	21.871
789.88	21.745
790.19	21.803
790.49	21.618
790.80	21.392
791.10	21.586
791.41	21.878
791.71	22.086
792.02	22.338
792.32	22.345
792.63	22.053
792.93	22.165
793.24	21.850
793.54	21.528
793.85	21.566
794.15	21.705
794.46	21.328
794.76	21.251
795.07	21.163
795.37	21.134
795.68	21.200
795.98	21.297
796.29	21.227
796.59	21.438
796.90	21.647
797.20	21.514
797.51	21.798
797.81	21.979
798.12	21.928
798.42	21.883
798.72	21.609
799.03	21.647
799.33	21.634
799.64	21.562
799.94	21.529
800.25	21.897
800.55	21.943
800.85	21.599
801.16	21.327
801.46	21.229
801.77	21.079
802.07	21.396
802.37	21.300
802.68	21.225
802.98	21.210
803.28	21.151
803.59	20.857
803.89	20.903
804.20	21.096
804.50	21.454
804.80	21.307
805.11	21.520
805.41	21.358
805.71	21.565
806.02	21.735
806.32	21.814
806.62	21.643
806.93	21.601
807.23	21.514
807.53	21.330
807.83	21.593
808.14	21.788
808.44	21.547
808.74	21.650
809.05	21.882
809.35	21.877
809.65	21.685
809.95	22.131
810.26	22.314
810.56	22.433
810.86	22.827
811.16	22.763
811.47	22.663
811.77	23.455
812.07	23.400
812.37	23.141
812.68	23.043
812.98	23.105
813.28	23.001
813.58	22.690
813.88	22.445
814.19	22.162
814.49	22.127
814.79	22.670
815.09	22.173
815.39	22.533
815.70	22.642
816.00	22.395
816.30	22.590
816.60	22.528
816.90	23.066
817.20	23.488
817.50	23.770
817.81	23.919
818.11	24.203
818.41	24.441
818.71	24.522
819.01	24.755
819.31	25.065
819.61	25.129
819.92	25.150
820.22	25.169
820.52	25.275
820.82	25.310
821.12	25.348
821.42	25.389
821.72	25.399
822.02	25.373
822.32	25.320
822.62	25.181
822.92	25.156
823.22	25.162
823.52	25.160
823.83	24.988
824.13	24.895
824.43	24.811
824.73	24.631
825.03	24.546
825.33	24.563
825.63	24.588
825.93	24.636
826.23	24.653
826.53	24.520
826.83	24.367
827.13	24.272
827.43	24.230
827.73	24.265
828.03	24.068
828.33	23.876
828.63	23.572
828.93	23.305
829.23	23.198
829.53	22.798
829.83	23.176
830.13	23.019
830.42	23.324
830.72	23.452
831.02	23.523
831.32	23.720
831.62	23.769
831.92	23.950
832.22	23.946
832.52	23.883
832.82	24.283
833.12	24.193
833.42	24.159
833.72	24.250
834.01	24.220
834.31	24.159
834.61	24.102
834.91	24.205
835.21	24.055
835.51	23.845
835.81	24.015
836.11	23.430
836.40	23.030
836.70	22.743
837.00	22.650
837.30	22.448
837.60	22.383
837.90	22.157
838.19	22.050
838.49	21.525
838.79	21.530
839.09	21.390
839.39	21.354
839.68	21.358
839.98	22.320
840.28	21.937
840.58	21.534
840.88	20.996
841.17	21.519
841.47	21.021
841.77	21.972
842.07	22.345
842.36	22.557
842.66	22.442
842.96	23.517
843.26	21.639
843.55	20.829
843.85	20.070
844.15	19.776
844.45	19.622
844.74	20.481
845.04	19.288
845.34	18.436
845.63	16.742
845.93	18.564
846.23	16.976
846.53	17.979
846.82	18.824
847.12	20.107
847.42	17.709
847.71	16.404
848.01	15.012
848.31	15.746
848.60	14.911
848.90	14.479
849.19	11.838
849.49	10.882
849.79	10.755
850.08	10.078
850.38	10.118
850.68	13.365
850.97	13.798
851.27	13.611
851.56	11.762
851.86	11.891
852.16	13.589
852.45	15.121
852.75	15.724
853.04	15.853
853.34	16.148
853.64	15.629
853.93	14.093
854.23	13.759
854.52	14.609
854.82	16.606
855.11	16.424
855.41	15.729
855.70	15.921
856.00	16.597
856.30	15.685
856.59	14.456
856.89	14.182
857.18	14.813
857.48	15.461
857.77	14.466
858.07	15.498
858.36	15.841
858.66	15.681
858.95	14.320
859.25	14.084
859.54	13.575
859.84	14.634
860.13	14.523
860.42	15.442
860.72	15.303
861.01	15.813
861.31	15.874
861.60	17.548
861.90	16.131
862.19	16.310
862.49	15.787
862.78	18.210
863.07	18.137
863.37	18.323
863.66	16.901
863.96	17.178
864.25	16.875
864.54	14.703
864.84	13.293
865.13	13.941
865.43	12.933
865.72	9.870
866.01	12.260
866.31	12.433
866.60	8.039
866.89	-1.900
