180.30	0.000
180.67	0.000
181.03	154.845
181.40	-104.565
181.77	6412.000
182.14	10.108
182.51	116.320
182.88	-5122.722
183.25	369.494
183.62	32.185
183.99	48.962
184.36	-53.977
184.73	45.230
185.10	94.614
185.46	78.829
185.83	-4.653
186.20	-30.664
186.57	541.990
186.94	18.706
187.31	114.561
187.68	-129.727
188.05	-46.299
188.42	-45.547
188.78	-44.935
189.15	-36.970
189.52	-35.120
189.89	-27.478
190.26	-66.466
190.63	-35.927
191.00	-50.428
191.37	-34.247
191.73	-29.993
192.10	-30.802
192.47	-28.537
192.84	-15.469
193.21	-14.331
193.58	-11.091
193.94	-15.163
194.31	-15.754
194.68	-13.247
195.05	-6.765
195.42	-29.144
195.79	-36.868
196.15	-21.561
196.52	-8.414
196.89	-26.680
197.26	-31.561
197.63	-33.172
198.00	-18.814
198.36	-0.049
198.73	-1.729
199.10	6.814
199.47	22.355
199.84	31.780
200.20	47.118
200.57	40.598
200.94	40.359
201.31	45.754
201.68	49.101
202.04	30.021
202.41	32.536
202.78	23.562
203.15	17.459
203.51	-20.074
203.88	-35.312
204.25	-65.339
204.62	-39.337
204.98	-22.278
205.35	-20.871
205.72	-15.972
206.09	-10.537
206.46	-17.895
206.82	-18.676
207.19	-19.909
207.56	0.614
207.92	0.673
208.29	11.426
208.66	8.704
209.03	1.329
209.39	-7.149
209.76	-22.293
210.13	-28.213
210.50	-30.923
210.86	-20.775
211.23	-5.325
211.60	-7.955
211.96	0.484
212.33	-6.958
212.70	-6.307
213.07	-17.054
213.43	-9.289
213.80	-7.871
214.17	-8.401
214.53	-3.453
214.90	-3.395
215.27	-16.094
215.63	-16.123
216.00	-10.701
216.37	-5.454
216.74	-7.530
217.10	1.068
217.47	-1.223
217.84	-1.200
218.20	10.622
218.57	16.501
218.94	12.084
219.30	20.011
219.67	13.330
220.04	-0.541
220.40	-7.411
220.77	-11.436
221.13	-12.102
221.50	-9.788
221.87	-9.086
222.23	-13.980
222.60	-18.658
222.97	-19.592
223.33	-27.844
223.70	-21.206
224.07	-10.837
224.43	-4.404
224.80	-0.703
225.16	2.136
225.53	3.537
225.90	0.252
226.26	-1.416
226.63	-3.278
226.99	-2.479
227.36	0.407
227.73	0.583
228.09	-3.325
228.46	-4.732
228.82	-3.214
229.19	-5.843
229.56	-9.323
229.92	-7.661
230.29	-5.192
230.65	-3.662
231.02	-2.727
231.38	-4.384
231.75	-5.501
232.12	-3.744
232.48	-3.289
232.85	-5.757
233.21	-4.109
233.58	-1.253
233.94	1.518
234.31	1.024
234.68	-0.004
235.04	-0.316
235.41	0.391
235.77	2.436
236.14	2.957
236.50	1.286
236.87	1.274
237.23	0.878
237.60	1.221
237.96	0.120
238.33	1.274
238.69	2.271
239.06	2.235
239.42	2.154
239.79	1.804
240.15	1.988
240.52	2.512
240.88	2.522
241.25	2.548
241.61	2.540
241.98	2.505
242.34	1.707
242.71	1.999
243.07	2.358
243.44	2.907
243.80	3.014
244.17	3.161
244.53	3.577
244.90	3.406
245.26	3.501
245.63	3.328
245.99	3.400
246.36	3.691
246.72	3.213
247.09	2.930
247.45	2.680
247.81	2.243
248.18	1.816
248.54	1.445
248.91	1.314
249.27	1.576
249.64	1.380
250.00	1.341
250.36	1.098
250.73	1.254
251.09	1.740
251.46	2.053
251.82	2.748
252.19	3.485
252.55	3.173
252.91	3.264
253.28	2.493
253.64	2.895
254.01	2.766
254.37	2.650
254.73	2.859
255.10	2.743
255.46	2.448
255.83	1.988
256.19	1.648
256.55	1.869
256.92	2.186
257.28	2.413
257.65	2.730
258.01	2.882
258.37	2.683
258.74	2.649
259.10	2.634
259.46	2.816
259.83	3.095
260.19	3.182
260.55	3.248
260.92	3.161
261.28	2.917
261.64	2.337
262.01	2.145
262.37	2.184
262.73	1.980
263.10	1.936
263.46	1.884
263.82	1.907
264.19	1.911
264.55	1.866
264.91	1.850
265.28	2.394
265.64	2.341
266.00	2.401
266.37	2.556
266.73	3.046
267.09	2.992
267.46	2.830
267.82	2.579
268.18	2.517
268.54	2.636
268.91	2.987
269.27	2.751
269.63	2.998
270.00	2.976
270.36	2.879
270.72	2.505
271.08	2.223
271.45	2.279
271.81	2.571
272.17	2.491
272.53	2.170
272.90	1.810
273.26	1.748
273.62	1.621
273.98	1.474
274.35	1.459
274.71	1.924
275.07	2.339
275.43	2.448
275.80	2.268
276.16	2.697
276.52	2.705
276.88	2.728
277.25	2.623
277.61	2.803
277.97	2.717
278.33	2.394
278.69	2.107
279.06	2.310
279.42	2.057
279.78	1.896
280.14	1.697
280.50	1.834
280.87	2.022
281.23	2.265
281.59	2.195
281.95	2.290
282.31	2.727
282.68	2.894
283.04	2.728
283.40	2.828
283.76	2.869
284.12	3.000
284.48	3.085
284.85	2.961
285.21	2.852
285.57	2.930
285.93	2.854
286.29	2.752
286.65	2.515
287.02	2.520
287.38	2.602
287.74	2.649
288.10	2.457
288.46	2.287
288.82	2.096
289.18	1.889
289.54	1.657
289.91	1.926
290.27	1.926
290.63	1.871
290.99	1.612
291.35	1.629
291.71	1.936
292.07	2.007
292.43	2.278
292.79	2.828
293.16	2.981
293.52	3.107
293.88	3.015
294.24	3.107
294.60	3.293
294.96	3.407
295.32	3.469
295.68	3.168
296.04	3.303
296.40	3.101
296.76	2.963
297.12	3.135
297.49	3.242
297.85	3.358
298.21	3.218
298.57	3.112
298.93	3.120
299.29	2.916
299.65	2.813
300.01	2.690
300.37	2.700
300.73	2.786
301.09	2.816
301.45	2.754
301.81	2.680
302.17	2.872
302.53	2.880
302.89	2.866
303.25	2.770
303.61	2.990
303.97	2.972
304.33	3.020
304.69	2.922
305.05	2.714
305.41	2.598
305.77	2.620
306.13	2.420
306.49	2.469
306.85	2.550
307.21	2.774
307.57	2.789
307.93	2.791
308.29	2.841
308.65	2.755
309.01	2.878
309.37	3.032
309.73	3.088
310.09	3.156
310.45	3.171
310.81	3.246
311.17	3.135
311.53	3.109
311.89	3.256
312.25	3.180
312.61	3.175
312.96	3.188
313.32	3.171
313.68	3.141
314.04	3.178
314.40	3.172
314.76	3.130
315.12	3.289
315.48	3.393
315.84	3.181
316.20	3.295
316.56	3.498
316.92	3.497
317.27	3.356
317.63	3.246
317.99	3.368
318.35	3.304
318.71	3.232
319.07	3.245
319.43	3.161
319.79	3.296
320.15	3.361
320.50	3.157
320.86	3.160
321.22	3.285
321.58	3.404
321.94	3.277
322.30	3.337
322.66	3.423
323.01	3.348
323.37	3.386
323.73	3.348
324.09	3.319
324.45	3.443
324.81	3.357
325.17	3.232
325.52	3.233
325.88	3.186
326.24	3.259
326.60	3.286
326.96	3.401
327.31	3.437
327.67	3.503
328.03	3.476
328.39	3.421
328.75	3.532
329.11	3.661
329.46	3.599
329.82	3.639
330.18	3.565
330.54	3.501
330.90	3.482
331.25	3.405
331.61	3.346
331.97	3.366
332.33	3.445
332.68	3.328
333.04	3.323
333.40	3.328
333.76	3.361
334.11	3.382
334.47	3.322
334.83	3.152
335.19	3.213
335.54	3.294
335.90	3.307
336.26	3.211
336.62	3.310
336.97	3.217
337.33	3.181
337.69	3.201
338.05	3.175
338.40	3.192
338.76	3.236
339.12	3.157
339.48	3.144
339.83	3.084
340.19	3.096
340.55	2.961
340.90	2.970
341.26	3.006
341.62	2.971
341.97	3.040
342.33	3.158
342.69	3.211
343.04	3.186
343.40	3.075
343.76	3.103
344.12	3.107
344.47	3.208
344.83	3.196
345.19	3.134
345.54	3.132
345.90	3.107
346.26	2.991
346.61	3.025
346.97	3.022
347.32	3.052
347.68	3.008
348.04	3.006
348.39	2.967
348.75	3.023
349.11	3.065
349.46	3.067
349.82	2.968
350.18	2.993
350.53	2.865
350.89	2.907
351.24	2.939
351.60	2.947
351.96	2.949
352.31	2.981
352.67	2.965
353.02	2.988
353.38	2.942
353.74	2.971
354.09	2.878
354.45	2.943
354.80	2.884
355.16	2.809
355.52	2.860
355.87	2.830
356.23	2.812
356.58	2.898
356.94	2.877
357.29	2.911
357.65	2.905
358.00	2.954
358.36	2.933
358.72	2.981
359.07	3.043
359.43	3.020
359.78	3.076
360.14	3.058
360.49	2.972
360.85	2.921
361.20	2.953
361.56	2.998
361.91	2.997
362.27	3.028
362.62	3.009
362.98	2.992
363.33	2.981
363.69	2.903
364.04	2.900
364.40	2.909
364.75	2.950
365.11	2.960
365.46	2.915
365.82	2.871
366.17	2.818
366.53	2.845
366.88	2.799
367.24	2.787
367.59	2.833
367.95	2.863
368.30	2.827
368.66	2.778
369.01	2.728
369.37	2.757
369.72	2.788
370.08	2.827
370.43	2.825
370.78	2.852
371.14	2.877
371.49	2.881
371.85	2.901
372.20	2.948
372.56	3.007
372.91	2.987
373.26	2.985
373.62	2.971
373.97	2.972
374.33	2.940
374.68	2.949
375.03	2.975
375.39	2.924
375.74	2.893
376.10	2.865
376.45	2.874
376.80	2.877
377.16	2.865
377.51	2.928
377.87	2.892
378.22	2.922
378.57	2.939
378.93	2.911
379.28	2.997
379.63	2.982
379.99	3.012
380.34	2.994
380.70	3.029
381.05	3.072
381.40	3.050
381.76	3.091
382.11	3.093
382.46	3.036
382.82	3.056
383.17	3.041
383.52	3.071
383.88	3.062
384.23	3.086
384.58	3.091
384.94	3.094
385.29	3.117
385.64	3.130
385.99	3.148
386.35	3.247
386.70	3.249
387.05	3.255
387.41	3.267
387.76	3.252
388.11	3.218
388.47	3.256
388.82	3.250
389.17	3.233
389.52	3.237
389.88	3.254
390.23	3.236
390.58	3.246
390.93	3.218
391.29	3.243
391.64	3.295
391.99	3.337
392.34	3.315
392.70	3.318
393.05	3.316
393.40	3.335
393.75	3.350
394.11	3.340
394.46	3.330
394.81	3.307
395.16	3.253
395.52	3.250
395.87	3.199
396.22	3.201
396.57	3.197
396.92	3.225
397.28	3.233
397.63	3.203
397.98	3.237
398.33	3.274
398.68	3.372
399.04	3.417
399.39	3.442
399.74	3.494
400.09	3.505
400.44	3.534
400.80	3.551
401.15	3.544
401.50	3.599
401.85	3.639
402.20	3.645
402.55	3.671
402.90	3.691
403.26	3.727
403.61	3.781
403.96	3.833
404.31	3.841
404.66	3.878
405.01	3.921
405.36	3.937
405.72	3.935
406.07	4.002
406.42	3.996
406.77	4.025
407.12	4.026
407.47	4.069
407.82	4.085
408.17	4.118
408.53	4.142
408.88	4.166
409.23	4.201
409.58	4.228
409.93	4.206
410.28	4.237
410.63	4.273
410.98	4.324
411.33	4.313
411.68	4.316
412.03	4.355
412.38	4.408
412.73	4.428
413.09	4.434
413.44	4.472
413.79	4.529
414.14	4.556
414.49	4.597
414.84	4.615
415.19	4.690
415.54	4.727
415.89	4.749
416.24	4.765
416.59	4.823
416.94	4.856
417.29	4.892
417.64	4.919
417.99	4.965
418.34	4.992
418.69	5.019
419.04	5.041
419.39	5.096
419.74	5.144
420.09	5.186
420.44	5.193
420.79	5.234
421.14	5.248
421.49	5.281
421.84	5.307
422.19	5.333
422.54	5.380
422.89	5.394
423.24	5.396
423.59	5.421
423.94	5.439
424.29	5.479
424.64	5.513
424.99	5.551
425.34	5.585
425.68	5.634
426.03	5.675
426.38	5.697
426.73	5.750
427.08	5.821
427.43	5.870
427.78	5.912
428.13	5.974
428.48	6.026
428.83	6.080
429.18	6.106
429.53	6.128
429.87	6.196
430.22	6.225
430.57	6.268
430.92	6.290
431.27	6.326
431.62	6.358
431.97	6.362
432.32	6.382
432.67	6.415
433.01	6.456
433.36	6.511
433.71	6.535
434.06	6.588
434.41	6.627
434.76	6.706
435.11	6.749
435.45	6.799
435.80	6.850
436.15	6.890
436.50	6.911
436.85	6.965
437.20	6.978
437.54	7.007
437.89	7.015
438.24	7.052
438.59	7.056
438.94	7.092
439.29	7.106
439.63	7.145
439.98	7.178
440.33	7.229
440.68	7.256
441.03	7.301
441.37	7.333
441.72	7.393
442.07	7.423
442.42	7.468
442.76	7.482
443.11	7.526
443.46	7.546
443.81	7.573
444.16	7.595
444.50	7.598
444.85	7.647
445.20	7.684
445.55	7.706
445.89	7.727
446.24	7.748
446.59	7.795
446.94	7.832
447.28	7.877
447.63	7.911
447.98	7.946
448.32	7.991
448.67	7.970
449.02	7.995
449.37	8.030
449.71	8.052
450.06	8.071
450.41	8.084
450.75	8.094
451.10	8.107
451.45	8.150
451.79	8.175
452.14	8.204
452.49	8.260
452.84	8.278
453.18	8.299
453.53	8.340
453.88	8.377
454.22	8.408
454.57	8.451
454.92	8.505
455.26	8.529
455.61	8.569
455.95	8.624
456.30	8.643
456.65	8.681
456.99	8.721
457.34	8.734
457.69	8.765
458.03	8.790
458.38	8.830
458.73	8.847
459.07	8.881
459.42	8.916
459.76	8.923
460.11	8.950
460.46	8.987
460.80	9.033
461.15	9.096
461.49	9.122
461.84	9.177
462.19	9.204
462.53	9.258
462.88	9.280
463.22	9.318
463.57	9.397
463.91	9.450
464.26	9.491
464.61	9.513
464.95	9.563
465.30	9.601
465.64	9.623
465.99	9.660
466.33	9.686
466.68	9.750
467.02	9.789
467.37	9.788
467.71	9.825
468.06	9.850
468.41	9.870
468.75	9.882
469.10	9.919
469.44	9.929
469.79	9.940
470.13	9.986
470.48	9.977
470.82	9.988
471.17	10.041
471.51	10.048
471.86	10.049
472.20	10.063
472.55	10.096
472.89	10.115
473.23	10.150
473.58	10.172
473.92	10.169
474.27	10.184
474.61	10.199
474.96	10.201
475.30	10.206
475.65	10.242
475.99	10.260
476.34	10.262
476.68	10.292
477.02	10.297
477.37	10.301
477.71	10.326
478.06	10.361
478.40	10.413
478.75	10.479
479.09	10.578
479.43	10.688
479.78	10.829
480.12	10.983
480.47	11.151
480.81	11.328
481.15	11.515
481.50	11.705
481.84	11.915
482.19	12.141
482.53	12.346
482.87	12.444
483.22	12.434
483.56	12.322
483.90	12.145
484.25	11.913
484.59	11.705
484.94	11.550
485.28	11.385
485.62	11.183
485.97	10.964
486.31	10.757
486.65	10.655
487.00	10.653
487.34	10.735
487.68	10.865
488.03	11.025
488.37	11.157
488.71	11.204
489.06	11.230
489.40	11.257
489.74	11.273
490.09	11.296
490.43	11.308
490.77	11.319
491.11	11.337
491.46	11.355
491.80	11.382
492.14	11.401
492.49	11.419
492.83	11.441
493.17	11.478
493.51	11.508
493.86	11.532
494.20	11.549
494.54	11.573
494.88	11.614
495.23	11.655
495.57	11.689
495.91	11.723
496.25	11.775
496.60	11.820
496.94	11.852
497.28	11.912
497.62	11.973
497.97	12.048
498.31	12.120
498.65	12.144
498.99	12.193
499.33	12.269
499.68	12.351
500.02	12.415
500.36	12.469
500.70	12.516
501.04	12.543
501.39	12.580
501.73	12.645
502.07	12.690
502.41	12.779
502.75	12.830
503.09	12.870
503.44	12.915
503.78	12.976
504.12	13.027
504.46	13.101
504.80	13.161
505.14	13.216
505.49	13.258
505.83	13.328
506.17	13.377
506.51	13.443
506.85	13.502
507.19	13.565
507.53	13.610
507.87	13.653
508.22	13.709
508.56	13.766
508.90	13.826
509.24	13.879
509.58	13.934
509.92	13.986
510.26	14.044
510.60	14.101
510.94	14.147
511.28	14.203
511.63	14.294
511.97	14.342
512.31	14.411
512.65	14.441
512.99	14.491
513.33	14.537
513.67	14.603
514.01	14.671
514.35	14.722
514.69	14.787
515.03	14.845
515.37	14.882
515.71	14.940
516.05	14.993
516.39	15.041
516.73	15.094
517.07	15.145
517.41	15.184
517.75	15.207
518.09	15.239
518.43	15.266
518.77	15.291
519.11	15.318
519.45	15.354
519.79	15.381
520.13	15.438
520.47	15.479
520.81	15.506
521.15	15.564
521.49	15.610
521.83	15.656
522.17	15.716
522.51	15.762
522.85	15.826
523.19	15.913
523.53	16.020
523.87	16.151
524.21	16.277
524.55	16.401
524.89	16.497
525.23	16.609
525.57	16.699
525.91	16.785
526.25	16.871
526.58	16.939
526.92	16.987
527.26	17.010
527.60	17.015
527.94	17.003
528.28	16.984
528.62	16.970
528.96	16.942
529.30	16.918
529.64	16.874
529.97	16.838
530.31	16.813
530.65	16.770
530.99	16.776
531.33	16.771
531.67	16.800
532.01	16.829
532.35	16.833
532.68	16.843
533.02	16.856
533.36	16.865
533.70	16.892
534.04	16.892
534.38	16.936
534.71	16.927
535.05	16.943
535.39	16.951
535.73	16.970
536.07	16.999
536.41	17.053
536.74	17.121
537.08	17.190
537.42	17.247
537.76	17.323
538.10	17.369
538.43	17.448
538.77	17.504
539.11	17.550
539.45	17.580
539.79	17.628
540.12	17.644
540.46	17.639
540.80	17.648
541.14	17.635
541.47	17.635
541.81	17.620
542.15	17.610
542.49	17.614
542.82	17.618
543.16	17.626
543.50	17.614
543.84	17.617
544.17	17.650
544.51	17.662
544.85	17.704
545.18	17.732
545.52	17.765
545.86	17.778
546.20	17.803
546.53	17.815
546.87	17.848
547.21	17.890
547.54	17.940
547.88	17.981
548.22	18.038
548.55	18.085
548.89	18.124
549.23	18.194
549.56	18.243
549.90	18.284
550.24	18.328
550.57	18.348
550.91	18.350
551.25	18.365
551.58	18.386
551.92	18.405
552.26	18.404
552.59	18.418
552.93	18.441
553.27	18.465
553.60	18.478
553.94	18.511
554.27	18.539
554.61	18.597
554.95	18.661
555.28	18.704
555.62	18.747
555.95	18.813
556.29	18.845
556.63	18.887
556.96	18.910
557.30	18.937
557.63	18.960
557.97	18.987
558.31	19.035
558.64	19.056
558.98	19.074
559.31	19.096
559.65	19.094
559.98	19.121
560.32	19.141
560.65	19.168
560.99	19.220
561.33	19.252
561.66	19.282
562.00	19.280
562.33	19.290
562.67	19.329
563.00	19.360
563.34	19.389
563.67	19.405
564.01	19.390
564.34	19.411
564.68	19.417
565.01	19.436
565.35	19.445
565.68	19.455
566.02	19.494
566.35	19.527
566.69	19.551
567.02	19.571
567.36	19.619
567.69	19.673
568.03	19.693
568.36	19.713
568.69	19.711
569.03	19.738
569.36	19.780
569.70	19.755
570.03	19.732
570.37	19.730
570.70	19.771
571.04	19.759
571.37	19.770
571.70	19.821
572.04	19.828
572.37	19.859
572.71	19.877
573.04	19.905
573.37	19.953
573.71	19.997
574.04	20.043
574.38	20.043
574.71	20.084
575.04	20.131
575.38	20.136
575.71	20.173
576.05	20.224
576.38	20.279
576.71	20.323
577.05	20.373
577.38	20.431
577.71	20.468
578.05	20.522
578.38	20.561
578.71	20.587
579.05	20.628
579.38	20.669
579.71	20.673
580.05	20.693
580.38	20.707
580.71	20.701
581.05	20.693
581.38	20.718
581.71	20.740
582.05	20.748
582.38	20.752
582.71	20.787
583.04	20.814
583.38	20.886
583.71	20.910
584.04	20.956
584.38	21.024
584.71	21.059
585.04	21.072
585.37	21.092
585.71	21.146
586.04	21.183
586.37	21.204
586.70	21.224
587.04	21.202
587.37	21.197
587.70	21.170
588.03	21.175
588.37	21.171
588.70	21.188
589.03	21.193
589.36	21.190
589.69	21.176
590.03	21.159
590.36	21.164
590.69	21.180
591.02	21.193
591.35	21.218
591.69	21.181
592.02	21.186
592.35	21.163
592.68	21.168
593.01	21.151
593.35	21.180
593.68	21.201
594.01	21.173
594.34	21.184
594.67	21.182
595.00	21.185
595.34	21.202
595.67	21.208
596.00	21.239
596.33	21.226
596.66	21.222
596.99	21.240
597.32	21.226
597.65	21.287
597.99	21.270
598.32	21.316
598.65	21.330
598.98	21.340
599.31	21.338
599.64	21.330
599.97	21.337
600.30	21.335
600.63	21.301
600.96	21.273
601.30	21.259
601.63	21.266
601.96	21.239
602.29	21.206
602.62	21.204
602.95	21.219
603.28	21.204
603.61	21.219
603.94	21.222
604.27	21.207
604.60	21.232
604.93	21.233
605.26	21.223
605.59	21.239
605.92	21.254
606.25	21.264
606.58	21.281
606.91	21.314
607.24	21.333
607.57	21.342
607.90	21.371
608.23	21.373
608.56	21.369
608.89	21.390
609.22	21.396
609.55	21.430
609.88	21.411
610.21	21.399
610.54	21.438
610.87	21.434
611.20	21.457
611.53	21.513
611.86	21.580
612.19	21.597
612.52	21.607
612.85	21.640
613.18	21.615
613.51	21.668
613.84	21.666
614.17	21.628
614.49	21.633
614.82	21.629
615.15	21.582
615.48	21.547
615.81	21.551
616.14	21.536
616.47	21.495
616.80	21.505
617.13	21.494
617.46	21.506
617.78	21.488
618.11	21.479
618.44	21.481
618.77	21.492
619.10	21.439
619.43	21.465
619.76	21.491
620.09	21.480
620.41	21.491
620.74	21.513
621.07	21.491
621.40	21.504
621.73	21.503
622.06	21.475
622.38	21.463
622.71	21.475
623.04	21.397
623.37	21.370
623.70	21.410
624.02	21.392
624.35	21.357
624.68	21.348
625.01	21.351
625.34	21.352
625.66	21.380
625.99	21.364
626.32	21.390
626.65	21.428
626.98	21.472
627.30	21.459
627.63	21.470
627.96	21.489
628.29	21.517
628.61	21.503
628.94	21.486
629.27	21.464
629.60	21.468
629.92	21.442
630.25	21.444
630.58	21.385
630.91	21.362
631.23	21.338
631.56	21.283
631.89	21.301
632.21	21.302
632.54	21.271
632.87	21.281
633.19	21.266
633.52	21.274
633.85	21.285
634.18	21.268
634.50	21.240
634.83	21.223
635.16	21.250
635.48	21.196
635.81	21.121
636.14	21.111
636.46	21.053
636.79	21.054
637.11	21.040
637.44	21.028
637.77	21.034
638.09	21.010
638.42	20.979
638.75	20.933
639.07	20.916
639.40	20.968
639.73	20.981
640.05	21.043
640.38	21.026
640.70	21.000
641.03	20.941
641.36	20.920
641.68	20.931
642.01	20.964
642.33	20.967
642.66	20.978
642.98	20.946
643.31	20.899
643.64	20.846
643.96	20.825
644.29	20.767
644.61	20.796
644.94	20.787
645.26	20.761
645.59	20.727
645.91	20.733
646.24	20.730
646.56	20.709
646.89	20.711
647.22	20.721
647.54	20.700
647.87	20.740
648.19	20.697
648.52	20.681
648.84	20.702
649.17	20.708
649.49	20.748
649.82	20.739
650.14	20.799
650.47	20.810
650.79	20.765
651.11	20.760
651.44	20.727
651.76	20.691
652.09	20.676
652.41	20.638
652.74	20.597
653.06	20.476
653.39	20.484
653.71	20.416
654.04	20.398
654.36	20.399
654.68	20.396
655.01	20.367
655.33	20.333
655.66	20.282
655.98	20.241
656.30	20.263
656.63	20.296
656.95	20.209
657.28	20.170
657.60	20.116
657.92	20.034
658.25	19.973
658.57	19.933
658.90	19.944
659.22	19.942
659.54	19.967
659.87	19.854
660.19	19.802
660.51	19.844
660.84	19.861
661.16	19.887
661.48	19.945
661.81	19.961
662.13	19.958
662.45	19.914
662.78	19.906
663.10	19.863
663.42	19.932
663.75	19.930
664.07	19.833
664.39	19.747
664.72	19.676
665.04	19.589
665.36	19.548
665.69	19.560
666.01	19.540
666.33	19.551
666.65	19.508
666.98	19.472
667.30	19.420
667.62	19.380
667.94	19.381
668.27	19.378
668.59	19.425
668.91	19.412
669.23	19.417
669.56	19.419
669.88	19.349
670.20	19.288
670.52	19.245
670.85	19.265
671.17	19.296
671.49	19.300
671.81	19.245
672.13	19.151
672.46	19.104
672.78	19.004
673.10	18.927
673.42	18.909
673.74	18.969
674.07	18.959
674.39	18.888
674.71	18.822
675.03	18.775
675.35	18.768
675.67	18.763
676.00	18.769
676.32	18.798
676.64	18.801
676.96	18.775
677.28	18.719
677.60	18.701
677.92	18.731
678.25	18.716
678.57	18.715
678.89	18.709
679.21	18.748
679.53	18.785
679.85	18.746
680.17	18.740
680.49	18.703
680.81	18.711
681.13	18.684
681.46	18.675
681.78	18.731
682.10	18.682
682.42	18.743
682.74	18.707
683.06	18.633
683.38	18.605
683.70	18.658
684.02	18.727
684.34	18.712
684.66	18.710
684.98	18.649
685.30	18.691
685.62	18.685
685.94	18.578
686.26	18.561
686.58	18.527
686.90	18.557
687.22	18.478
687.54	18.416
687.86	18.377
688.18	18.362
688.50	18.282
688.82	18.138
689.14	18.086
689.46	18.096
689.78	17.935
690.10	17.865
690.42	17.787
690.74	17.673
691.06	17.666
691.38	17.659
691.70	17.607
692.02	17.546
692.34	17.514
692.66	17.538
692.98	17.533
693.30	17.644
693.62	17.629
693.94	17.602
694.26	17.636
694.57	17.537
694.89	17.489
695.21	17.508
695.53	17.583
695.85	17.548
696.17	17.476
696.49	17.381
696.81	17.382
697.13	17.397
697.44	17.424
697.76	17.372
698.08	17.371
698.40	17.278
698.72	17.181
699.04	17.069
699.36	17.033
699.67	17.000
699.99	16.888
700.31	16.719
700.63	16.646
700.95	16.488
701.27	16.387
701.58	16.293
701.90	16.201
702.22	16.144
702.54	16.036
702.86	15.897
703.17	15.808
703.49	15.873
703.81	15.907
704.13	15.798
704.45	15.780
704.76	15.787
705.08	15.749
705.40	15.789
705.72	15.731
706.03	15.765
706.35	15.879
706.67	15.853
706.99	15.864
707.30	15.817
707.62	15.849
707.94	15.805
708.26	15.805
708.57	15.858
708.89	15.858
709.21	15.861
709.53	15.932
709.84	15.844
710.16	15.920
710.48	15.895
710.79	15.898
711.11	15.928
711.43	15.874
711.74	15.842
712.06	15.848
712.38	15.838
712.69	15.933
713.01	15.887
713.33	15.918
713.64	15.877
713.96	15.926
714.28	16.034
714.59	15.974
714.91	16.045
715.23	16.120
715.54	16.145
715.86	16.227
716.17	16.194
716.49	16.247
716.81	16.292
717.12	16.238
717.44	16.159
717.76	15.967
718.07	15.975
718.39	15.999
718.70	15.974
719.02	15.755
719.33	15.614
719.65	15.534
719.97	15.490
720.28	15.419
720.60	15.424
720.91	15.419
721.23	15.411
721.54	15.435
721.86	15.424
722.17	15.391
722.49	15.458
722.81	15.452
723.12	15.493
723.44	15.486
723.75	15.474
724.07	15.492
724.38	15.483
724.70	15.556
725.01	15.568
725.33	15.622
725.64	15.558
725.96	15.671
726.27	15.699
726.59	15.701
726.90	15.702
727.22	15.553
727.53	15.579
727.84	15.473
728.16	15.418
728.47	15.317
728.79	15.236
729.10	15.249
729.42	15.132
729.73	15.077
730.05	15.026
730.36	14.883
730.67	14.948
730.99	14.741
731.30	14.693
731.62	14.599
731.93	14.537
732.24	14.441
732.56	14.396
732.87	14.193
733.19	13.996
733.50	13.855
733.81	13.782
734.13	13.748
734.44	13.766
734.76	13.767
735.07	13.647
735.38	13.659
735.70	13.492
736.01	13.324
736.32	13.429
736.64	13.628
736.95	13.576
737.26	13.495
737.58	13.486
737.89	13.459
738.20	13.302
738.52	13.359
738.83	13.220
739.14	13.344
739.45	13.266
739.77	13.229
740.08	13.078
740.39	12.939
740.71	12.898
741.02	12.838
741.33	12.742
741.64	12.818
741.96	12.555
742.27	12.464
742.58	12.286
742.90	12.456
743.21	12.295
743.52	12.144
743.83	12.328
744.14	12.283
744.46	11.959
744.77	11.954
745.08	11.993
745.39	12.283
745.71	12.266
746.02	12.323
746.33	12.049
746.64	12.111
746.95	12.325
747.27	12.280
747.58	12.280
747.89	12.480
748.20	12.424
748.51	12.322
748.82	12.319
749.14	12.275
749.45	12.274
749.76	12.356
750.07	12.263
750.38	12.190
750.69	12.232
751.01	12.307
751.32	12.166
751.63	12.146
751.94	12.119
752.25	12.014
752.56	12.040
752.87	12.037
753.18	11.982
753.49	11.905
753.81	11.807
754.12	11.815
754.43	11.829
754.74	11.995
755.05	12.215
755.36	12.310
755.67	12.430
755.98	12.725
756.29	12.867
756.60	13.189
756.91	13.566
757.22	13.942
757.53	14.177
757.84	14.471
758.15	14.834
758.46	15.135
758.77	15.479
759.09	15.713
759.40	15.844
759.71	16.102
760.02	16.083
760.33	16.199
760.64	16.224
760.95	16.269
761.26	16.258
761.57	16.184
761.88	16.029
762.18	15.885
762.49	15.774
762.80	15.566
763.11	15.301
763.42	15.211
763.73	15.016
764.04	14.632
764.35	14.277
764.66	13.861
764.97	13.470
765.28	13.176
765.59	12.922
765.90	12.553
766.21	12.423
766.52	12.063
766.83	11.799
767.14	11.552
767.44	11.568
767.75	11.370
768.06	11.399
768.37	11.213
768.68	11.273
768.99	11.109
769.30	11.137
769.61	10.739
769.91	10.614
770.22	10.546
770.53	10.502
770.84	10.554
771.15	10.543
771.46	10.511
771.77	10.635
772.07	10.452
772.38	10.272
772.69	10.229
773.00	10.349
773.31	10.648
773.61	10.406
773.92	10.312
774.23	10.099
774.54	10.131
774.85	9.879
775.15	9.792
775.46	9.729
775.77	9.798
776.08	9.596
776.39	9.494
776.69	9.327
777.00	9.637
777.31	9.646
777.62	9.700
777.92	9.609
778.23	9.867
778.54	9.714
778.85	9.618
779.15	9.725
779.46	9.884
779.77	9.898
780.07	10.045
780.38	9.677
780.69	9.784
781.00	9.540
781.30	9.640
781.61	9.334
781.92	9.758
782.22	9.817
782.53	9.649
782.84	9.348
783.14	9.686
783.45	9.665
783.76	10.142
784.06	10.056
784.37	10.429
784.68	10.399
784.98	11.062
785.29	11.028
785.60	11.372
785.90	11.527
786.21	11.712
786.51	11.646
786.82	11.418
787.13	11.757
787.43	12.096
787.74	12.125
788.04	12.370
788.35	12.058
788.66	11.813
788.96	11.675
789.27	11.995
789.57	12.119
789.88	12.288
790.19	12.553
790.49	12.138
790.80	12.218
791.10	12.206
791.41	12.066
791.71	12.272
792.02	12.593
792.32	12.623
792.63	12.290
792.93	12.564
793.24	12.134
793.54	11.879
793.85	12.082
794.15	11.792
794.46	11.549
794.76	11.607
795.07	11.517
795.37	11.345
795.68	11.184
795.98	11.350
796.29	11.208
796.59	11.476
796.90	11.521
797.20	11.327
797.51	11.441
797.81	11.483
798.12	11.533
798.42	11.398
798.72	11.523
799.03	11.580
799.33	11.214
799.64	10.950
799.94	11.031
800.25	11.544
800.55	11.599
800.85	11.360
801.16	11.448
801.46	11.373
801.77	11.399
802.07	11.040
802.37	10.769
802.68	10.969
802.98	11.040
803.28	10.956
803.59	10.509
803.89	10.493
804.20	10.966
804.50	11.138
804.80	11.045
805.11	11.307
805.41	11.834
805.71	12.245
806.02	12.332
806.32	12.670
806.62	12.755
806.93	12.860
807.23	13.002
807.53	12.323
807.83	12.225
808.14	12.205
808.44	11.738
808.74	11.670
809.05	11.816
809.35	11.894
809.65	11.735
809.95	11.769
810.26	11.839
810.56	11.849
810.86	12.426
811.16	12.682
811.47	12.871
811.77	13.490
812.07	13.541
812.37	12.836
812.68	13.121
812.98	13.134
813.28	13.422
813.58	13.659
813.88	13.285
814.19	13.221
814.49	13.159
814.79	13.263
815.09	13.166
815.39	13.118
815.70	13.810
816.00	13.442
816.30	13.263
816.60	13.036
816.90	13.342
817.20	13.768
817.50	14.526
817.81	14.783
818.11	15.088
818.41	15.415
818.71	15.609
819.01	15.749
819.31	15.958
819.61	16.142
819.92	16.199
820.22	16.286
820.52	16.369
820.82	16.249
821.12	16.276
821.42	16.284
821.72	16.292
822.02	16.257
822.32	16.177
822.62	16.084
822.92	16.045
823.22	16.025
823.52	15.935
823.83	15.866
824.13	15.851
824.43	15.758
824.73	15.671
825.03	15.653
825.33	15.680
825.63	15.792
825.93	15.849
826.23	15.825
826.53	15.739
826.83	15.743
827.13	15.736
827.43	15.681
827.73	15.741
828.03	15.717
828.33	15.429
828.63	15.325
828.93	15.197
829.23	15.071
829.53	15.070
829.83	15.287
830.13	15.073
830.42	15.000
830.72	15.053
831.02	15.131
831.32	15.154
831.62	15.072
831.92	15.023
832.22	15.254
832.52	15.391
832.82	15.582
833.12	15.392
833.42	15.283
833.72	15.359
834.01	15.360
834.31	15.325
834.61	15.497
834.91	15.771
835.21	15.651
835.51	15.152
835.81	15.178
836.11	14.763
836.40	14.778
836.70	15.216
837.00	14.975
837.30	14.482
837.60	14.409
837.90	13.935
838.19	13.786
838.49	13.896
838.79	14.381
839.09	13.626
839.39	13.437
839.68	13.378
839.98	13.399
840.28	12.898
840.58	12.911
840.88	12.000
841.17	11.821
841.47	11.532
841.77	11.463
842.07	10.578
842.36	11.737
842.66	11.966
842.96	12.050
843.26	9.886
843.55	9.612
843.85	9.383
844.15	8.749
844.45	10.007
844.74	9.761
845.04	8.850
845.34	9.101
845.63	6.687
845.93	6.396
846.23	5.365
846.53	6.980
846.82	6.990
847.12	6.683
847.42	6.867
847.71	4.697
848.01	4.203
848.31	5.404
848.60	4.433
848.90	4.918
849.19	3.721
849.49	3.674
849.79	2.895
850.08	3.338
850.38	3.351
850.68	4.731
850.97	5.535
851.27	6.501
851.56	5.535
851.86	5.703
852.16	6.205
852.45	7.670
852.75	7.429
853.04	6.943
853.34	6.806
853.64	6.314
853.93	5.202
854.23	5.537
854.52	3.885
854.82	5.385
855.11	5.649
855.41	6.754
855.70	5.825
856.00	6.453
856.30	6.642
856.59	6.675
856.89	7.574
857.18	7.447
857.48	5.790
857.77	5.121
858.07	5.293
858.36	4.816
858.66	2.452
858.95	3.384
859.25	3.855
859.54	4.342
859.84	4.853
860.13	5.686
860.42	7.058
860.72	8.661
861.01	10.063
861.31	8.293
861.60	10.112
861.90	11.338
862.19	9.728
862.49	8.499
862.78	10.778
863.07	10.424
863.37	8.276
863.66	7.026
863.96	6.920
864.25	8.017
864.54	9.337
864.84	8.868
865.13	8.150
865.43	8.061
865.72	20.006
866.01	14.001
866.31	13.552
866.60	0.304
866.89	-1.561
