180.30	0.000
180.67	0.000
181.03	446.575
181.40	-326.413
181.77	10704.533
182.14	-61.702
182.51	126.311
182.88	2922.087
183.25	-667.117
183.62	-120.220
183.99	48.547
184.36	-272.018
184.73	97.690
185.10	-92.696
185.46	62.911
185.83	88.519
186.20	6.886
186.57	242.948
186.94	-47.833
187.31	159.789
187.68	-168.872
188.05	73.048
188.42	73.502
188.78	72.967
189.15	59.800
189.52	65.367
189.89	53.530
190.26	35.749
190.63	46.368
191.00	47.822
191.37	49.156
191.73	52.380
192.10	54.350
192.47	43.336
192.84	39.421
193.21	24.981
193.58	28.404
193.94	33.399
194.31	22.411
194.68	19.086
195.05	12.453
195.42	-2.148
195.79	-3.880
196.15	-8.457
196.52	-1.121
196.89	-17.240
197.26	-1.857
197.63	-13.608
198.00	-24.357
198.36	-10.278
198.73	-10.246
199.10	-6.026
199.47	3.195
199.84	-0.877
200.20	11.194
200.57	-10.201
200.94	-6.734
201.31	-8.051
201.68	5.169
202.04	14.027
202.41	19.408
202.78	7.263
203.15	12.102
203.51	1.267
203.88	3.205
204.25	4.626
204.62	22.825
204.98	38.869
205.35	53.123
205.72	61.725
206.09	44.845
206.46	50.755
206.82	52.054
207.19	43.231
207.56	40.839
207.92	33.188
208.29	25.050
208.66	17.126
209.03	15.569
209.39	-10.317
209.76	-21.574
210.13	-20.408
210.50	-26.376
210.86	-2.532
211.23	17.676
211.60	25.122
211.96	38.749
212.33	39.080
212.70	44.022
213.07	42.511
213.43	47.285
213.80	46.301
214.17	39.587
214.53	37.807
214.90	29.994
215.27	24.984
215.63	22.645
216.00	13.940
216.37	13.591
216.74	4.523
217.10	4.353
217.47	-2.085
217.84	4.123
218.20	23.078
218.57	22.197
218.94	22.457
219.30	13.177
219.67	8.267
220.04	-5.218
220.40	-5.024
220.77	-16.088
221.13	-26.408
221.50	-35.662
221.87	-38.837
222.23	-45.739
222.60	-31.399
222.97	-35.094
223.33	-30.978
223.70	-21.196
224.07	-10.708
224.43	-7.118
224.80	-0.439
225.16	3.977
225.53	8.794
225.90	6.043
226.26	2.984
226.63	-0.226
226.99	0.049
227.36	1.746
227.73	-1.531
228.09	-3.522
228.46	-3.070
228.82	-1.806
229.19	-2.167
229.56	-4.349
229.92	-1.892
230.29	1.141
230.65	2.657
231.02	5.656
231.38	3.251
231.75	4.743
232.12	7.306
232.48	9.007
232.85	7.100
233.21	9.398
233.58	11.044
233.94	11.362
234.31	9.026
234.68	7.774
235.04	5.278
235.41	6.701
235.77	6.528
236.14	6.549
236.50	3.660
236.87	3.911
237.23	2.906
237.60	4.009
237.96	4.089
238.33	5.492
238.69	6.343
239.06	6.245
239.42	6.059
239.79	6.539
240.15	6.629
240.52	6.691
240.88	6.747
241.25	6.756
241.61	6.067
241.98	6.293
242.34	5.520
242.71	5.747
243.07	5.839
243.44	5.861
243.80	5.462
244.17	5.179
244.53	5.004
244.90	4.800
245.26	4.732
245.63	4.695
245.99	4.474
246.36	4.733
246.72	4.085
247.09	3.863
247.45	3.503
247.81	3.604
248.18	3.403
248.54	3.576
248.91	3.875
249.27	4.170
249.64	4.179
250.00	4.402
250.36	4.654
250.73	5.294
251.09	6.006
251.46	6.631
251.82	6.901
252.19	7.566
252.55	7.301
252.91	7.262
253.28	6.726
253.64	6.701
254.01	6.046
254.37	5.407
254.73	5.191
255.10	4.944
255.46	4.662
255.83	4.144
256.19	4.013
256.55	4.276
256.92	4.338
257.28	4.195
257.65	4.343
258.01	4.606
258.37	4.515
258.74	4.346
259.10	4.287
259.46	4.415
259.83	4.712
260.19	4.467
260.55	4.413
260.92	4.166
261.28	4.291
261.64	4.189
262.01	4.091
262.37	4.133
262.73	4.147
263.10	4.471
263.46	4.639
263.82	4.615
264.19	4.709
264.55	4.667
264.91	4.824
265.28	4.907
265.64	4.904
266.00	4.900
266.37	4.791
266.73	4.847
267.09	4.632
267.46	4.727
267.82	4.712
268.18	4.832
268.54	4.756
268.91	4.864
269.27	4.952
269.63	5.038
270.00	5.069
270.36	5.140
270.72	5.184
271.08	4.967
271.45	4.591
271.81	4.551
272.17	4.509
272.53	4.391
272.90	4.132
273.26	3.890
273.62	3.747
273.98	3.632
274.35	3.718
274.71	3.976
275.07	4.232
275.43	4.413
275.80	4.359
276.16	4.828
276.52	4.711
276.88	4.754
277.25	4.976
277.61	5.030
277.97	4.969
278.33	4.775
278.69	4.470
279.06	4.480
279.42	4.223
279.78	4.201
280.14	3.764
280.50	4.128
280.87	4.212
281.23	4.154
281.59	4.042
281.95	4.015
282.31	4.168
282.68	4.381
283.04	4.426
283.40	4.560
283.76	4.407
284.12	4.619
284.48	4.732
284.85	4.704
285.21	4.694
285.57	4.730
285.93	4.798
286.29	4.778
286.65	4.761
287.02	4.654
287.38	4.588
287.74	4.709
288.10	4.568
288.46	4.164
288.82	4.120
289.18	4.140
289.54	4.139
289.91	4.292
290.27	4.402
290.63	4.577
290.99	4.659
291.35	4.796
291.71	5.076
292.07	4.875
292.43	4.993
292.79	5.333
293.16	5.405
293.52	5.309
293.88	5.203
294.24	5.130
294.60	4.898
294.96	4.871
295.32	4.829
295.68	4.502
296.04	4.749
296.40	4.848
296.76	4.696
297.12	4.637
297.49	4.888
297.85	5.042
298.21	5.066
298.57	5.141
298.93	5.110
299.29	5.072
299.65	5.095
300.01	5.133
300.37	4.983
300.73	5.168
301.09	5.235
301.45	5.194
301.81	5.045
302.17	4.982
302.53	5.125
302.89	5.095
303.25	5.073
303.61	5.321
303.97	5.203
304.33	5.233
304.69	4.899
305.05	4.778
305.41	4.612
305.77	4.490
306.13	4.360
306.49	4.168
306.85	4.317
307.21	4.384
307.57	4.352
307.93	4.388
308.29	4.471
308.65	4.546
309.01	4.638
309.37	4.735
309.73	4.858
310.09	5.034
310.45	5.120
310.81	5.118
311.17	5.035
311.53	4.904
311.89	4.907
312.25	4.905
312.61	5.022
312.96	5.057
313.32	5.049
313.68	4.942
314.04	4.921
314.40	4.861
314.76	4.917
315.12	5.055
315.48	5.342
315.84	5.256
316.20	5.300
316.56	5.220
316.92	5.140
317.27	5.034
317.63	5.033
317.99	5.005
318.35	4.933
318.71	4.681
319.07	4.671
319.43	4.559
319.79	4.568
320.15	4.414
320.50	4.313
320.86	4.438
321.22	4.606
321.58	4.744
321.94	4.696
322.30	4.913
322.66	5.103
323.01	5.074
323.37	5.018
323.73	5.070
324.09	5.223
324.45	5.314
324.81	5.226
325.17	5.172
325.52	5.065
325.88	5.138
326.24	5.034
326.60	5.162
326.96	5.343
327.31	5.426
327.67	5.461
328.03	5.476
328.39	5.487
328.75	5.552
329.11	5.610
329.46	5.790
329.82	5.821
330.18	5.874
330.54	5.752
330.90	5.649
331.25	5.659
331.61	5.639
331.97	5.667
332.33	5.697
332.68	5.617
333.04	5.579
333.40	5.591
333.76	5.706
334.11	5.760
334.47	5.737
334.83	5.838
335.19	5.828
335.54	5.957
335.90	6.010
336.26	6.026
336.62	6.079
336.97	6.089
337.33	6.015
337.69	5.963
338.05	5.925
338.40	5.979
338.76	5.983
339.12	5.923
339.48	5.977
339.83	5.926
340.19	5.915
340.55	5.975
340.90	5.985
341.26	5.984
341.62	6.009
341.97	6.070
342.33	6.146
342.69	6.107
343.04	6.205
343.40	6.145
343.76	6.144
344.12	6.258
344.47	6.272
344.83	6.279
345.19	6.297
345.54	6.294
345.90	6.320
346.26	6.219
346.61	6.255
346.97	6.187
347.32	6.116
347.68	6.153
348.04	6.104
348.39	6.119
348.75	6.263
349.11	6.293
349.46	6.262
349.82	6.244
350.18	6.429
350.53	6.359
350.89	6.379
351.24	6.419
351.60	6.370
351.96	6.359
352.31	6.343
352.67	6.259
353.02	6.328
353.38	6.393
353.74	6.364
354.09	6.239
354.45	6.341
354.80	6.426
355.16	6.448
355.52	6.552
355.87	6.566
356.23	6.593
356.58	6.607
356.94	6.560
357.29	6.524
357.65	6.530
358.00	6.538
358.36	6.504
358.72	6.469
359.07	6.481
359.43	6.447
359.78	6.462
360.14	6.448
360.49	6.466
360.85	6.498
361.20	6.579
361.56	6.633
361.91	6.688
362.27	6.739
362.62	6.746
362.98	6.761
363.33	6.856
363.69	6.889
364.04	6.925
364.40	6.947
364.75	6.919
365.11	6.911
365.46	6.932
365.82	6.935
366.17	6.882
366.53	6.964
366.88	6.969
367.24	6.961
367.59	7.018
367.95	7.049
368.30	7.045
368.66	7.118
369.01	7.076
369.37	7.080
369.72	7.103
370.08	7.204
370.43	7.142
370.78	7.136
371.14	7.105
371.49	7.112
371.85	7.099
372.20	7.142
372.56	7.191
372.91	7.257
373.26	7.289
373.62	7.319
373.97	7.310
374.33	7.351
374.68	7.350
375.03	7.425
375.39	7.365
375.74	7.414
376.10	7.428
376.45	7.444
376.80	7.507
377.16	7.551
377.51	7.617
377.87	7.643
378.22	7.740
378.57	7.864
378.93	7.870
379.28	7.969
379.63	8.009
379.99	8.092
380.34	8.111
380.70	8.137
381.05	8.194
381.40	8.225
381.76	8.285
382.11	8.332
382.46	8.378
382.82	8.451
383.17	8.534
383.52	8.597
383.88	8.590
384.23	8.645
384.58	8.636
384.94	8.631
385.29	8.663
385.64	8.725
385.99	8.758
386.35	8.840
386.70	8.924
387.05	8.945
387.41	8.990
387.76	9.091
388.11	9.144
388.47	9.242
388.82	9.345
389.17	9.376
389.52	9.415
389.88	9.444
390.23	9.480
390.58	9.502
390.93	9.526
391.29	9.597
391.64	9.634
391.99	9.665
392.34	9.733
392.70	9.794
393.05	9.861
393.40	9.926
393.75	10.008
394.11	10.071
394.46	10.118
394.81	10.183
395.16	10.158
395.52	10.203
395.87	10.219
396.22	10.185
396.57	10.216
396.92	10.226
397.28	10.276
397.63	10.283
397.98	10.320
398.33	10.381
398.68	10.455
399.04	10.554
399.39	10.594
399.74	10.654
400.09	10.734
400.44	10.771
400.80	10.865
401.15	10.859
401.50	10.949
401.85	11.000
402.20	11.057
402.55	11.128
402.90	11.170
403.26	11.216
403.61	11.282
403.96	11.380
404.31	11.425
404.66	11.456
405.01	11.573
405.36	11.621
405.72	11.641
406.07	11.690
406.42	11.700
406.77	11.760
407.12	11.816
407.47	11.868
407.82	11.888
408.17	11.930
408.53	11.992
408.88	12.018
409.23	12.050
409.58	12.083
409.93	12.075
410.28	12.142
410.63	12.193
410.98	12.256
411.33	12.278
411.68	12.323
412.03	12.390
412.38	12.424
412.73	12.416
413.09	12.441
413.44	12.453
413.79	12.495
414.14	12.489
414.49	12.477
414.84	12.464
415.19	12.497
415.54	12.520
415.89	12.488
416.24	12.485
416.59	12.504
416.94	12.496
417.29	12.531
417.64	12.554
417.99	12.597
418.34	12.625
418.69	12.632
419.04	12.655
419.39	12.675
419.74	12.698
420.09	12.723
420.44	12.757
420.79	12.802
421.14	12.806
421.49	12.819
421.84	12.826
422.19	12.830
422.54	12.877
422.89	12.873
423.24	12.896
423.59	12.939
423.94	12.967
424.29	12.975
424.64	12.994
424.99	13.058
425.34	13.103
425.68	13.132
426.03	13.220
426.38	13.242
426.73	13.321
427.08	13.351
427.43	13.381
427.78	13.413
428.13	13.469
428.48	13.503
428.83	13.524
429.18	13.544
429.53	13.581
429.87	13.564
430.22	13.574
430.57	13.587
430.92	13.575
431.27	13.605
431.62	13.596
431.97	13.604
432.32	13.612
432.67	13.620
433.01	13.643
433.36	13.667
433.71	13.703
434.06	13.737
434.41	13.762
434.76	13.813
435.11	13.831
435.45	13.884
435.80	13.910
436.15	13.950
436.50	13.974
436.85	13.972
437.20	13.979
437.54	14.011
437.89	14.012
438.24	14.027
438.59	14.059
438.94	14.085
439.29	14.120
439.63	14.134
439.98	14.154
440.33	14.171
440.68	14.185
441.03	14.196
441.37	14.191
441.72	14.214
442.07	14.236
442.42	14.231
442.76	14.225
443.11	14.212
443.46	14.204
443.81	14.203
444.16	14.212
444.50	14.235
444.85	14.247
445.20	14.262
445.55	14.263
445.89	14.258
446.24	14.269
446.59	14.293
446.94	14.313
447.28	14.350
447.63	14.367
447.98	14.393
448.32	14.437
448.67	14.451
449.02	14.491
449.37	14.540
449.71	14.547
450.06	14.574
450.41	14.611
450.75	14.631
451.10	14.638
451.45	14.657
451.79	14.677
452.14	14.661
452.49	14.724
452.84	14.733
453.18	14.760
453.53	14.823
453.88	14.860
454.22	14.867
454.57	14.907
454.92	14.972
455.26	15.027
455.61	15.053
455.95	15.085
456.30	15.107
456.65	15.135
456.99	15.171
457.34	15.209
457.69	15.252
458.03	15.298
458.38	15.351
458.73	15.370
459.07	15.426
459.42	15.486
459.76	15.543
460.11	15.586
460.46	15.657
460.80	15.742
461.15	15.794
461.49	15.861
461.84	15.954
462.19	16.046
462.53	16.178
462.88	16.222
463.22	16.307
463.57	16.426
463.91	16.522
464.26	16.625
464.61	16.679
464.95	16.761
465.30	16.842
465.64	16.905
465.99	16.939
466.33	16.973
466.68	17.049
467.02	17.121
467.37	17.162
467.71	17.206
468.06	17.246
468.41	17.305
468.75	17.382
469.10	17.430
469.44	17.463
469.79	17.520
470.13	17.590
470.48	17.620
470.82	17.648
471.17	17.689
471.51	17.738
471.86	17.759
472.20	17.786
472.55	17.844
472.89	17.881
473.23	17.927
473.58	17.955
473.92	17.975
474.27	18.010
474.61	18.024
474.96	18.034
475.30	18.037
475.65	18.072
475.99	18.113
476.34	18.111
476.68	18.138
477.02	18.174
477.37	18.229
477.71	18.249
478.06	18.318
478.40	18.427
478.75	18.591
479.09	18.757
479.43	18.936
479.78	19.157
480.12	19.400
480.47	19.687
480.81	19.990
481.15	20.297
481.50	20.631
481.84	21.012
482.19	21.402
482.53	21.743
482.87	21.942
483.22	21.954
483.56	21.771
483.90	21.503
484.25	21.134
484.59	20.786
484.94	20.525
485.28	20.270
485.62	19.946
485.97	19.602
486.31	19.281
486.65	19.116
487.00	19.140
487.34	19.340
487.68	19.612
488.03	19.938
488.37	20.219
488.71	20.371
489.06	20.481
489.40	20.576
489.74	20.643
490.09	20.728
490.43	20.804
490.77	20.891
491.11	20.972
491.46	21.068
491.80	21.191
492.14	21.296
492.49	21.402
492.83	21.516
493.17	21.654
493.51	21.823
493.86	22.009
494.20	22.186
494.54	22.335
494.88	22.500
495.23	22.651
495.57	22.799
495.91	22.971
496.25	23.139
496.60	23.309
496.94	23.488
497.28	23.659
497.62	23.856
497.97	24.065
498.31	24.296
498.65	24.511
498.99	24.726
499.33	24.950
499.68	25.173
500.02	25.424
500.36	25.654
500.70	25.867
501.04	26.125
501.39	26.326
501.73	26.581
502.07	26.804
502.41	27.050
502.75	27.291
503.09	27.538
503.44	27.780
503.78	28.018
504.12	28.277
504.46	28.519
504.80	28.724
505.14	28.974
505.49	29.181
505.83	29.422
506.17	29.629
506.51	29.862
506.85	30.072
507.19	30.292
507.53	30.509
507.87	30.714
508.22	30.938
508.56	31.159
508.90	31.378
509.24	31.597
509.58	31.780
509.92	32.008
510.26	32.197
510.60	32.402
510.94	32.602
511.28	32.816
511.63	33.052
511.97	33.258
512.31	33.500
512.65	33.695
512.99	33.910
513.33	34.149
513.67	34.389
514.01	34.633
514.35	34.848
514.69	35.061
515.03	35.241
515.37	35.404
515.71	35.561
516.05	35.688
516.39	35.828
516.73	35.970
517.07	36.112
517.41	36.229
517.75	36.334
518.09	36.447
518.43	36.561
518.77	36.685
519.11	36.825
519.45	36.959
519.79	37.108
520.13	37.259
520.47	37.421
520.81	37.560
521.15	37.678
521.49	37.803
521.83	37.928
522.17	38.066
522.51	38.176
522.85	38.261
523.19	38.459
523.53	38.683
523.87	38.955
524.21	39.205
524.55	39.459
524.89	39.701
525.23	39.922
525.57	40.120
525.91	40.279
526.25	40.459
526.58	40.642
526.92	40.730
527.26	40.780
527.60	40.809
527.94	40.790
528.28	40.774
528.62	40.726
528.96	40.692
529.30	40.641
529.64	40.591
529.97	40.495
530.31	40.420
530.65	40.388
530.99	40.392
531.33	40.364
531.67	40.406
532.01	40.403
532.35	40.419
532.68	40.410
533.02	40.426
533.36	40.444
533.70	40.483
534.04	40.472
534.38	40.464
534.71	40.478
535.05	40.494
535.39	40.493
535.73	40.518
536.07	40.566
536.41	40.672
536.74	40.733
537.08	40.775
537.42	40.848
537.76	40.919
538.10	40.974
538.43	41.025
538.77	41.075
539.11	41.130
539.45	41.193
539.79	41.233
540.12	41.236
540.46	41.251
540.80	41.261
541.14	41.235
541.47	41.221
541.81	41.208
542.15	41.198
542.49	41.180
542.82	41.123
543.16	41.076
543.50	41.026
543.84	41.003
544.17	41.008
544.51	41.058
544.85	41.090
545.18	41.083
545.52	41.124
545.86	41.110
546.20	41.130
546.53	41.195
546.87	41.218
547.21	41.238
547.54	41.245
547.88	41.247
548.22	41.199
548.55	41.215
548.89	41.282
549.23	41.309
549.56	41.334
549.90	41.349
550.24	41.328
550.57	41.332
550.91	41.359
551.25	41.350
551.58	41.325
551.92	41.334
552.26	41.310
552.59	41.304
552.93	41.295
553.27	41.315
553.60	41.302
553.94	41.343
554.27	41.339
554.61	41.366
554.95	41.404
555.28	41.428
555.62	41.472
555.95	41.521
556.29	41.540
556.63	41.527
556.96	41.450
557.30	41.419
557.63	41.369
557.97	41.349
558.31	41.289
558.64	41.270
558.98	41.223
559.31	41.142
559.65	41.090
559.98	41.004
560.32	41.012
560.65	41.005
560.99	40.979
561.33	40.944
561.66	40.872
562.00	40.858
562.33	40.764
562.67	40.700
563.00	40.635
563.34	40.590
563.67	40.531
564.01	40.405
564.34	40.352
564.68	40.310
565.01	40.238
565.35	40.220
565.68	40.150
566.02	40.136
566.35	40.131
566.69	40.114
567.02	39.996
567.36	39.944
567.69	39.879
568.03	39.826
568.36	39.727
568.69	39.639
569.03	39.528
569.36	39.433
569.70	39.306
570.03	39.202
570.37	39.091
570.70	39.059
571.04	38.975
571.37	38.888
571.70	38.794
572.04	38.746
572.37	38.713
572.71	38.663
573.04	38.606
573.37	38.575
573.71	38.511
574.04	38.485
574.38	38.429
574.71	38.369
575.04	38.380
575.38	38.348
575.71	38.300
576.05	38.242
576.38	38.224
576.71	38.201
577.05	38.144
577.38	38.132
577.71	38.082
578.05	38.003
578.38	37.987
578.71	37.910
579.05	37.806
579.38	37.723
579.71	37.654
580.05	37.536
580.38	37.446
580.71	37.383
581.05	37.253
581.38	37.146
581.71	37.114
582.05	36.971
582.38	36.892
582.71	36.849
583.04	36.758
583.38	36.697
583.71	36.600
584.04	36.512
584.38	36.371
584.71	36.254
585.04	36.171
585.37	35.999
585.71	35.906
586.04	35.755
586.37	35.581
586.70	35.471
587.04	35.300
587.37	35.237
587.70	35.123
588.03	35.061
588.37	34.989
588.70	34.861
589.03	34.778
589.36	34.687
589.69	34.558
590.03	34.489
590.36	34.363
590.69	34.290
591.02	34.136
591.35	33.978
591.69	33.821
592.02	33.656
592.35	33.507
592.68	33.417
593.01	33.292
593.35	33.209
593.68	33.089
594.01	32.994
594.34	32.887
594.67	32.770
595.00	32.693
595.34	32.588
595.67	32.508
596.00	32.460
596.33	32.329
596.66	32.236
596.99	32.140
597.32	32.067
597.65	31.996
597.99	31.906
598.32	31.834
598.65	31.741
598.98	31.659
599.31	31.552
599.64	31.390
599.97	31.280
600.30	31.143
600.63	31.050
600.96	30.923
601.30	30.793
601.63	30.659
601.96	30.546
602.29	30.433
602.62	30.342
602.95	30.276
603.28	30.232
603.61	30.166
603.94	30.122
604.27	30.037
604.60	29.989
604.93	29.941
605.26	29.879
605.59	29.834
605.92	29.779
606.25	29.722
606.58	29.667
606.91	29.563
607.24	29.508
607.57	29.425
607.90	29.340
608.23	29.253
608.56	29.162
608.89	29.093
609.22	29.040
609.55	28.976
609.88	28.914
610.21	28.800
610.54	28.801
610.87	28.689
611.20	28.646
611.53	28.622
611.86	28.586
612.19	28.569
612.52	28.528
612.85	28.446
613.18	28.410
613.51	28.296
613.84	28.255
614.17	28.142
614.49	28.118
614.82	28.023
615.15	27.916
615.48	27.847
615.81	27.757
616.14	27.688
616.47	27.628
616.80	27.551
617.13	27.529
617.46	27.453
617.78	27.397
618.11	27.355
618.44	27.315
618.77	27.296
619.10	27.234
619.43	27.148
619.76	27.058
620.09	26.984
620.41	26.923
620.74	26.838
621.07	26.772
621.40	26.695
621.73	26.615
622.06	26.535
622.38	26.428
622.71	26.334
623.04	26.284
623.37	26.234
623.70	26.182
624.02	26.096
624.35	26.088
624.68	26.046
625.01	25.996
625.34	25.912
625.66	25.857
625.99	25.832
626.32	25.792
626.65	25.766
626.98	25.718
627.30	25.696
627.63	25.654
627.96	25.560
628.29	25.530
628.61	25.469
628.94	25.450
629.27	25.432
629.60	25.379
629.92	25.303
630.25	25.236
630.58	25.141
630.91	25.051
631.23	25.013
631.56	24.962
631.89	24.879
632.21	24.842
632.54	24.754
632.87	24.706
633.19	24.615
633.52	24.543
633.85	24.482
634.18	24.458
634.50	24.398
634.83	24.345
635.16	24.354
635.48	24.329
635.81	24.278
636.14	24.273
636.46	24.203
636.79	24.220
637.11	24.211
637.44	24.195
637.77	24.180
638.09	24.139
638.42	24.080
638.75	23.915
639.07	23.850
639.40	23.799
639.73	23.738
640.05	23.761
640.38	23.720
640.70	23.690
641.03	23.628
641.36	23.595
641.68	23.574
642.01	23.530
642.33	23.566
642.66	23.530
642.98	23.491
643.31	23.486
643.64	23.351
643.96	23.257
644.29	23.247
644.61	23.173
644.94	23.112
645.26	23.023
645.59	22.972
645.91	22.960
646.24	22.952
646.56	22.963
646.89	22.881
647.22	22.917
647.54	22.913
647.87	22.836
648.19	22.854
648.52	22.788
648.84	22.777
649.17	22.732
649.49	22.664
649.82	22.577
650.14	22.525
650.47	22.465
650.79	22.372
651.11	22.322
651.44	22.280
651.76	22.186
652.09	22.164
652.41	22.146
652.74	22.110
653.06	22.040
653.39	22.065
653.71	22.014
654.04	21.964
654.36	21.920
654.68	21.879
655.01	21.861
655.33	21.819
655.66	21.773
655.98	21.712
656.30	21.651
656.63	21.669
656.95	21.576
657.28	21.494
657.60	21.460
657.92	21.413
658.25	21.377
658.57	21.316
658.90	21.334
659.22	21.304
659.54	21.351
659.87	21.307
660.19	21.203
660.51	21.197
660.84	21.191
661.16	21.163
661.48	21.110
661.81	21.059
662.13	21.027
662.45	20.952
662.78	20.931
663.10	20.780
663.42	20.838
663.75	20.809
664.07	20.758
664.39	20.741
664.72	20.716
665.04	20.687
665.36	20.633
665.69	20.591
666.01	20.559
666.33	20.534
666.65	20.508
666.98	20.416
667.30	20.452
667.62	20.366
667.94	20.303
668.27	20.277
668.59	20.269
668.91	20.264
669.23	20.288
669.56	20.298
669.88	20.227
670.20	20.254
670.52	20.230
670.85	20.160
671.17	20.221
671.49	20.218
671.81	20.220
672.13	20.189
672.46	20.162
672.78	20.016
673.10	19.890
673.42	19.881
673.74	19.867
674.07	19.882
674.39	19.847
674.71	19.770
675.03	19.814
675.35	19.753
675.67	19.748
676.00	19.695
676.32	19.728
676.64	19.753
676.96	19.743
677.28	19.682
677.60	19.667
677.92	19.677
678.25	19.633
678.57	19.505
678.89	19.458
679.21	19.420
679.53	19.465
679.85	19.458
680.17	19.462
680.49	19.461
680.81	19.450
681.13	19.430
681.46	19.402
681.78	19.442
682.10	19.493
682.42	19.581
682.74	19.602
683.06	19.601
683.38	19.676
683.70	19.655
684.02	19.606
684.34	19.627
684.66	19.622
684.98	19.593
685.30	19.615
685.62	19.572
685.94	19.517
686.26	19.469
686.58	19.385
686.90	19.322
687.22	19.328
687.54	19.393
687.86	19.311
688.18	19.329
688.50	19.305
688.82	19.234
689.14	19.203
689.46	19.192
689.78	19.158
690.10	19.110
690.42	19.065
690.74	18.957
691.06	18.889
691.38	18.838
691.70	18.687
692.02	18.661
692.34	18.614
692.66	18.548
692.98	18.451
693.30	18.447
693.62	18.439
693.94	18.361
694.26	18.390
694.57	18.371
694.89	18.425
695.21	18.490
695.53	18.434
695.85	18.370
696.17	18.359
696.49	18.341
696.81	18.390
697.13	18.440
697.44	18.434
697.76	18.381
698.08	18.345
698.40	18.277
698.72	18.271
699.04	18.241
699.36	18.283
699.67	18.254
699.99	18.167
700.31	18.033
700.63	17.905
700.95	17.819
701.27	17.839
701.58	17.759
701.90	17.604
702.22	17.481
702.54	17.412
702.86	17.340
703.17	17.332
703.49	17.288
703.81	17.261
704.13	17.218
704.45	17.232
704.76	17.130
705.08	17.119
705.40	17.245
705.72	17.168
706.03	17.223
706.35	17.243
706.67	17.159
706.99	17.135
707.30	17.186
707.62	17.164
707.94	17.118
708.26	17.021
708.57	17.029
708.89	17.043
709.21	17.086
709.53	17.028
709.84	17.045
710.16	17.096
710.48	17.234
710.79	17.061
711.11	17.076
711.43	17.007
711.74	17.062
712.06	17.069
712.38	17.033
712.69	17.007
713.01	17.056
713.33	16.950
713.64	16.978
713.96	16.940
714.28	17.118
714.59	17.205
714.91	17.360
715.23	17.443
715.54	17.507
715.86	17.589
716.17	17.639
716.49	17.695
716.81	17.732
717.12	17.625
717.44	17.603
717.76	17.492
718.07	17.413
718.39	17.286
718.70	17.150
719.02	16.939
719.33	16.732
719.65	16.595
719.97	16.466
720.28	16.437
720.60	16.548
720.91	16.598
721.23	16.658
721.54	16.769
721.86	16.895
722.17	16.982
722.49	17.007
722.81	16.974
723.12	16.977
723.44	17.004
723.75	17.037
724.07	16.994
724.38	16.934
724.70	16.948
725.01	16.930
725.33	16.936
725.64	16.945
725.96	16.940
726.27	17.059
726.59	17.072
726.90	17.056
727.22	17.019
727.53	16.914
727.84	16.769
728.16	16.658
728.47	16.483
728.79	16.437
729.10	16.364
729.42	16.286
729.73	16.193
730.05	16.190
730.36	16.082
730.67	16.002
730.99	15.977
731.30	15.977
731.62	15.949
731.93	15.901
732.24	15.743
732.56	15.661
732.87	15.533
733.19	15.423
733.50	15.365
733.81	15.315
734.13	15.410
734.44	15.363
734.76	15.422
735.07	15.314
735.38	15.221
735.70	15.172
736.01	15.076
736.32	15.275
736.64	15.409
736.95	15.291
737.26	15.199
737.58	14.960
737.89	14.987
738.20	14.895
738.52	14.950
738.83	14.956
739.14	14.969
739.45	15.014
739.77	14.848
740.08	14.680
740.39	14.569
740.71	14.707
741.02	14.847
741.33	14.797
741.64	14.764
741.96	14.594
742.27	14.526
742.58	14.287
742.90	14.311
743.21	14.139
743.52	14.106
743.83	14.379
744.14	14.332
744.46	14.139
744.77	14.130
745.08	14.041
745.39	14.132
745.71	14.076
746.02	14.208
746.33	14.130
746.64	14.226
746.95	14.157
747.27	14.054
747.58	13.881
747.89	13.948
748.20	13.671
748.51	13.659
748.82	13.651
749.14	13.535
749.45	13.604
749.76	13.532
750.07	13.547
750.38	13.599
750.69	13.508
751.01	13.675
751.32	13.654
751.63	13.763
751.94	13.748
752.25	13.559
752.56	13.747
752.87	13.732
753.18	13.721
753.49	13.776
753.81	13.844
754.12	13.923
754.43	13.891
754.74	13.933
755.05	14.069
755.36	14.174
755.67	14.350
755.98	14.435
756.29	14.660
756.60	14.853
756.91	15.196
757.22	15.396
757.53	15.608
757.84	15.868
758.15	16.076
758.46	16.341
758.77	16.701
759.09	16.971
759.40	17.127
759.71	17.308
760.02	17.377
760.33	17.339
760.64	17.426
760.95	17.438
761.26	17.506
761.57	17.590
761.88	17.504
762.18	17.411
762.49	17.415
762.80	17.311
763.11	17.107
763.42	16.991
763.73	16.873
764.04	16.486
764.35	16.224
764.66	15.883
764.97	15.530
765.28	15.474
765.59	15.210
765.90	14.891
766.21	14.818
766.52	14.632
766.83	14.432
767.14	14.203
767.44	14.298
767.75	14.193
768.06	14.070
768.37	13.808
768.68	13.495
768.99	13.245
769.30	12.958
769.61	12.418
769.91	12.241
770.22	12.264
770.53	12.030
770.84	12.097
771.15	12.259
771.46	12.144
771.77	12.008
772.07	11.954
772.38	11.866
772.69	11.771
773.00	11.973
773.31	12.109
773.61	11.786
773.92	11.763
774.23	11.492
774.54	11.336
774.85	11.290
775.15	11.618
775.46	11.388
775.77	11.517
776.08	11.385
776.39	11.231
776.69	11.139
777.00	11.185
777.31	11.195
777.62	11.369
777.92	11.121
778.23	11.215
778.54	11.202
778.85	11.377
779.15	11.267
779.46	11.713
779.77	11.805
780.07	11.606
780.38	11.565
780.69	11.542
781.00	11.194
781.30	11.010
781.61	10.990
781.92	11.096
782.22	11.085
782.53	11.212
782.84	11.014
783.14	11.376
783.45	11.437
783.76	11.870
784.06	11.975
784.37	12.395
784.68	12.531
784.98	12.839
785.29	12.896
785.60	13.189
785.90	13.518
786.21	13.368
786.51	13.409
786.82	13.476
787.13	13.743
787.43	14.061
787.74	13.827
788.04	14.115
788.35	13.970
788.66	13.813
788.96	13.787
789.27	13.721
789.57	13.976
789.88	13.806
790.19	13.927
790.49	13.649
790.80	13.477
791.10	13.846
791.41	13.879
791.71	13.871
792.02	14.375
792.32	14.406
792.63	14.356
792.93	14.496
793.24	14.385
793.54	14.451
793.85	14.700
794.15	14.689
794.46	14.405
794.76	14.294
795.07	14.336
795.37	14.031
795.68	13.910
795.98	13.921
796.29	13.910
796.59	14.035
796.90	13.718
797.20	13.355
797.51	13.534
797.81	13.429
798.12	13.554
798.42	13.457
798.72	13.388
799.03	13.492
799.33	13.312
799.64	13.278
799.94	13.225
800.25	13.639
800.55	13.757
800.85	13.629
801.16	13.847
801.46	13.960
801.77	13.928
802.07	14.178
802.37	13.708
802.68	13.941
802.98	13.698
803.28	13.712
803.59	13.708
803.89	14.076
804.20	14.213
804.50	14.401
804.80	14.258
805.11	14.647
805.41	14.298
805.71	14.564
806.02	14.512
806.32	14.933
806.62	14.899
806.93	14.691
807.23	14.564
807.53	14.585
807.83	14.424
808.14	14.616
808.44	14.495
808.74	14.848
809.05	15.449
809.35	15.640
809.65	15.440
809.95	15.612
810.26	15.821
810.56	15.851
810.86	15.751
811.16	15.882
811.47	15.803
811.77	16.217
812.07	16.134
812.37	15.795
812.68	15.976
812.98	16.902
813.28	17.293
813.58	17.265
813.88	16.852
814.19	17.287
814.49	17.300
814.79	17.615
815.09	17.259
815.39	17.670
815.70	18.075
816.00	17.596
816.30	16.814
816.60	16.724
816.90	17.256
817.20	17.506
817.50	17.261
817.81	17.509
818.11	17.611
818.41	17.835
818.71	17.739
819.01	17.794
819.31	18.061
819.61	18.163
819.92	18.160
820.22	18.130
820.52	18.263
820.82	18.414
821.12	18.424
821.42	18.439
821.72	18.513
822.02	18.497
822.32	18.451
822.62	18.396
822.92	18.340
823.22	18.383
823.52	18.385
823.83	18.250
824.13	18.172
824.43	18.099
824.73	18.011
825.03	17.828
825.33	17.857
825.63	17.917
825.93	17.835
826.23	17.954
826.53	17.859
826.83	17.895
827.13	17.877
827.43	17.777
827.73	17.815
828.03	17.757
828.33	17.714
828.63	17.631
828.93	17.442
829.23	17.587
829.53	17.278
829.83	17.204
830.13	16.834
830.42	16.976
830.72	17.157
831.02	17.144
831.32	17.239
831.62	17.142
831.92	17.061
832.22	17.234
832.52	17.068
832.82	17.469
833.12	17.590
833.42	17.827
833.72	18.067
834.01	17.984
834.31	18.027
834.61	18.161
834.91	18.506
835.21	18.493
835.51	18.216
835.81	18.619
836.11	18.476
836.40	18.077
836.70	17.987
837.00	17.493
837.30	17.114
837.60	17.171
837.90	17.142
838.19	16.610
838.49	16.750
838.79	16.878
839.09	16.099
839.39	15.577
839.68	15.955
839.98	15.652
840.28	14.955
840.58	14.643
840.88	13.486
841.17	12.626
841.47	12.486
841.77	12.730
842.07	11.828
842.36	11.222
842.66	10.673
842.96	11.028
843.26	10.056
843.55	10.369
843.85	10.302
844.15	10.545
844.45	10.916
844.74	11.409
845.04	11.125
845.34	11.858
845.63	11.569
845.93	13.046
846.23	12.158
846.53	13.587
846.82	13.451
847.12	13.943
847.42	14.031
847.71	13.040
848.01	11.988
848.31	12.461
848.60	10.925
848.90	10.447
849.19	9.787
849.49	9.464
849.79	7.974
850.08	9.409
850.38	9.347
850.68	10.564
850.97	12.685
851.27	12.733
851.56	11.603
851.86	12.115
852.16	13.919
852.45	13.585
852.75	12.351
853.04	12.868
853.34	13.508
853.64	11.506
853.93	11.054
854.23	10.618
854.52	9.841
854.82	10.397
855.11	10.972
855.41	9.950
855.70	10.145
856.00	11.315
856.30	10.552
856.59	8.236
856.89	10.998
857.18	10.548
857.48	9.498
857.77	10.544
858.07	11.541
858.36	13.134
858.66	13.201
858.95	13.704
859.25	12.802
859.54	13.352
859.84	13.281
860.13	12.009
860.42	12.124
860.72	12.454
861.01	11.719
861.31	9.939
861.60	9.134
861.90	6.694
862.19	4.783
862.49	5.053
862.78	7.794
863.07	7.801
863.37	7.775
863.66	8.187
863.96	8.207
864.25	7.172
864.54	8.106
864.84	6.875
865.13	8.924
865.43	9.173
865.72	-2.634
866.01	17.558
866.31	-1.828
866.60	2.025
866.89	3.650
