180.30	0.000
180.67	0.000
181.03	227.897
181.40	-205.314
181.77	7259.467
182.14	23.412
182.51	6.360
182.88	1692.850
183.25	-357.215
183.62	79.058
183.99	-3.278
184.36	-400.302
184.73	62.733
185.10	175.718
185.46	86.224
185.83	201.846
186.20	-12.014
186.57	20.453
186.94	64.062
187.31	250.772
187.68	-415.669
188.05	61.038
188.42	58.230
188.78	57.096
189.15	47.409
189.52	60.406
189.89	30.820
190.26	26.434
190.63	24.612
191.00	17.021
191.37	24.833
191.73	29.140
192.10	26.788
192.47	14.341
192.84	10.606
193.21	6.404
193.58	9.584
193.94	13.492
194.31	1.863
194.68	13.046
195.05	2.547
195.42	-28.700
195.79	-31.086
196.15	-29.277
196.52	-24.673
196.89	-34.648
197.26	-19.846
197.63	-30.037
198.00	-36.945
198.36	-25.686
198.73	-26.232
199.10	-17.344
199.47	6.876
199.84	0.371
200.20	12.320
200.57	2.158
200.94	2.922
201.31	-8.664
201.68	17.393
202.04	19.386
202.41	17.474
202.78	10.179
203.15	5.318
203.51	-19.437
203.88	-4.885
204.25	-13.856
204.62	-3.863
204.98	1.081
205.35	11.370
205.72	2.011
206.09	0.636
206.46	9.037
206.82	9.252
207.19	-1.069
207.56	-0.697
207.92	-23.616
208.29	-19.392
208.66	-5.363
209.03	1.292
209.39	-22.946
209.76	-29.986
210.13	-31.375
210.50	-52.064
210.86	-41.686
211.23	-11.250
211.60	-5.281
211.96	10.019
212.33	-0.716
212.70	-1.012
213.07	-8.427
213.43	1.812
213.80	1.684
214.17	-5.166
214.53	8.828
214.90	7.565
215.27	0.300
215.63	-5.079
216.00	-8.299
216.37	7.208
216.74	-10.347
217.10	-20.191
217.47	-26.091
217.84	-15.964
218.20	10.486
218.57	9.245
218.94	4.877
219.30	-0.049
219.67	7.303
220.04	8.820
220.40	-8.078
220.77	-3.161
221.13	9.376
221.50	6.306
221.87	0.788
222.23	-10.636
222.60	-7.833
222.97	-10.008
223.33	-5.413
223.70	-7.681
224.07	-2.968
224.43	3.539
224.80	6.837
225.16	5.646
225.53	7.729
225.90	5.003
226.26	2.070
226.63	-0.236
226.99	0.715
227.36	0.093
227.73	-0.231
228.09	-3.733
228.46	-5.462
228.82	-4.223
229.19	-4.059
229.56	-5.601
229.92	-2.791
230.29	1.443
230.65	4.035
231.02	5.123
231.38	3.912
231.75	3.763
232.12	5.833
232.48	6.454
232.85	4.952
233.21	7.336
233.58	8.263
233.94	8.512
234.31	5.640
234.68	1.649
235.04	1.400
235.41	2.947
235.77	4.385
236.14	4.118
236.50	2.556
236.87	3.345
237.23	1.668
237.60	2.032
237.96	0.665
238.33	1.659
238.69	3.016
239.06	2.093
239.42	1.538
239.79	1.079
240.15	1.490
240.52	2.369
240.88	1.772
241.25	2.069
241.61	2.108
241.98	2.703
242.34	2.622
242.71	2.681
243.07	3.319
243.44	3.920
243.80	4.041
244.17	3.955
244.53	3.899
244.90	3.990
245.26	4.157
245.63	4.034
245.99	3.778
246.36	4.116
246.72	3.912
247.09	3.714
247.45	3.201
247.81	3.019
248.18	2.980
248.54	3.086
248.91	3.057
249.27	3.109
249.64	3.119
250.00	3.364
250.36	3.022
250.73	3.686
251.09	3.910
251.46	4.470
251.82	4.877
252.19	5.375
252.55	5.236
252.91	5.233
253.28	4.264
253.64	4.370
254.01	4.419
254.37	4.159
254.73	3.864
255.10	3.785
255.46	3.513
255.83	3.176
256.19	3.108
256.55	3.049
256.92	3.037
257.28	3.381
257.65	3.512
258.01	3.605
258.37	3.682
258.74	3.612
259.10	3.488
259.46	3.710
259.83	3.932
260.19	3.541
260.55	3.521
260.92	3.548
261.28	3.340
261.64	3.247
262.01	2.900
262.37	2.692
262.73	2.453
263.10	2.804
263.46	3.087
263.82	2.833
264.19	2.997
264.55	2.904
264.91	2.993
265.28	3.214
265.64	2.647
266.00	2.545
266.37	2.630
266.73	3.138
267.09	2.988
267.46	2.785
267.82	2.677
268.18	3.023
268.54	2.817
268.91	2.917
269.27	2.965
269.63	3.358
270.00	3.498
270.36	3.343
270.72	3.013
271.08	2.705
271.45	2.605
271.81	3.037
272.17	2.867
272.53	3.050
272.90	2.738
273.26	2.522
273.62	2.261
273.98	2.292
274.35	2.011
274.71	2.303
275.07	2.789
275.43	2.988
275.80	2.806
276.16	3.307
276.52	3.127
276.88	3.121
277.25	3.317
277.61	3.765
277.97	3.728
278.33	3.829
278.69	3.386
279.06	3.362
279.42	2.774
279.78	2.502
280.14	2.191
280.50	2.504
280.87	2.865
281.23	3.026
281.59	3.054
281.95	3.188
282.31	3.569
282.68	3.805
283.04	3.780
283.40	3.982
283.76	3.981
284.12	3.859
284.48	3.808
284.85	3.638
285.21	3.365
285.57	3.300
285.93	3.223
286.29	3.060
286.65	3.107
287.02	3.007
287.38	3.090
287.74	3.304
288.10	3.298
288.46	3.273
288.82	3.214
289.18	3.213
289.54	3.036
289.91	3.083
290.27	3.123
290.63	3.061
290.99	3.089
291.35	3.114
291.71	3.162
292.07	3.111
292.43	3.235
292.79	3.502
293.16	3.626
293.52	3.717
293.88	3.684
294.24	3.654
294.60	3.527
294.96	3.620
295.32	3.547
295.68	3.286
296.04	3.386
296.40	3.278
296.76	3.285
297.12	3.322
297.49	3.295
297.85	3.398
298.21	3.434
298.57	3.571
298.93	3.376
299.29	3.406
299.65	3.613
300.01	3.735
300.37	3.785
300.73	3.929
301.09	3.986
301.45	4.173
301.81	4.136
302.17	4.127
302.53	4.094
302.89	4.158
303.25	4.090
303.61	4.176
303.97	3.948
304.33	3.861
304.69	3.537
305.05	3.364
305.41	3.192
305.77	3.105
306.13	3.032
306.49	3.083
306.85	3.138
307.21	3.303
307.57	3.144
307.93	3.292
308.29	3.366
308.65	3.434
309.01	3.412
309.37	3.424
309.73	3.475
310.09	3.518
310.45	3.538
310.81	3.440
311.17	3.244
311.53	3.302
311.89	3.337
312.25	3.334
312.61	3.298
312.96	3.413
313.32	3.451
313.68	3.351
314.04	3.347
314.40	3.206
314.76	3.218
315.12	3.386
315.48	3.433
315.84	3.201
316.20	3.211
316.56	3.251
316.92	3.256
317.27	3.089
317.63	3.062
317.99	3.050
318.35	2.938
318.71	2.917
319.07	2.769
319.43	2.829
319.79	2.874
320.15	2.912
320.50	2.749
320.86	2.740
321.22	2.732
321.58	2.834
321.94	2.763
322.30	2.880
322.66	2.995
323.01	3.078
323.37	2.922
323.73	2.975
324.09	2.920
324.45	3.155
324.81	3.103
325.17	3.231
325.52	3.193
325.88	3.164
326.24	3.268
326.60	3.392
326.96	3.534
327.31	3.583
327.67	3.654
328.03	3.639
328.39	3.470
328.75	3.537
329.11	3.581
329.46	3.526
329.82	3.582
330.18	3.576
330.54	3.450
330.90	3.345
331.25	3.289
331.61	3.146
331.97	3.075
332.33	3.259
332.68	3.185
333.04	3.177
333.40	3.296
333.76	3.330
334.11	3.239
334.47	3.177
334.83	3.145
335.19	3.208
335.54	3.273
335.90	3.463
336.26	3.287
336.62	3.291
336.97	3.148
337.33	3.026
337.69	3.012
338.05	3.046
338.40	3.058
338.76	3.095
339.12	3.123
339.48	3.213
339.83	3.119
340.19	3.160
340.55	3.109
340.90	3.148
341.26	3.177
341.62	3.211
341.97	3.255
342.33	3.342
342.69	3.342
343.04	3.312
343.40	3.200
343.76	3.244
344.12	3.267
344.47	3.367
344.83	3.321
345.19	3.293
345.54	3.252
345.90	3.261
346.26	3.159
346.61	3.214
346.97	3.178
347.32	3.271
347.68	3.205
348.04	3.196
348.39	3.164
348.75	3.321
349.11	3.295
349.46	3.300
349.82	3.223
350.18	3.278
350.53	3.175
350.89	3.178
351.24	3.071
351.60	3.075
351.96	3.074
352.31	3.077
352.67	3.005
353.02	3.035
353.38	3.024
353.74	3.010
354.09	2.958
354.45	3.019
354.80	2.969
355.16	2.975
355.52	2.986
355.87	2.952
356.23	2.916
356.58	2.959
356.94	2.984
357.29	2.933
357.65	2.916
358.00	2.924
358.36	2.828
358.72	2.902
359.07	2.942
359.43	2.963
359.78	2.982
360.14	2.961
360.49	2.974
360.85	2.948
361.20	3.012
361.56	3.076
361.91	3.096
362.27	3.113
362.62	3.067
362.98	3.010
363.33	2.978
363.69	2.958
364.04	2.976
364.40	2.940
364.75	2.960
365.11	2.978
365.46	2.925
365.82	2.938
366.17	2.942
366.53	3.013
366.88	3.027
367.24	3.062
367.59	3.120
367.95	3.216
368.30	3.162
368.66	3.120
369.01	3.074
369.37	3.133
369.72	3.076
370.08	3.109
370.43	3.107
370.78	3.145
371.14	3.121
371.49	3.078
371.85	2.982
372.20	3.008
372.56	3.058
372.91	3.056
373.26	3.012
373.62	3.042
373.97	3.019
374.33	2.963
374.68	2.928
375.03	2.950
375.39	2.959
375.74	2.992
376.10	3.011
376.45	3.032
376.80	3.051
377.16	3.099
377.51	3.124
377.87	3.107
378.22	3.159
378.57	3.202
378.93	3.160
379.28	3.187
379.63	3.205
379.99	3.218
380.34	3.215
380.70	3.254
381.05	3.251
381.40	3.253
381.76	3.310
382.11	3.303
382.46	3.253
382.82	3.294
383.17	3.304
383.52	3.281
383.88	3.220
384.23	3.186
384.58	3.126
384.94	3.126
385.29	3.102
385.64	3.050
385.99	3.048
386.35	3.127
386.70	3.143
387.05	3.080
387.41	3.135
387.76	3.165
388.11	3.161
388.47	3.236
388.82	3.206
389.17	3.217
389.52	3.246
389.88	3.257
390.23	3.265
390.58	3.277
390.93	3.309
391.29	3.299
391.64	3.321
391.99	3.354
392.34	3.341
392.70	3.399
393.05	3.386
393.40	3.411
393.75	3.415
394.11	3.404
394.46	3.397
394.81	3.392
395.16	3.347
395.52	3.361
395.87	3.337
396.22	3.291
396.57	3.281
396.92	3.317
397.28	3.318
397.63	3.288
397.98	3.299
398.33	3.290
398.68	3.321
399.04	3.336
399.39	3.319
399.74	3.321
400.09	3.322
400.44	3.310
400.80	3.284
401.15	3.290
401.50	3.314
401.85	3.338
402.20	3.359
402.55	3.368
402.90	3.391
403.26	3.433
403.61	3.464
403.96	3.511
404.31	3.510
404.66	3.537
405.01	3.544
405.36	3.559
405.72	3.517
406.07	3.525
406.42	3.552
406.77	3.537
407.12	3.537
407.47	3.558
407.82	3.531
408.17	3.533
408.53	3.545
408.88	3.575
409.23	3.591
409.58	3.619
409.93	3.589
410.28	3.608
410.63	3.626
410.98	3.647
411.33	3.638
411.68	3.673
412.03	3.718
412.38	3.744
412.73	3.751
413.09	3.754
413.44	3.783
413.79	3.828
414.14	3.813
414.49	3.820
414.84	3.826
415.19	3.854
415.54	3.879
415.89	3.903
416.24	3.911
416.59	3.914
416.94	3.933
417.29	3.954
417.64	3.967
417.99	3.986
418.34	4.020
418.69	4.030
419.04	4.041
419.39	4.064
419.74	4.069
420.09	4.096
420.44	4.123
420.79	4.139
421.14	4.135
421.49	4.150
421.84	4.175
422.19	4.181
422.54	4.208
422.89	4.221
423.24	4.224
423.59	4.242
423.94	4.242
424.29	4.249
424.64	4.253
424.99	4.274
425.34	4.294
425.68	4.291
426.03	4.328
426.38	4.338
426.73	4.361
427.08	4.387
427.43	4.411
427.78	4.444
428.13	4.463
428.48	4.513
428.83	4.535
429.18	4.540
429.53	4.565
429.87	4.565
430.22	4.551
430.57	4.571
430.92	4.576
431.27	4.598
431.62	4.598
431.97	4.572
432.32	4.574
432.67	4.593
433.01	4.606
433.36	4.618
433.71	4.624
434.06	4.662
434.41	4.689
434.76	4.706
435.11	4.706
435.45	4.733
435.80	4.776
436.15	4.802
436.50	4.824
436.85	4.828
437.20	4.857
437.54	4.895
437.89	4.919
438.24	4.935
438.59	4.954
438.94	4.993
439.29	5.009
439.63	5.017
439.98	5.023
440.33	5.049
440.68	5.100
441.03	5.128
441.37	5.148
441.72	5.191
442.07	5.230
442.42	5.287
442.76	5.307
443.11	5.341
443.46	5.391
443.81	5.438
444.16	5.468
444.50	5.505
444.85	5.535
445.20	5.571
445.55	5.590
445.89	5.601
446.24	5.605
446.59	5.642
446.94	5.699
447.28	5.769
447.63	5.814
447.98	5.875
448.32	5.930
448.67	5.983
449.02	6.046
449.37	6.121
449.71	6.200
450.06	6.280
450.41	6.352
450.75	6.389
451.10	6.424
451.45	6.481
451.79	6.531
452.14	6.557
452.49	6.628
452.84	6.699
453.18	6.744
453.53	6.818
453.88	6.900
454.22	6.959
454.57	7.025
454.92	7.116
455.26	7.200
455.61	7.277
455.95	7.360
456.30	7.413
456.65	7.463
456.99	7.529
457.34	7.583
457.69	7.631
458.03	7.683
458.38	7.752
458.73	7.802
459.07	7.856
459.42	7.912
459.76	7.981
460.11	8.037
460.46	8.101
460.80	8.189
461.15	8.266
461.49	8.347
461.84	8.434
462.19	8.514
462.53	8.585
462.88	8.654
463.22	8.738
463.57	8.812
463.91	8.926
464.26	9.023
464.61	9.109
464.95	9.214
465.30	9.300
465.64	9.385
465.99	9.461
466.33	9.544
466.68	9.645
467.02	9.732
467.37	9.827
467.71	9.890
468.06	9.976
468.41	10.044
468.75	10.109
469.10	10.186
469.44	10.264
469.79	10.338
470.13	10.440
470.48	10.486
470.82	10.561
471.17	10.647
471.51	10.731
471.86	10.785
472.20	10.879
472.55	10.979
472.89	11.063
473.23	11.135
473.58	11.223
473.92	11.280
474.27	11.383
474.61	11.461
474.96	11.500
475.30	11.550
475.65	11.642
475.99	11.726
476.34	11.790
476.68	11.867
477.02	11.964
477.37	12.052
477.71	12.136
478.06	12.238
478.40	12.365
478.75	12.558
479.09	12.752
479.43	12.932
479.78	13.126
480.12	13.345
480.47	13.578
480.81	13.827
481.15	14.087
481.50	14.340
481.84	14.646
482.19	14.959
482.53	15.221
482.87	15.379
483.22	15.407
483.56	15.313
483.90	15.143
484.25	14.916
484.59	14.692
484.94	14.521
485.28	14.373
485.62	14.160
485.97	13.932
486.31	13.724
486.65	13.637
487.00	13.681
487.34	13.828
487.68	14.036
488.03	14.269
488.37	14.471
488.71	14.582
489.06	14.660
489.40	14.721
489.74	14.768
490.09	14.828
490.43	14.881
490.77	14.915
491.11	14.957
491.46	15.002
491.80	15.072
492.14	15.133
492.49	15.204
492.83	15.267
493.17	15.330
493.51	15.410
493.86	15.501
494.20	15.579
494.54	15.669
494.88	15.759
495.23	15.826
495.57	15.891
495.91	15.979
496.25	16.047
496.60	16.103
496.94	16.182
497.28	16.247
497.62	16.325
497.97	16.416
498.31	16.513
498.65	16.581
498.99	16.681
499.33	16.775
499.68	16.852
500.02	16.937
500.36	17.036
500.70	17.109
501.04	17.209
501.39	17.306
501.73	17.388
502.07	17.461
502.41	17.571
502.75	17.650
503.09	17.755
503.44	17.841
503.78	17.927
504.12	17.999
504.46	18.124
504.80	18.206
505.14	18.262
505.49	18.329
505.83	18.422
506.17	18.488
506.51	18.555
506.85	18.594
507.19	18.685
507.53	18.757
507.87	18.832
508.22	18.888
508.56	18.948
508.90	19.040
509.24	19.120
509.58	19.184
509.92	19.266
510.26	19.349
510.60	19.444
510.94	19.496
511.28	19.573
511.63	19.677
511.97	19.742
512.31	19.836
512.65	19.908
512.99	19.989
513.33	20.065
513.67	20.149
514.01	20.224
514.35	20.304
514.69	20.395
515.03	20.481
515.37	20.524
515.71	20.600
516.05	20.655
516.39	20.699
516.73	20.747
517.07	20.794
517.41	20.830
517.75	20.873
518.09	20.922
518.43	20.953
518.77	20.980
519.11	21.054
519.45	21.101
519.79	21.149
520.13	21.240
520.47	21.310
520.81	21.389
521.15	21.441
521.49	21.500
521.83	21.537
522.17	21.613
522.51	21.701
522.85	21.757
523.19	21.869
523.53	21.996
523.87	22.115
524.21	22.266
524.55	22.399
524.89	22.542
525.23	22.672
525.57	22.793
525.91	22.890
526.25	22.984
526.58	23.084
526.92	23.144
527.26	23.175
527.60	23.191
527.94	23.182
528.28	23.164
528.62	23.140
528.96	23.105
529.30	23.070
529.64	23.034
529.97	22.983
530.31	22.922
530.65	22.872
530.99	22.866
531.33	22.875
531.67	22.889
532.01	22.911
532.35	22.935
532.68	22.937
533.02	22.951
533.36	22.966
533.70	22.976
534.04	22.998
534.38	23.025
534.71	23.050
535.05	23.058
535.39	23.064
535.73	23.090
536.07	23.122
536.41	23.220
536.74	23.287
537.08	23.331
537.42	23.391
537.76	23.439
538.10	23.492
538.43	23.536
538.77	23.585
539.11	23.653
539.45	23.699
539.79	23.716
540.12	23.726
540.46	23.733
540.80	23.744
541.14	23.736
541.47	23.725
541.81	23.721
542.15	23.719
542.49	23.705
542.82	23.663
543.16	23.645
543.50	23.642
543.84	23.625
544.17	23.623
544.51	23.633
544.85	23.662
545.18	23.673
545.52	23.691
545.86	23.697
546.20	23.721
546.53	23.727
546.87	23.749
547.21	23.769
547.54	23.788
547.88	23.825
548.22	23.866
548.55	23.905
548.89	23.954
549.23	23.975
549.56	23.974
549.90	24.016
550.24	24.046
550.57	24.054
550.91	24.052
551.25	24.071
551.58	24.060
551.92	24.075
552.26	24.051
552.59	24.057
552.93	24.085
553.27	24.150
553.60	24.131
553.94	24.189
554.27	24.198
554.61	24.247
554.95	24.273
555.28	24.318
555.62	24.310
555.95	24.349
556.29	24.401
556.63	24.381
556.96	24.371
557.30	24.396
557.63	24.381
557.97	24.399
558.31	24.397
558.64	24.422
558.98	24.426
559.31	24.455
559.65	24.463
559.98	24.455
560.32	24.463
560.65	24.457
560.99	24.461
561.33	24.489
561.66	24.489
562.00	24.477
562.33	24.449
562.67	24.459
563.00	24.458
563.34	24.455
563.67	24.410
564.01	24.388
564.34	24.395
564.68	24.403
565.01	24.412
565.35	24.408
565.68	24.430
566.02	24.440
566.35	24.438
566.69	24.431
567.02	24.424
567.36	24.468
567.69	24.503
568.03	24.499
568.36	24.490
568.69	24.441
569.03	24.443
569.36	24.433
569.70	24.403
570.03	24.385
570.37	24.370
570.70	24.408
571.04	24.370
571.37	24.345
571.70	24.354
572.04	24.362
572.37	24.383
572.71	24.390
573.04	24.405
573.37	24.447
573.71	24.463
574.04	24.480
574.38	24.458
574.71	24.491
575.04	24.505
575.38	24.490
575.71	24.496
576.05	24.511
576.38	24.517
576.71	24.525
577.05	24.531
577.38	24.550
577.71	24.574
578.05	24.579
578.38	24.581
578.71	24.611
579.05	24.629
579.38	24.630
579.71	24.604
580.05	24.587
580.38	24.589
580.71	24.567
581.05	24.570
581.38	24.551
581.71	24.553
582.05	24.567
582.38	24.566
582.71	24.576
583.04	24.567
583.38	24.579
583.71	24.580
584.04	24.569
584.38	24.565
584.71	24.544
585.04	24.545
585.37	24.547
585.71	24.525
586.04	24.498
586.37	24.462
586.70	24.435
587.04	24.427
587.37	24.430
587.70	24.392
588.03	24.382
588.37	24.360
588.70	24.368
589.03	24.331
589.36	24.299
589.69	24.287
590.03	24.272
590.36	24.256
590.69	24.227
591.02	24.207
591.35	24.179
591.69	24.134
592.02	24.074
592.35	24.008
592.68	23.984
593.01	23.965
593.35	23.954
593.68	23.913
594.01	23.869
594.34	23.857
594.67	23.818
595.00	23.782
595.34	23.746
595.67	23.752
596.00	23.732
596.33	23.711
596.66	23.697
596.99	23.669
597.32	23.688
597.65	23.667
597.99	23.655
598.32	23.635
598.65	23.657
598.98	23.655
599.31	23.633
599.64	23.640
599.97	23.601
600.30	23.527
600.63	23.487
600.96	23.422
601.30	23.402
601.63	23.331
601.96	23.288
602.29	23.225
602.62	23.230
602.95	23.192
603.28	23.121
603.61	23.120
603.94	23.111
604.27	23.094
604.60	23.069
604.93	23.062
605.26	23.040
605.59	23.042
605.92	23.030
606.25	22.970
606.58	22.955
606.91	22.952
607.24	22.940
607.57	22.915
607.90	22.901
608.23	22.886
608.56	22.859
608.89	22.836
609.22	22.820
609.55	22.816
609.88	22.791
610.21	22.795
610.54	22.799
610.87	22.763
611.20	22.758
611.53	22.732
611.86	22.727
612.19	22.746
612.52	22.790
612.85	22.765
613.18	22.729
613.51	22.738
613.84	22.677
614.17	22.640
614.49	22.558
614.82	22.580
615.15	22.527
615.48	22.531
615.81	22.469
616.14	22.415
616.47	22.386
616.80	22.389
617.13	22.339
617.46	22.318
617.78	22.267
618.11	22.280
618.44	22.224
618.77	22.221
619.10	22.172
619.43	22.150
619.76	22.118
620.09	22.087
620.41	22.069
620.74	22.090
621.07	22.076
621.40	22.056
621.73	22.063
622.06	22.019
622.38	21.993
622.71	21.948
623.04	21.891
623.37	21.904
623.70	21.877
624.02	21.809
624.35	21.762
624.68	21.738
625.01	21.739
625.34	21.706
625.66	21.704
625.99	21.683
626.32	21.652
626.65	21.659
626.98	21.626
627.30	21.627
627.63	21.647
627.96	21.671
628.29	21.672
628.61	21.654
628.94	21.608
629.27	21.582
629.60	21.573
629.92	21.564
630.25	21.564
630.58	21.477
630.91	21.430
631.23	21.391
631.56	21.310
631.89	21.261
632.21	21.240
632.54	21.191
632.87	21.190
633.19	21.143
633.52	21.106
633.85	21.059
634.18	21.045
634.50	20.999
634.83	20.994
635.16	21.000
635.48	20.990
635.81	20.951
636.14	20.971
636.46	20.872
636.79	20.873
637.11	20.897
637.44	20.869
637.77	20.917
638.09	20.869
638.42	20.788
638.75	20.730
639.07	20.709
639.40	20.684
639.73	20.663
640.05	20.742
640.38	20.717
640.70	20.659
641.03	20.686
641.36	20.647
641.68	20.655
642.01	20.619
642.33	20.603
642.66	20.595
642.98	20.570
643.31	20.522
643.64	20.430
643.96	20.374
644.29	20.363
644.61	20.322
644.94	20.292
645.26	20.286
645.59	20.319
645.91	20.335
646.24	20.326
646.56	20.289
646.89	20.267
647.22	20.268
647.54	20.261
647.87	20.199
648.19	20.167
648.52	20.157
648.84	20.167
649.17	20.136
649.49	20.113
649.82	20.047
650.14	20.071
650.47	20.032
650.79	19.992
651.11	19.965
651.44	19.962
651.76	19.922
652.09	19.894
652.41	19.860
652.74	19.817
653.06	19.750
653.39	19.790
653.71	19.764
654.04	19.807
654.36	19.861
654.68	19.833
655.01	19.820
655.33	19.795
655.66	19.718
655.98	19.675
656.30	19.681
656.63	19.676
656.95	19.578
657.28	19.543
657.60	19.468
657.92	19.359
658.25	19.315
658.57	19.293
658.90	19.303
659.22	19.324
659.54	19.370
659.87	19.293
660.19	19.241
660.51	19.244
660.84	19.237
661.16	19.235
661.48	19.234
661.81	19.285
662.13	19.267
662.45	19.232
662.78	19.185
663.10	19.076
663.42	19.187
663.75	19.219
664.07	19.210
664.39	19.120
664.72	19.112
665.04	19.071
665.36	19.012
665.69	19.010
666.01	18.962
666.33	18.988
666.65	18.953
666.98	18.879
667.30	18.794
667.62	18.717
667.94	18.728
668.27	18.735
668.59	18.754
668.91	18.734
669.23	18.740
669.56	18.750
669.88	18.727
670.20	18.673
670.52	18.597
670.85	18.670
671.17	18.736
671.49	18.756
671.81	18.768
672.13	18.768
672.46	18.780
672.78	18.659
673.10	18.612
673.42	18.582
673.74	18.677
674.07	18.677
674.39	18.631
674.71	18.592
675.03	18.568
675.35	18.501
675.67	18.489
676.00	18.469
676.32	18.527
676.64	18.515
676.96	18.491
677.28	18.439
677.60	18.450
677.92	18.430
678.25	18.402
678.57	18.360
678.89	18.335
679.21	18.362
679.53	18.351
679.85	18.341
680.17	18.388
680.49	18.407
680.81	18.441
681.13	18.432
681.46	18.478
681.78	18.591
682.10	18.625
682.42	18.616
682.74	18.590
683.06	18.603
683.38	18.653
683.70	18.664
684.02	18.593
684.34	18.581
684.66	18.635
684.98	18.612
685.30	18.574
685.62	18.563
685.94	18.632
686.26	18.625
686.58	18.610
686.90	18.605
687.22	18.599
687.54	18.706
687.86	18.656
688.18	18.601
688.50	18.566
688.82	18.483
689.14	18.475
689.46	18.419
689.78	18.363
690.10	18.318
690.42	18.233
690.74	18.129
691.06	18.027
691.38	18.013
691.70	17.995
692.02	17.901
692.34	17.903
692.66	17.859
692.98	17.865
693.30	17.882
693.62	17.857
693.94	17.805
694.26	17.807
694.57	17.784
694.89	17.790
695.21	17.808
695.53	17.847
695.85	17.844
696.17	17.887
696.49	17.870
696.81	17.888
697.13	17.876
697.44	17.950
697.76	17.947
698.08	18.012
698.40	17.989
698.72	17.873
699.04	17.840
699.36	17.784
699.67	17.680
699.99	17.556
700.31	17.414
700.63	17.362
700.95	17.264
701.27	17.177
701.58	17.044
701.90	16.955
702.22	16.945
702.54	16.878
702.86	16.850
703.17	16.793
703.49	16.828
703.81	16.815
704.13	16.827
704.45	16.846
704.76	16.813
705.08	16.777
705.40	16.745
705.72	16.777
706.03	16.800
706.35	16.772
706.67	16.731
706.99	16.724
707.30	16.712
707.62	16.704
707.94	16.624
708.26	16.614
708.57	16.621
708.89	16.712
709.21	16.714
709.53	16.716
709.84	16.716
710.16	16.862
710.48	16.931
710.79	16.916
711.11	16.914
711.43	16.853
711.74	16.927
712.06	16.959
712.38	16.939
712.69	16.948
713.01	16.952
713.33	16.935
713.64	16.822
713.96	16.813
714.28	16.956
714.59	16.950
714.91	17.079
715.23	17.098
715.54	17.144
715.86	17.188
716.17	17.260
716.49	17.289
716.81	17.279
717.12	17.283
717.44	17.321
717.76	17.238
718.07	17.210
718.39	17.114
718.70	17.110
719.02	16.939
719.33	16.846
719.65	16.789
719.97	16.761
720.28	16.786
720.60	16.806
720.91	16.769
721.23	16.717
721.54	16.795
721.86	16.927
722.17	16.906
722.49	16.963
722.81	16.991
723.12	16.916
723.44	16.875
723.75	16.887
724.07	17.002
724.38	16.957
724.70	17.026
725.01	17.113
725.33	17.018
725.64	16.985
725.96	17.042
726.27	17.043
726.59	17.172
726.90	17.166
727.22	17.172
727.53	17.064
727.84	16.988
728.16	16.960
728.47	16.817
728.79	16.908
729.10	16.791
729.42	16.776
729.73	16.690
730.05	16.612
730.36	16.545
730.67	16.477
730.99	16.441
731.30	16.345
731.62	16.195
731.93	16.096
732.24	15.930
732.56	15.972
732.87	15.825
733.19	15.804
733.50	15.668
733.81	15.605
734.13	15.626
734.44	15.676
734.76	15.782
735.07	15.715
735.38	15.770
735.70	15.715
736.01	15.658
736.32	15.673
736.64	15.776
736.95	15.724
737.26	15.664
737.58	15.530
737.89	15.443
738.20	15.361
738.52	15.355
738.83	15.269
739.14	15.262
739.45	15.256
739.77	15.217
740.08	15.119
740.39	15.100
740.71	15.171
741.02	15.207
741.33	15.189
741.64	15.098
741.96	15.066
742.27	15.047
742.58	14.952
742.90	14.942
743.21	14.818
743.52	14.650
743.83	14.788
744.14	14.797
744.46	14.664
744.77	14.593
745.08	14.616
745.39	14.522
745.71	14.517
746.02	14.524
746.33	14.504
746.64	14.563
746.95	14.571
747.27	14.521
747.58	14.411
747.89	14.534
748.20	14.321
748.51	14.306
748.82	14.484
749.14	14.289
749.45	14.299
749.76	14.205
750.07	14.128
750.38	14.096
750.69	14.170
751.01	14.259
751.32	14.276
751.63	14.437
751.94	14.370
752.25	14.317
752.56	14.542
752.87	14.558
753.18	14.501
753.49	14.526
753.81	14.674
754.12	14.559
754.43	14.556
754.74	14.562
755.05	14.576
755.36	14.908
755.67	14.879
755.98	15.025
756.29	15.195
756.60	15.529
756.91	16.024
757.22	16.285
757.53	16.576
757.84	16.911
758.15	17.179
758.46	17.419
758.77	17.642
759.09	18.205
759.40	18.346
759.71	18.579
760.02	18.711
760.33	18.672
760.64	18.735
760.95	18.750
761.26	18.711
761.57	18.830
761.88	18.813
762.18	18.649
762.49	18.448
762.80	18.301
763.11	18.087
763.42	17.908
763.73	17.818
764.04	17.470
764.35	17.183
764.66	16.852
764.97	16.438
765.28	16.106
765.59	15.824
765.90	15.624
766.21	15.550
766.52	15.216
766.83	15.055
767.14	14.773
767.44	14.620
767.75	14.577
768.06	14.474
768.37	14.344
768.68	14.356
768.99	14.364
769.30	14.031
769.61	13.702
769.91	13.701
770.22	13.463
770.53	13.265
770.84	13.421
771.15	13.418
771.46	13.399
771.77	13.152
772.07	13.337
772.38	13.147
772.69	13.050
773.00	12.789
773.31	13.284
773.61	13.235
773.92	13.328
774.23	12.944
774.54	12.761
774.85	12.601
775.15	12.845
775.46	12.443
775.77	12.473
776.08	12.717
776.39	12.760
776.69	12.426
777.00	12.798
777.31	12.676
777.62	13.003
777.92	12.972
778.23	13.431
778.54	13.316
778.85	13.451
779.15	13.590
779.46	13.495
779.77	13.743
780.07	13.665
780.38	13.425
780.69	13.345
781.00	13.170
781.30	13.119
781.61	12.997
781.92	13.072
782.22	13.140
782.53	13.047
782.84	12.777
783.14	12.964
783.45	12.904
783.76	13.000
784.06	13.137
784.37	13.542
784.68	13.766
784.98	13.946
785.29	14.053
785.60	14.189
785.90	14.420
786.21	14.668
786.51	14.808
786.82	14.963
787.13	15.313
787.43	15.580
787.74	15.514
788.04	15.669
788.35	15.495
788.66	15.537
788.96	15.606
789.27	15.739
789.57	16.068
789.88	15.966
790.19	16.085
790.49	15.864
790.80	15.857
791.10	15.857
791.41	15.687
791.71	15.706
792.02	15.967
792.32	15.695
792.63	15.608
792.93	15.540
793.24	15.396
793.54	15.219
793.85	15.359
794.15	15.314
794.46	15.097
794.76	15.222
795.07	15.228
795.37	14.904
795.68	15.183
795.98	15.179
796.29	15.293
796.59	15.624
796.90	15.350
797.20	15.222
797.51	15.381
797.81	15.536
798.12	15.543
798.42	15.542
798.72	15.642
799.03	15.501
799.33	15.420
799.64	15.356
799.94	15.207
800.25	15.747
800.55	15.686
800.85	15.579
801.16	15.662
801.46	15.520
801.77	15.664
802.07	15.434
802.37	15.389
802.68	15.125
802.98	14.726
803.28	14.518
803.59	14.301
803.89	14.283
804.20	14.376
804.50	14.464
804.80	14.262
805.11	14.173
805.41	14.154
805.71	14.203
806.02	14.351
806.32	14.914
806.62	14.801
806.93	14.909
807.23	15.011
807.53	14.739
807.83	14.427
808.14	14.772
808.44	14.624
808.74	15.188
809.05	15.362
809.35	15.840
809.65	15.407
809.95	15.610
810.26	15.768
810.56	16.040
810.86	16.236
811.16	16.346
811.47	16.585
811.77	17.480
812.07	17.449
812.37	17.420
812.68	17.216
812.98	18.071
813.28	18.316
813.58	18.145
813.88	17.891
814.19	17.769
814.49	17.842
814.79	17.709
815.09	17.413
815.39	17.613
815.70	17.700
816.00	17.647
816.30	16.902
816.60	16.852
816.90	17.442
817.20	17.954
817.50	18.214
817.81	18.672
818.11	18.872
818.41	19.095
818.71	19.162
819.01	19.404
819.31	19.653
819.61	19.823
819.92	19.913
820.22	19.888
820.52	19.879
820.82	19.965
821.12	19.992
821.42	19.978
821.72	19.998
822.02	19.947
822.32	19.839
822.62	19.748
822.92	19.659
823.22	19.639
823.52	19.609
823.83	19.464
824.13	19.371
824.43	19.229
824.73	19.207
825.03	19.122
825.33	19.178
825.63	19.209
825.93	19.191
826.23	19.306
826.53	19.178
826.83	19.175
827.13	19.261
827.43	19.168
827.73	19.118
828.03	18.988
828.33	18.661
828.63	18.613
828.93	18.361
829.23	18.334
829.53	18.192
829.83	18.273
830.13	18.001
830.42	18.212
830.72	18.346
831.02	18.345
831.32	18.672
831.62	18.839
831.92	18.644
832.22	19.070
832.52	18.955
832.82	19.188
833.12	19.107
833.42	19.062
833.72	18.960
834.01	19.007
834.31	19.140
834.61	19.000
834.91	18.822
835.21	18.905
835.51	18.649
835.81	18.833
836.11	18.142
836.40	17.765
836.70	17.892
837.00	17.512
837.30	16.760
837.60	16.701
837.90	16.832
838.19	17.332
838.49	17.186
838.79	17.030
839.09	16.837
839.39	16.974
839.68	17.498
839.98	17.132
840.28	16.860
840.58	17.018
840.88	16.187
841.17	15.225
841.47	14.933
841.77	15.329
842.07	15.114
842.36	15.343
842.66	15.181
842.96	15.294
843.26	14.530
843.55	14.794
843.85	14.350
844.15	15.324
844.45	15.823
844.74	16.626
845.04	15.564
845.34	15.327
845.63	12.318
845.93	12.233
846.23	11.539
846.53	12.198
846.82	12.392
847.12	12.791
847.42	11.218
847.71	10.850
848.01	9.596
848.31	10.082
848.60	9.392
848.90	10.104
849.19	9.936
849.49	10.207
849.79	11.717
850.08	12.880
850.38	13.401
850.68	15.154
850.97	15.367
851.27	16.698
851.56	15.474
851.86	16.264
852.16	17.073
852.45	16.886
852.75	16.083
853.04	14.909
853.34	13.373
853.64	12.026
853.93	11.295
854.23	11.996
854.52	10.324
854.82	11.604
855.11	12.028
855.41	12.988
855.70	13.776
856.00	13.122
856.30	12.904
856.59	12.607
856.89	12.999
857.18	13.418
857.48	12.814
857.77	11.725
858.07	11.556
858.36	10.562
858.66	10.203
858.95	11.098
859.25	11.636
859.54	11.370
859.84	12.042
860.13	11.686
860.42	10.648
860.72	11.519
861.01	12.964
861.31	11.341
861.60	11.189
861.90	9.759
862.19	8.098
862.49	9.778
862.78	11.610
863.07	12.042
863.37	11.042
863.66	12.042
863.96	10.946
864.25	11.252
864.54	13.801
864.84	14.852
865.13	15.037
865.43	13.902
865.72	21.797
866.01	25.564
866.31	16.186
866.60	5.677
866.89	-5.237
