180.30	0.000
180.67	0.000
181.03	317.143
181.40	-46.475
181.77	1015.933
182.14	-71.464
182.51	7.693
182.88	-7213.612
183.25	271.606
183.62	32.040
183.99	67.076
184.36	-218.480
184.73	201.124
185.10	106.038
185.46	46.991
185.83	-152.144
186.20	145.489
186.57	-158.131
186.94	54.442
187.31	173.593
187.68	-269.419
188.05	30.675
188.42	57.354
188.78	49.363
189.15	44.990
189.52	47.816
189.89	45.404
190.26	33.569
190.63	50.974
191.00	32.331
191.37	28.721
191.73	23.914
192.10	21.058
192.47	14.515
192.84	14.467
193.21	6.006
193.58	10.667
193.94	3.868
194.31	-8.032
194.68	-13.715
195.05	-20.157
195.42	-46.113
195.79	-49.024
196.15	-36.677
196.52	-32.927
196.89	-50.057
197.26	-36.389
197.63	-50.390
198.00	-58.343
198.36	-36.698
198.73	-35.197
199.10	-25.760
199.47	-6.842
199.84	-7.428
200.20	-1.086
200.57	-25.268
200.94	-14.841
201.31	-22.198
201.68	2.040
202.04	16.297
202.41	22.013
202.78	21.483
203.15	24.987
203.51	12.985
203.88	8.946
204.25	-20.405
204.62	-2.437
204.98	9.106
205.35	19.607
205.72	12.828
206.09	-0.591
206.46	-14.013
206.82	-13.087
207.19	-23.079
207.56	-6.281
207.92	-15.384
208.29	3.691
208.66	-0.782
209.03	-12.757
209.39	-28.426
209.76	-31.205
210.13	-44.509
210.50	-38.312
210.86	-38.632
211.23	-18.174
211.60	-22.079
211.96	-3.947
212.33	-13.870
212.70	-8.148
213.07	-13.957
213.43	-3.172
213.80	-4.181
214.17	-5.516
214.53	-3.877
214.90	-1.201
215.27	-9.667
215.63	-15.019
216.00	-29.991
216.37	-28.474
216.74	-37.478
217.10	-41.829
217.47	-54.171
217.84	-51.762
218.20	-35.575
218.57	-28.829
218.94	-31.355
219.30	-31.018
219.67	-31.595
220.04	-21.827
220.40	-18.462
220.77	-28.978
221.13	-29.187
221.50	-33.142
221.87	-28.610
222.23	-27.367
222.60	-25.943
222.97	-23.584
223.33	-23.205
223.70	-22.620
224.07	-17.086
224.43	-10.853
224.80	-3.288
225.16	-1.353
225.53	-0.283
225.90	-4.609
226.26	-6.222
226.63	-8.337
226.99	-6.345
227.36	-6.043
227.73	-6.214
228.09	-9.242
228.46	-10.661
228.82	-11.121
229.19	-10.370
229.56	-12.203
229.92	-8.783
230.29	-7.870
230.65	-5.331
231.02	-5.535
231.38	-5.878
231.75	-4.079
232.12	-1.075
232.48	0.546
232.85	-0.333
233.21	1.097
233.58	2.794
233.94	2.857
234.31	1.128
234.68	-0.295
235.04	-1.854
235.41	-1.660
235.77	-1.604
236.14	-2.588
236.50	-5.351
236.87	-4.218
237.23	-5.234
237.60	-4.406
237.96	-4.939
238.33	-2.820
238.69	-2.481
239.06	-2.090
239.42	-1.815
239.79	-2.200
240.15	-1.731
240.52	-0.419
240.88	-0.575
241.25	-0.314
241.61	-0.456
241.98	-0.081
242.34	-0.572
242.71	-0.199
243.07	0.046
243.44	0.290
243.80	0.659
244.17	0.643
244.53	0.562
244.90	0.536
245.26	0.676
245.63	0.935
245.99	0.714
246.36	0.933
246.72	0.271
247.09	0.183
247.45	-0.052
247.81	-0.386
248.18	-0.688
248.54	-0.876
248.91	-1.071
249.27	-1.034
249.64	-1.429
250.00	-1.150
250.36	-0.979
250.73	-0.197
251.09	0.126
251.46	0.420
251.82	0.933
252.19	1.409
252.55	0.688
252.91	1.074
253.28	0.141
253.64	0.288
254.01	0.247
254.37	-0.208
254.73	-0.051
255.10	0.117
255.46	-0.022
255.83	-0.406
256.19	-0.388
256.55	-0.044
256.92	-0.197
257.28	0.079
257.65	0.350
258.01	0.450
258.37	0.322
258.74	0.067
259.10	-0.165
259.46	0.035
259.83	0.344
260.19	0.278
260.55	0.251
260.92	0.324
261.28	0.298
261.64	-0.210
262.01	-0.614
262.37	-0.793
262.73	-1.098
263.10	-1.137
263.46	-1.209
263.82	-1.269
264.19	-1.270
264.55	-1.177
264.91	-1.064
265.28	-0.651
265.64	-0.689
266.00	-0.542
266.37	-0.189
266.73	0.341
267.09	0.241
267.46	0.284
267.82	0.263
268.18	0.248
268.54	0.042
268.91	0.183
269.27	-0.055
269.63	0.135
270.00	0.170
270.36	0.067
270.72	-0.014
271.08	-0.011
271.45	-0.077
271.81	0.103
272.17	0.138
272.53	0.347
272.90	0.090
273.26	0.107
273.62	-0.162
273.98	-0.216
274.35	-0.196
274.71	-0.012
275.07	-0.001
275.43	0.145
275.80	0.028
276.16	0.244
276.52	-0.072
276.88	-0.040
277.25	-0.224
277.61	0.277
277.97	0.324
278.33	0.148
278.69	-0.145
279.06	0.130
279.42	-0.266
279.78	-0.295
280.14	-0.413
280.50	-0.186
280.87	-0.058
281.23	0.300
281.59	0.182
281.95	0.075
282.31	0.356
282.68	0.547
283.04	0.590
283.40	0.616
283.76	0.380
284.12	0.340
284.48	0.299
284.85	0.173
285.21	-0.037
285.57	-0.098
285.93	0.054
286.29	-0.035
286.65	-0.037
287.02	-0.091
287.38	0.110
287.74	0.376
288.10	0.331
288.46	0.250
288.82	0.193
289.18	0.187
289.54	0.147
289.91	0.221
290.27	0.312
290.63	0.317
290.99	0.153
291.35	0.198
291.71	0.481
292.07	0.549
292.43	0.719
292.79	1.274
293.16	1.457
293.52	1.786
293.88	1.896
294.24	2.111
294.60	2.046
294.96	2.306
295.32	2.432
295.68	2.127
296.04	2.302
296.40	2.526
296.76	2.554
297.12	2.771
297.49	2.873
297.85	3.065
298.21	3.080
298.57	3.458
298.93	3.737
299.29	3.915
299.65	4.263
300.01	4.586
300.37	4.650
300.73	4.834
301.09	4.930
301.45	5.179
301.81	5.184
302.17	5.235
302.53	5.395
302.89	5.411
303.25	5.457
303.61	5.767
303.97	5.880
304.33	6.092
304.69	6.154
305.05	6.169
305.41	5.983
305.77	6.150
306.13	6.200
306.49	6.362
306.85	6.528
307.21	6.750
307.57	6.718
307.93	6.693
308.29	6.756
308.65	6.731
309.01	6.891
309.37	7.144
309.73	7.130
310.09	7.219
310.45	7.159
310.81	7.083
311.17	6.799
311.53	6.775
311.89	6.862
312.25	6.824
312.61	6.867
312.96	6.841
313.32	6.779
313.68	6.833
314.04	6.836
314.40	6.724
314.76	6.752
315.12	7.084
315.48	7.236
315.84	7.181
316.20	7.222
316.56	7.223
316.92	7.206
317.27	7.027
317.63	6.941
317.99	7.001
318.35	7.033
318.71	6.989
319.07	6.877
319.43	6.840
319.79	6.823
320.15	6.768
320.50	6.649
320.86	6.778
321.22	6.879
321.58	6.841
321.94	6.780
322.30	6.772
322.66	6.882
323.01	6.837
323.37	6.708
323.73	6.685
324.09	6.775
324.45	6.870
324.81	6.719
325.17	6.795
325.52	6.896
325.88	6.894
326.24	6.965
326.60	6.999
326.96	7.167
327.31	7.213
327.67	7.316
328.03	7.263
328.39	7.119
328.75	7.099
329.11	7.082
329.46	7.060
329.82	7.073
330.18	7.088
330.54	6.914
330.90	6.801
331.25	6.757
331.61	6.613
331.97	6.615
332.33	6.775
332.68	6.667
333.04	6.565
333.40	6.574
333.76	6.580
334.11	6.411
334.47	6.405
334.83	6.289
335.19	6.348
335.54	6.455
335.90	6.465
336.26	6.407
336.62	6.476
336.97	6.323
337.33	6.213
337.69	6.138
338.05	6.213
338.40	6.157
338.76	6.215
339.12	6.098
339.48	6.006
339.83	5.933
340.19	5.884
340.55	5.810
340.90	5.874
341.26	5.814
341.62	5.861
341.97	5.895
342.33	5.945
342.69	5.947
343.04	5.953
343.40	5.870
343.76	5.900
344.12	5.888
344.47	5.961
344.83	5.921
345.19	5.943
345.54	5.919
345.90	5.912
346.26	5.821
346.61	5.806
346.97	5.796
347.32	5.845
347.68	5.749
348.04	5.764
348.39	5.682
348.75	5.835
349.11	5.813
349.46	5.709
349.82	5.629
350.18	5.674
350.53	5.562
350.89	5.563
351.24	5.484
351.60	5.417
351.96	5.371
352.31	5.404
352.67	5.256
353.02	5.295
353.38	5.272
353.74	5.278
354.09	5.265
354.45	5.336
354.80	5.243
355.16	5.256
355.52	5.278
355.87	5.198
356.23	5.089
356.58	5.115
356.94	5.064
357.29	5.125
357.65	5.039
358.00	5.077
358.36	5.032
358.72	5.120
359.07	5.102
359.43	5.084
359.78	5.106
360.14	5.147
360.49	5.142
360.85	5.156
361.20	5.163
361.56	5.182
361.91	5.107
362.27	5.097
362.62	5.019
362.98	4.972
363.33	4.983
363.69	4.948
364.04	4.904
364.40	4.920
364.75	4.893
365.11	4.854
365.46	4.827
365.82	4.791
366.17	4.728
366.53	4.712
366.88	4.711
367.24	4.740
367.59	4.784
367.95	4.821
368.30	4.790
368.66	4.787
369.01	4.779
369.37	4.820
369.72	4.830
370.08	4.875
370.43	4.862
370.78	4.817
371.14	4.758
371.49	4.745
371.85	4.740
372.20	4.730
372.56	4.702
372.91	4.635
373.26	4.567
373.62	4.523
373.97	4.505
374.33	4.492
374.68	4.488
375.03	4.508
375.39	4.450
375.74	4.424
376.10	4.342
376.45	4.307
376.80	4.293
377.16	4.296
377.51	4.288
377.87	4.246
378.22	4.236
378.57	4.269
378.93	4.238
379.28	4.271
379.63	4.264
379.99	4.300
380.34	4.317
380.70	4.356
381.05	4.373
381.40	4.355
381.76	4.361
382.11	4.389
382.46	4.323
382.82	4.315
383.17	4.291
383.52	4.294
383.88	4.227
384.23	4.210
384.58	4.126
384.94	4.098
385.29	4.130
385.64	4.118
385.99	4.082
386.35	4.151
386.70	4.107
387.05	4.097
387.41	4.084
387.76	4.081
388.11	4.051
388.47	4.079
388.82	4.061
389.17	4.072
389.52	4.058
389.88	4.041
390.23	4.009
390.58	4.009
390.93	3.979
391.29	3.942
391.64	3.972
391.99	3.954
392.34	3.966
392.70	3.967
393.05	3.896
393.40	3.889
393.75	3.865
394.11	3.828
394.46	3.823
394.81	3.799
395.16	3.759
395.52	3.709
395.87	3.644
396.22	3.580
396.57	3.505
396.92	3.486
397.28	3.460
397.63	3.444
397.98	3.434
398.33	3.432
398.68	3.415
399.04	3.416
399.39	3.395
399.74	3.455
400.09	3.444
400.44	3.452
400.80	3.421
401.15	3.419
401.50	3.403
401.85	3.407
402.20	3.380
402.55	3.374
402.90	3.374
403.26	3.395
403.61	3.378
403.96	3.375
404.31	3.372
404.66	3.393
405.01	3.361
405.36	3.367
405.72	3.317
406.07	3.319
406.42	3.290
406.77	3.261
407.12	3.237
407.47	3.230
407.82	3.201
408.17	3.162
408.53	3.136
408.88	3.123
409.23	3.098
409.58	3.072
409.93	3.029
410.28	3.023
410.63	3.016
410.98	3.020
411.33	2.972
411.68	2.961
412.03	2.985
412.38	3.001
412.73	3.003
413.09	3.005
413.44	3.020
413.79	3.044
414.14	3.056
414.49	3.065
414.84	3.050
415.19	3.067
415.54	3.097
415.89	3.097
416.24	3.108
416.59	3.116
416.94	3.119
417.29	3.113
417.64	3.100
417.99	3.107
418.34	3.099
418.69	3.100
419.04	3.104
419.39	3.121
419.74	3.126
420.09	3.108
420.44	3.106
420.79	3.096
421.14	3.084
421.49	3.083
421.84	3.082
422.19	3.082
422.54	3.081
422.89	3.070
423.24	3.038
423.59	3.029
423.94	3.026
424.29	3.007
424.64	3.001
424.99	3.012
425.34	3.013
425.68	2.991
426.03	2.991
426.38	2.970
426.73	2.983
427.08	2.961
427.43	2.952
427.78	2.947
428.13	2.945
428.48	2.954
428.83	2.945
429.18	2.947
429.53	2.941
429.87	2.932
430.22	2.925
430.57	2.912
430.92	2.919
431.27	2.920
431.62	2.906
431.97	2.904
432.32	2.891
432.67	2.890
433.01	2.874
433.36	2.883
433.71	2.876
434.06	2.880
434.41	2.883
434.76	2.895
435.11	2.881
435.45	2.885
435.80	2.876
436.15	2.885
436.50	2.890
436.85	2.885
437.20	2.882
437.54	2.886
437.89	2.869
438.24	2.868
438.59	2.854
438.94	2.864
439.29	2.863
439.63	2.868
439.98	2.874
440.33	2.865
440.68	2.874
441.03	2.864
441.37	2.851
441.72	2.861
442.07	2.859
442.42	2.875
442.76	2.863
443.11	2.860
443.46	2.854
443.81	2.833
444.16	2.831
444.50	2.825
444.85	2.826
445.20	2.828
445.55	2.815
445.89	2.789
446.24	2.758
446.59	2.761
446.94	2.747
447.28	2.741
447.63	2.738
447.98	2.722
448.32	2.726
448.67	2.713
449.02	2.705
449.37	2.694
449.71	2.699
450.06	2.691
450.41	2.663
450.75	2.664
451.10	2.636
451.45	2.646
451.79	2.640
452.14	2.611
452.49	2.600
452.84	2.577
453.18	2.565
453.53	2.556
453.88	2.554
454.22	2.554
454.57	2.547
454.92	2.568
455.26	2.543
455.61	2.554
455.95	2.571
456.30	2.587
456.65	2.605
456.99	2.608
457.34	2.600
457.69	2.611
458.03	2.607
458.38	2.601
458.73	2.590
459.07	2.596
459.42	2.587
459.76	2.569
460.11	2.541
460.46	2.516
460.80	2.531
461.15	2.528
461.49	2.493
461.84	2.482
462.19	2.477
462.53	2.472
462.88	2.446
463.22	2.431
463.57	2.436
463.91	2.468
464.26	2.480
464.61	2.466
464.95	2.464
465.30	2.472
465.64	2.467
465.99	2.462
466.33	2.462
466.68	2.478
467.02	2.483
467.37	2.477
467.71	2.447
468.06	2.439
468.41	2.426
468.75	2.437
469.10	2.428
469.44	2.419
469.79	2.404
470.13	2.410
470.48	2.381
470.82	2.371
471.17	2.349
471.51	2.334
471.86	2.323
472.20	2.313
472.55	2.305
472.89	2.307
473.23	2.326
473.58	2.332
473.92	2.315
474.27	2.319
474.61	2.313
474.96	2.310
475.30	2.293
475.65	2.279
475.99	2.285
476.34	2.287
476.68	2.291
477.02	2.270
477.37	2.273
477.71	2.268
478.06	2.281
478.40	2.317
478.75	2.356
479.09	2.419
479.43	2.477
479.78	2.524
480.12	2.571
480.47	2.627
480.81	2.688
481.15	2.747
481.50	2.805
481.84	2.869
482.19	2.929
482.53	2.985
482.87	3.001
483.22	2.994
483.56	2.967
483.90	2.917
484.25	2.849
484.59	2.788
484.94	2.732
485.28	2.679
485.62	2.610
485.97	2.539
486.31	2.469
486.65	2.429
487.00	2.410
487.34	2.417
487.68	2.422
488.03	2.443
488.37	2.446
488.71	2.442
489.06	2.438
489.40	2.424
489.74	2.389
490.09	2.378
490.43	2.361
490.77	2.334
491.11	2.298
491.46	2.288
491.80	2.267
492.14	2.237
492.49	2.210
492.83	2.172
493.17	2.137
493.51	2.127
493.86	2.089
494.20	2.063
494.54	2.041
494.88	2.036
495.23	2.025
495.57	2.017
495.91	2.032
496.25	2.024
496.60	2.019
496.94	2.016
497.28	2.015
497.62	2.016
497.97	2.009
498.31	2.005
498.65	1.979
498.99	1.971
499.33	1.962
499.68	1.947
500.02	1.931
500.36	1.918
500.70	1.909
501.04	1.903
501.39	1.879
501.73	1.885
502.07	1.883
502.41	1.899
502.75	1.888
503.09	1.880
503.44	1.881
503.78	1.889
504.12	1.897
504.46	1.910
504.80	1.904
505.14	1.911
505.49	1.906
505.83	1.923
506.17	1.924
506.51	1.931
506.85	1.934
507.19	1.941
507.53	1.932
507.87	1.929
508.22	1.921
508.56	1.925
508.90	1.936
509.24	1.932
509.58	1.924
509.92	1.912
510.26	1.897
510.60	1.899
510.94	1.884
511.28	1.883
511.63	1.881
511.97	1.889
512.31	1.889
512.65	1.874
512.99	1.868
513.33	1.881
513.67	1.896
514.01	1.924
514.35	1.929
514.69	1.950
515.03	1.979
515.37	1.990
515.71	2.000
516.05	2.006
516.39	2.014
516.73	2.033
517.07	2.020
517.41	2.013
517.75	1.993
518.09	1.986
518.43	1.967
518.77	1.936
519.11	1.938
519.45	1.921
519.79	1.896
520.13	1.888
520.47	1.861
520.81	1.866
521.15	1.866
521.49	1.875
521.83	1.873
522.17	1.890
522.51	1.924
522.85	1.924
523.19	1.959
523.53	2.019
523.87	2.059
524.21	2.101
524.55	2.136
524.89	2.172
525.23	2.208
525.57	2.243
525.91	2.273
526.25	2.291
526.58	2.309
526.92	2.319
527.26	2.319
527.60	2.316
527.94	2.307
528.28	2.296
528.62	2.282
528.96	2.256
529.30	2.232
529.64	2.206
529.97	2.180
530.31	2.159
530.65	2.131
530.99	2.115
531.33	2.106
531.67	2.106
532.01	2.093
532.35	2.082
532.68	2.076
533.02	2.069
533.36	2.051
533.70	2.039
534.04	2.024
534.38	2.009
534.71	1.983
535.05	1.953
535.39	1.920
535.73	1.912
536.07	1.902
536.41	1.919
536.74	1.920
537.08	1.935
537.42	1.948
537.76	1.969
538.10	1.985
538.43	2.006
538.77	2.029
539.11	2.056
539.45	2.072
539.79	2.080
540.12	2.074
540.46	2.079
540.80	2.072
541.14	2.058
541.47	2.043
541.81	2.030
542.15	2.013
542.49	1.984
542.82	1.951
543.16	1.923
543.50	1.901
543.84	1.873
544.17	1.835
544.51	1.816
544.85	1.794
545.18	1.777
545.52	1.761
545.86	1.733
546.20	1.724
546.53	1.704
546.87	1.665
547.21	1.634
547.54	1.602
547.88	1.591
548.22	1.573
548.55	1.572
548.89	1.571
549.23	1.564
549.56	1.560
549.90	1.566
550.24	1.560
550.57	1.578
550.91	1.574
551.25	1.585
551.58	1.584
551.92	1.585
552.26	1.577
552.59	1.548
552.93	1.535
553.27	1.528
553.60	1.486
553.94	1.490
554.27	1.449
554.61	1.450
554.95	1.439
555.28	1.441
555.62	1.427
555.95	1.426
556.29	1.429
556.63	1.431
556.96	1.423
557.30	1.431
557.63	1.421
557.97	1.440
558.31	1.456
558.64	1.479
558.98	1.459
559.31	1.467
559.65	1.462
559.98	1.463
560.32	1.461
560.65	1.460
560.99	1.478
561.33	1.490
561.66	1.507
562.00	1.491
562.33	1.483
562.67	1.494
563.00	1.509
563.34	1.517
563.67	1.516
564.01	1.522
564.34	1.530
564.68	1.539
565.01	1.543
565.35	1.538
565.68	1.543
566.02	1.545
566.35	1.559
566.69	1.563
567.02	1.571
567.36	1.577
567.69	1.571
568.03	1.566
568.36	1.564
568.69	1.557
569.03	1.561
569.36	1.563
569.70	1.549
570.03	1.546
570.37	1.537
570.70	1.535
571.04	1.531
571.37	1.534
571.70	1.547
572.04	1.534
572.37	1.530
572.71	1.524
573.04	1.530
573.37	1.550
573.71	1.531
574.04	1.530
574.38	1.512
574.71	1.520
575.04	1.516
575.38	1.497
575.71	1.499
576.05	1.493
576.38	1.492
576.71	1.458
577.05	1.413
577.38	1.418
577.71	1.394
578.05	1.382
578.38	1.355
578.71	1.332
579.05	1.305
579.38	1.298
579.71	1.274
580.05	1.249
580.38	1.242
580.71	1.247
581.05	1.217
581.38	1.221
581.71	1.216
582.05	1.201
582.38	1.230
582.71	1.279
583.04	1.262
583.38	1.268
583.71	1.283
584.04	1.297
584.38	1.300
584.71	1.313
585.04	1.342
585.37	1.365
585.71	1.373
586.04	1.352
586.37	1.323
586.70	1.324
587.04	1.329
587.37	1.321
587.70	1.325
588.03	1.327
588.37	1.326
588.70	1.289
589.03	1.277
589.36	1.278
589.69	1.245
590.03	1.236
590.36	1.223
590.69	1.243
591.02	1.236
591.35	1.206
591.69	1.214
592.02	1.229
592.35	1.235
592.68	1.234
593.01	1.243
593.35	1.286
593.68	1.292
594.01	1.291
594.34	1.280
594.67	1.276
595.00	1.289
595.34	1.271
595.67	1.248
596.00	1.227
596.33	1.203
596.66	1.177
596.99	1.139
597.32	1.117
597.65	1.133
597.99	1.110
598.32	1.080
598.65	1.052
598.98	1.024
599.31	1.007
599.64	1.028
599.97	1.053
600.30	1.056
600.63	1.077
600.96	1.079
601.30	1.085
601.63	1.102
601.96	1.130
602.29	1.157
602.62	1.188
602.95	1.195
603.28	1.171
603.61	1.147
603.94	1.135
604.27	1.118
604.60	1.107
604.93	1.066
605.26	1.046
605.59	1.015
605.92	0.989
606.25	0.956
606.58	0.935
606.91	0.934
607.24	0.959
607.57	0.980
607.90	0.997
608.23	0.974
608.56	0.989
608.89	0.947
609.22	0.943
609.55	0.896
609.88	0.869
610.21	0.844
610.54	0.813
610.87	0.738
611.20	0.687
611.53	0.630
611.86	0.613
612.19	0.565
612.52	0.534
612.85	0.483
613.18	0.500
613.51	0.476
613.84	0.455
614.17	0.450
614.49	0.448
614.82	0.428
615.15	0.426
615.48	0.423
615.81	0.410
616.14	0.435
616.47	0.454
616.80	0.442
617.13	0.437
617.46	0.433
617.78	0.419
618.11	0.402
618.44	0.407
618.77	0.363
619.10	0.358
619.43	0.358
619.76	0.335
620.09	0.297
620.41	0.295
620.74	0.286
621.07	0.303
621.40	0.276
621.73	0.285
622.06	0.302
622.38	0.339
622.71	0.337
623.04	0.350
623.37	0.382
623.70	0.418
624.02	0.435
624.35	0.474
624.68	0.484
625.01	0.559
625.34	0.569
625.66	0.573
625.99	0.566
626.32	0.589
626.65	0.569
626.98	0.552
627.30	0.526
627.63	0.521
627.96	0.497
628.29	0.457
628.61	0.412
628.94	0.398
629.27	0.352
629.60	0.371
629.92	0.329
630.25	0.349
630.58	0.324
630.91	0.346
631.23	0.314
631.56	0.318
631.89	0.350
632.21	0.348
632.54	0.342
632.87	0.360
633.19	0.331
633.52	0.328
633.85	0.331
634.18	0.327
634.50	0.304
634.83	0.300
635.16	0.285
635.48	0.257
635.81	0.212
636.14	0.203
636.46	0.158
636.79	0.141
637.11	0.130
637.44	0.099
637.77	0.090
638.09	0.040
638.42	-0.000
638.75	-0.015
639.07	-0.037
639.40	-0.068
639.73	-0.096
640.05	-0.088
640.38	-0.105
640.70	-0.124
641.03	-0.162
641.36	-0.173
641.68	-0.166
642.01	-0.156
642.33	-0.160
642.66	-0.140
642.98	-0.111
643.31	-0.100
643.64	-0.101
643.96	-0.103
644.29	-0.101
644.61	-0.067
644.94	-0.059
645.26	-0.007
645.59	0.031
645.91	0.062
646.24	0.054
646.56	0.036
646.89	0.032
647.22	0.059
647.54	0.059
647.87	0.073
648.19	0.057
648.52	0.091
648.84	0.082
649.17	0.060
649.49	0.060
649.82	0.045
650.14	0.074
650.47	0.083
650.79	0.061
651.11	0.065
651.44	0.072
651.76	0.042
652.09	0.013
652.41	-0.018
652.74	-0.018
653.06	-0.056
653.39	-0.048
653.71	-0.025
654.04	-0.020
654.36	-0.011
654.68	-0.000
655.01	0.020
655.33	0.054
655.66	0.056
655.98	0.067
656.30	0.094
656.63	0.118
656.95	0.128
657.28	0.119
657.60	0.094
657.92	0.071
658.25	0.088
658.57	0.077
658.90	0.067
659.22	0.051
659.54	0.035
659.87	-0.045
660.19	-0.097
660.51	-0.109
660.84	-0.127
661.16	-0.153
661.48	-0.211
661.81	-0.320
662.13	-0.355
662.45	-0.399
662.78	-0.447
663.10	-0.440
663.42	-0.367
663.75	-0.354
664.07	-0.387
664.39	-0.417
664.72	-0.421
665.04	-0.390
665.36	-0.346
665.69	-0.347
666.01	-0.350
666.33	-0.292
666.65	-0.309
666.98	-0.389
667.30	-0.382
667.62	-0.419
667.94	-0.390
668.27	-0.350
668.59	-0.333
668.91	-0.374
669.23	-0.364
669.56	-0.365
669.88	-0.410
670.20	-0.500
670.52	-0.503
670.85	-0.516
671.17	-0.489
671.49	-0.554
671.81	-0.621
672.13	-0.664
672.46	-0.645
672.78	-0.745
673.10	-0.796
673.42	-0.843
673.74	-0.722
674.07	-0.727
674.39	-0.755
674.71	-0.749
675.03	-0.724
675.35	-0.728
675.67	-0.669
676.00	-0.627
676.32	-0.530
676.64	-0.454
676.96	-0.373
677.28	-0.380
677.60	-0.326
677.92	-0.260
678.25	-0.221
678.57	-0.186
678.89	-0.161
679.21	-0.156
679.53	-0.146
679.85	-0.172
680.17	-0.156
680.49	-0.173
680.81	-0.175
681.13	-0.136
681.46	-0.135
681.78	-0.144
682.10	-0.176
682.42	-0.135
682.74	-0.142
683.06	-0.162
683.38	-0.114
683.70	-0.119
684.02	-0.109
684.34	-0.127
684.66	-0.135
684.98	-0.190
685.30	-0.140
685.62	-0.099
685.94	-0.099
686.26	-0.063
686.58	-0.032
686.90	-0.031
687.22	-0.037
687.54	-0.018
687.86	0.016
688.18	-0.039
688.50	-0.013
688.82	-0.108
689.14	-0.142
689.46	-0.180
689.78	-0.265
690.10	-0.371
690.42	-0.429
690.74	-0.489
691.06	-0.513
691.38	-0.544
691.70	-0.574
692.02	-0.645
692.34	-0.614
692.66	-0.650
692.98	-0.645
693.30	-0.607
693.62	-0.571
693.94	-0.566
694.26	-0.475
694.57	-0.460
694.89	-0.391
695.21	-0.278
695.53	-0.204
695.85	-0.183
696.17	-0.098
696.49	-0.080
696.81	-0.050
697.13	0.014
697.44	0.065
697.76	0.014
698.08	0.037
698.40	-0.002
698.72	-0.043
699.04	-0.109
699.36	-0.180
699.67	-0.268
699.99	-0.404
700.31	-0.511
700.63	-0.640
700.95	-0.780
701.27	-0.870
701.58	-1.058
701.90	-1.248
702.22	-1.419
702.54	-1.494
702.86	-1.574
703.17	-1.628
703.49	-1.533
703.81	-1.598
704.13	-1.610
704.45	-1.591
704.76	-1.589
705.08	-1.557
705.40	-1.575
705.72	-1.563
706.03	-1.494
706.35	-1.455
706.67	-1.507
706.99	-1.586
707.30	-1.616
707.62	-1.658
707.94	-1.681
708.26	-1.695
708.57	-1.662
708.89	-1.545
709.21	-1.565
709.53	-1.626
709.84	-1.628
710.16	-1.595
710.48	-1.473
710.79	-1.405
711.11	-1.327
711.43	-1.313
711.74	-1.274
712.06	-1.196
712.38	-1.200
712.69	-1.088
713.01	-0.976
713.33	-0.898
713.64	-0.830
713.96	-0.818
714.28	-0.637
714.59	-0.602
714.91	-0.503
715.23	-0.394
715.54	-0.330
715.86	-0.242
716.17	-0.150
716.49	-0.138
716.81	-0.087
717.12	-0.155
717.44	-0.181
717.76	-0.358
718.07	-0.393
718.39	-0.471
718.70	-0.504
719.02	-0.663
719.33	-0.782
719.65	-0.929
719.97	-0.919
720.28	-1.086
720.60	-1.074
720.91	-1.099
721.23	-1.052
721.54	-0.932
721.86	-0.888
722.17	-1.013
722.49	-0.985
722.81	-0.990
723.12	-1.022
723.44	-1.103
723.75	-0.975
724.07	-0.874
724.38	-0.813
724.70	-0.787
725.01	-0.791
725.33	-0.784
725.64	-0.631
725.96	-0.608
726.27	-0.571
726.59	-0.449
726.90	-0.415
727.22	-0.412
727.53	-0.457
727.84	-0.517
728.16	-0.644
728.47	-0.741
728.79	-0.783
729.10	-0.896
729.42	-0.979
729.73	-1.016
730.05	-1.039
730.36	-1.124
730.67	-1.218
730.99	-1.341
731.30	-1.459
731.62	-1.498
731.93	-1.556
732.24	-1.625
732.56	-1.692
732.87	-1.820
733.19	-1.905
733.50	-2.027
733.81	-2.113
734.13	-2.099
734.44	-2.185
734.76	-2.202
735.07	-2.374
735.38	-2.498
735.70	-2.589
736.01	-2.665
736.32	-2.627
736.64	-2.535
736.95	-2.697
737.26	-2.802
737.58	-2.916
737.89	-2.886
738.20	-2.966
738.52	-2.974
738.83	-3.041
739.14	-3.082
739.45	-3.142
739.77	-3.169
740.08	-3.434
740.39	-3.580
740.71	-3.522
741.02	-3.559
741.33	-3.598
741.64	-3.716
741.96	-3.769
742.27	-3.778
742.58	-3.950
742.90	-3.793
743.21	-3.985
743.52	-4.034
743.83	-3.813
744.14	-3.936
744.46	-4.164
744.77	-4.200
745.08	-4.048
745.39	-4.059
745.71	-4.224
746.02	-4.127
746.33	-4.348
746.64	-4.194
746.95	-4.153
747.27	-4.221
747.58	-4.183
747.89	-3.965
748.20	-4.160
748.51	-4.234
748.82	-4.062
749.14	-3.898
749.45	-3.829
749.76	-3.826
750.07	-4.081
750.38	-3.981
750.69	-3.906
751.01	-3.836
751.32	-3.863
751.63	-3.770
751.94	-3.742
752.25	-3.717
752.56	-3.750
752.87	-3.702
753.18	-3.778
753.49	-3.535
753.81	-3.676
754.12	-3.620
754.43	-3.556
754.74	-3.436
755.05	-3.319
755.36	-3.107
755.67	-2.905
755.98	-2.521
756.29	-2.318
756.60	-2.015
756.91	-1.601
757.22	-1.038
757.53	-0.737
757.84	-0.359
758.15	-0.100
758.46	0.360
758.77	0.594
759.09	0.739
759.40	0.909
759.71	1.136
760.02	1.312
760.33	1.390
760.64	1.441
760.95	1.456
761.26	1.384
761.57	1.416
761.88	1.286
762.18	1.248
762.49	1.227
762.80	1.047
763.11	0.785
763.42	0.654
763.73	0.476
764.04	0.124
764.35	-0.162
764.66	-0.481
764.97	-0.930
765.28	-1.123
765.59	-1.458
765.90	-1.885
766.21	-2.029
766.52	-2.190
766.83	-2.465
767.14	-2.835
767.44	-3.047
767.75	-3.207
768.06	-3.304
768.37	-3.428
768.68	-3.719
768.99	-3.917
769.30	-3.941
769.61	-4.293
769.91	-4.502
770.22	-4.597
770.53	-4.804
770.84	-4.551
771.15	-4.647
771.46	-4.655
771.77	-4.738
772.07	-4.553
772.38	-4.737
772.69	-4.836
773.00	-4.988
773.31	-4.607
773.61	-4.858
773.92	-4.758
774.23	-5.098
774.54	-5.090
774.85	-5.249
775.15	-5.199
775.46	-5.585
775.77	-5.392
776.08	-5.545
776.39	-5.673
776.69	-5.856
777.00	-5.547
777.31	-5.410
777.62	-5.299
777.92	-5.448
778.23	-5.322
778.54	-5.403
778.85	-5.253
779.15	-5.063
779.46	-4.878
779.77	-4.633
780.07	-4.992
780.38	-5.163
780.69	-5.282
781.00	-5.367
781.30	-5.418
781.61	-5.634
781.92	-5.313
782.22	-5.417
782.53	-5.641
782.84	-5.692
783.14	-5.667
783.45	-5.460
783.76	-5.268
784.06	-5.233
784.37	-4.907
784.68	-4.675
784.98	-4.242
785.29	-4.078
785.60	-3.630
785.90	-3.301
786.21	-3.229
786.51	-3.065
786.82	-3.118
787.13	-2.626
787.43	-2.284
787.74	-2.522
788.04	-2.381
788.35	-2.753
788.66	-3.026
788.96	-3.114
789.27	-2.968
789.57	-2.914
789.88	-2.694
790.19	-2.514
790.49	-3.146
790.80	-3.401
791.10	-3.211
791.41	-3.613
791.71	-3.168
792.02	-2.623
792.32	-2.871
792.63	-3.243
792.93	-3.106
793.24	-3.612
793.54	-3.776
793.85	-3.294
794.15	-3.220
794.46	-3.175
794.76	-2.774
795.07	-3.006
795.37	-3.210
795.68	-3.002
795.98	-2.813
796.29	-2.710
796.59	-2.285
796.90	-2.178
797.20	-2.449
797.51	-2.193
797.81	-2.241
798.12	-2.220
798.42	-1.835
798.72	-2.041
799.03	-2.037
799.33	-2.091
799.64	-2.047
799.94	-2.098
800.25	-2.078
800.55	-1.927
800.85	-2.282
801.16	-2.239
801.46	-2.018
801.77	-2.445
802.07	-2.591
802.37	-2.776
802.68	-2.685
802.98	-2.777
803.28	-2.753
803.59	-2.936
803.89	-2.925
804.20	-2.647
804.50	-2.633
804.80	-3.157
805.11	-2.572
805.41	-2.457
805.71	-2.202
806.02	-2.402
806.32	-2.442
806.62	-2.556
806.93	-2.302
807.23	-2.151
807.53	-2.638
807.83	-2.489
808.14	-2.301
808.44	-2.481
808.74	-1.864
809.05	-1.713
809.35	-1.209
809.65	-1.338
809.95	-1.065
810.26	-0.758
810.56	-0.610
810.86	-0.040
811.16	-0.404
811.47	0.213
811.77	0.412
812.07	0.116
812.37	-0.232
812.68	-0.551
812.98	0.218
813.28	0.175
813.58	0.101
813.88	-0.294
814.19	-0.462
814.49	-0.290
814.79	-0.550
815.09	-0.603
815.39	-0.423
815.70	0.107
816.00	-0.067
816.30	-0.512
816.60	-0.596
816.90	-0.092
817.20	0.157
817.50	0.712
817.81	1.284
818.11	1.672
818.41	2.052
818.71	2.220
819.01	2.447
819.31	2.700
819.61	2.984
819.92	3.157
820.22	3.167
820.52	3.322
820.82	3.370
821.12	3.382
821.42	3.404
821.72	3.448
822.02	3.475
822.32	3.403
822.62	3.373
822.92	3.287
823.22	3.254
823.52	3.248
823.83	3.151
824.13	3.077
824.43	2.950
824.73	2.835
825.03	2.625
825.33	2.567
825.63	2.703
825.93	2.682
826.23	2.605
826.53	2.519
826.83	2.482
827.13	2.457
827.43	2.387
827.73	2.580
828.03	2.541
828.33	2.437
828.63	2.459
828.93	2.201
829.23	2.247
829.53	2.135
829.83	2.330
830.13	1.913
830.42	1.902
830.72	1.847
831.02	1.671
831.32	1.610
831.62	1.781
831.92	1.670
832.22	1.675
832.52	1.574
832.82	1.805
833.12	1.534
833.42	1.834
833.72	2.077
834.01	2.255
834.31	2.265
834.61	2.429
834.91	2.553
835.21	2.417
835.51	2.295
835.81	2.378
836.11	2.019
836.40	2.117
836.70	2.285
837.00	1.738
837.30	1.274
837.60	1.337
837.90	1.668
838.19	1.552
838.49	1.393
838.79	1.188
839.09	1.123
839.39	1.034
839.68	0.996
839.98	0.389
840.28	-0.342
840.58	-0.729
840.88	-1.870
841.17	-2.726
841.47	-3.546
841.77	-3.722
842.07	-4.027
842.36	-4.792
842.66	-5.436
842.96	-5.329
843.26	-6.869
843.55	-7.643
843.85	-7.660
844.15	-7.547
844.45	-7.760
844.74	-7.995
845.04	-9.213
845.34	-9.214
845.63	-10.502
845.93	-8.501
846.23	-9.228
846.53	-8.042
846.82	-7.251
847.12	-7.503
847.42	-7.905
847.71	-8.264
848.01	-6.885
848.31	-4.275
848.60	-4.780
848.90	-4.438
849.19	-6.103
849.49	-4.755
849.79	-5.668
850.08	-4.762
850.38	-4.115
850.68	-2.253
850.97	-2.125
851.27	-3.549
851.56	-4.984
851.86	-4.145
852.16	-3.006
852.45	-1.045
852.75	-3.066
853.04	-2.474
853.34	-1.802
853.64	-3.297
853.93	-3.779
854.23	-2.912
854.52	-1.718
854.82	-1.202
855.11	-2.238
855.41	-2.216
855.70	-3.769
856.00	-1.947
856.30	-2.854
856.59	-3.179
856.89	-0.888
857.18	-2.128
857.48	-3.674
857.77	-5.558
858.07	-6.440
858.36	-6.516
858.66	-6.747
858.95	-6.446
859.25	-7.807
859.54	-6.861
859.84	-8.156
860.13	-8.283
860.42	-7.541
860.72	-6.176
861.01	-3.926
861.31	-5.310
861.60	-4.633
861.90	-6.446
862.19	-8.453
862.49	-9.372
862.78	-7.609
863.07	-7.480
863.37	-10.842
863.66	-11.342
863.96	-13.080
864.25	-13.715
864.54	-11.366
864.84	-10.929
865.13	-10.292
865.43	-10.938
865.72	-1.321
866.01	-1.330
866.31	-2.987
866.60	-15.153
866.89	-26.584
