180.30	0.000
180.67	0.000
181.03	-1683.697
181.40	17.226
181.77	222.483
182.14	210.137
182.51	-73.902
182.88	-6.044
183.25	-93.671
183.62	67.055
183.99	112.496
184.36	451.314
184.73	408.357
185.10	97.578
185.46	-6.474
185.83	83.557
186.20	101.149
186.57	70.492
186.94	139.099
187.31	41.561
187.68	78.620
188.05	-91.049
188.42	-265.536
188.78	319.422
189.15	91.014
189.52	73.308
189.89	50.270
190.26	56.729
190.63	18.772
191.00	28.252
191.37	29.173
191.73	33.250
192.10	18.637
192.47	26.841
192.84	6.169
193.21	6.795
193.58	-4.891
193.94	17.989
194.31	25.654
194.68	30.344
195.05	36.315
195.42	36.501
195.79	28.674
196.15	48.456
196.52	51.856
196.89	67.936
197.26	70.295
197.63	64.111
198.00	61.108
198.36	61.856
198.73	65.270
199.10	62.685
199.47	68.833
199.84	67.923
200.20	70.808
200.57	63.463
200.94	49.800
201.31	54.072
201.68	56.984
202.04	58.703
202.41	60.886
202.78	59.332
203.15	65.489
203.51	71.435
203.88	67.655
204.25	50.040
204.62	47.393
204.98	47.131
205.35	29.552
205.72	30.726
206.09	16.531
206.46	11.704
206.82	9.586
207.19	-12.894
207.56	-24.311
207.92	-13.739
208.29	-6.028
208.66	0.352
209.03	8.326
209.39	12.452
209.76	11.608
210.13	21.823
210.50	18.285
210.86	26.215
211.23	17.605
211.60	18.840
211.96	12.543
212.33	40.389
212.70	46.319
213.07	48.157
213.43	60.091
213.80	53.510
214.17	48.933
214.53	54.614
214.90	50.360
215.27	60.220
215.63	54.359
216.00	48.136
216.37	36.673
216.74	28.256
217.10	33.003
217.47	21.182
217.84	22.426
218.20	20.283
218.57	10.109
218.94	9.131
219.30	-5.264
219.67	-5.467
220.04	0.357
220.40	-4.169
220.77	-1.208
221.13	-5.260
221.50	3.901
221.87	3.507
222.23	1.233
222.60	10.758
222.97	15.515
223.33	18.935
223.70	16.145
224.07	12.138
224.43	14.918
224.80	10.475
225.16	10.089
225.53	8.488
225.90	8.332
226.26	8.849
226.63	7.134
226.99	4.748
227.36	5.991
227.73	7.585
228.09	7.906
228.46	6.622
228.82	7.691
229.19	8.285
229.56	7.959
229.92	7.923
230.29	8.823
230.65	8.224
231.02	9.904
231.38	11.426
231.75	10.097
232.12	9.456
232.48	10.509
232.85	10.826
233.21	8.662
233.58	8.918
233.94	11.006
234.31	9.266
234.68	10.537
235.04	12.715
235.41	11.086
235.77	10.677
236.14	10.665
236.50	10.102
236.87	10.378
237.23	11.529
237.60	10.801
237.96	9.132
238.33	9.256
238.69	7.822
239.06	5.566
239.42	5.616
239.79	5.706
240.15	6.534
240.52	5.747
240.88	4.872
241.25	5.216
241.61	4.906
241.98	5.034
242.34	4.773
242.71	4.876
243.07	5.373
243.44	5.246
243.80	5.129
244.17	4.906
244.53	5.141
244.90	5.580
245.26	5.540
245.63	5.908
245.99	6.002
246.36	6.413
246.72	6.550
247.09	6.420
247.45	6.619
247.81	7.238
248.18	7.409
248.54	7.430
248.91	7.244
249.27	6.770
249.64	6.561
250.00	5.846
250.36	5.632
250.73	5.851
251.09	6.446
251.46	6.717
251.82	5.724
252.19	5.638
252.55	5.857
252.91	6.379
253.28	6.538
253.64	6.689
254.01	7.322
254.37	7.944
254.73	7.398
255.10	6.729
255.46	6.291
255.83	6.604
256.19	6.208
256.55	6.206
256.92	5.846
257.28	5.737
257.65	5.929
258.01	5.678
258.37	5.423
258.74	5.294
259.10	5.338
259.46	5.247
259.83	5.378
260.19	5.785
260.55	5.638
260.92	5.630
261.28	5.666
261.64	5.291
262.01	5.372
262.37	5.781
262.73	5.974
263.10	5.881
263.46	6.040
263.82	5.551
264.19	5.428
264.55	5.628
264.91	5.976
265.28	5.674
265.64	5.813
266.00	5.787
266.37	5.254
266.73	5.095
267.09	4.900
267.46	4.952
267.82	5.032
268.18	4.813
268.54	4.536
268.91	4.306
269.27	4.423
269.63	4.212
270.00	4.396
270.36	4.545
270.72	4.834
271.08	5.147
271.45	5.262
271.81	5.284
272.17	5.058
272.53	5.012
272.90	4.798
273.26	4.818
273.62	5.054
273.98	5.107
274.35	4.955
274.71	4.954
275.07	4.726
275.43	4.586
275.80	4.869
276.16	5.349
276.52	5.491
276.88	5.541
277.25	5.448
277.61	5.395
277.97	5.347
278.33	5.314
278.69	5.324
279.06	5.104
279.42	4.708
279.78	4.635
280.14	4.703
280.50	4.552
280.87	4.767
281.23	4.964
281.59	4.929
281.95	4.431
282.31	4.683
282.68	4.694
283.04	4.902
283.40	4.944
283.76	4.704
284.12	4.447
284.48	4.447
284.85	4.490
285.21	4.313
285.57	4.090
285.93	4.311
286.29	4.451
286.65	4.710
287.02	4.882
287.38	4.856
287.74	5.048
288.10	5.139
288.46	5.374
288.82	5.192
289.18	5.301
289.54	5.507
289.91	5.442
290.27	5.216
290.63	4.848
290.99	4.638
291.35	4.855
291.71	4.870
292.07	4.827
292.43	4.881
292.79	5.100
293.16	4.935
293.52	4.900
293.88	5.170
294.24	5.124
294.60	5.081
294.96	4.972
295.32	4.738
295.68	4.730
296.04	4.849
296.40	4.698
296.76	4.688
297.12	4.832
297.49	4.893
297.85	4.703
298.21	4.580
298.57	4.770
298.93	4.949
299.29	5.347
299.65	5.160
300.01	5.012
300.37	5.278
300.73	5.204
301.09	5.134
301.45	5.005
301.81	5.094
302.17	5.175
302.53	5.190
302.89	5.134
303.25	5.099
303.61	5.165
303.97	5.168
304.33	5.092
304.69	5.090
305.05	5.224
305.41	5.299
305.77	5.606
306.13	5.752
306.49	5.480
306.85	5.503
307.21	5.414
307.57	5.255
307.93	5.251
308.29	5.243
308.65	5.122
309.01	5.040
309.37	5.183
309.73	4.953
310.09	4.792
310.45	4.943
310.81	5.030
311.17	4.908
311.53	5.102
311.89	5.160
312.25	4.954
312.61	5.104
312.96	5.072
313.32	4.696
313.68	4.479
314.04	4.522
314.40	4.388
314.76	4.319
315.12	4.399
315.48	4.286
315.84	4.152
316.20	4.326
316.56	4.190
316.92	4.193
317.27	4.378
317.63	4.649
317.99	4.574
318.35	4.485
318.71	4.314
319.07	4.365
319.43	4.378
319.79	4.550
320.15	4.230
320.50	4.202
320.86	4.214
321.22	4.273
321.58	3.997
321.94	4.015
322.30	4.040
322.66	4.136
323.01	4.107
323.37	4.067
323.73	4.009
324.09	4.268
324.45	4.403
324.81	4.471
325.17	4.441
325.52	4.653
325.88	4.640
326.24	4.606
326.60	4.547
326.96	4.494
327.31	4.447
327.67	4.457
328.03	4.447
328.39	4.435
328.75	4.423
329.11	4.462
329.46	4.486
329.82	4.610
330.18	4.619
330.54	4.706
330.90	4.776
331.25	5.057
331.61	4.996
331.97	4.957
332.33	5.025
332.68	4.961
333.04	4.969
333.40	5.026
333.76	5.069
334.11	5.326
334.47	5.328
334.83	5.383
335.19	5.308
335.54	5.412
335.90	5.607
336.26	5.505
336.62	5.517
336.97	5.555
337.33	5.418
337.69	5.284
338.05	5.127
338.40	5.176
338.76	5.238
339.12	5.294
339.48	5.187
339.83	5.038
340.19	5.139
340.55	5.239
340.90	5.313
341.26	5.521
341.62	5.654
341.97	5.725
342.33	5.598
342.69	5.670
343.04	5.565
343.40	5.681
343.76	5.720
344.12	5.761
344.47	5.805
344.83	5.789
345.19	5.743
345.54	5.730
345.90	5.720
346.26	5.837
346.61	5.714
346.97	5.860
347.32	5.792
347.68	5.766
348.04	5.672
348.39	5.612
348.75	5.548
349.11	5.475
349.46	5.433
349.82	5.383
350.18	5.330
350.53	5.296
350.89	5.231
351.24	5.202
351.60	5.203
351.96	5.235
352.31	5.264
352.67	5.161
353.02	5.287
353.38	5.399
353.74	5.502
354.09	5.500
354.45	5.559
354.80	5.618
355.16	5.718
355.52	5.757
355.87	5.818
356.23	5.851
356.58	5.985
356.94	5.899
357.29	5.910
357.65	5.910
358.00	5.967
358.36	6.005
358.72	5.997
359.07	5.959
359.43	5.979
359.78	5.916
360.14	5.871
360.49	5.824
360.85	5.838
361.20	5.774
361.56	5.789
361.91	5.754
362.27	5.760
362.62	5.671
362.98	5.734
363.33	5.733
363.69	5.766
364.04	5.742
364.40	5.759
364.75	5.760
365.11	5.753
365.46	5.720
365.82	5.751
366.17	5.661
366.53	5.689
366.88	5.668
367.24	5.625
367.59	5.564
367.95	5.652
368.30	5.750
368.66	5.801
369.01	5.887
369.37	5.978
369.72	6.075
370.08	6.193
370.43	6.265
370.78	6.331
371.14	6.432
371.49	6.627
371.85	6.758
372.20	6.808
372.56	6.901
372.91	6.943
373.26	7.026
373.62	7.029
373.97	7.041
374.33	7.088
374.68	7.067
375.03	7.152
375.39	7.157
375.74	7.125
376.10	7.210
376.45	7.261
376.80	7.336
377.16	7.361
377.51	7.430
377.87	7.613
378.22	7.761
378.57	7.989
378.93	8.128
379.28	8.242
379.63	8.457
379.99	8.579
380.34	8.739
380.70	8.873
381.05	9.058
381.40	9.286
381.76	9.415
382.11	9.538
382.46	9.637
382.82	9.720
383.17	9.911
383.52	9.977
383.88	10.076
384.23	10.225
384.58	10.359
384.94	10.481
385.29	10.565
385.64	10.628
385.99	10.691
386.35	10.753
386.70	10.875
387.05	10.940
387.41	11.028
387.76	11.190
388.11	11.307
388.47	11.434
388.82	11.593
389.17	11.736
389.52	11.931
389.88	12.156
390.23	12.357
390.58	12.526
390.93	12.699
391.29	12.843
391.64	12.958
391.99	13.034
392.34	13.129
392.70	13.172
393.05	13.275
393.40	13.333
393.75	13.437
394.11	13.454
394.46	13.536
394.81	13.596
395.16	13.693
395.52	13.738
395.87	13.741
396.22	13.777
396.57	13.818
396.92	13.793
397.28	13.806
397.63	13.721
397.98	13.764
398.33	13.779
398.68	13.812
399.04	13.855
399.39	13.910
399.74	14.037
400.09	14.113
400.44	14.195
400.80	14.404
401.15	14.524
401.50	14.697
401.85	14.862
402.20	15.032
402.55	15.194
402.90	15.344
403.26	15.467
403.61	15.548
403.96	15.688
404.31	15.823
404.66	15.872
405.01	16.006
405.36	16.137
405.72	16.239
406.07	16.305
406.42	16.344
406.77	16.398
407.12	16.541
407.47	16.655
407.82	16.731
408.17	16.874
408.53	16.966
408.88	17.011
409.23	17.082
409.58	17.104
409.93	17.181
410.28	17.286
410.63	17.405
410.98	17.433
411.33	17.508
411.68	17.653
412.03	17.719
412.38	17.824
412.73	17.968
413.09	18.116
413.44	18.287
413.79	18.460
414.14	18.641
414.49	18.799
414.84	19.004
415.19	19.212
415.54	19.384
415.89	19.586
416.24	19.785
416.59	19.937
416.94	20.092
417.29	20.244
417.64	20.381
417.99	20.487
418.34	20.596
418.69	20.694
419.04	20.773
419.39	20.829
419.74	20.908
420.09	20.980
420.44	21.053
420.79	21.115
421.14	21.174
421.49	21.237
421.84	21.292
422.19	21.336
422.54	21.369
422.89	21.426
423.24	21.493
423.59	21.506
423.94	21.494
424.29	21.521
424.64	21.525
424.99	21.531
425.34	21.515
425.68	21.519
426.03	21.532
426.38	21.550
426.73	21.556
427.08	21.532
427.43	21.577
427.78	21.623
428.13	21.702
428.48	21.761
428.83	21.846
429.18	21.903
429.53	21.957
429.87	22.010
430.22	22.051
430.57	22.119
430.92	22.178
431.27	22.244
431.62	22.289
431.97	22.299
432.32	22.311
432.67	22.315
433.01	22.390
433.36	22.404
433.71	22.427
434.06	22.480
434.41	22.503
434.76	22.598
435.11	22.653
435.45	22.706
435.80	22.783
436.15	22.891
436.50	22.964
436.85	22.998
437.20	23.090
437.54	23.172
437.89	23.223
438.24	23.274
438.59	23.284
438.94	23.287
439.29	23.332
439.63	23.309
439.98	23.302
440.33	23.297
440.68	23.305
441.03	23.324
441.37	23.374
441.72	23.393
442.07	23.420
442.42	23.493
442.76	23.544
443.11	23.587
443.46	23.685
443.81	23.718
444.16	23.775
444.50	23.805
444.85	23.817
445.20	23.783
445.55	23.770
445.89	23.785
446.24	23.720
446.59	23.692
446.94	23.642
447.28	23.559
447.63	23.486
447.98	23.434
448.32	23.380
448.67	23.325
449.02	23.283
449.37	23.265
449.71	23.215
450.06	23.216
450.41	23.199
450.75	23.236
451.10	23.232
451.45	23.283
451.79	23.284
452.14	23.296
452.49	23.293
452.84	23.321
453.18	23.333
453.53	23.340
453.88	23.380
454.22	23.431
454.57	23.455
454.92	23.550
455.26	23.624
455.61	23.730
455.95	23.839
456.30	23.965
456.65	24.044
456.99	24.137
457.34	24.225
457.69	24.294
458.03	24.354
458.38	24.424
458.73	24.475
459.07	24.470
459.42	24.471
459.76	24.463
460.11	24.426
460.46	24.419
460.80	24.385
461.15	24.350
461.49	24.320
461.84	24.292
462.19	24.282
462.53	24.244
462.88	24.309
463.22	24.356
463.57	24.380
463.91	24.421
464.26	24.483
464.61	24.559
464.95	24.644
465.30	24.707
465.64	24.790
465.99	24.812
466.33	24.891
466.68	24.929
467.02	24.961
467.37	25.016
467.71	25.079
468.06	25.144
468.41	25.211
468.75	25.240
469.10	25.274
469.44	25.265
469.79	25.277
470.13	25.274
470.48	25.307
470.82	25.293
471.17	25.316
471.51	25.310
471.86	25.295
472.20	25.259
472.55	25.278
472.89	25.279
473.23	25.285
473.58	25.305
473.92	25.319
474.27	25.331
474.61	25.372
474.96	25.365
475.30	25.434
475.65	25.463
475.99	25.489
476.34	25.505
476.68	25.544
477.02	25.587
477.37	25.639
477.71	25.710
478.06	25.836
478.40	26.054
478.75	26.385
479.09	26.716
479.43	27.105
479.78	27.521
480.12	27.895
480.47	28.242
480.81	28.601
481.15	28.963
481.50	29.284
481.84	29.689
482.19	30.114
482.53	30.461
482.87	30.634
483.22	30.586
483.56	30.368
483.90	30.143
484.25	30.027
484.59	29.893
484.94	29.734
485.28	29.551
485.62	29.246
485.97	28.849
486.31	28.507
486.65	28.321
487.00	28.340
487.34	28.516
487.68	28.719
488.03	28.736
488.37	28.727
488.71	28.714
489.06	28.702
489.40	28.684
489.74	28.666
490.09	28.616
490.43	28.533
490.77	28.459
491.11	28.394
491.46	28.317
491.80	28.265
492.14	28.231
492.49	28.153
492.83	28.099
493.17	28.022
493.51	27.962
493.86	27.909
494.20	27.942
494.54	28.008
494.88	28.088
495.23	28.173
495.57	28.281
495.91	28.373
496.25	28.513
496.60	28.597
496.94	28.725
497.28	28.875
497.62	28.976
497.97	29.068
498.31	29.143
498.65	29.239
498.99	29.341
499.33	29.489
499.68	29.634
500.02	29.718
500.36	29.863
500.70	30.002
501.04	30.111
501.39	30.307
501.73	30.442
502.07	30.596
502.41	30.777
502.75	30.963
503.09	31.131
503.44	31.279
503.78	31.483
504.12	31.694
504.46	31.888
504.80	32.102
505.14	32.261
505.49	32.496
505.83	32.697
506.17	32.878
506.51	33.088
506.85	33.246
507.19	33.433
507.53	33.634
507.87	33.805
508.22	33.960
508.56	34.085
508.90	34.255
509.24	34.360
509.58	34.500
509.92	34.658
510.26	34.790
510.60	34.922
510.94	35.035
511.28	35.153
511.63	35.293
511.97	35.475
512.31	35.642
512.65	35.782
512.99	35.963
513.33	36.142
513.67	36.343
514.01	36.518
514.35	36.749
514.69	36.967
515.03	37.146
515.37	37.333
515.71	37.502
516.05	37.694
516.39	37.873
516.73	38.044
517.07	38.189
517.41	38.296
517.75	38.384
518.09	38.443
518.43	38.490
518.77	38.522
519.11	38.555
519.45	38.581
519.79	38.600
520.13	38.620
520.47	38.678
520.81	38.757
521.15	38.820
521.49	38.978
521.83	39.102
522.17	39.284
522.51	39.523
522.85	39.728
523.19	40.018
523.53	40.385
523.87	40.783
524.21	41.187
524.55	41.564
524.89	41.910
525.23	42.207
525.57	42.487
525.91	42.723
526.25	42.920
526.58	43.110
526.92	43.244
527.26	43.337
527.60	43.389
527.94	43.383
528.28	43.349
528.62	43.308
528.96	43.238
529.30	43.162
529.64	43.084
529.97	42.983
530.31	42.908
530.65	42.850
530.99	42.777
531.33	42.744
531.67	42.723
532.01	42.732
532.35	42.730
532.68	42.708
533.02	42.701
533.36	42.690
533.70	42.686
534.04	42.625
534.38	42.562
534.71	42.482
535.05	42.426
535.39	42.359
535.73	42.296
536.07	42.292
536.41	42.359
536.74	42.457
537.08	42.585
537.42	42.702
537.76	42.884
538.10	43.022
538.43	43.179
538.77	43.284
539.11	43.438
539.45	43.585
539.79	43.704
540.12	43.778
540.46	43.785
540.80	43.766
541.14	43.764
541.47	43.726
541.81	43.681
542.15	43.648
542.49	43.572
542.82	43.471
543.16	43.348
543.50	43.228
543.84	43.129
544.17	43.067
544.51	43.019
544.85	42.956
545.18	42.908
545.52	42.863
545.86	42.808
546.20	42.764
546.53	42.721
546.87	42.698
547.21	42.641
547.54	42.577
547.88	42.558
548.22	42.545
548.55	42.538
548.89	42.515
549.23	42.474
549.56	42.490
549.90	42.556
550.24	42.582
550.57	42.582
550.91	42.612
551.25	42.644
551.58	42.681
551.92	42.659
552.26	42.661
552.59	42.693
552.93	42.731
553.27	42.718
553.60	42.728
553.94	42.766
554.27	42.784
554.61	42.750
554.95	42.778
555.28	42.815
555.62	42.871
555.95	42.935
556.29	42.973
556.63	43.007
556.96	43.064
557.30	43.072
557.63	43.032
557.97	43.065
558.31	43.139
558.64	43.159
558.98	43.169
559.31	43.216
559.65	43.228
559.98	43.226
560.32	43.271
560.65	43.324
560.99	43.383
561.33	43.510
561.66	43.606
562.00	43.658
562.33	43.735
562.67	43.757
563.00	43.798
563.34	43.814
563.67	43.889
564.01	43.943
564.34	43.948
564.68	43.970
565.01	44.006
565.35	43.988
565.68	44.003
566.02	44.043
566.35	44.067
566.69	44.063
567.02	44.139
567.36	44.119
567.69	44.151
568.03	44.227
568.36	44.310
568.69	44.327
569.03	44.370
569.36	44.462
569.70	44.472
570.03	44.491
570.37	44.579
570.70	44.609
571.04	44.683
571.37	44.684
571.70	44.688
572.04	44.670
572.37	44.718
572.71	44.756
573.04	44.783
573.37	44.867
573.71	44.907
574.04	44.931
574.38	44.903
574.71	44.902
575.04	44.930
575.38	44.907
575.71	44.904
576.05	44.848
576.38	44.808
576.71	44.727
577.05	44.604
577.38	44.588
577.71	44.550
578.05	44.561
578.38	44.509
578.71	44.466
579.05	44.492
579.38	44.515
579.71	44.476
580.05	44.484
580.38	44.459
580.71	44.485
581.05	44.505
581.38	44.468
581.71	44.472
582.05	44.533
582.38	44.606
582.71	44.576
583.04	44.595
583.38	44.675
583.71	44.757
584.04	44.799
584.38	44.865
584.71	44.925
585.04	44.999
585.37	45.046
585.71	45.108
586.04	45.101
586.37	45.212
586.70	45.211
587.04	45.229
587.37	45.269
587.70	45.352
588.03	45.381
588.37	45.371
588.70	45.417
589.03	45.429
589.36	45.412
589.69	45.512
590.03	45.515
590.36	45.583
590.69	45.596
591.02	45.563
591.35	45.526
591.69	45.524
592.02	45.605
592.35	45.650
592.68	45.670
593.01	45.699
593.35	45.707
593.68	45.715
594.01	45.688
594.34	45.721
594.67	45.693
595.00	45.729
595.34	45.737
595.67	45.650
596.00	45.574
596.33	45.597
596.66	45.557
596.99	45.506
597.32	45.453
597.65	45.477
597.99	45.468
598.32	45.530
598.65	45.569
598.98	45.574
599.31	45.638
599.64	45.662
599.97	45.642
600.30	45.680
600.63	45.718
600.96	45.772
601.30	45.812
601.63	45.795
601.96	45.848
602.29	45.808
602.62	45.812
602.95	45.798
603.28	45.813
603.61	45.827
603.94	45.853
604.27	45.853
604.60	45.830
604.93	45.778
605.26	45.783
605.59	45.680
605.92	45.653
606.25	45.619
606.58	45.596
606.91	45.562
607.24	45.526
607.57	45.484
607.90	45.420
608.23	45.421
608.56	45.362
608.89	45.327
609.22	45.274
609.55	45.256
609.88	45.244
610.21	45.201
610.54	45.184
610.87	45.167
611.20	45.056
611.53	45.031
611.86	44.957
612.19	44.953
612.52	44.892
612.85	44.886
613.18	44.864
613.51	44.816
613.84	44.799
614.17	44.820
614.49	44.787
614.82	44.853
615.15	44.826
615.48	44.848
615.81	44.830
616.14	44.846
616.47	44.823
616.80	44.805
617.13	44.791
617.46	44.777
617.78	44.697
618.11	44.679
618.44	44.594
618.77	44.583
619.10	44.519
619.43	44.470
619.76	44.453
620.09	44.433
620.41	44.379
620.74	44.333
621.07	44.287
621.40	44.237
621.73	44.183
622.06	44.205
622.38	44.176
622.71	44.092
623.04	44.063
623.37	43.947
623.70	43.977
624.02	43.990
624.35	43.956
624.68	43.940
625.01	43.912
625.34	43.889
625.66	43.831
625.99	43.791
626.32	43.798
626.65	43.804
626.98	43.838
627.30	43.761
627.63	43.699
627.96	43.681
628.29	43.592
628.61	43.605
628.94	43.532
629.27	43.502
629.60	43.434
629.92	43.405
630.25	43.320
630.58	43.324
630.91	43.253
631.23	43.188
631.56	43.124
631.89	43.109
632.21	43.036
632.54	43.021
632.87	42.968
633.19	42.899
633.52	42.829
633.85	42.767
634.18	42.585
634.50	42.554
634.83	42.505
635.16	42.452
635.48	42.410
635.81	42.338
636.14	42.257
636.46	42.197
636.79	42.156
637.11	42.155
637.44	42.125
637.77	42.156
638.09	42.087
638.42	42.076
638.75	42.029
639.07	41.979
639.40	41.915
639.73	41.855
640.05	41.810
640.38	41.792
640.70	41.710
641.03	41.653
641.36	41.566
641.68	41.584
642.01	41.488
642.33	41.411
642.66	41.326
642.98	41.278
643.31	41.292
643.64	41.231
643.96	41.097
644.29	40.981
644.61	40.914
644.94	40.810
645.26	40.747
645.59	40.701
645.91	40.644
646.24	40.652
646.56	40.559
646.89	40.409
647.22	40.345
647.54	40.380
647.87	40.327
648.19	40.269
648.52	40.309
648.84	40.240
649.17	40.172
649.49	40.181
649.82	40.166
650.14	40.112
650.47	40.070
650.79	40.055
651.11	39.960
651.44	39.881
651.76	39.880
652.09	39.783
652.41	39.661
652.74	39.690
653.06	39.597
653.39	39.558
653.71	39.570
654.04	39.511
654.36	39.412
654.68	39.379
655.01	39.374
655.33	39.344
655.66	39.292
655.98	39.257
656.30	39.190
656.63	39.124
656.95	38.986
657.28	38.848
657.60	38.806
657.92	38.716
658.25	38.625
658.57	38.606
658.90	38.448
659.22	38.403
659.54	38.305
659.87	38.163
660.19	38.105
660.51	37.951
660.84	37.892
661.16	37.814
661.48	37.741
661.81	37.629
662.13	37.497
662.45	37.397
662.78	37.331
663.10	37.245
663.42	37.136
663.75	37.009
664.07	37.015
664.39	36.948
664.72	36.811
665.04	36.725
665.36	36.661
665.69	36.530
666.01	36.525
666.33	36.406
666.65	36.322
666.98	36.233
667.30	36.181
667.62	36.095
667.94	36.007
668.27	36.007
668.59	35.936
668.91	35.884
669.23	35.806
669.56	35.647
669.88	35.468
670.20	35.299
670.52	35.200
670.85	35.060
671.17	34.949
671.49	34.880
671.81	34.688
672.13	34.596
672.46	34.427
672.78	34.354
673.10	34.238
673.42	34.167
673.74	34.171
674.07	34.158
674.39	34.103
674.71	34.021
675.03	33.894
675.35	33.842
675.67	33.790
676.00	33.841
676.32	33.839
676.64	33.778
676.96	33.797
677.28	33.668
677.60	33.614
677.92	33.600
678.25	33.517
678.57	33.488
678.89	33.499
679.21	33.451
679.53	33.329
679.85	33.255
680.17	33.171
680.49	33.068
680.81	33.070
681.13	33.030
681.46	32.954
681.78	33.015
682.10	32.921
682.42	32.815
682.74	32.765
683.06	32.776
683.38	32.655
683.70	32.717
684.02	32.719
684.34	32.728
684.66	32.655
684.98	32.665
685.30	32.466
685.62	32.460
685.94	32.371
686.26	32.280
686.58	32.192
686.90	32.113
687.22	31.949
687.54	31.842
687.86	31.666
688.18	31.508
688.50	31.333
688.82	31.260
689.14	31.071
689.46	31.010
689.78	30.857
690.10	30.729
690.42	30.593
690.74	30.507
691.06	30.400
691.38	30.347
691.70	30.220
692.02	30.116
692.34	29.979
692.66	29.938
692.98	29.752
693.30	29.772
693.62	29.745
693.94	29.806
694.26	29.883
694.57	29.898
694.89	29.906
695.21	30.074
695.53	30.072
695.85	30.077
696.17	30.092
696.49	30.171
696.81	30.058
697.13	30.037
697.44	29.934
697.76	29.779
698.08	29.604
698.40	29.490
698.72	29.237
699.04	28.981
699.36	28.778
699.67	28.458
699.99	28.188
700.31	27.947
700.63	27.573
700.95	27.227
701.27	26.803
701.58	26.496
701.90	26.074
702.22	25.824
702.54	25.614
702.86	25.481
703.17	25.452
703.49	25.203
703.81	25.057
704.13	24.926
704.45	24.889
704.76	24.884
705.08	24.810
705.40	24.806
705.72	24.694
706.03	24.648
706.35	24.584
706.67	24.553
706.99	24.609
707.30	24.579
707.62	24.449
707.94	24.377
708.26	24.314
708.57	24.257
708.89	24.178
709.21	24.070
709.53	24.097
709.84	23.966
710.16	23.821
710.48	23.734
710.79	23.621
711.11	23.633
711.43	23.616
711.74	23.519
712.06	23.561
712.38	23.603
712.69	23.642
713.01	23.687
713.33	23.867
713.64	23.892
713.96	23.863
714.28	23.950
714.59	24.010
714.91	24.017
715.23	24.085
715.54	23.981
715.86	23.874
716.17	23.829
716.49	23.567
716.81	23.340
717.12	23.144
717.44	23.021
717.76	22.760
718.07	22.438
718.39	22.170
718.70	21.970
719.02	21.736
719.33	21.693
719.65	21.461
719.97	21.320
720.28	20.988
720.60	20.984
720.91	20.807
721.23	20.751
721.54	20.647
721.86	20.727
722.17	20.757
722.49	20.951
722.81	20.704
723.12	20.869
723.44	20.942
723.75	21.035
724.07	21.087
724.38	21.158
724.70	21.252
725.01	21.386
725.33	21.332
725.64	21.244
725.96	21.101
726.27	21.225
726.59	21.113
726.90	21.050
727.22	20.973
727.53	20.764
727.84	20.746
728.16	20.640
728.47	20.459
728.79	20.233
729.10	20.134
729.42	19.921
729.73	19.724
730.05	19.572
730.36	19.489
730.67	19.322
730.99	19.163
731.30	19.030
731.62	18.727
731.93	18.511
732.24	18.304
732.56	18.085
732.87	17.847
733.19	17.612
733.50	17.385
733.81	17.011
734.13	16.789
734.44	16.546
734.76	16.099
735.07	15.830
735.38	15.689
735.70	15.609
736.01	15.335
736.32	15.329
736.64	15.199
736.95	15.055
737.26	15.047
737.58	15.035
737.89	14.878
738.20	14.730
738.52	14.786
738.83	14.385
739.14	14.140
739.45	14.047
739.77	13.573
740.08	13.376
740.39	12.930
740.71	12.449
741.02	11.859
741.33	11.523
741.64	11.081
741.96	10.513
742.27	10.433
742.58	9.986
742.90	9.769
743.21	9.595
743.52	9.222
743.83	8.953
744.14	8.597
744.46	8.518
744.77	8.377
745.08	8.581
745.39	8.630
745.71	8.597
746.02	8.370
746.33	8.261
746.64	8.454
746.95	8.637
747.27	8.691
747.58	8.865
747.89	9.090
748.20	9.154
748.51	9.151
748.82	8.959
749.14	8.856
749.45	9.027
749.76	8.947
750.07	8.708
750.38	8.482
750.69	8.446
751.01	8.451
751.32	8.157
751.63	7.893
751.94	7.586
752.25	7.759
752.56	7.524
752.87	7.277
753.18	7.310
753.49	7.100
753.81	7.173
754.12	7.696
754.43	7.712
754.74	8.061
755.05	8.727
755.36	9.519
755.67	10.264
755.98	11.300
756.29	12.578
756.60	13.492
756.91	14.791
757.22	15.785
757.53	16.532
757.84	17.779
758.15	18.997
758.46	19.758
758.77	20.365
759.09	20.797
759.40	21.408
759.71	21.666
760.02	21.845
760.33	21.988
760.64	22.069
760.95	22.002
761.26	21.747
761.57	21.556
761.88	21.497
762.18	21.363
762.49	21.165
762.80	20.713
763.11	20.329
763.42	19.928
763.73	19.440
764.04	18.915
764.35	18.233
764.66	17.700
764.97	16.881
765.28	15.776
765.59	14.543
765.90	13.318
766.21	12.143
766.52	10.875
766.83	9.789
767.14	8.767
767.44	7.544
767.75	6.605
768.06	5.792
768.37	5.141
768.68	4.323
768.99	3.752
769.30	3.522
769.61	2.830
769.91	2.749
770.22	2.111
770.53	1.648
770.84	1.549
771.15	1.312
771.46	0.528
771.77	-0.443
772.07	-0.310
772.38	-0.290
772.69	-0.559
773.00	-0.129
773.31	-0.635
773.61	-0.550
773.92	-0.643
774.23	-0.655
774.54	-0.591
774.85	-0.612
775.15	-0.178
775.46	-0.684
775.77	-0.744
776.08	-0.493
776.39	-0.973
776.69	-0.234
777.00	-0.230
777.31	-0.480
777.62	-0.214
777.92	-0.188
778.23	0.163
778.54	0.059
778.85	0.630
779.15	0.627
779.46	0.418
779.77	0.399
780.07	-0.517
780.38	-0.683
780.69	-0.160
781.00	-0.788
781.30	-0.304
781.61	-0.151
781.92	-0.740
782.22	-1.404
782.53	-1.590
782.84	-1.195
783.14	-0.826
783.45	-0.373
783.76	0.270
784.06	0.974
784.37	2.012
784.68	2.295
784.98	2.335
785.29	3.529
785.60	4.380
785.90	5.009
786.21	5.260
786.51	6.056
786.82	6.619
787.13	7.185
787.43	7.508
787.74	7.488
788.04	7.458
788.35	7.888
788.66	7.675
788.96	7.715
789.27	7.581
789.57	7.397
789.88	6.473
790.19	6.353
790.49	5.619
790.80	4.537
791.10	4.171
791.41	4.438
791.71	4.023
792.02	4.046
792.32	4.004
792.63	4.564
792.93	4.161
793.24	5.119
793.54	5.393
793.85	6.152
794.15	6.943
794.46	7.140
794.76	7.308
795.07	7.687
795.37	8.212
795.68	8.659
795.98	8.659
796.29	9.046
796.59	8.720
796.90	8.677
797.20	8.250
797.51	8.290
797.81	8.668
798.12	8.374
798.42	8.192
798.72	7.509
799.03	7.219
799.33	6.982
799.64	7.082
799.94	7.012
800.25	7.327
800.55	7.342
800.85	7.132
801.16	6.630
801.46	6.617
801.77	6.855
802.07	6.879
802.37	6.734
802.68	6.980
802.98	7.128
803.28	7.338
803.59	6.942
803.89	6.819
804.20	6.808
804.50	6.741
804.80	6.461
805.11	6.355
805.41	6.857
805.71	7.446
806.02	6.887
806.32	6.275
806.62	5.842
806.93	5.300
807.23	5.444
807.53	5.090
807.83	5.559
808.14	5.641
808.44	6.186
808.74	6.010
809.05	5.341
809.35	5.944
809.65	6.743
809.95	7.175
810.26	8.130
810.56	8.924
810.86	9.387
811.16	9.348
811.47	9.735
811.77	9.806
812.07	9.999
812.37	10.603
812.68	10.680
812.98	10.382
813.28	10.610
813.58	11.581
813.88	11.513
814.19	11.302
814.49	12.138
814.79	12.890
815.09	13.245
815.39	13.700
815.70	13.859
816.00	14.026
816.30	14.980
816.60	15.724
816.90	15.699
817.20	16.301
817.50	17.835
817.81	18.458
818.11	19.171
818.41	19.679
818.71	20.371
819.01	20.981
819.31	21.457
819.61	21.808
819.92	22.232
820.22	22.425
820.52	22.594
820.82	22.694
821.12	22.830
821.42	22.869
821.72	23.004
822.02	23.098
822.32	23.039
822.62	23.114
822.92	23.019
823.22	22.821
823.52	22.790
823.83	22.573
824.13	22.493
824.43	22.324
824.73	22.269
825.03	22.190
825.33	21.914
825.63	21.945
825.93	21.803
826.23	21.732
826.53	21.786
826.83	21.668
827.13	21.764
827.43	21.460
827.73	21.395
828.03	21.219
828.33	20.744
828.63	20.509
828.93	20.251
829.23	19.869
829.53	19.697
829.83	19.156
830.13	19.050
830.42	19.248
830.72	19.287
831.02	19.181
831.32	19.261
831.62	19.590
831.92	19.747
832.22	19.809
832.52	19.795
832.82	19.642
833.12	19.834
833.42	19.660
833.72	19.509
834.01	19.437
834.31	19.363
834.61	19.185
834.91	18.786
835.21	18.279
835.51	17.724
835.81	17.274
836.11	16.813
836.40	15.800
836.70	15.139
837.00	14.515
837.30	13.789
837.60	13.353
837.90	12.498
838.19	12.183
838.49	11.638
838.79	11.905
839.09	11.274
839.39	11.774
839.68	11.283
839.98	11.679
840.28	10.716
840.58	10.347
840.88	9.275
841.17	8.828
841.47	8.594
841.77	9.296
842.07	8.244
842.36	6.884
842.66	4.459
842.96	3.607
843.26	0.422
843.55	-1.615
843.85	-2.338
844.15	-4.146
844.45	-4.078
844.74	-7.325
845.04	-8.172
845.34	-10.151
845.63	-8.371
845.93	-8.162
846.23	-7.852
846.53	-6.576
846.82	-3.694
847.12	-4.739
847.42	-2.766
847.71	-2.303
848.01	-0.441
848.31	0.188
848.60	1.781
848.90	4.202
849.19	2.522
849.49	3.746
849.79	3.891
850.08	2.388
850.38	1.344
850.68	1.720
850.97	-2.197
851.27	-2.845
851.56	-4.809
851.86	-7.573
852.16	-8.981
852.45	-5.868
852.75	-5.361
853.04	-6.729
853.34	-6.644
853.64	-5.327
853.93	-4.813
854.23	-1.532
854.52	-1.807
854.82	-1.532
855.11	1.250
855.41	-0.700
855.70	-0.501
856.00	-2.488
856.30	-1.705
856.59	-0.774
856.89	1.369
857.18	2.621
857.48	2.164
857.77	2.740
858.07	3.677
858.36	1.153
858.66	4.586
858.95	4.220
859.25	5.307
859.54	6.928
859.84	7.449
860.13	7.383
860.42	6.879
860.72	4.766
861.01	4.861
861.31	2.626
861.60	4.128
861.90	1.464
862.19	3.648
862.49	5.122
862.78	2.939
863.07	3.129
863.37	3.264
863.66	2.725
863.96	3.884
864.25	3.801
864.54	5.153
864.84	5.351
865.13	6.413
865.43	8.860
865.72	-0.697
866.01	-1.290
866.31	1.606
866.60	8.962
866.89	44.284
