180.30	0.000
180.67	0.000
181.03	40.685
181.40	150.596
181.77	-52.435
182.14	19291.200
182.51	54.336
182.88	-289.794
183.25	118.725
183.62	16.906
183.99	-677.139
184.36	39.844
184.73	75.233
185.10	49.875
185.46	-80.915
185.83	-23.702
186.20	-72.213
186.57	198.923
186.94	-108.051
187.31	62.466
187.68	81.215
188.05	45.344
188.42	29.492
188.78	6.595
189.15	-12.825
189.52	4.806
189.89	-6.372
190.26	-0.328
190.63	18.130
191.00	20.396
191.37	12.999
191.73	20.754
192.10	18.482
192.47	27.147
192.84	33.562
193.21	42.560
193.58	44.662
193.94	48.181
194.31	54.921
194.68	52.303
195.05	35.269
195.42	31.688
195.79	30.389
196.15	33.055
196.52	27.480
196.89	17.801
197.26	14.022
197.63	4.543
198.00	6.602
198.36	0.604
198.73	4.020
199.10	16.448
199.47	17.772
199.84	14.031
200.20	15.239
200.57	11.975
200.94	14.456
201.31	12.224
201.68	10.216
202.04	2.216
202.41	2.854
202.78	0.643
203.15	2.524
203.51	9.897
203.88	10.699
204.25	9.546
204.62	12.604
204.98	20.224
205.35	20.020
205.72	23.352
206.09	22.577
206.46	23.399
206.82	15.460
207.19	2.953
207.56	8.843
207.92	3.493
208.29	0.133
208.66	-3.003
209.03	-10.602
209.39	-11.257
209.76	-14.166
210.13	-12.123
210.50	-8.977
210.86	3.193
211.23	12.829
211.60	6.888
211.96	19.673
212.33	16.755
212.70	14.417
213.07	15.459
213.43	14.613
213.80	18.996
214.17	21.566
214.53	19.357
214.90	11.074
215.27	7.916
215.63	10.598
216.00	6.916
216.37	4.871
216.74	5.580
217.10	6.342
217.47	7.319
217.84	1.959
218.20	0.874
218.57	-1.311
218.94	1.966
219.30	2.463
219.67	3.306
220.04	-2.089
220.40	-1.484
220.77	2.903
221.13	7.877
221.50	9.635
221.87	13.648
222.23	15.098
222.60	14.137
222.97	13.800
223.33	13.910
223.70	10.042
224.07	12.343
224.43	11.182
224.80	10.374
225.16	7.572
225.53	6.708
225.90	5.747
226.26	5.286
226.63	5.297
226.99	5.187
227.36	4.605
227.73	4.909
228.09	4.278
228.46	4.034
228.82	3.149
229.19	2.527
229.56	2.437
229.92	2.778
230.29	2.739
230.65	3.437
231.02	3.960
231.38	3.957
231.75	3.669
232.12	4.005
232.48	4.410
232.85	3.774
233.21	5.303
233.58	4.014
233.94	3.092
234.31	2.610
234.68	2.394
235.04	1.856
235.41	1.743
235.77	1.847
236.14	1.906
236.50	2.588
236.87	4.850
237.23	4.559
237.60	5.487
237.96	5.283
238.33	5.203
238.69	4.903
239.06	4.318
239.42	4.228
239.79	4.213
240.15	3.848
240.52	3.505
240.88	3.365
241.25	3.429
241.61	3.251
241.98	3.259
242.34	3.272
242.71	3.256
243.07	3.430
243.44	3.464
243.80	3.398
244.17	3.648
244.53	3.530
244.90	3.441
245.26	3.293
245.63	3.261
245.99	3.355
246.36	3.330
246.72	3.287
247.09	3.472
247.45	3.532
247.81	3.468
248.18	3.441
248.54	3.696
248.91	3.589
249.27	3.781
249.64	3.789
250.00	3.647
250.36	3.747
250.73	3.672
251.09	3.083
251.46	3.011
251.82	2.985
252.19	2.551
252.55	2.544
252.91	2.592
253.28	2.273
253.64	2.414
254.01	2.425
254.37	2.476
254.73	2.667
255.10	3.166
255.46	2.907
255.83	3.150
256.19	3.245
256.55	3.070
256.92	3.006
257.28	3.076
257.65	3.005
258.01	3.009
258.37	2.999
258.74	3.031
259.10	3.017
259.46	3.105
259.83	3.086
260.19	3.210
260.55	3.238
260.92	3.308
261.28	3.342
261.64	3.482
262.01	3.474
262.37	3.487
262.73	3.494
263.10	3.293
263.46	3.471
263.82	3.485
264.19	3.466
264.55	3.395
264.91	3.092
265.28	3.036
265.64	2.977
266.00	2.942
266.37	2.955
266.73	2.786
267.09	2.924
267.46	2.795
267.82	2.845
268.18	2.825
268.54	2.816
268.91	2.951
269.27	2.933
269.63	2.929
270.00	2.933
270.36	3.005
270.72	3.181
271.08	3.177
271.45	3.224
271.81	3.043
272.17	2.961
272.53	2.834
272.90	2.739
273.26	2.818
273.62	2.849
273.98	2.894
274.35	2.660
274.71	2.469
275.07	2.444
275.43	2.246
275.80	2.441
276.16	2.267
276.52	2.492
276.88	2.667
277.25	2.496
277.61	2.370
277.97	2.323
278.33	2.323
278.69	2.365
279.06	2.295
279.42	2.382
279.78	2.123
280.14	2.303
280.50	2.195
280.87	2.239
281.23	2.323
281.59	2.339
281.95	2.336
282.31	2.364
282.68	2.345
283.04	2.239
283.40	2.245
283.76	2.437
284.12	2.487
284.48	2.644
284.85	2.513
285.21	2.430
285.57	2.513
285.93	2.552
286.29	2.597
286.65	2.714
287.02	2.935
287.38	2.889
287.74	2.781
288.10	2.753
288.46	2.727
288.82	2.899
289.18	3.083
289.54	3.086
289.91	3.022
290.27	3.049
290.63	2.980
290.99	2.907
291.35	3.022
291.71	3.052
292.07	3.002
292.43	2.822
292.79	2.814
293.16	2.778
293.52	2.828
293.88	3.057
294.24	3.127
294.60	3.069
294.96	3.124
295.32	3.123
295.68	3.181
296.04	3.216
296.40	3.313
296.76	3.376
297.12	3.460
297.49	3.453
297.85	3.410
298.21	3.308
298.57	3.376
298.93	3.322
299.29	3.404
299.65	3.507
300.01	3.524
300.37	3.472
300.73	3.537
301.09	3.517
301.45	3.534
301.81	3.599
302.17	3.699
302.53	3.784
302.89	3.833
303.25	3.792
303.61	3.798
303.97	3.775
304.33	3.885
304.69	3.779
305.05	3.919
305.41	3.917
305.77	3.888
306.13	3.907
306.49	3.994
306.85	4.031
307.21	4.027
307.57	3.984
307.93	4.084
308.29	4.111
308.65	4.098
309.01	3.973
309.37	3.910
309.73	3.896
310.09	3.971
310.45	3.927
310.81	3.882
311.17	3.961
311.53	3.926
311.89	3.906
312.25	4.015
312.61	4.037
312.96	4.029
313.32	4.095
313.68	4.118
314.04	4.049
314.40	4.024
314.76	4.029
315.12	3.975
315.48	3.983
315.84	3.950
316.20	3.911
316.56	3.940
316.92	4.018
317.27	4.097
317.63	4.117
317.99	4.154
318.35	4.220
318.71	4.340
319.07	4.357
319.43	4.449
319.79	4.563
320.15	4.536
320.50	4.565
320.86	4.612
321.22	4.644
321.58	4.622
321.94	4.648
322.30	4.603
322.66	4.630
323.01	4.596
323.37	4.617
323.73	4.662
324.09	4.649
324.45	4.732
324.81	4.751
325.17	4.714
325.52	4.732
325.88	4.776
326.24	4.876
326.60	4.857
326.96	4.933
327.31	5.010
327.67	4.977
328.03	5.033
328.39	4.971
328.75	5.031
329.11	5.126
329.46	5.187
329.82	5.166
330.18	5.112
330.54	5.053
330.90	5.120
331.25	5.161
331.61	5.203
331.97	5.192
332.33	5.231
332.68	5.178
333.04	5.077
333.40	5.057
333.76	5.145
334.11	5.206
334.47	5.289
334.83	5.335
335.19	5.243
335.54	5.252
335.90	5.262
336.26	5.396
336.62	5.436
336.97	5.461
337.33	5.480
337.69	5.369
338.05	5.427
338.40	5.432
338.76	5.423
339.12	5.413
339.48	5.367
339.83	5.365
340.19	5.228
340.55	5.193
340.90	5.230
341.26	5.270
341.62	5.400
341.97	5.424
342.33	5.471
342.69	5.418
343.04	5.394
343.40	5.395
343.76	5.385
344.12	5.426
344.47	5.429
344.83	5.432
345.19	5.447
345.54	5.376
345.90	5.320
346.26	5.272
346.61	5.306
346.97	5.315
347.32	5.373
347.68	5.397
348.04	5.403
348.39	5.419
348.75	5.436
349.11	5.446
349.46	5.445
349.82	5.393
350.18	5.442
350.53	5.437
350.89	5.542
351.24	5.524
351.60	5.547
351.96	5.542
352.31	5.559
352.67	5.597
353.02	5.561
353.38	5.565
353.74	5.590
354.09	5.534
354.45	5.509
354.80	5.458
355.16	5.462
355.52	5.458
355.87	5.436
356.23	5.453
356.58	5.410
356.94	5.413
357.29	5.458
357.65	5.463
358.00	5.483
358.36	5.489
358.72	5.453
359.07	5.434
359.43	5.452
359.78	5.464
360.14	5.414
360.49	5.435
360.85	5.484
361.20	5.449
361.56	5.485
361.91	5.492
362.27	5.489
362.62	5.530
362.98	5.541
363.33	5.512
363.69	5.528
364.04	5.565
364.40	5.544
364.75	5.502
365.11	5.520
365.46	5.509
365.82	5.510
366.17	5.477
366.53	5.498
366.88	5.500
367.24	5.523
367.59	5.520
367.95	5.517
368.30	5.549
368.66	5.576
369.01	5.560
369.37	5.516
369.72	5.513
370.08	5.574
370.43	5.565
370.78	5.554
371.14	5.596
371.49	5.563
371.85	5.577
372.20	5.610
372.56	5.600
372.91	5.591
373.26	5.641
373.62	5.689
373.97	5.703
374.33	5.717
374.68	5.752
375.03	5.723
375.39	5.770
375.74	5.756
376.10	5.692
376.45	5.734
376.80	5.761
377.16	5.752
377.51	5.744
377.87	5.761
378.22	5.747
378.57	5.784
378.93	5.815
379.28	5.851
379.63	5.900
379.99	5.958
380.34	5.938
380.70	5.972
381.05	6.031
381.40	6.057
381.76	6.055
382.11	6.109
382.46	6.116
382.82	6.150
383.17	6.131
383.52	6.192
383.88	6.262
384.23	6.328
384.58	6.328
384.94	6.356
385.29	6.380
385.64	6.415
385.99	6.397
386.35	6.393
386.70	6.444
387.05	6.485
387.41	6.458
387.76	6.444
388.11	6.477
388.47	6.515
388.82	6.531
389.17	6.545
389.52	6.580
389.88	6.651
390.23	6.702
390.58	6.687
390.93	6.739
391.29	6.767
391.64	6.774
391.99	6.786
392.34	6.807
392.70	6.825
393.05	6.842
393.40	6.857
393.75	6.894
394.11	6.918
394.46	6.946
394.81	6.949
395.16	6.982
395.52	7.032
395.87	7.054
396.22	7.062
396.57	7.079
396.92	7.117
397.28	7.141
397.63	7.146
397.98	7.164
398.33	7.191
398.68	7.202
399.04	7.234
399.39	7.235
399.74	7.243
400.09	7.312
400.44	7.325
400.80	7.352
401.15	7.371
401.50	7.363
401.85	7.394
402.20	7.410
402.55	7.461
402.90	7.513
403.26	7.541
403.61	7.569
403.96	7.600
404.31	7.662
404.66	7.684
405.01	7.716
405.36	7.747
405.72	7.774
406.07	7.801
406.42	7.815
406.77	7.788
407.12	7.788
407.47	7.813
407.82	7.810
408.17	7.809
408.53	7.817
408.88	7.822
409.23	7.853
409.58	7.850
409.93	7.877
410.28	7.876
410.63	7.905
410.98	7.943
411.33	7.943
411.68	7.951
412.03	7.928
412.38	7.923
412.73	7.917
413.09	7.879
413.44	7.861
413.79	7.805
414.14	7.789
414.49	7.769
414.84	7.750
415.19	7.720
415.54	7.711
415.89	7.679
416.24	7.659
416.59	7.629
416.94	7.606
417.29	7.592
417.64	7.581
417.99	7.567
418.34	7.535
418.69	7.506
419.04	7.494
419.39	7.456
419.74	7.440
420.09	7.417
420.44	7.407
420.79	7.399
421.14	7.376
421.49	7.360
421.84	7.349
422.19	7.351
422.54	7.353
422.89	7.338
423.24	7.336
423.59	7.341
423.94	7.348
424.29	7.353
424.64	7.361
424.99	7.367
425.34	7.374
425.68	7.367
426.03	7.348
426.38	7.353
426.73	7.357
427.08	7.386
427.43	7.387
427.78	7.392
428.13	7.406
428.48	7.417
428.83	7.423
429.18	7.424
429.53	7.429
429.87	7.467
430.22	7.470
430.57	7.488
430.92	7.488
431.27	7.487
431.62	7.501
431.97	7.496
432.32	7.499
432.67	7.515
433.01	7.535
433.36	7.558
433.71	7.548
434.06	7.565
434.41	7.562
434.76	7.564
435.11	7.583
435.45	7.572
435.80	7.574
436.15	7.568
436.50	7.553
436.85	7.553
437.20	7.547
437.54	7.539
437.89	7.502
438.24	7.490
438.59	7.463
438.94	7.446
439.29	7.440
439.63	7.416
439.98	7.398
440.33	7.385
440.68	7.355
441.03	7.313
441.37	7.313
441.72	7.291
442.07	7.268
442.42	7.251
442.76	7.219
443.11	7.190
443.46	7.160
443.81	7.135
444.16	7.110
444.50	7.087
444.85	7.058
445.20	7.001
445.55	6.981
445.89	6.969
446.24	6.934
446.59	6.922
446.94	6.903
447.28	6.888
447.63	6.867
447.98	6.858
448.32	6.836
448.67	6.835
449.02	6.843
449.37	6.837
449.71	6.810
450.06	6.820
450.41	6.803
450.75	6.785
451.10	6.783
451.45	6.770
451.79	6.748
452.14	6.751
452.49	6.755
452.84	6.742
453.18	6.760
453.53	6.759
453.88	6.744
454.22	6.740
454.57	6.760
454.92	6.764
455.26	6.790
455.61	6.816
455.95	6.831
456.30	6.837
456.65	6.872
456.99	6.876
457.34	6.895
457.69	6.932
458.03	6.965
458.38	6.981
458.73	7.013
459.07	7.039
459.42	7.070
459.76	7.104
460.11	7.140
460.46	7.174
460.80	7.217
461.15	7.264
461.49	7.305
461.84	7.353
462.19	7.402
462.53	7.461
462.88	7.526
463.22	7.564
463.57	7.621
463.91	7.680
464.26	7.735
464.61	7.782
464.95	7.840
465.30	7.891
465.64	7.956
465.99	8.016
466.33	8.062
466.68	8.094
467.02	8.162
467.37	8.187
467.71	8.233
468.06	8.253
468.41	8.293
468.75	8.323
469.10	8.353
469.44	8.354
469.79	8.367
470.13	8.383
470.48	8.399
470.82	8.388
471.17	8.387
471.51	8.372
471.86	8.382
472.20	8.390
472.55	8.387
472.89	8.367
473.23	8.354
473.58	8.332
473.92	8.317
474.27	8.281
474.61	8.268
474.96	8.259
475.30	8.264
475.65	8.243
475.99	8.195
476.34	8.157
476.68	8.132
477.02	8.121
477.37	8.089
477.71	8.060
478.06	8.035
478.40	8.020
478.75	8.023
479.09	8.032
479.43	8.144
479.78	8.337
480.12	8.535
480.47	8.731
480.81	8.934
481.15	9.147
481.50	9.364
481.84	9.622
482.19	9.891
482.53	10.145
482.87	10.352
483.22	10.430
483.56	10.374
483.90	10.261
484.25	10.104
484.59	9.909
484.94	9.688
485.28	9.442
485.62	9.151
485.97	8.846
486.31	8.580
486.65	8.391
487.00	8.266
487.34	8.217
487.68	8.236
488.03	8.284
488.37	8.355
488.71	8.446
489.06	8.541
489.40	8.662
489.74	8.774
490.09	8.900
490.43	8.996
490.77	9.103
491.11	9.220
491.46	9.307
491.80	9.417
492.14	9.521
492.49	9.645
492.83	9.791
493.17	9.946
493.51	10.140
493.86	10.324
494.20	10.534
494.54	10.726
494.88	10.946
495.23	11.143
495.57	11.340
495.91	11.538
496.25	11.733
496.60	11.929
496.94	12.136
497.28	12.363
497.62	12.597
497.97	12.841
498.31	13.123
498.65	13.410
498.99	13.720
499.33	14.021
499.68	14.367
500.02	14.717
500.36	15.066
500.70	15.402
501.04	15.732
501.39	16.087
501.73	16.458
502.07	16.832
502.41	17.193
502.75	17.571
503.09	17.967
503.44	18.353
503.78	18.756
504.12	19.180
504.46	19.613
504.80	20.059
505.14	20.516
505.49	20.931
505.83	21.355
506.17	21.753
506.51	22.172
506.85	22.631
507.19	23.056
507.53	23.465
507.87	23.891
508.22	24.326
508.56	24.746
508.90	25.167
509.24	25.610
509.58	26.068
509.92	26.575
510.26	27.044
510.60	27.462
510.94	27.920
511.28	28.397
511.63	28.850
511.97	29.325
512.31	29.803
512.65	30.317
512.99	30.865
513.33	31.384
513.67	31.901
514.01	32.465
514.35	33.021
514.69	33.536
515.03	34.017
515.37	34.503
515.71	34.931
516.05	35.328
516.39	35.688
516.73	35.999
517.07	36.349
517.41	36.673
517.75	36.966
518.09	37.268
518.43	37.591
518.77	37.912
519.11	38.221
519.45	38.545
519.79	38.912
520.13	39.289
520.47	39.714
520.81	40.126
521.15	40.516
521.49	40.893
521.83	41.266
522.17	41.608
522.51	41.950
522.85	42.317
523.19	42.755
523.53	43.272
523.87	43.811
524.21	44.397
524.55	45.033
524.89	45.646
525.23	46.312
525.57	46.903
525.91	47.509
526.25	48.121
526.58	48.694
526.92	49.169
527.26	49.465
527.60	49.461
527.94	49.111
528.28	48.657
528.62	48.275
528.96	48.039
529.30	47.890
529.64	47.669
529.97	47.393
530.31	47.098
530.65	46.840
530.99	46.752
531.33	46.997
531.67	47.608
532.01	48.271
532.35	48.826
532.68	49.047
533.02	49.130
533.36	49.208
533.70	49.285
534.04	49.373
534.38	49.470
534.71	49.571
535.05	49.653
535.39	49.727
535.73	49.839
536.07	49.938
536.41	50.110
536.74	50.324
537.08	50.533
537.42	50.734
537.76	50.909
538.10	51.114
538.43	51.256
538.77	51.423
539.11	51.606
539.45	51.745
539.79	51.899
540.12	52.029
540.46	52.082
540.80	52.101
541.14	52.127
541.47	52.155
541.81	52.162
542.15	52.180
542.49	52.190
542.82	52.151
543.16	52.167
543.50	52.132
543.84	52.075
544.17	52.105
544.51	52.179
544.85	52.206
545.18	52.269
545.52	52.328
545.86	52.369
546.20	52.452
546.53	52.542
546.87	52.559
547.21	52.653
547.54	52.769
547.88	52.830
548.22	52.920
548.55	53.059
548.89	53.135
549.23	53.216
549.56	53.279
549.90	53.294
550.24	53.340
550.57	53.347
550.91	53.360
551.25	53.332
551.58	53.365
551.92	53.385
552.26	53.408
552.59	53.447
552.93	53.456
553.27	53.513
553.60	53.596
553.94	53.610
554.27	53.689
554.61	53.729
554.95	53.753
555.28	53.798
555.62	53.819
555.95	53.862
556.29	53.897
556.63	53.944
556.96	53.992
557.30	53.960
557.63	53.982
557.97	53.983
558.31	53.997
558.64	54.035
558.98	54.023
559.31	54.046
559.65	53.993
559.98	53.939
560.32	53.966
560.65	53.973
560.99	53.956
561.33	53.932
561.66	53.912
562.00	53.871
562.33	53.888
562.67	53.888
563.00	53.854
563.34	53.899
563.67	53.907
564.01	53.852
564.34	53.846
564.68	53.883
565.01	53.898
565.35	53.940
565.68	53.960
566.02	53.942
566.35	53.922
566.69	53.945
567.02	53.896
567.36	53.879
567.69	53.892
568.03	53.873
568.36	53.844
568.69	53.799
569.03	53.749
569.36	53.689
569.70	53.658
570.03	53.641
570.37	53.606
570.70	53.577
571.04	53.573
571.37	53.511
571.70	53.438
572.04	53.395
572.37	53.388
572.71	53.363
573.04	53.360
573.37	53.344
573.71	53.329
574.04	53.330
574.38	53.314
574.71	53.261
575.04	53.304
575.38	53.376
575.71	53.399
576.05	53.437
576.38	53.458
576.71	53.482
577.05	53.521
577.38	53.550
577.71	53.553
578.05	53.559
578.38	53.623
578.71	53.583
579.05	53.524
579.38	53.489
579.71	53.428
580.05	53.404
580.38	53.355
580.71	53.324
581.05	53.264
581.38	53.244
581.71	53.243
582.05	53.185
582.38	53.152
582.71	53.165
583.04	53.193
583.38	53.146
583.71	53.104
584.04	53.109
584.38	53.012
584.71	52.981
585.04	52.886
585.37	52.850
585.71	52.797
586.04	52.742
586.37	52.632
586.70	52.503
587.04	52.489
587.37	52.374
587.70	52.266
588.03	52.202
588.37	52.115
588.70	52.023
589.03	51.967
589.36	51.885
589.69	51.792
590.03	51.714
590.36	51.612
590.69	51.524
591.02	51.449
591.35	51.379
591.69	51.308
592.02	51.249
592.35	51.219
592.68	51.073
593.01	51.012
593.35	50.946
593.68	50.861
594.01	50.817
594.34	50.720
594.67	50.652
595.00	50.577
595.34	50.503
595.67	50.408
596.00	50.312
596.33	50.281
596.66	50.221
596.99	50.186
597.32	50.152
597.65	50.080
597.99	50.015
598.32	49.925
598.65	49.856
598.98	49.767
599.31	49.686
599.64	49.613
599.97	49.503
600.30	49.365
600.63	49.241
600.96	49.118
601.30	49.030
601.63	48.924
601.96	48.864
602.29	48.814
602.62	48.709
602.95	48.661
603.28	48.569
603.61	48.514
603.94	48.439
604.27	48.356
604.60	48.296
604.93	48.201
605.26	48.142
605.59	48.105
605.92	47.996
606.25	47.926
606.58	47.844
606.91	47.787
607.24	47.712
607.57	47.662
607.90	47.614
608.23	47.586
608.56	47.506
608.89	47.452
609.22	47.386
609.55	47.371
609.88	47.330
610.21	47.274
610.54	47.241
610.87	47.182
611.20	47.174
611.53	47.145
611.86	47.030
612.19	47.020
612.52	46.991
612.85	46.938
613.18	46.816
613.51	46.823
613.84	46.720
614.17	46.643
614.49	46.625
614.82	46.538
615.15	46.432
615.48	46.360
615.81	46.286
616.14	46.195
616.47	46.105
616.80	46.004
617.13	45.919
617.46	45.857
617.78	45.759
618.11	45.661
618.44	45.560
618.77	45.467
619.10	45.455
619.43	45.395
619.76	45.317
620.09	45.233
620.41	45.226
620.74	45.130
621.07	45.037
621.40	44.940
621.73	44.817
622.06	44.741
622.38	44.656
622.71	44.503
623.04	44.351
623.37	44.255
623.70	44.148
624.02	44.060
624.35	43.956
624.68	43.893
625.01	43.781
625.34	43.698
625.66	43.638
625.99	43.546
626.32	43.438
626.65	43.411
626.98	43.342
627.30	43.262
627.63	43.152
627.96	43.036
628.29	42.938
628.61	42.925
628.94	42.883
629.27	42.772
629.60	42.703
629.92	42.689
630.25	42.592
630.58	42.490
630.91	42.435
631.23	42.361
631.56	42.397
631.89	42.284
632.21	42.160
632.54	42.078
632.87	41.998
633.19	41.981
633.52	41.920
633.85	41.906
634.18	41.851
634.50	41.732
634.83	41.717
635.16	41.632
635.48	41.657
635.81	41.653
636.14	41.613
636.46	41.583
636.79	41.517
637.11	41.432
637.44	41.341
637.77	41.299
638.09	41.355
638.42	41.270
638.75	41.176
639.07	41.087
639.40	41.004
639.73	40.937
640.05	40.882
640.38	40.864
640.70	40.827
641.03	40.783
641.36	40.759
641.68	40.635
642.01	40.579
642.33	40.516
642.66	40.424
642.98	40.406
643.31	40.338
643.64	40.288
643.96	40.182
644.29	40.146
644.61	40.134
644.94	40.015
645.26	40.014
645.59	39.920
645.91	39.840
646.24	39.840
646.56	39.748
646.89	39.715
647.22	39.666
647.54	39.613
647.87	39.510
648.19	39.396
648.52	39.351
648.84	39.206
649.17	39.111
649.49	39.105
649.82	39.041
650.14	39.005
650.47	38.956
650.79	38.912
651.11	38.871
651.44	38.862
651.76	38.805
652.09	38.764
652.41	38.778
652.74	38.799
653.06	38.670
653.39	38.579
653.71	38.518
654.04	38.373
654.36	38.228
654.68	38.124
655.01	38.030
655.33	37.953
655.66	37.884
655.98	37.707
656.30	37.612
656.63	37.566
656.95	37.473
657.28	37.367
657.60	37.282
657.92	37.226
658.25	37.193
658.57	37.144
658.90	37.079
659.22	37.003
659.54	37.022
659.87	36.970
660.19	36.938
660.51	36.939
660.84	36.907
661.16	36.934
661.48	36.936
661.81	36.839
662.13	36.785
662.45	36.695
662.78	36.673
663.10	36.652
663.42	36.606
663.75	36.558
664.07	36.501
664.39	36.463
664.72	36.360
665.04	36.243
665.36	36.220
665.69	36.171
666.01	36.156
666.33	36.160
666.65	36.080
666.98	36.076
667.30	36.089
667.62	36.038
667.94	35.990
668.27	35.965
668.59	35.904
668.91	35.833
669.23	35.776
669.56	35.756
669.88	35.622
670.20	35.562
670.52	35.513
670.85	35.380
671.17	35.349
671.49	35.270
671.81	35.176
672.13	35.153
672.46	35.141
672.78	35.110
673.10	35.075
673.42	35.116
673.74	35.172
674.07	35.085
674.39	35.107
674.71	35.093
675.03	35.074
675.35	35.071
675.67	35.002
676.00	34.910
676.32	34.861
676.64	34.835
676.96	34.754
677.28	34.631
677.60	34.601
677.92	34.509
678.25	34.417
678.57	34.372
678.89	34.303
679.21	34.296
679.53	34.257
679.85	34.210
680.17	34.157
680.49	34.086
680.81	34.011
681.13	33.966
681.46	33.942
681.78	33.958
682.10	33.930
682.42	33.881
682.74	33.867
683.06	33.818
683.38	33.803
683.70	33.778
684.02	33.729
684.34	33.704
684.66	33.737
684.98	33.711
685.30	33.639
685.62	33.659
685.94	33.736
686.26	33.709
686.58	33.705
686.90	33.693
687.22	33.628
687.54	33.663
687.86	33.641
688.18	33.570
688.50	33.565
688.82	33.525
689.14	33.438
689.46	33.384
689.78	33.310
690.10	33.302
690.42	33.245
690.74	33.248
691.06	33.176
691.38	33.122
691.70	33.114
692.02	32.983
692.34	33.003
692.66	33.019
692.98	32.845
693.30	32.769
693.62	32.619
693.94	32.492
694.26	32.307
694.57	32.237
694.89	32.250
695.21	32.171
695.53	32.174
695.85	32.081
696.17	31.944
696.49	31.935
696.81	31.886
697.13	31.913
697.44	31.916
697.76	31.946
698.08	31.932
698.40	31.862
698.72	31.822
699.04	31.805
699.36	31.786
699.67	31.765
699.99	31.790
700.31	31.846
700.63	31.715
700.95	31.698
701.27	31.724
701.58	31.677
701.90	31.676
702.22	31.622
702.54	31.497
702.86	31.458
703.17	31.466
703.49	31.368
703.81	31.340
704.13	31.488
704.45	31.388
704.76	31.265
705.08	31.277
705.40	31.253
705.72	31.174
706.03	31.281
706.35	31.189
706.67	31.181
706.99	31.163
707.30	31.044
707.62	30.893
707.94	30.883
708.26	30.890
708.57	30.826
708.89	30.781
709.21	30.757
709.53	30.631
709.84	30.732
710.16	30.596
710.48	30.603
710.79	30.627
711.11	30.696
711.43	30.602
711.74	30.628
712.06	30.657
712.38	30.654
712.69	30.636
713.01	30.674
713.33	30.578
713.64	30.659
713.96	30.634
714.28	30.600
714.59	30.554
714.91	30.736
715.23	30.674
715.54	30.640
715.86	30.697
716.17	30.692
716.49	30.648
716.81	30.791
717.12	30.800
717.44	30.750
717.76	30.730
718.07	30.721
718.39	30.487
718.70	30.440
719.02	30.316
719.33	30.107
719.65	30.138
719.97	30.029
720.28	29.880
720.60	29.748
720.91	29.767
721.23	29.656
721.54	29.633
721.86	29.672
722.17	29.582
722.49	29.576
722.81	29.560
723.12	29.549
723.44	29.585
723.75	29.427
724.07	29.391
724.38	29.385
724.70	29.419
725.01	29.277
725.33	29.189
725.64	29.217
725.96	29.135
726.27	29.203
726.59	29.066
726.90	29.007
727.22	29.081
727.53	29.189
727.84	29.187
728.16	29.221
728.47	29.179
728.79	29.169
729.10	29.210
729.42	29.312
729.73	29.195
730.05	29.258
730.36	29.192
730.67	29.058
730.99	28.936
731.30	28.874
731.62	28.836
731.93	28.758
732.24	28.752
732.56	28.671
732.87	28.611
733.19	28.670
733.50	28.583
733.81	28.585
734.13	28.504
734.44	28.335
734.76	28.281
735.07	28.189
735.38	28.257
735.70	28.340
736.01	28.406
736.32	28.309
736.64	28.218
736.95	28.162
737.26	28.130
737.58	28.122
737.89	28.287
738.20	28.266
738.52	28.252
738.83	28.045
739.14	27.848
739.45	27.729
739.77	27.710
740.08	27.722
740.39	27.836
740.71	27.799
741.02	27.829
741.33	27.734
741.64	27.651
741.96	27.523
742.27	27.601
742.58	27.633
742.90	27.537
743.21	27.508
743.52	27.514
743.83	27.397
744.14	27.359
744.46	27.103
744.77	27.056
745.08	27.010
745.39	27.065
745.71	27.102
746.02	27.154
746.33	27.246
746.64	27.417
746.95	27.308
747.27	27.337
747.58	27.189
747.89	27.337
748.20	27.212
748.51	27.106
748.82	27.087
749.14	27.074
749.45	26.829
749.76	26.580
750.07	26.215
750.38	26.050
750.69	26.022
751.01	26.142
751.32	26.368
751.63	26.552
751.94	26.669
752.25	26.623
752.56	26.595
752.87	26.845
753.18	26.902
753.49	26.995
753.81	27.166
754.12	26.969
754.43	27.214
754.74	27.101
755.05	26.969
755.36	26.888
755.67	26.917
755.98	26.986
756.29	27.023
756.60	27.264
756.91	27.537
757.22	27.542
757.53	27.672
757.84	27.619
758.15	27.602
758.46	27.912
758.77	27.947
759.09	28.270
759.40	28.367
759.71	28.351
760.02	28.227
760.33	28.229
760.64	28.240
760.95	28.454
761.26	28.452
761.57	28.400
761.88	28.375
762.18	28.519
762.49	28.401
762.80	28.323
763.11	28.335
763.42	28.420
763.73	28.227
764.04	28.097
764.35	27.963
764.66	27.830
764.97	27.834
765.28	27.555
765.59	27.200
765.90	26.816
766.21	26.556
766.52	26.363
766.83	26.163
767.14	25.977
767.44	26.061
767.75	25.798
768.06	25.744
768.37	25.866
768.68	25.845
768.99	25.912
769.30	26.054
769.61	26.161
769.91	26.190
770.22	26.124
770.53	26.356
770.84	26.268
771.15	26.182
771.46	25.921
771.77	25.412
772.07	25.371
772.38	25.440
772.69	25.493
773.00	25.533
773.31	25.339
773.61	25.329
773.92	25.424
774.23	25.259
774.54	25.182
774.85	25.395
775.15	25.702
775.46	25.491
775.77	25.272
776.08	24.848
776.39	24.606
776.69	24.547
777.00	24.477
777.31	24.475
777.62	24.505
777.92	24.549
778.23	24.378
778.54	24.162
778.85	24.407
779.15	24.584
779.46	24.972
779.77	24.919
780.07	25.105
780.38	25.199
780.69	24.848
781.00	25.050
781.30	24.914
781.61	24.998
781.92	24.950
782.22	24.769
782.53	24.714
782.84	24.727
783.14	24.976
783.45	24.730
783.76	24.520
784.06	24.581
784.37	24.674
784.68	24.959
784.98	24.941
785.29	25.417
785.60	25.740
785.90	25.910
786.21	26.042
786.51	26.045
786.82	26.104
787.13	26.201
787.43	26.520
787.74	26.408
788.04	26.420
788.35	26.570
788.66	26.293
788.96	25.983
789.27	25.879
789.57	25.735
789.88	25.939
790.19	25.790
790.49	25.806
790.80	25.616
791.10	25.504
791.41	25.262
791.71	25.248
792.02	25.287
792.32	25.441
792.63	25.639
792.93	25.383
793.24	25.245
793.54	25.431
793.85	25.559
794.15	25.520
794.46	25.648
794.76	25.657
795.07	25.800
795.37	25.658
795.68	25.379
795.98	25.408
796.29	25.862
796.59	25.643
796.90	25.410
797.20	25.264
797.51	25.506
797.81	25.321
798.12	25.574
798.42	25.306
798.72	25.390
799.03	25.612
799.33	25.345
799.64	24.934
799.94	25.081
800.25	25.260
800.55	25.248
800.85	24.862
801.16	24.940
801.46	24.942
801.77	24.981
802.07	25.141
802.37	25.151
802.68	25.117
802.98	25.553
803.28	25.739
803.59	25.433
803.89	25.274
804.20	25.306
804.50	25.650
804.80	25.513
805.11	25.669
805.41	25.735
805.71	25.819
806.02	25.932
806.32	25.508
806.62	24.938
806.93	25.344
807.23	25.655
807.53	25.990
807.83	25.912
808.14	25.970
808.44	25.692
808.74	25.647
809.05	25.714
809.35	25.922
809.65	26.052
809.95	27.070
810.26	26.514
810.56	26.322
810.86	25.993
811.16	25.777
811.47	25.505
811.77	26.231
812.07	26.497
812.37	27.030
812.68	26.662
812.98	27.342
813.28	26.963
813.58	27.784
813.88	27.856
814.19	27.852
814.49	27.878
814.79	28.387
815.09	27.530
815.39	27.031
815.70	26.564
816.00	26.996
816.30	26.336
816.60	26.313
816.90	26.160
817.20	26.277
817.50	26.776
817.81	26.723
818.11	26.794
818.41	27.069
818.71	27.348
819.01	27.497
819.31	27.380
819.61	27.363
819.92	27.451
820.22	27.628
820.52	27.595
820.82	27.436
821.12	27.387
821.42	27.348
821.72	27.302
822.02	27.278
822.32	27.186
822.62	27.133
822.92	27.120
823.22	27.120
823.52	26.926
823.83	26.862
824.13	27.032
824.43	27.154
824.73	27.205
825.03	27.175
825.33	26.844
825.63	26.819
825.93	26.793
826.23	26.715
826.53	26.459
826.83	26.457
827.13	26.476
827.43	26.166
827.73	26.000
828.03	25.691
828.33	25.663
828.63	25.888
828.93	25.949
829.23	26.160
829.53	26.232
829.83	26.243
830.13	26.277
830.42	26.171
830.72	25.911
831.02	25.875
831.32	26.345
831.62	26.212
831.92	26.372
832.22	26.416
832.52	26.528
832.82	26.672
833.12	26.828
833.42	27.042
833.72	27.017
834.01	27.146
834.31	27.156
834.61	27.126
834.91	27.214
835.21	27.197
835.51	26.992
835.81	26.485
836.11	26.224
836.40	26.021
836.70	25.598
837.00	25.602
837.30	25.446
837.60	25.952
837.90	25.136
838.19	25.442
838.49	25.097
838.79	25.405
839.09	25.607
839.39	25.547
839.68	25.522
839.98	24.930
840.28	24.923
840.58	24.364
840.88	23.473
841.17	24.029
841.47	22.894
841.77	22.754
842.07	21.371
842.36	21.500
842.66	21.173
842.96	21.344
843.26	22.646
843.55	23.232
843.85	24.255
844.15	25.177
844.45	25.006
844.74	26.783
845.04	27.792
845.34	28.469
845.63	28.095
845.93	27.978
846.23	26.603
846.53	25.760
846.82	25.235
847.12	24.851
847.42	25.606
847.71	26.179
848.01	25.607
848.31	25.399
848.60	26.286
848.90	25.743
849.19	26.235
849.49	25.730
849.79	24.663
850.08	23.744
850.38	24.937
850.68	25.594
850.97	26.517
851.27	27.201
851.56	26.996
851.86	26.345
852.16	26.208
852.45	25.448
852.75	27.051
853.04	28.642
853.34	29.457
853.64	29.438
853.93	26.883
854.23	24.433
854.52	23.121
854.82	24.065
855.11	24.338
855.41	26.278
855.70	27.299
856.00	26.990
856.30	25.410
856.59	25.019
856.89	25.260
857.18	24.922
857.48	25.798
857.77	25.760
858.07	23.413
858.36	23.001
858.66	21.001
858.95	20.493
859.25	19.802
859.54	22.197
859.84	22.901
860.13	22.306
860.42	21.924
860.72	21.979
861.01	23.262
861.31	25.403
861.60	23.668
861.90	24.761
862.19	25.790
862.49	27.461
862.78	25.806
863.07	23.970
863.37	23.511
863.66	25.896
863.96	27.404
864.25	27.144
864.54	26.560
864.84	27.506
865.13	25.620
865.43	24.709
865.72	29.286
866.01	27.142
866.31	16.440
866.60	8.418
866.89	23.495
