180.30	0.000
180.67	0.000
181.03	118.405
181.40	35.133
181.77	41.877
182.14	187.899
182.51	33.755
182.88	-28.072
183.25	-131.147
183.62	72.007
183.99	90.577
184.36	133.306
184.73	115.659
185.10	147.402
185.46	-63.356
185.83	23.242
186.20	-199.415
186.57	87.839
186.94	49.806
187.31	-62.188
187.68	-944.068
188.05	-182.666
188.42	-94.045
188.78	6.348
189.15	-2.169
189.52	-7.891
189.89	-24.074
190.26	-6.650
190.63	3.457
191.00	-0.045
191.37	-32.107
191.73	-65.786
192.10	-39.141
192.47	-4.356
192.84	-41.151
193.21	-30.237
193.58	-54.789
193.94	-62.590
194.31	-26.291
194.68	-7.920
195.05	-0.865
195.42	14.245
195.79	25.806
196.15	6.518
196.52	-7.027
196.89	4.594
197.26	14.726
197.63	44.281
198.00	49.480
198.36	31.108
198.73	42.516
199.10	33.546
199.47	41.789
199.84	44.149
200.20	32.404
200.57	26.845
200.94	22.909
201.31	15.064
201.68	3.987
202.04	10.455
202.41	14.811
202.78	4.475
203.15	12.989
203.51	10.172
203.88	27.603
204.25	40.794
204.62	44.832
204.98	38.483
205.35	33.063
205.72	33.821
206.09	11.580
206.46	7.784
206.82	9.145
207.19	7.398
207.56	1.702
207.92	-6.098
208.29	-11.865
208.66	-26.932
209.03	-31.436
209.39	-7.969
209.76	1.235
210.13	17.756
210.50	21.848
210.86	27.600
211.23	16.966
211.60	22.823
211.96	10.029
212.33	15.680
212.70	25.896
213.07	27.185
213.43	-3.870
213.80	-7.578
214.17	-5.244
214.53	-13.867
214.90	-26.338
215.27	-4.298
215.63	-1.159
216.00	-0.033
216.37	0.122
216.74	-7.392
217.10	-10.016
217.47	-0.606
217.84	-4.820
218.20	-17.965
218.57	-13.779
218.94	-6.832
219.30	-15.205
219.67	-12.626
220.04	-11.131
220.40	-8.159
220.77	-7.052
221.13	-7.657
221.50	2.459
221.87	5.693
222.23	8.677
222.60	9.854
222.97	13.161
223.33	17.636
223.70	14.889
224.07	17.999
224.43	18.918
224.80	17.176
225.16	15.845
225.53	12.835
225.90	11.397
226.26	12.159
226.63	11.829
226.99	10.946
227.36	10.175
227.73	9.977
228.09	9.245
228.46	8.021
228.82	7.963
229.19	8.181
229.56	8.512
229.92	8.826
230.29	7.332
230.65	7.785
231.02	7.194
231.38	6.099
231.75	4.833
232.12	4.158
232.48	4.466
232.85	4.815
233.21	5.663
233.58	5.367
233.94	4.628
234.31	5.515
234.68	4.047
235.04	4.746
235.41	5.056
235.77	6.343
236.14	6.384
236.50	5.191
236.87	5.807
237.23	6.144
237.60	7.462
237.96	7.985
238.33	8.167
238.69	8.542
239.06	8.490
239.42	8.495
239.79	7.889
240.15	7.873
240.52	8.233
240.88	8.080
241.25	7.668
241.61	6.916
241.98	6.860
242.34	6.711
242.71	6.250
243.07	6.073
243.44	5.890
243.80	6.106
244.17	5.933
244.53	5.722
244.90	5.555
245.26	5.695
245.63	5.784
245.99	5.728
246.36	5.783
246.72	6.044
247.09	5.952
247.45	5.652
247.81	5.552
248.18	5.808
248.54	5.683
248.91	5.588
249.27	5.442
249.64	5.418
250.00	5.585
250.36	5.242
250.73	4.757
251.09	4.888
251.46	5.751
251.82	5.841
252.19	5.458
252.55	5.703
252.91	5.895
253.28	6.025
253.64	6.056
254.01	5.920
254.37	5.697
254.73	5.826
255.10	5.594
255.46	5.104
255.83	5.034
256.19	5.132
256.55	5.192
256.92	5.246
257.28	5.212
257.65	5.243
258.01	5.176
258.37	5.141
258.74	5.134
259.10	5.113
259.46	5.201
259.83	5.147
260.19	5.226
260.55	5.120
260.92	5.173
261.28	5.314
261.64	5.401
262.01	5.281
262.37	5.622
262.73	5.537
263.10	5.481
263.46	5.648
263.82	6.010
264.19	5.773
264.55	5.906
264.91	5.802
265.28	5.584
265.64	5.480
266.00	5.451
266.37	5.464
266.73	5.804
267.09	5.999
267.46	5.910
267.82	5.695
268.18	5.614
268.54	5.658
268.91	5.646
269.27	5.608
269.63	5.454
270.00	5.429
270.36	5.121
270.72	4.886
271.08	4.803
271.45	4.559
271.81	4.493
272.17	4.723
272.53	4.702
272.90	4.589
273.26	4.544
273.62	4.535
273.98	4.683
274.35	4.809
274.71	5.015
275.07	4.969
275.43	5.158
275.80	5.201
276.16	5.019
276.52	5.113
276.88	4.861
277.25	4.733
277.61	4.831
277.97	4.800
278.33	5.003
278.69	5.075
279.06	5.162
279.42	4.895
279.78	5.019
280.14	5.005
280.50	4.791
280.87	4.942
281.23	5.114
281.59	5.131
281.95	5.054
282.31	5.040
282.68	5.014
283.04	4.951
283.40	5.111
283.76	5.045
284.12	5.128
284.48	5.161
284.85	5.166
285.21	5.117
285.57	4.983
285.93	4.890
286.29	4.647
286.65	4.399
287.02	4.430
287.38	4.339
287.74	4.290
288.10	4.270
288.46	4.212
288.82	4.354
289.18	4.328
289.54	4.493
289.91	4.721
290.27	4.654
290.63	4.814
290.99	4.823
291.35	4.914
291.71	4.932
292.07	4.995
292.43	5.037
292.79	4.750
293.16	4.617
293.52	4.433
293.88	4.352
294.24	4.574
294.60	4.536
294.96	4.462
295.32	4.521
295.68	4.488
296.04	4.344
296.40	4.349
296.76	4.385
297.12	4.556
297.49	4.670
297.85	4.732
298.21	4.666
298.57	4.832
298.93	4.817
299.29	4.801
299.65	4.763
300.01	4.895
300.37	4.978
300.73	5.083
301.09	4.907
301.45	4.870
301.81	4.832
302.17	4.770
302.53	4.662
302.89	4.781
303.25	4.731
303.61	4.779
303.97	4.700
304.33	4.655
304.69	4.682
305.05	4.696
305.41	4.642
305.77	4.601
306.13	4.668
306.49	4.594
306.85	4.599
307.21	4.569
307.57	4.638
307.93	4.637
308.29	4.575
308.65	4.591
309.01	4.595
309.37	4.723
309.73	4.753
310.09	4.802
310.45	4.954
310.81	4.859
311.17	4.878
311.53	4.920
311.89	4.941
312.25	4.970
312.61	4.950
312.96	5.049
313.32	5.077
313.68	5.087
314.04	5.057
314.40	4.917
314.76	4.922
315.12	4.911
315.48	4.761
315.84	4.695
316.20	4.608
316.56	4.616
316.92	4.579
317.27	4.479
317.63	4.459
317.99	4.531
318.35	4.521
318.71	4.632
319.07	4.744
319.43	4.888
319.79	5.035
320.15	5.081
320.50	5.136
320.86	5.144
321.22	5.198
321.58	5.207
321.94	5.156
322.30	5.161
322.66	5.113
323.01	5.148
323.37	5.167
323.73	5.148
324.09	5.266
324.45	5.246
324.81	5.374
325.17	5.369
325.52	5.365
325.88	5.396
326.24	5.408
326.60	5.554
326.96	5.541
327.31	5.502
327.67	5.571
328.03	5.609
328.39	5.710
328.75	5.749
329.11	5.847
329.46	6.019
329.82	6.182
330.18	6.329
330.54	6.324
330.90	6.373
331.25	6.430
331.61	6.413
331.97	6.425
332.33	6.375
332.68	6.342
333.04	6.291
333.40	6.223
333.76	6.169
334.11	6.117
334.47	6.112
334.83	6.206
335.19	6.222
335.54	6.331
335.90	6.379
336.26	6.428
336.62	6.462
336.97	6.429
337.33	6.528
337.69	6.466
338.05	6.463
338.40	6.470
338.76	6.351
339.12	6.352
339.48	6.271
339.83	6.264
340.19	6.288
340.55	6.360
340.90	6.422
341.26	6.414
341.62	6.505
341.97	6.617
342.33	6.618
342.69	6.739
343.04	6.757
343.40	6.786
343.76	6.790
344.12	6.776
344.47	6.735
344.83	6.741
345.19	6.749
345.54	6.780
345.90	6.790
346.26	6.869
346.61	6.789
346.97	6.886
347.32	6.968
347.68	7.035
348.04	7.173
348.39	7.220
348.75	7.248
349.11	7.232
349.46	7.231
349.82	7.251
350.18	7.214
350.53	7.288
350.89	7.243
351.24	7.178
351.60	7.139
351.96	7.036
352.31	7.032
352.67	7.156
353.02	7.221
353.38	7.220
353.74	7.295
354.09	7.275
354.45	7.304
354.80	7.342
355.16	7.478
355.52	7.490
355.87	7.609
356.23	7.656
356.58	7.678
356.94	7.691
357.29	7.740
357.65	7.704
358.00	7.745
358.36	7.730
358.72	7.745
359.07	7.706
359.43	7.712
359.78	7.683
360.14	7.665
360.49	7.605
360.85	7.641
361.20	7.610
361.56	7.578
361.91	7.590
362.27	7.587
362.62	7.554
362.98	7.524
363.33	7.567
363.69	7.545
364.04	7.517
364.40	7.511
364.75	7.513
365.11	7.516
365.46	7.554
365.82	7.595
366.17	7.627
366.53	7.669
366.88	7.655
367.24	7.601
367.59	7.592
367.95	7.615
368.30	7.656
368.66	7.649
369.01	7.700
369.37	7.720
369.72	7.707
370.08	7.750
370.43	7.726
370.78	7.766
371.14	7.823
371.49	7.797
371.85	7.805
372.20	7.808
372.56	7.796
372.91	7.745
373.26	7.720
373.62	7.733
373.97	7.685
374.33	7.692
374.68	7.663
375.03	7.681
375.39	7.762
375.74	7.755
376.10	7.740
376.45	7.712
376.80	7.751
377.16	7.772
377.51	7.721
377.87	7.730
378.22	7.745
378.57	7.770
378.93	7.773
379.28	7.750
379.63	7.777
379.99	7.767
380.34	7.783
380.70	7.790
381.05	7.797
381.40	7.861
381.76	7.856
382.11	7.869
382.46	7.901
382.82	7.876
383.17	7.927
383.52	7.934
383.88	7.986
384.23	7.989
384.58	7.978
384.94	7.932
385.29	7.868
385.64	7.881
385.99	7.867
386.35	7.815
386.70	7.800
387.05	7.754
387.41	7.727
387.76	7.701
388.11	7.707
388.47	7.705
388.82	7.712
389.17	7.757
389.52	7.730
389.88	7.712
390.23	7.729
390.58	7.744
390.93	7.742
391.29	7.735
391.64	7.715
391.99	7.683
392.34	7.653
392.70	7.642
393.05	7.575
393.40	7.545
393.75	7.510
394.11	7.465
394.46	7.384
394.81	7.334
395.16	7.272
395.52	7.161
395.87	7.102
396.22	7.006
396.57	6.964
396.92	6.918
397.28	6.885
397.63	6.846
397.98	6.764
398.33	6.699
398.68	6.653
399.04	6.579
399.39	6.539
399.74	6.507
400.09	6.478
400.44	6.430
400.80	6.432
401.15	6.397
401.50	6.351
401.85	6.346
402.20	6.361
402.55	6.372
402.90	6.379
403.26	6.417
403.61	6.432
403.96	6.449
404.31	6.440
404.66	6.391
405.01	6.343
405.36	6.305
405.72	6.294
406.07	6.241
406.42	6.201
406.77	6.177
407.12	6.120
407.47	6.050
407.82	5.990
408.17	5.966
408.53	5.964
408.88	5.956
409.23	5.961
409.58	5.922
409.93	5.906
410.28	5.872
410.63	5.858
410.98	5.852
411.33	5.836
411.68	5.830
412.03	5.798
412.38	5.786
412.73	5.780
413.09	5.780
413.44	5.762
413.79	5.802
414.14	5.821
414.49	5.825
414.84	5.831
415.19	5.846
415.54	5.874
415.89	5.918
416.24	5.915
416.59	5.914
416.94	5.924
417.29	5.962
417.64	5.967
417.99	5.957
418.34	5.972
418.69	5.990
419.04	6.010
419.39	6.011
419.74	5.998
420.09	6.017
420.44	6.038
420.79	6.041
421.14	6.020
421.49	6.007
421.84	5.991
422.19	5.979
422.54	5.973
422.89	5.948
423.24	5.922
423.59	5.882
423.94	5.845
424.29	5.816
424.64	5.759
424.99	5.737
425.34	5.687
425.68	5.661
426.03	5.615
426.38	5.562
426.73	5.519
427.08	5.489
427.43	5.485
427.78	5.465
428.13	5.441
428.48	5.462
428.83	5.442
429.18	5.475
429.53	5.493
429.87	5.494
430.22	5.484
430.57	5.511
430.92	5.525
431.27	5.533
431.62	5.538
431.97	5.536
432.32	5.532
432.67	5.535
433.01	5.527
433.36	5.504
433.71	5.495
434.06	5.492
434.41	5.470
434.76	5.478
435.11	5.478
435.45	5.475
435.80	5.499
436.15	5.525
436.50	5.553
436.85	5.552
437.20	5.579
437.54	5.606
437.89	5.639
438.24	5.652
438.59	5.645
438.94	5.629
439.29	5.645
439.63	5.631
439.98	5.616
440.33	5.609
440.68	5.616
441.03	5.596
441.37	5.578
441.72	5.554
442.07	5.557
442.42	5.562
442.76	5.591
443.11	5.592
443.46	5.603
443.81	5.602
444.16	5.588
444.50	5.579
444.85	5.552
445.20	5.545
445.55	5.509
445.89	5.467
446.24	5.424
446.59	5.376
446.94	5.322
447.28	5.252
447.63	5.200
447.98	5.157
448.32	5.111
448.67	5.081
449.02	5.043
449.37	5.018
449.71	5.002
450.06	4.991
450.41	4.996
450.75	5.009
451.10	5.020
451.45	5.019
451.79	5.018
452.14	5.014
452.49	4.996
452.84	5.003
453.18	5.006
453.53	4.984
453.88	5.006
454.22	4.996
454.57	5.004
454.92	5.045
455.26	5.069
455.61	5.111
455.95	5.151
456.30	5.229
456.65	5.260
456.99	5.307
457.34	5.372
457.69	5.409
458.03	5.438
458.38	5.461
458.73	5.458
459.07	5.458
459.42	5.453
459.76	5.439
460.11	5.415
460.46	5.383
460.80	5.358
461.15	5.321
461.49	5.302
461.84	5.301
462.19	5.279
462.53	5.300
462.88	5.317
463.22	5.321
463.57	5.359
463.91	5.375
464.26	5.418
464.61	5.454
464.95	5.487
465.30	5.502
465.64	5.517
465.99	5.533
466.33	5.520
466.68	5.538
467.02	5.550
467.37	5.532
467.71	5.534
468.06	5.545
468.41	5.548
468.75	5.562
469.10	5.555
469.44	5.550
469.79	5.555
470.13	5.539
470.48	5.518
470.82	5.520
471.17	5.540
471.51	5.555
471.86	5.525
472.20	5.492
472.55	5.471
472.89	5.461
473.23	5.445
473.58	5.435
473.92	5.450
474.27	5.460
474.61	5.450
474.96	5.438
475.30	5.422
475.65	5.421
475.99	5.439
476.34	5.452
476.68	5.462
477.02	5.478
477.37	5.500
477.71	5.529
478.06	5.555
478.40	5.646
478.75	5.765
479.09	5.894
479.43	6.049
479.78	6.213
480.12	6.357
480.47	6.516
480.81	6.680
481.15	6.839
481.50	6.996
481.84	7.168
482.19	7.348
482.53	7.501
482.87	7.614
483.22	7.647
483.56	7.597
483.90	7.500
484.25	7.366
484.59	7.203
484.94	7.081
485.28	6.976
485.62	6.842
485.97	6.666
486.31	6.515
486.65	6.404
487.00	6.354
487.34	6.369
487.68	6.423
488.03	6.501
488.37	6.593
488.71	6.635
489.06	6.636
489.40	6.634
489.74	6.653
490.09	6.649
490.43	6.645
490.77	6.641
491.11	6.629
491.46	6.626
491.80	6.606
492.14	6.604
492.49	6.590
492.83	6.584
493.17	6.585
493.51	6.595
493.86	6.635
494.20	6.665
494.54	6.736
494.88	6.815
495.23	6.885
495.57	6.982
495.91	7.065
496.25	7.142
496.60	7.239
496.94	7.336
497.28	7.425
497.62	7.510
497.97	7.612
498.31	7.698
498.65	7.809
498.99	7.947
499.33	8.075
499.68	8.207
500.02	8.402
500.36	8.556
500.70	8.743
501.04	8.917
501.39	9.109
501.73	9.310
502.07	9.521
502.41	9.732
502.75	9.956
503.09	10.210
503.44	10.468
503.78	10.689
504.12	10.973
504.46	11.228
504.80	11.528
505.14	11.827
505.49	12.138
505.83	12.417
506.17	12.702
506.51	13.013
506.85	13.311
507.19	13.607
507.53	13.900
507.87	14.203
508.22	14.509
508.56	14.804
508.90	15.110
509.24	15.426
509.58	15.779
509.92	16.131
510.26	16.448
510.60	16.813
510.94	17.158
511.28	17.521
511.63	17.886
511.97	18.257
512.31	18.646
512.65	19.036
512.99	19.464
513.33	19.900
513.67	20.382
514.01	20.869
514.35	21.338
514.69	21.816
515.03	22.275
515.37	22.700
515.71	23.103
516.05	23.488
516.39	23.860
516.73	24.165
517.07	24.494
517.41	24.776
517.75	25.074
518.09	25.337
518.43	25.604
518.77	25.897
519.11	26.175
519.45	26.503
519.79	26.823
520.13	27.141
520.47	27.528
520.81	27.902
521.15	28.304
521.49	28.665
521.83	29.076
522.17	29.462
522.51	29.829
522.85	30.257
523.19	30.708
523.53	31.187
523.87	31.760
524.21	32.286
524.55	32.792
524.89	33.272
525.23	33.692
525.57	34.049
525.91	34.403
526.25	34.723
526.58	35.010
526.92	35.258
527.26	35.500
527.60	35.644
527.94	35.774
528.28	35.861
528.62	35.940
528.96	36.044
529.30	36.135
529.64	36.215
529.97	36.276
530.31	36.340
530.65	36.421
530.99	36.497
531.33	36.619
531.67	36.757
532.01	36.937
532.35	37.044
532.68	37.136
533.02	37.242
533.36	37.299
533.70	37.400
534.04	37.475
534.38	37.535
534.71	37.592
535.05	37.651
535.39	37.683
535.73	37.694
536.07	37.805
536.41	37.946
536.74	38.072
537.08	38.277
537.42	38.474
537.76	38.624
538.10	38.847
538.43	39.044
538.77	39.213
539.11	39.386
539.45	39.546
539.79	39.659
540.12	39.730
540.46	39.799
540.80	39.840
541.14	39.854
541.47	39.862
541.81	39.835
542.15	39.789
542.49	39.764
542.82	39.716
543.16	39.656
543.50	39.595
543.84	39.543
544.17	39.540
544.51	39.470
544.85	39.451
545.18	39.477
545.52	39.463
545.86	39.483
546.20	39.469
546.53	39.452
546.87	39.464
547.21	39.454
547.54	39.464
547.88	39.435
548.22	39.470
548.55	39.449
548.89	39.429
549.23	39.431
549.56	39.410
549.90	39.401
550.24	39.411
550.57	39.382
550.91	39.364
551.25	39.377
551.58	39.335
551.92	39.333
552.26	39.341
552.59	39.321
552.93	39.330
553.27	39.325
553.60	39.311
553.94	39.279
554.27	39.297
554.61	39.299
554.95	39.224
555.28	39.220
555.62	39.169
555.95	39.133
556.29	39.115
556.63	39.062
556.96	39.043
557.30	39.020
557.63	39.003
557.97	38.953
558.31	38.905
558.64	38.927
558.98	38.882
559.31	38.849
559.65	38.833
559.98	38.817
560.32	38.819
560.65	38.766
560.99	38.710
561.33	38.704
561.66	38.669
562.00	38.661
562.33	38.609
562.67	38.592
563.00	38.595
563.34	38.543
563.67	38.519
564.01	38.467
564.34	38.425
564.68	38.427
565.01	38.357
565.35	38.318
565.68	38.262
566.02	38.218
566.35	38.199
566.69	38.117
567.02	38.087
567.36	38.024
567.69	37.967
568.03	37.908
568.36	37.819
568.69	37.765
569.03	37.697
569.36	37.630
569.70	37.608
570.03	37.524
570.37	37.522
570.70	37.447
571.04	37.402
571.37	37.336
571.70	37.298
572.04	37.291
572.37	37.220
572.71	37.186
573.04	37.131
573.37	37.035
573.71	36.951
574.04	36.857
574.38	36.804
574.71	36.757
575.04	36.725
575.38	36.693
575.71	36.609
576.05	36.596
576.38	36.495
576.71	36.427
577.05	36.381
577.38	36.360
577.71	36.301
578.05	36.221
578.38	36.130
578.71	36.043
579.05	35.955
579.38	35.871
579.71	35.776
580.05	35.770
580.38	35.740
580.71	35.679
581.05	35.643
581.38	35.574
581.71	35.533
582.05	35.482
582.38	35.439
582.71	35.398
583.04	35.358
583.38	35.285
583.71	35.176
584.04	35.102
584.38	35.030
584.71	34.941
585.04	34.908
585.37	34.872
585.71	34.806
586.04	34.684
586.37	34.609
586.70	34.520
587.04	34.469
587.37	34.438
587.70	34.386
588.03	34.318
588.37	34.225
588.70	34.118
589.03	34.036
589.36	33.966
589.69	33.922
590.03	33.857
590.36	33.790
590.69	33.704
591.02	33.561
591.35	33.494
591.69	33.444
592.02	33.393
592.35	33.300
592.68	33.192
593.01	33.149
593.35	33.072
593.68	33.005
594.01	32.945
594.34	32.897
594.67	32.886
595.00	32.819
595.34	32.741
595.67	32.658
596.00	32.624
596.33	32.598
596.66	32.494
596.99	32.454
597.32	32.395
597.65	32.329
597.99	32.274
598.32	32.188
598.65	32.101
598.98	32.047
599.31	31.985
599.64	31.885
599.97	31.811
600.30	31.768
600.63	31.680
600.96	31.604
601.30	31.561
601.63	31.505
601.96	31.460
602.29	31.419
602.62	31.371
602.95	31.352
603.28	31.317
603.61	31.268
603.94	31.227
604.27	31.178
604.60	31.106
604.93	31.049
605.26	30.980
605.59	30.942
605.92	30.872
606.25	30.786
606.58	30.721
606.91	30.673
607.24	30.586
607.57	30.534
607.90	30.464
608.23	30.427
608.56	30.352
608.89	30.279
609.22	30.250
609.55	30.204
609.88	30.200
610.21	30.130
610.54	30.051
610.87	30.002
611.20	29.933
611.53	29.883
611.86	29.817
612.19	29.777
612.52	29.768
612.85	29.677
613.18	29.636
613.51	29.540
613.84	29.455
614.17	29.458
614.49	29.443
614.82	29.419
615.15	29.425
615.48	29.428
615.81	29.342
616.14	29.282
616.47	29.216
616.80	29.137
617.13	29.092
617.46	29.047
617.78	28.963
618.11	28.882
618.44	28.776
618.77	28.706
619.10	28.619
619.43	28.614
619.76	28.525
620.09	28.450
620.41	28.363
620.74	28.306
621.07	28.238
621.40	28.221
621.73	28.137
622.06	28.098
622.38	28.048
622.71	28.027
623.04	27.962
623.37	27.900
623.70	27.866
624.02	27.902
624.35	27.843
624.68	27.840
625.01	27.818
625.34	27.771
625.66	27.750
625.99	27.712
626.32	27.617
626.65	27.613
626.98	27.607
627.30	27.538
627.63	27.461
627.96	27.444
628.29	27.375
628.61	27.250
628.94	27.254
629.27	27.192
629.60	27.154
629.92	27.123
630.25	26.964
630.58	26.898
630.91	26.845
631.23	26.767
631.56	26.668
631.89	26.627
632.21	26.592
632.54	26.531
632.87	26.488
633.19	26.379
633.52	26.328
633.85	26.311
634.18	26.230
634.50	26.229
634.83	26.197
635.16	26.180
635.48	26.119
635.81	26.077
636.14	26.048
636.46	25.997
636.79	25.987
637.11	25.959
637.44	25.936
637.77	25.921
638.09	25.842
638.42	25.742
638.75	25.658
639.07	25.613
639.40	25.536
639.73	25.413
640.05	25.345
640.38	25.250
640.70	25.193
641.03	25.134
641.36	25.112
641.68	25.033
642.01	25.015
642.33	24.972
642.66	24.965
642.98	24.952
643.31	24.952
643.64	24.899
643.96	24.902
644.29	24.834
644.61	24.816
644.94	24.771
645.26	24.786
645.59	24.759
645.91	24.770
646.24	24.723
646.56	24.654
646.89	24.615
647.22	24.590
647.54	24.578
647.87	24.539
648.19	24.503
648.52	24.460
648.84	24.425
649.17	24.393
649.49	24.314
649.82	24.270
650.14	24.196
650.47	24.157
650.79	24.069
651.11	23.987
651.44	23.981
651.76	23.995
652.09	23.937
652.41	23.819
652.74	23.806
653.06	23.759
653.39	23.693
653.71	23.673
654.04	23.652
654.36	23.656
654.68	23.562
655.01	23.455
655.33	23.376
655.66	23.324
655.98	23.312
656.30	23.209
656.63	23.210
656.95	23.150
657.28	23.173
657.60	23.129
657.92	23.044
658.25	23.054
658.57	23.038
658.90	22.925
659.22	22.825
659.54	22.782
659.87	22.758
660.19	22.650
660.51	22.564
660.84	22.404
661.16	22.214
661.48	22.112
661.81	21.987
662.13	21.795
662.45	21.737
662.78	21.720
663.10	21.569
663.42	21.478
663.75	21.367
664.07	21.327
664.39	21.328
664.72	21.321
665.04	21.317
665.36	21.291
665.69	21.329
666.01	21.305
666.33	21.262
666.65	21.229
666.98	21.205
667.30	21.204
667.62	21.129
667.94	21.044
668.27	20.987
668.59	20.980
668.91	20.863
669.23	20.766
669.56	20.649
669.88	20.566
670.20	20.504
670.52	20.436
670.85	20.359
671.17	20.302
671.49	20.220
671.81	20.183
672.13	20.052
672.46	19.964
672.78	19.954
673.10	19.900
673.42	19.831
673.74	19.807
674.07	19.738
674.39	19.689
674.71	19.643
675.03	19.594
675.35	19.483
675.67	19.489
676.00	19.503
676.32	19.462
676.64	19.471
676.96	19.444
677.28	19.422
677.60	19.414
677.92	19.377
678.25	19.396
678.57	19.389
678.89	19.455
679.21	19.420
679.53	19.372
679.85	19.361
680.17	19.335
680.49	19.285
680.81	19.239
681.13	19.240
681.46	19.213
681.78	19.165
682.10	19.079
682.42	19.013
682.74	18.947
683.06	18.983
683.38	18.954
683.70	18.965
684.02	18.987
684.34	19.025
684.66	18.949
684.98	18.985
685.30	18.941
685.62	19.018
685.94	18.955
686.26	18.916
686.58	18.867
686.90	18.806
687.22	18.703
687.54	18.656
687.86	18.532
688.18	18.452
688.50	18.292
688.82	18.231
689.14	18.044
689.46	17.937
689.78	17.852
690.10	17.744
690.42	17.580
690.74	17.507
691.06	17.375
691.38	17.210
691.70	17.065
692.02	16.922
692.34	16.807
692.66	16.693
692.98	16.665
693.30	16.552
693.62	16.602
693.94	16.689
694.26	16.635
694.57	16.629
694.89	16.704
695.21	16.757
695.53	16.891
695.85	16.949
696.17	17.067
696.49	17.102
696.81	17.163
697.13	17.124
697.44	17.047
697.76	17.051
698.08	16.985
698.40	16.865
698.72	16.750
699.04	16.553
699.36	16.321
699.67	16.086
699.99	15.739
700.31	15.450
700.63	15.065
700.95	14.685
701.27	14.277
701.58	13.908
701.90	13.676
702.22	13.465
702.54	13.213
702.86	13.057
703.17	12.965
703.49	12.946
703.81	12.858
704.13	12.710
704.45	12.666
704.76	12.638
705.08	12.640
705.40	12.573
705.72	12.508
706.03	12.483
706.35	12.346
706.67	12.120
706.99	12.031
707.30	11.922
707.62	11.923
707.94	11.932
708.26	11.853
708.57	11.799
708.89	11.750
709.21	11.747
709.53	11.802
709.84	11.878
710.16	11.930
710.48	11.921
710.79	11.911
711.11	12.045
711.43	12.030
711.74	12.248
712.06	12.461
712.38	12.595
712.69	12.648
713.01	12.675
713.33	12.768
713.64	12.956
713.96	13.103
714.28	13.369
714.59	13.508
714.91	13.853
715.23	13.968
715.54	14.066
715.86	14.185
716.17	14.219
716.49	14.254
716.81	14.239
717.12	14.235
717.44	14.172
717.76	13.950
718.07	13.707
718.39	13.214
718.70	12.882
719.02	12.442
719.33	12.077
719.65	11.923
719.97	11.637
720.28	11.466
720.60	11.216
720.91	11.159
721.23	11.134
721.54	11.154
721.86	11.299
722.17	11.252
722.49	11.431
722.81	11.551
723.12	11.508
723.44	11.730
723.75	11.791
724.07	11.727
724.38	11.671
724.70	11.674
725.01	11.558
725.33	11.631
725.64	11.772
725.96	11.766
726.27	11.761
726.59	11.801
726.90	11.667
727.22	11.680
727.53	11.767
727.84	11.753
728.16	11.612
728.47	11.520
728.79	11.369
729.10	11.072
729.42	10.831
729.73	10.575
730.05	10.210
730.36	9.937
730.67	9.452
730.99	8.984
731.30	8.662
731.62	8.316
731.93	8.104
732.24	7.631
732.56	7.204
732.87	6.825
733.19	6.311
733.50	6.015
733.81	5.772
734.13	5.680
734.44	5.253
734.76	4.911
735.07	4.581
735.38	4.099
735.70	3.787
736.01	3.429
736.32	3.190
736.64	3.195
736.95	3.023
737.26	2.736
737.58	2.223
737.89	2.062
738.20	1.584
738.52	1.396
738.83	1.096
739.14	0.661
739.45	0.366
739.77	-0.181
740.08	-1.080
740.39	-1.636
740.71	-2.195
741.02	-2.801
741.33	-3.343
741.64	-3.804
741.96	-4.363
742.27	-4.856
742.58	-5.104
742.90	-5.476
743.21	-5.763
743.52	-5.747
743.83	-6.125
744.14	-6.409
744.46	-6.516
744.77	-6.437
745.08	-6.748
745.39	-6.613
745.71	-6.779
746.02	-6.744
746.33	-6.553
746.64	-6.647
746.95	-6.814
747.27	-6.490
747.58	-6.074
747.89	-6.154
748.20	-6.320
748.51	-6.086
748.82	-6.448
749.14	-6.537
749.45	-6.641
749.76	-7.240
750.07	-7.322
750.38	-7.431
750.69	-7.757
751.01	-8.185
751.32	-8.026
751.63	-8.051
751.94	-8.018
752.25	-8.021
752.56	-8.306
752.87	-8.765
753.18	-8.364
753.49	-8.211
753.81	-8.150
754.12	-7.956
754.43	-7.828
754.74	-7.308
755.05	-6.285
755.36	-5.178
755.67	-4.091
755.98	-2.253
756.29	-0.695
756.60	0.889
756.91	2.350
757.22	4.088
757.53	5.536
757.84	7.152
758.15	8.738
758.46	9.839
758.77	10.742
759.09	11.791
759.40	12.455
759.71	13.101
760.02	13.427
760.33	13.695
760.64	13.706
760.95	13.983
761.26	13.944
761.57	13.680
761.88	13.475
762.18	13.233
762.49	12.796
762.80	12.134
763.11	11.417
763.42	10.654
763.73	9.742
764.04	8.956
764.35	7.620
764.66	6.326
764.97	4.849
765.28	3.097
765.59	1.235
765.90	-0.887
766.21	-2.834
766.52	-4.622
766.83	-6.410
767.14	-8.130
767.44	-9.839
767.75	-11.429
768.06	-13.010
768.37	-14.168
768.68	-15.329
768.99	-16.607
769.30	-17.776
769.61	-18.878
769.91	-19.890
770.22	-20.653
770.53	-21.059
770.84	-21.895
771.15	-21.928
771.46	-22.138
771.77	-23.310
772.07	-23.719
772.38	-24.202
772.69	-24.348
773.00	-24.228
773.31	-24.551
773.61	-25.233
773.92	-25.616
774.23	-25.218
774.54	-26.119
774.85	-26.123
775.15	-25.810
775.46	-25.779
775.77	-25.109
776.08	-24.432
776.39	-24.617
776.69	-24.274
777.00	-23.714
777.31	-23.219
777.62	-23.260
777.92	-22.877
778.23	-23.487
778.54	-22.877
778.85	-23.008
779.15	-23.300
779.46	-23.836
779.77	-23.774
780.07	-24.194
780.38	-24.941
780.69	-25.273
781.00	-25.789
781.30	-26.011
781.61	-25.368
781.92	-26.188
782.22	-25.920
782.53	-25.977
782.84	-25.238
783.14	-24.734
783.45	-24.048
783.76	-22.637
784.06	-21.925
784.37	-20.342
784.68	-19.070
784.98	-18.553
785.29	-16.960
785.60	-15.702
785.90	-14.588
786.21	-13.911
786.51	-12.466
786.82	-11.316
787.13	-10.756
787.43	-10.271
787.74	-9.876
788.04	-9.558
788.35	-9.474
788.66	-9.997
788.96	-10.934
789.27	-11.130
789.57	-11.472
789.88	-12.830
790.19	-13.382
790.49	-13.978
790.80	-14.520
791.10	-15.428
791.41	-15.451
791.71	-15.278
792.02	-15.020
792.32	-14.377
792.63	-13.624
792.93	-12.803
793.24	-12.361
793.54	-12.202
793.85	-11.525
794.15	-10.420
794.46	-9.878
794.76	-9.908
795.07	-9.702
795.37	-9.493
795.68	-8.714
795.98	-9.173
796.29	-9.445
796.59	-8.694
796.90	-8.829
797.20	-8.713
797.51	-9.384
797.81	-9.498
798.12	-9.616
798.42	-9.598
798.72	-9.324
799.03	-9.605
799.33	-9.139
799.64	-9.206
799.94	-9.745
800.25	-9.462
800.55	-9.676
800.85	-9.218
801.16	-9.267
801.46	-9.164
801.77	-9.032
802.07	-9.400
802.37	-9.278
802.68	-10.058
802.98	-10.425
803.28	-10.106
803.59	-10.354
803.89	-10.280
804.20	-10.687
804.50	-10.746
804.80	-10.980
805.11	-10.831
805.41	-10.569
805.71	-10.764
806.02	-9.855
806.32	-9.652
806.62	-10.080
806.93	-10.189
807.23	-10.288
807.53	-10.364
807.83	-10.034
808.14	-10.134
808.44	-10.063
808.74	-10.166
809.05	-9.639
809.35	-9.362
809.65	-9.124
809.95	-7.988
810.26	-6.750
810.56	-5.960
810.86	-4.842
811.16	-4.223
811.47	-2.956
811.77	-1.994
812.07	-0.973
812.37	-0.642
812.68	-0.352
812.98	0.442
813.28	0.693
813.58	1.595
813.88	2.141
814.19	3.220
814.49	3.368
814.79	4.035
815.09	4.528
815.39	5.531
815.70	5.895
816.00	6.321
816.30	7.007
816.60	7.233
816.90	7.384
817.20	7.902
817.50	8.662
817.81	10.475
818.11	11.909
818.41	12.579
818.71	13.257
819.01	14.105
819.31	14.770
819.61	15.254
819.92	15.864
820.22	16.151
820.52	16.503
820.82	16.767
821.12	16.908
821.42	16.923
821.72	16.992
822.02	16.996
822.32	16.993
822.62	16.982
822.92	16.837
823.22	16.605
823.52	16.534
823.83	16.441
824.13	16.160
824.43	15.928
824.73	15.711
825.03	15.547
825.33	15.368
825.63	15.191
825.93	14.948
826.23	14.943
826.53	14.892
826.83	14.820
827.13	14.396
827.43	14.222
827.73	13.899
828.03	13.564
828.33	13.377
828.63	13.146
828.93	12.576
829.23	11.907
829.53	11.264
829.83	10.621
830.13	10.147
830.42	9.892
830.72	10.101
831.02	10.041
831.32	10.546
831.62	10.664
831.92	10.704
832.22	10.704
832.52	10.811
832.82	11.011
833.12	11.190
833.42	11.208
833.72	11.019
834.01	10.515
834.31	10.539
834.61	9.791
834.91	9.429
835.21	8.917
835.51	8.458
835.81	7.595
836.11	6.697
836.40	5.023
836.70	3.845
837.00	2.761
837.30	2.121
837.60	0.984
837.90	0.636
838.19	-0.069
838.49	-1.073
838.79	-1.846
839.09	-1.876
839.39	-2.764
839.68	-2.999
839.98	-3.575
840.28	-4.188
840.58	-5.692
840.88	-8.620
841.17	-10.192
841.47	-12.891
841.77	-14.353
842.07	-17.372
842.36	-19.918
842.66	-22.166
842.96	-24.309
843.26	-28.875
843.55	-31.073
843.85	-32.709
844.15	-31.546
844.45	-31.902
844.74	-32.445
845.04	-35.023
845.34	-34.702
845.63	-35.695
845.93	-38.965
846.23	-42.309
846.53	-42.685
846.82	-47.199
847.12	-51.096
847.42	-51.497
847.71	-53.884
848.01	-55.973
848.31	-51.733
848.60	-48.216
848.90	-49.367
849.19	-44.542
849.49	-43.924
849.79	-46.085
850.08	-49.128
850.38	-48.795
850.68	-51.153
850.97	-50.302
851.27	-45.751
851.56	-50.682
851.86	-52.122
852.16	-51.831
852.45	-56.490
852.75	-55.175
853.04	-53.735
853.34	-46.468
853.64	-43.165
853.93	-38.936
854.23	-42.292
854.52	-43.892
854.82	-38.893
855.11	-38.848
855.41	-37.999
855.70	-34.534
856.00	-34.407
856.30	-36.424
856.59	-34.160
856.89	-35.811
857.18	-38.483
857.48	-34.963
857.77	-37.431
858.07	-39.789
858.36	-43.877
858.66	-43.976
858.95	-46.810
859.25	-47.918
859.54	-45.504
859.84	-51.195
860.13	-48.313
860.42	-48.284
860.72	-49.992
861.01	-49.196
861.31	-50.230
861.60	-46.644
861.90	-46.157
862.19	-46.704
862.49	-42.760
862.78	-40.430
863.07	-33.519
863.37	-31.125
863.66	-29.259
863.96	-28.265
864.25	-23.848
864.54	-21.779
864.84	-19.531
865.13	-19.702
865.43	-17.255
865.72	-12.558
866.01	-33.353
866.31	-18.600
866.60	-49.819
866.89	-16.207
