180.30	0.000
180.67	0.000
181.03	290.447
181.40	43.416
181.77	-31.097
182.14	-96.158
182.51	112.947
182.88	164.465
183.25	53.595
183.62	102.704
183.99	165.329
184.36	114.380
184.73	279.214
185.10	-61.102
185.46	-73.073
185.83	95.264
186.20	-92.298
186.57	70.938
186.94	75.308
187.31	-101.694
187.68	-3791.711
188.05	-13.440
188.42	-33.515
188.78	34.252
189.15	33.119
189.52	24.231
189.89	-2.765
190.26	11.996
190.63	28.257
191.00	16.253
191.37	11.577
191.73	28.166
192.10	18.647
192.47	71.024
192.84	50.068
193.21	63.043
193.58	54.123
193.94	22.707
194.31	49.325
194.68	49.120
195.05	45.138
195.42	37.577
195.79	27.497
196.15	19.439
196.52	-7.879
196.89	-2.657
197.26	-16.300
197.63	3.830
198.00	29.078
198.36	-1.053
198.73	1.272
199.10	27.400
199.47	34.149
199.84	33.113
200.20	35.957
200.57	31.697
200.94	21.071
201.31	17.431
201.68	0.246
202.04	3.297
202.41	2.608
202.78	4.297
203.15	-20.277
203.51	-28.733
203.88	-7.386
204.25	13.096
204.62	24.758
204.98	22.012
205.35	28.606
205.72	34.422
206.09	27.211
206.46	51.058
206.82	47.063
207.19	52.658
207.56	44.249
207.92	42.967
208.29	37.201
208.66	21.610
209.03	27.451
209.39	34.372
209.76	44.413
210.13	42.980
210.50	21.232
210.86	30.076
211.23	32.508
211.60	30.512
211.96	29.148
212.33	19.797
212.70	23.930
213.07	21.972
213.43	14.286
213.80	16.173
214.17	19.312
214.53	28.123
214.90	8.434
215.27	8.973
215.63	14.470
216.00	9.330
216.37	18.605
216.74	18.231
217.10	24.976
217.47	18.911
217.84	3.948
218.20	-9.162
218.57	-12.519
218.94	-2.767
219.30	-10.023
219.67	-13.565
220.04	-9.903
220.40	-10.963
220.77	-10.908
221.13	-3.085
221.50	5.509
221.87	12.151
222.23	17.085
222.60	16.724
222.97	21.020
223.33	28.443
223.70	29.365
224.07	28.971
224.43	27.355
224.80	26.788
225.16	23.616
225.53	21.154
225.90	18.833
226.26	18.330
226.63	17.653
226.99	16.670
227.36	15.969
227.73	15.791
228.09	15.800
228.46	16.178
228.82	15.875
229.19	15.255
229.56	16.049
229.92	15.802
230.29	15.324
230.65	16.745
231.02	16.212
231.38	14.864
231.75	15.012
232.12	15.533
232.48	15.677
232.85	14.994
233.21	15.526
233.58	13.713
233.94	14.955
234.31	15.606
234.68	13.671
235.04	14.620
235.41	13.875
235.77	13.784
236.14	12.525
236.50	11.399
236.87	12.351
237.23	12.425
237.60	13.114
237.96	13.008
238.33	12.524
238.69	12.822
239.06	12.453
239.42	12.875
239.79	12.715
240.15	12.846
240.52	13.017
240.88	13.002
241.25	12.837
241.61	12.631
241.98	12.660
242.34	13.023
242.71	12.907
243.07	12.755
243.44	12.444
243.80	12.549
244.17	12.471
244.53	12.260
244.90	11.903
245.26	11.876
245.63	11.962
245.99	11.968
246.36	11.857
246.72	11.866
247.09	11.860
247.45	11.900
247.81	11.681
248.18	11.735
248.54	11.700
248.91	12.026
249.27	11.969
249.64	12.012
250.00	12.015
250.36	12.131
250.73	12.075
251.09	12.144
251.46	12.221
251.82	12.059
252.19	12.007
252.55	12.260
252.91	12.177
253.28	12.336
253.64	12.133
254.01	11.898
254.37	11.253
254.73	11.290
255.10	11.380
255.46	11.497
255.83	11.635
256.19	11.659
256.55	11.448
256.92	11.498
257.28	11.478
257.65	11.612
258.01	11.621
258.37	11.519
258.74	11.521
259.10	11.384
259.46	11.422
259.83	11.480
260.19	11.337
260.55	11.582
260.92	11.623
261.28	11.736
261.64	11.650
262.01	11.845
262.37	12.340
262.73	12.320
263.10	12.375
263.46	12.315
263.82	12.296
264.19	12.114
264.55	11.930
264.91	11.706
265.28	11.520
265.64	11.636
266.00	11.421
266.37	11.326
266.73	11.516
267.09	11.702
267.46	11.798
267.82	11.687
268.18	11.870
268.54	11.753
268.91	11.788
269.27	11.587
269.63	11.398
270.00	11.237
270.36	11.142
270.72	10.938
271.08	10.707
271.45	10.549
271.81	10.511
272.17	10.598
272.53	10.605
272.90	10.424
273.26	10.347
273.62	10.432
273.98	10.592
274.35	10.771
274.71	10.920
275.07	10.981
275.43	10.983
275.80	11.171
276.16	10.989
276.52	10.886
276.88	10.794
277.25	10.935
277.61	10.930
277.97	10.828
278.33	10.780
278.69	10.752
279.06	10.702
279.42	10.471
279.78	10.381
280.14	10.660
280.50	10.625
280.87	10.741
281.23	10.648
281.59	10.430
281.95	10.330
282.31	10.167
282.68	10.129
283.04	10.183
283.40	10.222
283.76	10.198
284.12	9.954
284.48	9.929
284.85	9.999
285.21	10.097
285.57	10.123
285.93	10.162
286.29	10.091
286.65	10.064
287.02	9.988
287.38	10.007
287.74	9.979
288.10	10.045
288.46	10.139
288.82	10.141
289.18	10.108
289.54	10.262
289.91	10.261
290.27	10.265
290.63	10.321
290.99	10.453
291.35	10.315
291.71	10.341
292.07	10.382
292.43	10.356
292.79	9.999
293.16	9.925
293.52	9.807
293.88	9.953
294.24	10.148
294.60	10.097
294.96	10.040
295.32	10.262
295.68	10.318
296.04	10.489
296.40	10.600
296.76	10.786
297.12	10.979
297.49	11.106
297.85	11.152
298.21	11.150
298.57	11.463
298.93	11.768
299.29	12.040
299.65	12.192
300.01	12.346
300.37	12.621
300.73	13.011
301.09	13.193
301.45	13.440
301.81	13.768
302.17	14.117
302.53	14.333
302.89	14.394
303.25	14.477
303.61	14.688
303.97	14.707
304.33	14.799
304.69	15.132
305.05	15.497
305.41	15.650
305.77	15.858
306.13	15.927
306.49	16.042
306.85	16.345
307.21	16.604
307.57	16.759
307.93	16.976
308.29	17.253
308.65	17.316
309.01	17.350
309.37	17.596
309.73	17.713
310.09	17.919
310.45	17.993
310.81	18.135
311.17	18.200
311.53	18.371
311.89	18.503
312.25	18.534
312.61	18.603
312.96	18.829
313.32	18.930
313.68	18.932
314.04	19.041
314.40	19.160
314.76	19.193
315.12	19.173
315.48	19.261
315.84	19.331
316.20	19.397
316.56	19.529
316.92	19.422
317.27	19.347
317.63	19.357
317.99	19.338
318.35	19.289
318.71	19.370
319.07	19.576
319.43	19.553
319.79	19.581
320.15	19.586
320.50	19.565
320.86	19.582
321.22	19.605
321.58	19.551
321.94	19.543
322.30	19.456
322.66	19.335
323.01	19.326
323.37	19.210
323.73	19.060
324.09	18.960
324.45	18.854
324.81	18.863
325.17	18.704
325.52	18.638
325.88	18.557
326.24	18.533
326.60	18.549
326.96	18.444
327.31	18.446
327.67	18.571
328.03	18.498
328.39	18.524
328.75	18.401
329.11	18.457
329.46	18.497
329.82	18.525
330.18	18.595
330.54	18.429
330.90	18.367
331.25	18.215
331.61	17.951
331.97	17.890
332.33	17.799
332.68	17.718
333.04	17.613
333.40	17.592
333.76	17.444
334.11	17.308
334.47	17.312
334.83	17.208
335.19	17.278
335.54	17.335
335.90	17.248
336.26	17.210
336.62	17.154
336.97	17.094
337.33	17.018
337.69	16.970
338.05	16.937
338.40	16.882
338.76	16.768
339.12	16.694
339.48	16.634
339.83	16.639
340.19	16.528
340.55	16.551
340.90	16.541
341.26	16.425
341.62	16.383
341.97	16.421
342.33	16.307
342.69	16.362
343.04	16.248
343.40	16.208
343.76	16.252
344.12	16.184
344.47	16.118
344.83	16.052
345.19	16.044
345.54	16.063
345.90	16.012
346.26	16.108
346.61	16.032
346.97	16.101
347.32	16.106
347.68	15.952
348.04	15.941
348.39	15.840
348.75	15.763
349.11	15.751
349.46	15.608
349.82	15.544
350.18	15.450
350.53	15.401
350.89	15.265
351.24	15.166
351.60	15.080
351.96	15.053
352.31	15.053
352.67	15.039
353.02	14.986
353.38	14.872
353.74	14.907
354.09	14.816
354.45	14.795
354.80	14.859
355.16	14.816
355.52	14.809
355.87	14.838
356.23	14.720
356.58	14.657
356.94	14.574
357.29	14.608
357.65	14.451
358.00	14.390
358.36	14.342
358.72	14.186
359.07	14.119
359.43	14.033
359.78	13.957
360.14	13.950
360.49	13.872
360.85	13.789
361.20	13.684
361.56	13.615
361.91	13.539
362.27	13.441
362.62	13.433
362.98	13.395
363.33	13.376
363.69	13.265
364.04	13.220
364.40	13.181
364.75	13.209
365.11	13.233
365.46	13.211
365.82	13.185
366.17	13.181
366.53	13.121
366.88	13.054
367.24	12.979
367.59	12.932
367.95	12.848
368.30	12.887
368.66	12.834
369.01	12.808
369.37	12.757
369.72	12.771
370.08	12.751
370.43	12.689
370.78	12.645
371.14	12.661
371.49	12.594
371.85	12.602
372.20	12.506
372.56	12.411
372.91	12.291
373.26	12.287
373.62	12.207
373.97	12.114
374.33	12.064
374.68	12.025
375.03	11.989
375.39	11.988
375.74	11.936
376.10	11.941
376.45	11.914
376.80	11.917
377.16	11.815
377.51	11.788
377.87	11.795
378.22	11.818
378.57	11.810
378.93	11.801
379.28	11.772
379.63	11.764
379.99	11.718
380.34	11.716
380.70	11.718
381.05	11.729
381.40	11.720
381.76	11.680
382.11	11.646
382.46	11.642
382.82	11.595
383.17	11.612
383.52	11.542
383.88	11.492
384.23	11.452
384.58	11.394
384.94	11.313
385.29	11.224
385.64	11.174
385.99	11.124
386.35	11.050
386.70	10.975
387.05	10.892
387.41	10.827
387.76	10.844
388.11	10.845
388.47	10.795
388.82	10.818
389.17	10.828
389.52	10.808
389.88	10.777
390.23	10.791
390.58	10.777
390.93	10.777
391.29	10.767
391.64	10.694
391.99	10.632
392.34	10.634
392.70	10.619
393.05	10.534
393.40	10.486
393.75	10.452
394.11	10.359
394.46	10.287
394.81	10.202
395.16	10.145
395.52	10.033
395.87	9.954
396.22	9.834
396.57	9.778
396.92	9.704
397.28	9.648
397.63	9.579
397.98	9.517
398.33	9.455
398.68	9.416
399.04	9.374
399.39	9.340
399.74	9.280
400.09	9.255
400.44	9.168
400.80	9.191
401.15	9.167
401.50	9.119
401.85	9.113
402.20	9.137
402.55	9.111
402.90	9.051
403.26	9.045
403.61	9.026
403.96	9.027
404.31	9.019
404.66	8.963
405.01	8.899
405.36	8.823
405.72	8.766
406.07	8.667
406.42	8.610
406.77	8.623
407.12	8.592
407.47	8.579
407.82	8.515
408.17	8.471
408.53	8.418
408.88	8.372
409.23	8.390
409.58	8.340
409.93	8.344
410.28	8.313
410.63	8.248
410.98	8.209
411.33	8.148
411.68	8.127
412.03	8.105
412.38	8.114
412.73	8.140
413.09	8.142
413.44	8.169
413.79	8.193
414.14	8.230
414.49	8.267
414.84	8.309
415.19	8.376
415.54	8.429
415.89	8.479
416.24	8.498
416.59	8.511
416.94	8.515
417.29	8.539
417.64	8.546
417.99	8.537
418.34	8.547
418.69	8.557
419.04	8.553
419.39	8.544
419.74	8.539
420.09	8.547
420.44	8.570
420.79	8.586
421.14	8.568
421.49	8.561
421.84	8.558
422.19	8.534
422.54	8.521
422.89	8.482
423.24	8.463
423.59	8.416
423.94	8.379
424.29	8.316
424.64	8.262
424.99	8.234
425.34	8.176
425.68	8.130
426.03	8.097
426.38	8.026
426.73	8.000
427.08	7.962
427.43	7.939
427.78	7.935
428.13	7.936
428.48	7.935
428.83	7.919
429.18	7.941
429.53	7.977
429.87	7.978
430.22	7.989
430.57	8.011
430.92	8.007
431.27	8.040
431.62	8.034
431.97	8.016
432.32	8.017
432.67	8.004
433.01	7.993
433.36	7.954
433.71	7.954
434.06	7.958
434.41	7.951
434.76	7.963
435.11	7.944
435.45	7.973
435.80	8.023
436.15	8.046
436.50	8.090
436.85	8.113
437.20	8.162
437.54	8.198
437.89	8.228
438.24	8.254
438.59	8.258
438.94	8.267
439.29	8.271
439.63	8.256
439.98	8.278
440.33	8.284
440.68	8.321
441.03	8.324
441.37	8.335
441.72	8.368
442.07	8.399
442.42	8.445
442.76	8.482
443.11	8.509
443.46	8.559
443.81	8.583
444.16	8.609
444.50	8.611
444.85	8.609
445.20	8.615
445.55	8.595
445.89	8.568
446.24	8.546
446.59	8.535
446.94	8.506
447.28	8.436
447.63	8.379
447.98	8.333
448.32	8.294
448.67	8.273
449.02	8.237
449.37	8.205
449.71	8.213
450.06	8.196
450.41	8.190
450.75	8.208
451.10	8.232
451.45	8.225
451.79	8.217
452.14	8.192
452.49	8.180
452.84	8.193
453.18	8.185
453.53	8.168
453.88	8.188
454.22	8.193
454.57	8.201
454.92	8.254
455.26	8.289
455.61	8.357
455.95	8.422
456.30	8.471
456.65	8.494
456.99	8.547
457.34	8.593
457.69	8.602
458.03	8.615
458.38	8.622
458.73	8.612
459.07	8.627
459.42	8.587
459.76	8.552
460.11	8.526
460.46	8.490
460.80	8.446
461.15	8.386
461.49	8.367
461.84	8.348
462.19	8.321
462.53	8.306
462.88	8.290
463.22	8.309
463.57	8.338
463.91	8.353
464.26	8.372
464.61	8.402
464.95	8.437
465.30	8.463
465.64	8.467
465.99	8.497
466.33	8.512
466.68	8.513
467.02	8.516
467.37	8.506
467.71	8.492
468.06	8.494
468.41	8.496
468.75	8.493
469.10	8.462
469.44	8.460
469.79	8.431
470.13	8.402
470.48	8.385
470.82	8.373
471.17	8.383
471.51	8.384
471.86	8.380
472.20	8.359
472.55	8.351
472.89	8.339
473.23	8.316
473.58	8.302
473.92	8.306
474.27	8.294
474.61	8.297
474.96	8.282
475.30	8.269
475.65	8.273
475.99	8.286
476.34	8.284
476.68	8.278
477.02	8.290
477.37	8.308
477.71	8.325
478.06	8.377
478.40	8.448
478.75	8.573
479.09	8.726
479.43	8.871
479.78	9.043
480.12	9.237
480.47	9.457
480.81	9.654
481.15	9.850
481.50	10.042
481.84	10.272
482.19	10.511
482.53	10.706
482.87	10.852
483.22	10.893
483.56	10.830
483.90	10.688
484.25	10.481
484.59	10.241
484.94	10.058
485.28	9.905
485.62	9.697
485.97	9.452
486.31	9.239
486.65	9.065
487.00	8.973
487.34	8.960
487.68	8.995
488.03	9.075
488.37	9.177
488.71	9.203
489.06	9.176
489.40	9.139
489.74	9.103
490.09	9.055
490.43	9.007
490.77	8.980
491.11	8.941
491.46	8.898
491.80	8.853
492.14	8.806
492.49	8.771
492.83	8.721
493.17	8.674
493.51	8.633
493.86	8.595
494.20	8.562
494.54	8.558
494.88	8.572
495.23	8.604
495.57	8.636
495.91	8.677
496.25	8.683
496.60	8.709
496.94	8.717
497.28	8.715
497.62	8.723
497.97	8.722
498.31	8.703
498.65	8.708
498.99	8.708
499.33	8.703
499.68	8.702
500.02	8.716
500.36	8.730
500.70	8.754
501.04	8.803
501.39	8.830
501.73	8.881
502.07	8.931
502.41	8.971
502.75	8.996
503.09	9.051
503.44	9.113
503.78	9.185
504.12	9.230
504.46	9.311
504.80	9.387
505.14	9.463
505.49	9.533
505.83	9.592
506.17	9.642
506.51	9.702
506.85	9.746
507.19	9.795
507.53	9.839
507.87	9.905
508.22	9.938
508.56	9.952
508.90	9.977
509.24	9.992
509.58	10.014
509.92	10.020
510.26	10.050
510.60	10.082
510.94	10.090
511.28	10.092
511.63	10.109
511.97	10.127
512.31	10.155
512.65	10.176
512.99	10.239
513.33	10.309
513.67	10.379
514.01	10.445
514.35	10.495
514.69	10.575
515.03	10.650
515.37	10.706
515.71	10.762
516.05	10.823
516.39	10.898
516.73	10.903
517.07	10.929
517.41	10.954
517.75	10.977
518.09	10.991
518.43	10.987
518.77	10.961
519.11	10.932
519.45	10.935
519.79	10.923
520.13	10.897
520.47	10.919
520.81	10.918
521.15	10.940
521.49	10.929
521.83	10.951
522.17	10.977
522.51	11.042
522.85	11.127
523.19	11.198
523.53	11.305
523.87	11.442
524.21	11.562
524.55	11.670
524.89	11.763
525.23	11.871
525.57	11.950
525.91	12.026
526.25	12.095
526.58	12.147
526.92	12.204
527.26	12.225
527.60	12.222
527.94	12.204
528.28	12.194
528.62	12.177
528.96	12.150
529.30	12.109
529.64	12.061
529.97	12.004
530.31	11.942
530.65	11.867
530.99	11.819
531.33	11.770
531.67	11.736
532.01	11.700
532.35	11.662
532.68	11.618
533.02	11.580
533.36	11.570
533.70	11.536
534.04	11.501
534.38	11.459
534.71	11.420
535.05	11.349
535.39	11.318
535.73	11.268
536.07	11.234
536.41	11.232
536.74	11.256
537.08	11.251
537.42	11.270
537.76	11.289
538.10	11.326
538.43	11.354
538.77	11.411
539.11	11.428
539.45	11.456
539.79	11.464
540.12	11.472
540.46	11.477
540.80	11.471
541.14	11.464
541.47	11.450
541.81	11.431
542.15	11.382
542.49	11.327
542.82	11.277
543.16	11.226
543.50	11.186
543.84	11.123
544.17	11.064
544.51	10.992
544.85	10.937
545.18	10.882
545.52	10.816
545.86	10.779
546.20	10.770
546.53	10.722
546.87	10.659
547.21	10.608
547.54	10.567
547.88	10.526
548.22	10.505
548.55	10.480
548.89	10.461
549.23	10.431
549.56	10.417
549.90	10.351
550.24	10.355
550.57	10.361
550.91	10.363
551.25	10.352
551.58	10.340
551.92	10.358
552.26	10.338
552.59	10.309
552.93	10.327
553.27	10.322
553.60	10.330
553.94	10.309
554.27	10.300
554.61	10.287
554.95	10.273
555.28	10.261
555.62	10.244
555.95	10.231
556.29	10.257
556.63	10.250
556.96	10.224
557.30	10.254
557.63	10.265
557.97	10.255
558.31	10.255
558.64	10.283
558.98	10.293
559.31	10.286
559.65	10.301
559.98	10.319
560.32	10.329
560.65	10.371
560.99	10.372
561.33	10.407
561.66	10.442
562.00	10.465
562.33	10.481
562.67	10.522
563.00	10.555
563.34	10.604
563.67	10.599
564.01	10.621
564.34	10.628
564.68	10.671
565.01	10.692
565.35	10.715
565.68	10.738
566.02	10.732
566.35	10.756
566.69	10.765
567.02	10.768
567.36	10.800
567.69	10.801
568.03	10.829
568.36	10.823
568.69	10.823
569.03	10.834
569.36	10.837
569.70	10.885
570.03	10.906
570.37	10.934
570.70	10.952
571.04	10.975
571.37	10.996
571.70	11.011
572.04	11.013
572.37	11.021
572.71	11.027
573.04	11.045
573.37	11.028
573.71	11.027
574.04	11.019
574.38	10.991
574.71	11.012
575.04	11.032
575.38	11.027
575.71	11.031
576.05	11.018
576.38	11.027
576.71	11.004
577.05	11.015
577.38	10.998
577.71	10.981
578.05	10.987
578.38	10.956
578.71	10.916
579.05	10.929
579.38	10.928
579.71	10.951
580.05	10.946
580.38	10.968
580.71	10.937
581.05	10.927
581.38	10.951
581.71	10.976
582.05	10.966
582.38	11.004
582.71	11.010
583.04	11.049
583.38	11.053
583.71	11.058
584.04	11.055
584.38	11.111
584.71	11.135
585.04	11.145
585.37	11.200
585.71	11.222
586.04	11.246
586.37	11.270
586.70	11.271
587.04	11.319
587.37	11.349
587.70	11.393
588.03	11.390
588.37	11.398
588.70	11.432
589.03	11.429
589.36	11.462
589.69	11.485
590.03	11.499
590.36	11.530
590.69	11.533
591.02	11.566
591.35	11.587
591.69	11.631
592.02	11.659
592.35	11.662
592.68	11.700
593.01	11.757
593.35	11.779
593.68	11.804
594.01	11.830
594.34	11.861
594.67	11.892
595.00	11.913
595.34	11.927
595.67	11.967
596.00	11.999
596.33	12.002
596.66	11.979
596.99	11.976
597.32	12.014
597.65	12.037
597.99	12.052
598.32	12.064
598.65	12.076
598.98	12.095
599.31	12.067
599.64	12.088
599.97	12.116
600.30	12.186
600.63	12.216
600.96	12.214
601.30	12.210
601.63	12.225
601.96	12.222
602.29	12.231
602.62	12.241
602.95	12.305
603.28	12.308
603.61	12.309
603.94	12.278
604.27	12.297
604.60	12.322
604.93	12.340
605.26	12.327
605.59	12.350
605.92	12.371
606.25	12.361
606.58	12.324
606.91	12.361
607.24	12.362
607.57	12.415
607.90	12.390
608.23	12.377
608.56	12.360
608.89	12.389
609.22	12.402
609.55	12.382
609.88	12.415
610.21	12.420
610.54	12.417
610.87	12.429
611.20	12.364
611.53	12.370
611.86	12.367
612.19	12.368
612.52	12.355
612.85	12.354
613.18	12.363
613.51	12.368
613.84	12.366
614.17	12.372
614.49	12.379
614.82	12.422
615.15	12.427
615.48	12.433
615.81	12.430
616.14	12.420
616.47	12.386
616.80	12.391
617.13	12.386
617.46	12.426
617.78	12.387
618.11	12.370
618.44	12.355
618.77	12.395
619.10	12.398
619.43	12.412
619.76	12.392
620.09	12.384
620.41	12.357
620.74	12.342
621.07	12.319
621.40	12.330
621.73	12.333
622.06	12.325
622.38	12.315
622.71	12.326
623.04	12.310
623.37	12.338
623.70	12.368
624.02	12.435
624.35	12.434
624.68	12.450
625.01	12.445
625.34	12.429
625.66	12.425
625.99	12.400
626.32	12.404
626.65	12.441
626.98	12.456
627.30	12.426
627.63	12.360
627.96	12.365
628.29	12.367
628.61	12.392
628.94	12.394
629.27	12.414
629.60	12.441
629.92	12.407
630.25	12.346
630.58	12.308
630.91	12.316
631.23	12.325
631.56	12.329
631.89	12.312
632.21	12.292
632.54	12.289
632.87	12.273
633.19	12.247
633.52	12.229
633.85	12.301
634.18	12.290
634.50	12.290
634.83	12.263
635.16	12.244
635.48	12.200
635.81	12.184
636.14	12.159
636.46	12.100
636.79	12.063
637.11	12.100
637.44	12.019
637.77	12.003
638.09	11.966
638.42	11.969
638.75	11.953
639.07	11.956
639.40	11.914
639.73	11.884
640.05	11.894
640.38	11.883
640.70	11.821
641.03	11.795
641.36	11.817
641.68	11.804
642.01	11.791
642.33	11.763
642.66	11.720
642.98	11.681
643.31	11.696
643.64	11.681
643.96	11.674
644.29	11.641
644.61	11.667
644.94	11.671
645.26	11.693
645.59	11.686
645.91	11.715
646.24	11.758
646.56	11.792
646.89	11.768
647.22	11.795
647.54	11.829
647.87	11.837
648.19	11.850
648.52	11.825
648.84	11.799
649.17	11.783
649.49	11.771
649.82	11.765
650.14	11.765
650.47	11.765
650.79	11.736
651.11	11.678
651.44	11.627
651.76	11.572
652.09	11.542
652.41	11.514
652.74	11.518
653.06	11.421
653.39	11.314
653.71	11.277
654.04	11.270
654.36	11.271
654.68	11.334
655.01	11.384
655.33	11.437
655.66	11.439
655.98	11.466
656.30	11.423
656.63	11.477
656.95	11.537
657.28	11.516
657.60	11.474
657.92	11.456
658.25	11.394
658.57	11.361
658.90	11.253
659.22	11.187
659.54	11.128
659.87	11.102
660.19	11.024
660.51	10.955
660.84	10.886
661.16	10.860
661.48	10.764
661.81	10.670
662.13	10.556
662.45	10.561
662.78	10.503
663.10	10.424
663.42	10.398
663.75	10.353
664.07	10.309
664.39	10.253
664.72	10.225
665.04	10.164
665.36	10.165
665.69	10.207
666.01	10.123
666.33	10.165
666.65	10.138
666.98	10.083
667.30	10.014
667.62	9.954
667.94	9.971
668.27	9.912
668.59	9.873
668.91	9.773
669.23	9.698
669.56	9.641
669.88	9.468
670.20	9.471
670.52	9.460
670.85	9.433
671.17	9.419
671.49	9.346
671.81	9.285
672.13	9.332
672.46	9.334
672.78	9.270
673.10	9.196
673.42	9.216
673.74	9.073
674.07	9.075
674.39	9.008
674.71	8.944
675.03	8.902
675.35	8.867
675.67	8.851
676.00	8.880
676.32	8.848
676.64	8.916
676.96	8.944
677.28	9.003
677.60	8.907
677.92	8.975
678.25	8.955
678.57	8.989
678.89	9.047
679.21	9.011
679.53	8.899
679.85	8.941
680.17	8.874
680.49	8.850
680.81	8.753
681.13	8.756
681.46	8.682
681.78	8.683
682.10	8.664
682.42	8.559
682.74	8.545
683.06	8.655
683.38	8.614
683.70	8.626
684.02	8.588
684.34	8.643
684.66	8.679
684.98	8.770
685.30	8.815
685.62	8.795
685.94	8.796
686.26	8.718
686.58	8.629
686.90	8.612
687.22	8.559
687.54	8.505
687.86	8.460
688.18	8.272
688.50	8.065
688.82	7.875
689.14	7.748
689.46	7.750
689.78	7.730
690.10	7.613
690.42	7.517
690.74	7.436
691.06	7.312
691.38	7.182
691.70	7.247
692.02	7.217
692.34	7.197
692.66	7.056
692.98	6.896
693.30	6.810
693.62	6.807
693.94	6.799
694.26	6.863
694.57	6.974
694.89	7.098
695.21	7.160
695.53	7.254
695.85	7.315
696.17	7.456
696.49	7.585
696.81	7.682
697.13	7.798
697.44	7.791
697.76	7.721
698.08	7.651
698.40	7.510
698.72	7.319
699.04	7.144
699.36	6.973
699.67	6.748
699.99	6.381
700.31	6.048
700.63	5.590
700.95	5.246
701.27	4.951
701.58	4.602
701.90	4.245
702.22	4.072
702.54	3.881
702.86	3.725
703.17	3.534
703.49	3.438
703.81	3.308
704.13	3.262
704.45	3.239
704.76	3.125
705.08	3.018
705.40	3.091
705.72	2.939
706.03	2.864
706.35	2.697
706.67	2.731
706.99	2.743
707.30	2.633
707.62	2.552
707.94	2.446
708.26	2.510
708.57	2.560
708.89	2.437
709.21	2.428
709.53	2.385
709.84	2.431
710.16	2.380
710.48	2.397
710.79	2.386
711.11	2.491
711.43	2.573
711.74	2.637
712.06	2.734
712.38	2.936
712.69	3.081
713.01	3.247
713.33	3.380
713.64	3.527
713.96	3.632
714.28	3.900
714.59	4.101
714.91	4.334
715.23	4.594
715.54	4.748
715.86	4.844
716.17	5.000
716.49	4.954
716.81	5.055
717.12	5.087
717.44	5.132
717.76	4.868
718.07	4.558
718.39	4.150
718.70	3.697
719.02	3.303
719.33	3.007
719.65	2.539
719.97	2.299
720.28	2.014
720.60	1.897
720.91	1.782
721.23	1.864
721.54	1.811
721.86	2.055
722.17	2.154
722.49	2.384
722.81	2.560
723.12	2.728
723.44	2.893
723.75	2.988
724.07	2.861
724.38	2.735
724.70	2.727
725.01	2.815
725.33	2.749
725.64	2.803
725.96	2.701
726.27	2.649
726.59	2.696
726.90	2.747
727.22	2.775
727.53	2.863
727.84	2.867
728.16	2.812
728.47	2.671
728.79	2.501
729.10	2.125
729.42	1.960
729.73	1.580
730.05	1.328
730.36	1.027
730.67	0.459
730.99	0.055
731.30	-0.407
731.62	-0.810
731.93	-1.160
732.24	-1.583
732.56	-1.836
732.87	-2.305
733.19	-2.663
733.50	-3.093
733.81	-3.615
734.13	-3.743
734.44	-4.286
734.76	-4.491
735.07	-4.817
735.38	-5.153
735.70	-5.512
736.01	-5.930
736.32	-6.123
736.64	-6.369
736.95	-6.538
737.26	-6.732
737.58	-7.056
737.89	-7.110
738.20	-7.624
738.52	-7.881
738.83	-8.355
739.14	-8.613
739.45	-9.106
739.77	-9.587
740.08	-10.098
740.39	-10.608
740.71	-11.151
741.02	-11.956
741.33	-12.643
741.64	-13.138
741.96	-13.794
742.27	-14.319
742.58	-14.906
742.90	-15.014
743.21	-15.434
743.52	-15.692
743.83	-16.014
744.14	-16.295
744.46	-16.281
744.77	-16.592
745.08	-16.923
745.39	-16.590
745.71	-16.420
746.02	-16.503
746.33	-16.528
746.64	-16.691
746.95	-16.719
747.27	-16.843
747.58	-16.517
747.89	-16.770
748.20	-16.744
748.51	-16.291
748.82	-16.494
749.14	-16.586
749.45	-16.209
749.76	-16.594
750.07	-16.382
750.38	-16.484
750.69	-16.483
751.01	-17.004
751.32	-16.727
751.63	-16.878
751.94	-16.917
752.25	-17.046
752.56	-17.263
752.87	-17.645
753.18	-17.309
753.49	-17.449
753.81	-17.422
754.12	-17.424
754.43	-16.926
754.74	-16.298
755.05	-15.243
755.36	-14.025
755.67	-13.076
755.98	-11.545
756.29	-10.208
756.60	-8.720
756.91	-7.191
757.22	-5.394
757.53	-3.531
757.84	-1.921
758.15	-0.317
758.46	1.069
758.77	2.089
759.09	3.330
759.40	4.326
759.71	5.046
760.02	5.489
760.33	6.017
760.64	6.008
760.95	6.033
761.26	6.057
761.57	5.896
761.88	5.674
762.18	5.284
762.49	4.886
762.80	4.201
763.11	3.552
763.42	2.725
763.73	1.618
764.04	0.726
764.35	-0.380
764.66	-1.749
764.97	-3.336
765.28	-5.172
765.59	-7.188
765.90	-9.680
766.21	-11.931
766.52	-14.050
766.83	-15.746
767.14	-17.483
767.44	-19.109
767.75	-21.229
768.06	-22.679
768.37	-23.974
768.68	-25.466
768.99	-26.526
769.30	-27.294
769.61	-28.141
769.91	-28.748
770.22	-29.676
770.53	-30.001
770.84	-31.028
771.15	-31.340
771.46	-32.295
771.77	-33.366
772.07	-32.825
772.38	-33.146
772.69	-33.575
773.00	-33.819
773.31	-34.187
773.61	-35.233
773.92	-35.633
774.23	-35.095
774.54	-35.376
774.85	-34.664
775.15	-34.557
775.46	-35.302
775.77	-34.921
776.08	-34.320
776.39	-34.332
776.69	-34.338
777.00	-33.458
777.31	-32.999
777.62	-33.141
777.92	-32.699
778.23	-33.945
778.54	-33.080
778.85	-33.004
779.15	-32.877
779.46	-33.108
779.77	-33.084
780.07	-33.341
780.38	-33.897
780.69	-34.662
781.00	-35.124
781.30	-35.345
781.61	-34.296
781.92	-35.347
782.22	-35.156
782.53	-35.552
782.84	-35.329
783.14	-34.544
783.45	-33.638
783.76	-32.138
784.06	-30.802
784.37	-29.609
784.68	-28.449
784.98	-27.868
785.29	-26.228
785.60	-25.148
785.90	-24.139
786.21	-23.244
786.51	-22.139
786.82	-20.951
787.13	-20.862
787.43	-20.628
787.74	-19.617
788.04	-19.426
788.35	-19.143
788.66	-19.518
788.96	-20.030
789.27	-19.991
789.57	-20.380
789.88	-21.395
790.19	-21.932
790.49	-22.122
790.80	-22.765
791.10	-24.288
791.41	-23.820
791.71	-23.757
792.02	-23.391
792.32	-22.797
792.63	-22.548
792.93	-21.876
793.24	-21.200
793.54	-21.080
793.85	-20.337
794.15	-19.383
794.46	-18.121
794.76	-18.718
795.07	-18.667
795.37	-18.734
795.68	-17.645
795.98	-18.092
796.29	-17.815
796.59	-17.762
796.90	-17.781
797.20	-17.605
797.51	-17.660
797.81	-18.138
798.12	-17.888
798.42	-17.723
798.72	-16.931
799.03	-17.993
799.33	-16.803
799.64	-17.128
799.94	-16.755
800.25	-16.705
800.55	-17.007
800.85	-17.365
801.16	-17.105
801.46	-16.938
801.77	-16.536
802.07	-17.019
802.37	-16.472
802.68	-18.028
802.98	-18.640
803.28	-19.133
803.59	-19.601
803.89	-19.637
804.20	-19.231
804.50	-19.279
804.80	-19.574
805.11	-19.756
805.41	-19.730
805.71	-19.895
806.02	-18.461
806.32	-18.246
806.62	-18.192
806.93	-18.016
807.23	-17.956
807.53	-17.934
807.83	-17.935
808.14	-17.941
808.44	-17.743
808.74	-17.746
809.05	-17.003
809.35	-16.469
809.65	-15.747
809.95	-14.984
810.26	-13.476
810.56	-12.979
810.86	-11.507
811.16	-10.886
811.47	-9.926
811.77	-9.310
812.07	-8.548
812.37	-8.173
812.68	-8.052
812.98	-7.193
813.28	-6.374
813.58	-6.431
813.88	-5.492
814.19	-5.741
814.49	-4.881
814.79	-4.375
815.09	-4.031
815.39	-3.207
815.70	-3.044
816.00	-2.576
816.30	-2.012
816.60	-1.793
816.90	-1.212
817.20	-0.245
817.50	0.944
817.81	2.551
818.11	3.934
818.41	5.118
818.71	6.085
819.01	7.051
819.31	7.710
819.61	8.209
819.92	8.728
820.22	8.979
820.52	9.229
820.82	9.459
821.12	9.638
821.42	9.719
821.72	9.817
822.02	9.778
822.32	9.729
822.62	9.686
822.92	9.579
823.22	9.481
823.52	9.488
823.83	9.304
824.13	9.167
824.43	8.947
824.73	8.817
825.03	8.542
825.33	8.373
825.63	8.154
825.93	8.078
826.23	8.036
826.53	7.729
826.83	7.571
827.13	7.410
827.43	7.109
827.73	6.814
828.03	6.335
828.33	6.100
828.63	5.745
828.93	5.103
829.23	4.139
829.53	3.527
829.83	2.892
830.13	2.286
830.42	1.977
830.72	2.288
831.02	2.241
831.32	2.722
831.62	2.966
831.92	3.382
832.22	3.806
832.52	4.016
832.82	4.163
833.12	4.604
833.42	4.609
833.72	4.450
834.01	3.748
834.31	3.773
834.61	3.126
834.91	2.702
835.21	2.079
835.51	1.463
835.81	0.664
836.11	-0.704
836.40	-2.868
836.70	-3.945
837.00	-5.011
837.30	-5.898
837.60	-8.164
837.90	-8.600
838.19	-10.017
838.49	-11.440
838.79	-12.038
839.09	-11.661
839.39	-11.901
839.68	-12.507
839.98	-13.716
840.28	-14.774
840.58	-16.136
840.88	-18.201
841.17	-19.222
841.47	-22.176
841.77	-23.118
842.07	-26.137
842.36	-31.378
842.66	-34.937
842.96	-37.052
843.26	-40.372
843.55	-42.657
843.85	-43.468
844.15	-43.966
844.45	-45.613
844.74	-45.588
845.04	-48.483
845.34	-49.400
845.63	-48.353
845.93	-51.225
846.23	-53.247
846.53	-56.264
846.82	-59.664
847.12	-63.061
847.42	-59.117
847.71	-61.224
848.01	-59.984
848.31	-56.718
848.60	-54.998
848.90	-53.100
849.19	-47.853
849.49	-51.434
849.79	-51.301
850.08	-56.743
850.38	-52.965
850.68	-56.493
850.97	-55.942
851.27	-53.332
851.56	-59.563
851.86	-61.674
852.16	-62.809
852.45	-67.893
852.75	-60.986
853.04	-62.109
853.34	-53.877
853.64	-56.201
853.93	-52.719
854.23	-54.646
854.52	-54.574
854.82	-50.109
855.11	-49.317
855.41	-52.454
855.70	-46.746
856.00	-47.295
856.30	-45.123
856.59	-43.663
856.89	-45.215
857.18	-48.787
857.48	-49.747
857.77	-53.653
858.07	-55.115
858.36	-59.845
858.66	-57.506
858.95	-59.675
859.25	-56.959
859.54	-56.737
859.84	-56.150
860.13	-49.795
860.42	-46.845
860.72	-42.631
861.01	-42.741
861.31	-39.896
861.60	-33.683
861.90	-32.740
862.19	-35.478
862.49	-40.905
862.78	-37.449
863.07	-35.900
863.37	-35.542
863.66	-39.098
863.96	-42.745
864.25	-37.876
864.54	-38.031
864.84	-38.319
865.13	-40.349
865.43	-38.029
865.72	-21.590
866.01	-27.696
866.31	-39.073
866.60	-63.343
866.89	-26.134
