180.30	0.000
180.67	0.000
181.03	42.665
181.40	71.582
181.77	78.100
182.14	226.960
182.51	42.484
182.88	12.311
183.25	-357.470
183.62	-46.050
183.99	118.131
184.36	36.794
184.73	131.032
185.10	88.722
185.46	-29.915
185.83	-30.312
186.20	-823.649
186.57	-825.883
186.94	52.857
187.31	-1397.409
187.68	33.481
188.05	105.851
188.42	121.013
188.78	116.043
189.15	134.121
189.52	87.869
189.89	99.199
190.26	114.955
190.63	114.441
191.00	114.165
191.37	79.900
191.73	69.691
192.10	76.028
192.47	76.174
192.84	76.607
193.21	56.502
193.58	54.292
193.94	47.348
194.31	34.418
194.68	31.143
195.05	30.604
195.42	51.916
195.79	60.265
196.15	59.203
196.52	54.424
196.89	36.854
197.26	48.550
197.63	75.322
198.00	76.924
198.36	62.767
198.73	62.120
199.10	68.193
199.47	62.395
199.84	50.977
200.20	30.598
200.57	28.195
200.94	38.094
201.31	34.500
201.68	36.473
202.04	25.100
202.41	25.274
202.78	23.656
203.15	19.229
203.51	15.136
203.88	19.963
204.25	26.313
204.62	40.265
204.98	40.590
205.35	37.891
205.72	13.988
206.09	10.704
206.46	-6.692
206.82	11.434
207.19	24.892
207.56	38.481
207.92	27.120
208.29	18.583
208.66	12.975
209.03	11.858
209.39	16.909
209.76	22.570
210.13	35.381
210.50	45.165
210.86	32.628
211.23	24.865
211.60	0.694
211.96	1.935
212.33	-2.620
212.70	7.231
213.07	23.172
213.43	29.214
213.80	38.922
214.17	46.433
214.53	68.966
214.90	81.491
215.27	80.989
215.63	82.896
216.00	84.514
216.37	79.937
216.74	74.963
217.10	80.839
217.47	88.142
217.84	93.998
218.20	80.409
218.57	75.478
218.94	82.484
219.30	80.861
219.67	63.210
220.04	56.921
220.40	51.705
220.77	54.452
221.13	40.141
221.50	33.334
221.87	36.001
222.23	24.195
222.60	22.916
222.97	24.187
223.33	30.094
223.70	28.976
224.07	21.396
224.43	25.348
224.80	28.153
225.16	29.631
225.53	29.985
225.90	26.468
226.26	25.769
226.63	21.895
226.99	21.404
227.36	21.995
227.73	22.977
228.09	23.222
228.46	21.313
228.82	16.068
229.19	15.602
229.56	13.097
229.92	13.019
230.29	12.389
230.65	14.210
231.02	13.600
231.38	7.642
231.75	6.995
232.12	9.641
232.48	10.314
232.85	13.265
233.21	13.998
233.58	13.557
233.94	14.529
234.31	17.516
234.68	19.300
235.04	19.494
235.41	22.367
235.77	24.954
236.14	23.315
236.50	22.316
236.87	21.716
237.23	19.448
237.60	18.282
237.96	16.203
238.33	14.735
238.69	13.473
239.06	13.464
239.42	13.527
239.79	12.016
240.15	11.818
240.52	11.767
240.88	12.155
241.25	12.191
241.61	12.335
241.98	12.514
242.34	11.781
242.71	10.984
243.07	10.638
243.44	10.170
243.80	9.727
244.17	9.230
244.53	8.955
244.90	8.239
245.26	8.092
245.63	7.813
245.99	7.975
246.36	8.311
246.72	8.334
247.09	8.434
247.45	7.983
247.81	8.032
248.18	8.029
248.54	8.248
248.91	8.433
249.27	8.569
249.64	9.015
250.00	8.571
250.36	8.060
250.73	7.778
251.09	7.395
251.46	7.754
251.82	7.413
252.19	7.310
252.55	7.115
252.91	6.781
253.28	7.138
253.64	6.589
254.01	7.114
254.37	7.886
254.73	7.777
255.10	7.242
255.46	6.974
255.83	6.797
256.19	6.976
256.55	6.402
256.92	6.248
257.28	6.254
257.65	6.425
258.01	6.355
258.37	6.029
258.74	6.557
259.10	6.869
259.46	7.220
259.83	7.419
260.19	7.621
260.55	7.930
260.92	8.249
261.28	8.190
261.64	8.099
262.01	8.071
262.37	8.354
262.73	7.725
263.10	7.656
263.46	7.033
263.82	7.385
264.19	7.255
264.55	7.297
264.91	7.099
265.28	6.918
265.64	7.186
266.00	6.978
266.37	6.741
266.73	7.260
267.09	7.031
267.46	7.232
267.82	7.248
268.18	6.871
268.54	6.772
268.91	6.953
269.27	7.291
269.63	7.301
270.00	7.277
270.36	7.337
270.72	7.309
271.08	7.443
271.45	7.417
271.81	7.689
272.17	7.886
272.53	8.067
272.90	8.116
273.26	8.193
273.62	8.146
273.98	8.392
274.35	8.563
274.71	8.316
275.07	8.124
275.43	8.326
275.80	8.012
276.16	7.858
276.52	7.808
276.88	7.881
277.25	7.735
277.61	7.659
277.97	7.351
278.33	6.857
278.69	6.803
279.06	7.019
279.42	6.735
279.78	6.494
280.14	6.581
280.50	6.450
280.87	6.245
281.23	6.146
281.59	6.472
281.95	6.762
282.31	7.063
282.68	7.062
283.04	6.852
283.40	7.055
283.76	7.001
284.12	7.080
284.48	7.198
284.85	7.007
285.21	7.116
285.57	6.869
285.93	6.536
286.29	6.374
286.65	6.210
287.02	6.540
287.38	6.417
287.74	6.535
288.10	6.487
288.46	6.339
288.82	6.485
289.18	6.360
289.54	6.369
289.91	6.804
290.27	7.151
290.63	7.360
290.99	7.279
291.35	7.308
291.71	7.204
292.07	7.215
292.43	7.139
292.79	7.318
293.16	7.480
293.52	7.362
293.88	7.188
294.24	6.964
294.60	6.938
294.96	6.705
295.32	6.680
295.68	6.645
296.04	6.581
296.40	6.626
296.76	6.398
297.12	6.253
297.49	6.254
297.85	6.225
298.21	6.333
298.57	6.320
298.93	6.338
299.29	6.288
299.65	6.343
300.01	6.430
300.37	6.279
300.73	6.463
301.09	6.328
301.45	6.332
301.81	6.474
302.17	6.147
302.53	6.126
302.89	6.183
303.25	6.032
303.61	6.014
303.97	5.869
304.33	6.055
304.69	5.961
305.05	6.118
305.41	6.180
305.77	6.184
306.13	6.494
306.49	6.558
306.85	6.460
307.21	6.485
307.57	6.407
307.93	6.217
308.29	6.006
308.65	6.073
309.01	5.982
309.37	5.998
309.73	5.905
310.09	5.777
310.45	5.877
310.81	6.024
311.17	6.003
311.53	6.020
311.89	6.163
312.25	6.232
312.61	6.118
312.96	6.189
313.32	6.127
313.68	6.155
314.04	6.233
314.40	5.938
314.76	5.781
315.12	5.680
315.48	5.673
315.84	5.693
316.20	5.947
316.56	6.034
316.92	6.029
317.27	6.124
317.63	6.227
317.99	6.213
318.35	6.438
318.71	6.705
319.07	6.910
319.43	7.112
319.79	7.161
320.15	7.029
320.50	7.101
320.86	7.101
321.22	7.110
321.58	7.068
321.94	7.117
322.30	7.046
322.66	6.995
323.01	7.095
323.37	7.022
323.73	7.190
324.09	7.350
324.45	7.312
324.81	7.208
325.17	7.269
325.52	7.385
325.88	7.554
326.24	7.582
326.60	7.625
326.96	7.648
327.31	7.761
327.67	7.944
328.03	8.045
328.39	8.259
328.75	8.599
329.11	8.642
329.46	8.739
329.82	8.759
330.18	8.889
330.54	9.006
330.90	9.133
331.25	9.186
331.61	9.282
331.97	9.284
332.33	9.346
332.68	9.253
333.04	9.227
333.40	9.222
333.76	9.248
334.11	9.328
334.47	9.239
334.83	9.302
335.19	9.392
335.54	9.302
335.90	9.366
336.26	9.295
336.62	9.382
336.97	9.512
337.33	9.483
337.69	9.381
338.05	9.385
338.40	9.490
338.76	9.484
339.12	9.347
339.48	9.309
339.83	9.325
340.19	9.454
340.55	9.454
340.90	9.460
341.26	9.414
341.62	9.590
341.97	9.599
342.33	9.542
342.69	9.537
343.04	9.618
343.40	9.607
343.76	9.607
344.12	9.530
344.47	9.506
344.83	9.447
345.19	9.530
345.54	9.483
345.90	9.462
346.26	9.546
346.61	9.481
346.97	9.388
347.32	9.379
347.68	9.307
348.04	9.386
348.39	9.508
348.75	9.549
349.11	9.623
349.46	9.550
349.82	9.538
350.18	9.479
350.53	9.477
350.89	9.573
351.24	9.632
351.60	9.665
351.96	9.677
352.31	9.687
352.67	9.784
353.02	9.782
353.38	9.898
353.74	10.095
354.09	10.237
354.45	10.393
354.80	10.414
355.16	10.455
355.52	10.436
355.87	10.407
356.23	10.395
356.58	10.426
356.94	10.444
357.29	10.434
357.65	10.351
358.00	10.335
358.36	10.315
358.72	10.367
359.07	10.325
359.43	10.382
359.78	10.462
360.14	10.532
360.49	10.466
360.85	10.469
361.20	10.479
361.56	10.510
361.91	10.584
362.27	10.604
362.62	10.660
362.98	10.736
363.33	10.764
363.69	10.745
364.04	10.700
364.40	10.790
364.75	10.820
365.11	10.832
365.46	10.861
365.82	10.776
366.17	10.825
366.53	10.866
366.88	10.937
367.24	11.011
367.59	11.067
367.95	11.144
368.30	11.226
368.66	11.298
369.01	11.358
369.37	11.435
369.72	11.536
370.08	11.632
370.43	11.678
370.78	11.675
371.14	11.727
371.49	11.776
371.85	11.883
372.20	11.904
372.56	11.961
372.91	12.124
373.26	12.206
373.62	12.272
373.97	12.354
374.33	12.457
374.68	12.553
375.03	12.565
375.39	12.653
375.74	12.738
376.10	12.794
376.45	12.866
376.80	12.875
377.16	12.912
377.51	13.017
377.87	13.083
378.22	13.139
378.57	13.263
378.93	13.420
379.28	13.581
379.63	13.643
379.99	13.733
380.34	13.877
380.70	14.019
381.05	14.118
381.40	14.216
381.76	14.282
382.11	14.342
382.46	14.427
382.82	14.527
383.17	14.552
383.52	14.628
383.88	14.753
384.23	14.848
384.58	14.908
384.94	15.029
385.29	15.161
385.64	15.257
385.99	15.469
386.35	15.579
386.70	15.705
387.05	15.812
387.41	15.916
387.76	16.011
388.11	16.137
388.47	16.292
388.82	16.431
389.17	16.525
389.52	16.633
389.88	16.689
390.23	16.791
390.58	16.894
390.93	17.005
391.29	17.126
391.64	17.224
391.99	17.298
392.34	17.338
392.70	17.417
393.05	17.500
393.40	17.623
393.75	17.681
394.11	17.785
394.46	17.884
394.81	18.028
395.16	18.099
395.52	18.220
395.87	18.284
396.22	18.433
396.57	18.500
396.92	18.611
397.28	18.659
397.63	18.727
397.98	18.746
398.33	18.832
398.68	18.817
399.04	18.920
399.39	18.996
399.74	19.069
400.09	19.119
400.44	19.196
400.80	19.210
401.15	19.295
401.50	19.365
401.85	19.479
402.20	19.506
402.55	19.593
402.90	19.668
403.26	19.726
403.61	19.743
403.96	19.844
404.31	19.906
404.66	19.976
405.01	20.003
405.36	20.093
405.72	20.126
406.07	20.174
406.42	20.231
406.77	20.250
407.12	20.279
407.47	20.389
407.82	20.330
408.17	20.340
408.53	20.367
408.88	20.423
409.23	20.455
409.58	20.488
409.93	20.560
410.28	20.620
410.63	20.644
410.98	20.685
411.33	20.705
411.68	20.751
412.03	20.821
412.38	20.871
412.73	20.924
413.09	20.968
413.44	20.999
413.79	20.987
414.14	21.020
414.49	21.083
414.84	21.112
415.19	21.121
415.54	21.142
415.89	21.130
416.24	21.148
416.59	21.145
416.94	21.135
417.29	21.176
417.64	21.196
417.99	21.159
418.34	21.135
418.69	21.136
419.04	21.137
419.39	21.167
419.74	21.185
420.09	21.184
420.44	21.177
420.79	21.186
421.14	21.172
421.49	21.179
421.84	21.206
422.19	21.234
422.54	21.256
422.89	21.269
423.24	21.274
423.59	21.304
423.94	21.358
424.29	21.418
424.64	21.476
424.99	21.514
425.34	21.539
425.68	21.609
426.03	21.646
426.38	21.670
426.73	21.735
427.08	21.760
427.43	21.776
427.78	21.802
428.13	21.798
428.48	21.796
428.83	21.811
429.18	21.858
429.53	21.842
429.87	21.862
430.22	21.910
430.57	21.945
430.92	21.975
431.27	22.012
431.62	22.012
431.97	22.052
432.32	22.073
432.67	22.095
433.01	22.132
433.36	22.190
433.71	22.231
434.06	22.236
434.41	22.211
434.76	22.253
435.11	22.262
435.45	22.285
435.80	22.340
436.15	22.390
436.50	22.407
436.85	22.393
437.20	22.429
437.54	22.462
437.89	22.472
438.24	22.527
438.59	22.540
438.94	22.572
439.29	22.584
439.63	22.568
439.98	22.563
440.33	22.584
440.68	22.632
441.03	22.615
441.37	22.583
441.72	22.586
442.07	22.576
442.42	22.580
442.76	22.548
443.11	22.536
443.46	22.524
443.81	22.538
444.16	22.534
444.50	22.509
444.85	22.516
445.20	22.531
445.55	22.556
445.89	22.562
446.24	22.582
446.59	22.613
446.94	22.654
447.28	22.704
447.63	22.708
447.98	22.734
448.32	22.758
448.67	22.778
449.02	22.849
449.37	22.848
449.71	22.868
450.06	22.837
450.41	22.862
450.75	22.839
451.10	22.796
451.45	22.790
451.79	22.811
452.14	22.833
452.49	22.858
452.84	22.845
453.18	22.868
453.53	22.899
453.88	22.960
454.22	22.974
454.57	23.004
454.92	23.044
455.26	23.082
455.61	23.089
455.95	23.109
456.30	23.134
456.65	23.123
456.99	23.145
457.34	23.169
457.69	23.181
458.03	23.202
458.38	23.236
458.73	23.264
459.07	23.289
459.42	23.349
459.76	23.368
460.11	23.399
460.46	23.480
460.80	23.548
461.15	23.582
461.49	23.654
461.84	23.661
462.19	23.705
462.53	23.787
462.88	23.846
463.22	23.844
463.57	23.904
463.91	23.921
464.26	23.912
464.61	23.913
464.95	23.975
465.30	24.001
465.64	24.077
465.99	24.097
466.33	24.107
466.68	24.128
467.02	24.178
467.37	24.211
467.71	24.267
468.06	24.355
468.41	24.372
468.75	24.387
469.10	24.449
469.44	24.504
469.79	24.596
470.13	24.635
470.48	24.695
470.82	24.729
471.17	24.780
471.51	24.783
471.86	24.774
472.20	24.837
472.55	24.867
472.89	24.846
473.23	24.862
473.58	24.833
473.92	24.859
474.27	24.878
474.61	24.916
474.96	24.910
475.30	24.916
475.65	24.955
475.99	24.971
476.34	24.982
476.68	24.966
477.02	24.956
477.37	24.962
477.71	24.974
478.06	24.959
478.40	24.972
478.75	25.033
479.09	25.149
479.43	25.251
479.78	25.386
480.12	25.497
480.47	25.633
480.81	25.756
481.15	25.869
481.50	25.968
481.84	26.083
482.19	26.190
482.53	26.292
482.87	26.354
483.22	26.393
483.56	26.395
483.90	26.389
484.25	26.406
484.59	26.388
484.94	26.366
485.28	26.352
485.62	26.316
485.97	26.291
486.31	26.245
486.65	26.241
487.00	26.253
487.34	26.292
487.68	26.349
488.03	26.369
488.37	26.405
488.71	26.460
489.06	26.486
489.40	26.513
489.74	26.525
490.09	26.584
490.43	26.609
490.77	26.644
491.11	26.680
491.46	26.708
491.80	26.726
492.14	26.791
492.49	26.826
492.83	26.874
493.17	26.992
493.51	27.100
493.86	27.167
494.20	27.254
494.54	27.319
494.88	27.404
495.23	27.497
495.57	27.599
495.91	27.690
496.25	27.790
496.60	27.902
496.94	27.970
497.28	28.037
497.62	28.163
497.97	28.280
498.31	28.412
498.65	28.521
498.99	28.675
499.33	28.802
499.68	28.890
500.02	28.990
500.36	29.103
500.70	29.231
501.04	29.353
501.39	29.427
501.73	29.551
502.07	29.669
502.41	29.778
502.75	29.849
503.09	29.963
503.44	30.120
503.78	30.291
504.12	30.419
504.46	30.554
504.80	30.698
505.14	30.848
505.49	30.935
505.83	31.069
506.17	31.204
506.51	31.298
506.85	31.419
507.19	31.520
507.53	31.616
507.87	31.725
508.22	31.818
508.56	31.936
508.90	32.022
509.24	32.163
509.58	32.249
509.92	32.344
510.26	32.496
510.60	32.592
510.94	32.674
511.28	32.746
511.63	32.871
511.97	32.969
512.31	33.060
512.65	33.172
512.99	33.271
513.33	33.390
513.67	33.471
514.01	33.541
514.35	33.621
514.69	33.730
515.03	33.836
515.37	33.884
515.71	33.948
516.05	34.038
516.39	34.115
516.73	34.214
517.07	34.258
517.41	34.347
517.75	34.435
518.09	34.547
518.43	34.629
518.77	34.721
519.11	34.804
519.45	34.886
519.79	34.952
520.13	35.072
520.47	35.135
520.81	35.236
521.15	35.358
521.49	35.464
521.83	35.568
522.17	35.692
522.51	35.759
522.85	35.866
523.19	36.011
523.53	36.188
523.87	36.363
524.21	36.582
524.55	36.765
524.89	36.951
525.23	37.092
525.57	37.235
525.91	37.328
526.25	37.463
526.58	37.575
526.92	37.674
527.26	37.750
527.60	37.772
527.94	37.774
528.28	37.775
528.62	37.753
528.96	37.778
529.30	37.765
529.64	37.787
529.97	37.782
530.31	37.793
530.65	37.788
530.99	37.764
531.33	37.805
531.67	37.848
532.01	37.924
532.35	37.965
532.68	37.977
533.02	38.002
533.36	38.002
533.70	38.005
534.04	38.022
534.38	38.039
534.71	38.072
535.05	38.120
535.39	38.149
535.73	38.188
536.07	38.268
536.41	38.377
536.74	38.479
537.08	38.597
537.42	38.706
537.76	38.814
538.10	38.937
538.43	39.083
538.77	39.161
539.11	39.271
539.45	39.322
539.79	39.369
540.12	39.406
540.46	39.443
540.80	39.444
541.14	39.461
541.47	39.468
541.81	39.472
542.15	39.485
542.49	39.493
542.82	39.473
543.16	39.492
543.50	39.521
543.84	39.522
544.17	39.530
544.51	39.607
544.85	39.666
545.18	39.697
545.52	39.756
545.86	39.779
546.20	39.830
546.53	39.882
546.87	39.972
547.21	39.991
547.54	40.073
547.88	40.192
548.22	40.254
548.55	40.343
548.89	40.450
549.23	40.510
549.56	40.548
549.90	40.616
550.24	40.666
550.57	40.696
550.91	40.780
551.25	40.804
551.58	40.777
551.92	40.854
552.26	40.845
552.59	40.879
552.93	40.893
553.27	40.942
553.60	40.959
553.94	40.977
554.27	41.039
554.61	41.082
554.95	41.114
555.28	41.235
555.62	41.225
555.95	41.306
556.29	41.370
556.63	41.415
556.96	41.474
557.30	41.538
557.63	41.615
557.97	41.632
558.31	41.711
558.64	41.790
558.98	41.780
559.31	41.796
559.65	41.828
559.98	41.817
560.32	41.887
560.65	41.933
560.99	42.001
561.33	42.031
561.66	42.087
562.00	42.100
562.33	42.163
562.67	42.199
563.00	42.310
563.34	42.371
563.67	42.455
564.01	42.497
564.34	42.485
564.68	42.491
565.01	42.518
565.35	42.519
565.68	42.554
566.02	42.578
566.35	42.635
566.69	42.626
567.02	42.672
567.36	42.699
567.69	42.704
568.03	42.758
568.36	42.797
568.69	42.833
569.03	42.879
569.36	42.869
569.70	42.910
570.03	42.955
570.37	42.985
570.70	42.997
571.04	43.033
571.37	43.058
571.70	43.103
572.04	43.162
572.37	43.197
572.71	43.257
573.04	43.296
573.37	43.310
573.71	43.298
574.04	43.320
574.38	43.343
574.71	43.342
575.04	43.379
575.38	43.349
575.71	43.315
576.05	43.318
576.38	43.276
576.71	43.299
577.05	43.267
577.38	43.294
577.71	43.323
578.05	43.346
578.38	43.359
578.71	43.364
579.05	43.371
579.38	43.376
579.71	43.333
580.05	43.354
580.38	43.366
580.71	43.371
581.05	43.354
581.38	43.364
581.71	43.307
582.05	43.285
582.38	43.302
582.71	43.326
583.04	43.351
583.38	43.404
583.71	43.441
584.04	43.449
584.38	43.461
584.71	43.486
585.04	43.477
585.37	43.549
585.71	43.604
586.04	43.609
586.37	43.639
586.70	43.588
587.04	43.612
587.37	43.567
587.70	43.583
588.03	43.593
588.37	43.612
588.70	43.583
589.03	43.545
589.36	43.588
589.69	43.513
590.03	43.490
590.36	43.515
590.69	43.516
591.02	43.515
591.35	43.475
591.69	43.505
592.02	43.495
592.35	43.528
592.68	43.513
593.01	43.454
593.35	43.501
593.68	43.476
594.01	43.472
594.34	43.404
594.67	43.448
595.00	43.466
595.34	43.425
595.67	43.422
596.00	43.423
596.33	43.469
596.66	43.481
596.99	43.504
597.32	43.555
597.65	43.536
597.99	43.568
598.32	43.511
598.65	43.546
598.98	43.583
599.31	43.616
599.64	43.574
599.97	43.487
600.30	43.417
600.63	43.315
600.96	43.256
601.30	43.319
601.63	43.379
601.96	43.395
602.29	43.335
602.62	43.270
602.95	43.186
603.28	43.186
603.61	43.210
603.94	43.191
604.27	43.217
604.60	43.174
604.93	43.105
605.26	43.046
605.59	42.973
605.92	42.994
606.25	42.951
606.58	42.954
606.91	42.918
607.24	42.873
607.57	42.857
607.90	42.862
608.23	42.852
608.56	42.862
608.89	42.844
609.22	42.842
609.55	42.746
609.88	42.750
610.21	42.733
610.54	42.745
610.87	42.734
611.20	42.784
611.53	42.742
611.86	42.721
612.19	42.672
612.52	42.610
612.85	42.638
613.18	42.709
613.51	42.694
613.84	42.645
614.17	42.537
614.49	42.477
614.82	42.377
615.15	42.345
615.48	42.361
615.81	42.312
616.14	42.248
616.47	42.165
616.80	42.070
617.13	42.028
617.46	41.979
617.78	41.958
618.11	41.945
618.44	41.948
618.77	41.854
619.10	41.784
619.43	41.745
619.76	41.780
620.09	41.721
620.41	41.704
620.74	41.687
621.07	41.686
621.40	41.703
621.73	41.710
622.06	41.651
622.38	41.678
622.71	41.667
623.04	41.675
623.37	41.606
623.70	41.627
624.02	41.562
624.35	41.548
624.68	41.540
625.01	41.467
625.34	41.403
625.66	41.330
625.99	41.315
626.32	41.302
626.65	41.253
626.98	41.235
627.30	41.147
627.63	41.115
627.96	41.052
628.29	41.035
628.61	41.038
628.94	40.994
629.27	40.960
629.60	40.889
629.92	40.904
630.25	40.866
630.58	40.825
630.91	40.832
631.23	40.778
631.56	40.737
631.89	40.579
632.21	40.493
632.54	40.423
632.87	40.441
633.19	40.453
633.52	40.376
633.85	40.278
634.18	40.190
634.50	40.156
634.83	40.093
635.16	40.018
635.48	39.973
635.81	39.968
636.14	39.961
636.46	39.901
636.79	39.760
637.11	39.700
637.44	39.689
637.77	39.721
638.09	39.627
638.42	39.589
638.75	39.532
639.07	39.568
639.40	39.538
639.73	39.448
640.05	39.376
640.38	39.374
640.70	39.256
641.03	39.139
641.36	39.067
641.68	39.031
642.01	38.977
642.33	38.923
642.66	38.870
642.98	38.810
643.31	38.791
643.64	38.684
643.96	38.583
644.29	38.567
644.61	38.539
644.94	38.449
645.26	38.468
645.59	38.407
645.91	38.378
646.24	38.321
646.56	38.213
646.89	38.152
647.22	38.168
647.54	38.161
647.87	38.113
648.19	38.084
648.52	38.033
648.84	37.888
649.17	37.909
649.49	37.861
649.82	37.754
650.14	37.675
650.47	37.640
650.79	37.592
651.11	37.585
651.44	37.524
651.76	37.484
652.09	37.415
652.41	37.408
652.74	37.297
653.06	37.251
653.39	37.259
653.71	37.239
654.04	37.202
654.36	37.148
654.68	37.010
655.01	36.943
655.33	36.940
655.66	36.894
655.98	36.835
656.30	36.781
656.63	36.781
656.95	36.687
657.28	36.616
657.60	36.493
657.92	36.422
658.25	36.417
658.57	36.365
658.90	36.307
659.22	36.258
659.54	36.195
659.87	36.159
660.19	36.034
660.51	36.009
660.84	35.986
661.16	35.962
661.48	35.916
661.81	35.774
662.13	35.751
662.45	35.648
662.78	35.566
663.10	35.437
663.42	35.323
663.75	35.325
664.07	35.263
664.39	35.241
664.72	35.244
665.04	35.176
665.36	35.320
665.69	35.291
666.01	35.183
666.33	35.200
666.65	35.172
666.98	35.178
667.30	35.105
667.62	35.081
667.94	35.014
668.27	34.851
668.59	34.803
668.91	34.604
669.23	34.585
669.56	34.638
669.88	34.553
670.20	34.494
670.52	34.417
670.85	34.278
671.17	34.247
671.49	34.195
671.81	34.247
672.13	34.194
672.46	34.172
672.78	34.009
673.10	33.945
673.42	33.845
673.74	33.803
674.07	33.724
674.39	33.851
674.71	33.823
675.03	33.738
675.35	33.635
675.67	33.593
676.00	33.611
676.32	33.629
676.64	33.543
676.96	33.521
677.28	33.485
677.60	33.515
677.92	33.417
678.25	33.276
678.57	33.320
678.89	33.373
679.21	33.390
679.53	33.356
679.85	33.289
680.17	33.212
680.49	33.164
680.81	33.171
681.13	33.084
681.46	33.080
681.78	33.048
682.10	32.973
682.42	32.847
682.74	32.694
683.06	32.609
683.38	32.569
683.70	32.626
684.02	32.597
684.34	32.495
684.66	32.476
684.98	32.381
685.30	32.406
685.62	32.405
685.94	32.425
686.26	32.433
686.58	32.383
686.90	32.371
687.22	32.320
687.54	32.313
687.86	32.297
688.18	32.295
688.50	32.193
688.82	32.143
689.14	32.153
689.46	32.097
689.78	32.095
690.10	32.089
690.42	32.042
690.74	32.007
691.06	32.033
691.38	32.068
691.70	32.080
692.02	32.100
692.34	31.969
692.66	31.831
692.98	31.796
693.30	31.766
693.62	31.629
693.94	31.588
694.26	31.538
694.57	31.461
694.89	31.426
695.21	31.268
695.53	31.372
695.85	31.404
696.17	31.394
696.49	31.400
696.81	31.336
697.13	31.450
697.44	31.416
697.76	31.427
698.08	31.451
698.40	31.409
698.72	31.446
699.04	31.354
699.36	31.354
699.67	31.313
699.99	31.281
700.31	31.284
700.63	31.191
700.95	31.258
701.27	31.121
701.58	31.029
701.90	30.998
702.22	31.016
702.54	30.920
702.86	30.872
703.17	30.913
703.49	30.839
703.81	30.766
704.13	30.571
704.45	30.466
704.76	30.538
705.08	30.503
705.40	30.320
705.72	30.177
706.03	30.147
706.35	30.110
706.67	29.956
706.99	29.830
707.30	29.790
707.62	29.816
707.94	29.783
708.26	29.656
708.57	29.623
708.89	29.690
709.21	29.840
709.53	29.823
709.84	29.838
710.16	29.832
710.48	29.951
710.79	29.917
711.11	29.819
711.43	29.755
711.74	29.672
712.06	29.624
712.38	29.607
712.69	29.484
713.01	29.435
713.33	29.244
713.64	29.254
713.96	29.301
714.28	29.307
714.59	29.403
714.91	29.399
715.23	29.445
715.54	29.471
715.86	29.476
716.17	29.462
716.49	29.402
716.81	29.442
717.12	29.387
717.44	29.201
717.76	29.296
718.07	29.276
718.39	29.296
718.70	29.474
719.02	29.474
719.33	29.511
719.65	29.474
719.97	29.470
720.28	29.475
720.60	29.507
720.91	29.318
721.23	29.128
721.54	29.119
721.86	28.994
722.17	28.991
722.49	28.892
722.81	28.704
723.12	28.659
723.44	28.602
723.75	28.627
724.07	28.537
724.38	28.716
724.70	28.726
725.01	28.486
725.33	28.486
725.64	28.254
725.96	27.976
726.27	27.995
726.59	28.031
726.90	28.119
727.22	27.939
727.53	27.825
727.84	27.683
728.16	27.690
728.47	27.835
728.79	27.795
729.10	27.715
729.42	27.883
729.73	27.935
730.05	27.816
730.36	27.778
730.67	27.916
730.99	28.113
731.30	28.085
731.62	28.125
731.93	27.989
732.24	28.061
732.56	28.126
732.87	28.144
733.19	28.137
733.50	28.226
733.81	28.207
734.13	28.147
734.44	27.922
734.76	27.887
735.07	27.711
735.38	27.816
735.70	27.627
736.01	27.637
736.32	27.620
736.64	27.698
736.95	27.469
737.26	27.479
737.58	27.370
737.89	27.335
738.20	27.189
738.52	27.220
738.83	27.215
739.14	27.375
739.45	27.277
739.77	27.147
740.08	27.052
740.39	27.156
740.71	27.091
741.02	27.370
741.33	27.494
741.64	27.614
741.96	27.689
742.27	27.519
742.58	27.368
742.90	27.418
743.21	27.442
743.52	27.261
743.83	27.336
744.14	27.192
744.46	27.036
744.77	27.026
745.08	27.176
745.39	26.971
745.71	26.876
746.02	26.891
746.33	26.907
746.64	26.896
746.95	26.831
747.27	26.693
747.58	26.837
747.89	26.790
748.20	26.495
748.51	26.460
748.82	26.666
749.14	26.901
749.45	26.791
749.76	26.722
750.07	26.683
750.38	26.718
750.69	26.685
751.01	26.468
751.32	26.311
751.63	26.471
751.94	26.472
752.25	26.442
752.56	26.328
752.87	26.158
753.18	26.078
753.49	25.852
753.81	25.584
754.12	25.405
754.43	25.589
754.74	25.626
755.05	25.533
755.36	25.385
755.67	25.270
755.98	25.257
756.29	25.350
756.60	25.226
756.91	25.483
757.22	25.747
757.53	25.760
757.84	25.723
758.15	25.609
758.46	25.666
758.77	25.620
759.09	25.716
759.40	25.555
759.71	25.654
760.02	25.677
760.33	25.639
760.64	25.446
760.95	25.456
761.26	25.290
761.57	25.352
761.88	25.275
762.18	25.401
762.49	25.275
762.80	25.413
763.11	25.340
763.42	25.368
763.73	25.372
764.04	25.398
764.35	25.553
764.66	25.546
764.97	25.506
765.28	25.381
765.59	25.341
765.90	25.425
766.21	25.424
766.52	25.601
766.83	25.579
767.14	25.489
767.44	25.643
767.75	25.379
768.06	25.527
768.37	25.563
768.68	25.841
768.99	25.955
769.30	25.671
769.61	25.771
769.91	25.613
770.22	25.486
770.53	25.457
770.84	25.421
771.15	25.670
771.46	25.609
771.77	25.426
772.07	25.312
772.38	25.030
772.69	25.387
773.00	25.135
773.31	24.968
773.61	25.164
773.92	25.338
774.23	25.075
774.54	24.901
774.85	24.924
775.15	25.153
775.46	25.127
775.77	24.981
776.08	24.835
776.39	24.835
776.69	24.667
777.00	24.545
777.31	24.367
777.62	24.782
777.92	24.737
778.23	24.403
778.54	24.325
778.85	24.461
779.15	24.537
779.46	24.400
779.77	24.332
780.07	24.277
780.38	24.350
780.69	24.260
781.00	23.671
781.30	23.570
781.61	23.844
781.92	23.637
782.22	23.661
782.53	23.975
782.84	24.136
783.14	23.884
783.45	24.304
783.76	24.449
784.06	24.495
784.37	24.649
784.68	24.675
784.98	24.549
785.29	24.778
785.60	24.648
785.90	24.361
786.21	24.018
786.51	24.184
786.82	24.074
787.13	24.031
787.43	24.072
787.74	24.218
788.04	24.657
788.35	24.674
788.66	24.610
788.96	24.696
789.27	24.720
789.57	24.868
789.88	25.235
790.19	25.421
790.49	25.250
790.80	25.334
791.10	25.322
791.41	24.422
791.71	24.637
792.02	25.027
792.32	24.792
792.63	24.772
792.93	24.858
793.24	24.193
793.54	23.648
793.85	23.541
794.15	23.663
794.46	23.908
794.76	24.269
795.07	23.909
795.37	23.498
795.68	23.716
795.98	23.692
796.29	23.106
796.59	23.366
796.90	23.772
797.20	24.158
797.51	24.279
797.81	24.230
798.12	24.002
798.42	24.048
798.72	24.352
799.03	24.061
799.33	23.969
799.64	24.580
799.94	24.795
800.25	24.404
800.55	24.152
800.85	23.642
801.16	23.560
801.46	24.007
801.77	24.828
802.07	24.931
802.37	25.521
802.68	25.692
802.98	25.595
803.28	25.507
803.59	25.472
803.89	25.126
804.20	25.394
804.50	25.642
804.80	25.647
805.11	24.987
805.41	25.141
805.71	24.833
806.02	24.937
806.32	24.584
806.62	24.172
806.93	24.804
807.23	25.495
807.53	26.119
807.83	25.334
808.14	25.246
808.44	25.606
808.74	25.024
809.05	25.065
809.35	24.494
809.65	25.049
809.95	25.374
810.26	25.121
810.56	24.432
810.86	23.183
811.16	24.139
811.47	24.280
811.77	24.369
812.07	23.858
812.37	23.582
812.68	23.533
812.98	23.182
813.28	23.289
813.58	23.061
813.88	23.345
814.19	23.944
814.49	23.835
814.79	23.770
815.09	23.314
815.39	23.671
815.70	24.030
816.00	24.510
816.30	24.580
816.60	24.580
816.90	24.730
817.20	24.543
817.50	24.489
817.81	24.254
818.11	24.135
818.41	23.905
818.71	23.711
819.01	23.117
819.31	22.947
819.61	22.850
819.92	22.871
820.22	22.794
820.52	22.795
820.82	22.673
821.12	22.575
821.42	22.627
821.72	22.704
822.02	22.768
822.32	22.933
822.62	23.002
822.92	23.046
823.22	22.958
823.52	22.951
823.83	23.070
824.13	23.197
824.43	23.224
824.73	23.148
825.03	23.191
825.33	23.024
825.63	22.967
825.93	23.077
826.23	23.095
826.53	23.149
826.83	23.305
827.13	23.106
827.43	22.946
827.73	23.168
828.03	23.176
828.33	23.109
828.63	23.562
828.93	23.681
829.23	23.234
829.53	23.184
829.83	23.328
830.13	23.148
830.42	23.456
830.72	23.229
831.02	22.997
831.32	22.943
831.62	22.869
831.92	22.464
832.22	22.413
832.52	22.645
832.82	22.890
833.12	22.748
833.42	22.807
833.72	22.641
834.01	22.788
834.31	22.936
834.61	23.063
834.91	23.001
835.21	23.207
835.51	23.264
835.81	23.389
836.11	23.326
836.40	23.964
836.70	23.890
837.00	23.708
837.30	23.640
837.60	23.234
837.90	21.955
838.19	22.137
838.49	21.709
838.79	21.474
839.09	20.990
839.39	20.948
839.68	19.975
839.98	20.388
840.28	20.510
840.58	21.341
840.88	21.500
841.17	23.232
841.47	22.889
841.77	23.169
842.07	23.010
842.36	23.095
842.66	23.821
842.96	24.388
843.26	24.361
843.55	24.855
843.85	24.503
844.15	23.860
844.45	24.040
844.74	25.236
845.04	25.511
845.34	27.548
845.63	29.415
845.93	27.410
846.23	26.886
846.53	26.229
846.82	26.682
847.12	25.449
847.42	24.769
847.71	23.549
848.01	22.118
848.31	22.082
848.60	21.322
848.90	19.011
849.19	19.782
849.49	19.724
849.79	19.380
850.08	18.308
850.38	19.828
850.68	21.804
850.97	21.332
851.27	21.025
851.56	20.193
851.86	19.900
852.16	20.334
852.45	20.514
852.75	21.241
853.04	22.064
853.34	23.118
853.64	23.056
853.93	21.974
854.23	22.916
854.52	23.883
854.82	24.589
855.11	24.738
855.41	23.955
855.70	23.330
856.00	23.030
856.30	23.059
856.59	22.259
856.89	21.468
857.18	23.117
857.48	22.471
857.77	22.116
858.07	21.954
858.36	22.620
858.66	23.135
858.95	23.543
859.25	21.849
859.54	20.146
859.84	20.999
860.13	21.092
860.42	20.227
860.72	22.400
861.01	21.964
861.31	20.578
861.60	20.521
861.90	20.847
862.19	21.400
862.49	23.287
862.78	25.160
863.07	25.898
863.37	27.021
863.66	27.292
863.96	26.617
864.25	26.593
864.54	27.819
864.84	28.974
865.13	29.326
865.43	27.547
865.72	19.808
866.01	17.611
866.31	40.492
866.60	22.467
866.89	7.164
