180.30	0.000
180.67	0.000
181.03	-336.342
181.40	98.578
181.77	-28.743
182.14	158.881
182.51	2414.648
182.88	-157.529
183.25	-113.471
183.62	156.279
183.99	159.068
184.36	48.686
184.73	3.090
185.10	157.529
185.46	146.061
185.83	163.925
186.20	51.980
186.57	-115.385
186.94	182.173
187.31	-139.724
187.68	-40.677
188.05	22.221
188.42	10.066
188.78	-81.272
189.15	42.199
189.52	4.969
189.89	-17.615
190.26	-53.893
190.63	-77.148
191.00	-104.066
191.37	-106.056
191.73	-95.663
192.10	-122.483
192.47	-237.799
192.84	-34.117
193.21	-11022.846
193.58	400.520
193.94	207.182
194.31	157.767
194.68	132.169
195.05	94.508
195.42	-113.258
195.79	-118.336
196.15	2.063
196.52	55.982
196.89	108.168
197.26	23.462
197.63	77.322
198.00	91.432
198.36	11.843
198.73	-36.659
199.10	-27.138
199.47	-79.926
199.84	-55.759
200.20	-2.580
200.57	-16.721
200.94	-2.494
201.31	-27.190
201.68	-11.341
202.04	0.438
202.41	1.885
202.78	-20.487
203.15	-45.221
203.51	-64.915
203.88	-96.570
204.25	-163.976
204.62	-233.598
204.98	-153.820
205.35	-82.554
205.72	-96.591
206.09	-354.303
206.46	-174.350
206.82	-121.126
207.19	-71.497
207.56	-55.956
207.92	-44.260
208.29	-31.459
208.66	-19.424
209.03	-11.215
209.39	-41.691
209.76	-54.391
210.13	-32.929
210.50	-33.810
210.86	-4.764
211.23	-12.505
211.60	-10.151
211.96	6.579
212.33	25.288
212.70	25.705
213.07	5.930
213.43	16.170
213.80	6.027
214.17	-1.372
214.53	-4.357
214.90	-9.832
215.27	-20.852
215.63	-35.802
216.00	-44.874
216.37	-48.246
216.74	-62.309
217.10	-37.763
217.47	-33.216
217.84	-25.586
218.20	-25.395
218.57	-25.011
218.94	-18.524
219.30	-7.673
219.67	1.162
220.04	-1.840
220.40	-5.808
220.77	1.320
221.13	1.710
221.50	3.383
221.87	5.821
222.23	8.673
222.60	13.268
222.97	4.549
223.33	1.154
223.70	0.446
224.07	-0.393
224.43	-1.789
224.80	-2.637
225.16	-1.512
225.53	-1.215
225.90	1.146
226.26	-0.056
226.63	0.984
226.99	1.514
227.36	1.829
227.73	2.318
228.09	2.848
228.46	2.459
228.82	2.488
229.19	1.289
229.56	0.940
229.92	-1.392
230.29	-1.225
230.65	-2.215
231.02	-2.866
231.38	-2.197
231.75	-3.157
232.12	-3.471
232.48	-3.262
232.85	-2.164
233.21	-2.013
233.58	-1.060
233.94	1.012
234.31	2.346
234.68	2.229
235.04	2.260
235.41	2.371
235.77	2.319
236.14	3.487
236.50	3.743
236.87	4.430
237.23	5.255
237.60	4.720
237.96	4.121
238.33	3.374
238.69	3.002
239.06	2.604
239.42	2.817
239.79	2.918
240.15	1.895
240.52	2.288
240.88	2.484
241.25	2.532
241.61	2.679
241.98	3.118
242.34	3.044
242.71	3.065
243.07	3.481
243.44	2.828
243.80	2.999
244.17	3.124
244.53	2.929
244.90	2.621
245.26	2.573
245.63	2.614
245.99	2.553
246.36	2.494
246.72	2.427
247.09	2.275
247.45	2.164
247.81	2.235
248.18	2.326
248.54	2.526
248.91	2.630
249.27	2.633
249.64	2.426
250.00	2.225
250.36	2.369
250.73	2.691
251.09	2.604
251.46	3.625
251.82	3.466
252.19	3.926
252.55	3.897
252.91	4.042
253.28	4.186
253.64	4.782
254.01	5.042
254.37	4.727
254.73	3.855
255.10	3.944
255.46	3.775
255.83	3.449
256.19	3.102
256.55	2.926
256.92	2.699
257.28	2.666
257.65	2.483
258.01	2.445
258.37	2.625
258.74	2.743
259.10	2.730
259.46	2.676
259.83	2.696
260.19	2.647
260.55	2.441
260.92	2.272
261.28	2.169
261.64	1.853
262.01	1.580
262.37	1.549
262.73	1.707
263.10	1.711
263.46	1.408
263.82	1.731
264.19	2.068
264.55	2.384
264.91	2.635
265.28	2.961
265.64	3.204
266.00	3.475
266.37	3.505
266.73	3.460
267.09	3.361
267.46	3.264
267.82	2.933
268.18	2.764
268.54	2.733
268.91	2.851
269.27	2.379
269.63	2.469
270.00	2.234
270.36	2.270
270.72	2.394
271.08	2.462
271.45	2.458
271.81	2.367
272.17	2.409
272.53	2.650
272.90	2.405
273.26	2.521
273.62	2.433
273.98	2.459
274.35	2.110
274.71	2.046
275.07	2.136
275.43	1.997
275.80	2.330
276.16	2.269
276.52	2.153
276.88	2.208
277.25	2.063
277.61	2.106
277.97	2.428
278.33	2.622
278.69	2.574
279.06	2.451
279.42	2.634
279.78	2.603
280.14	2.392
280.50	2.360
280.87	2.265
281.23	2.566
281.59	2.511
281.95	2.334
282.31	2.073
282.68	1.947
283.04	2.048
283.40	2.135
283.76	2.189
284.12	2.380
284.48	2.398
284.85	2.573
285.21	2.336
285.57	2.400
285.93	2.290
286.29	2.430
286.65	2.656
287.02	2.742
287.38	2.815
287.74	2.665
288.10	2.600
288.46	2.539
288.82	2.414
289.18	2.513
289.54	2.634
289.91	2.714
290.27	2.866
290.63	2.740
290.99	2.643
291.35	2.561
291.71	2.634
292.07	2.892
292.43	2.827
292.79	2.845
293.16	2.827
293.52	2.734
293.88	2.754
294.24	2.712
294.60	2.670
294.96	2.640
295.32	2.746
295.68	2.745
296.04	2.555
296.40	2.611
296.76	2.693
297.12	2.537
297.49	2.424
297.85	2.422
298.21	2.492
298.57	2.666
298.93	2.714
299.29	2.673
299.65	2.785
300.01	2.639
300.37	2.529
300.73	2.599
301.09	2.798
301.45	2.992
301.81	3.071
302.17	2.875
302.53	2.829
302.89	2.843
303.25	2.849
303.61	2.771
303.97	3.007
304.33	3.121
304.69	3.069
305.05	3.217
305.41	3.202
305.77	3.176
306.13	3.376
306.49	3.233
306.85	3.208
307.21	3.100
307.57	3.105
307.93	3.006
308.29	3.175
308.65	3.118
309.01	2.912
309.37	2.789
309.73	2.742
310.09	2.756
310.45	2.924
310.81	3.004
311.17	3.090
311.53	3.026
311.89	3.202
312.25	3.116
312.61	3.168
312.96	3.407
313.32	3.426
313.68	3.546
314.04	3.567
314.40	3.434
314.76	3.398
315.12	3.342
315.48	3.590
315.84	3.514
316.20	3.538
316.56	3.594
316.92	3.562
317.27	3.782
317.63	3.716
317.99	3.627
318.35	3.668
318.71	3.706
319.07	3.865
319.43	3.735
319.79	3.758
320.15	3.684
320.50	3.656
320.86	3.691
321.22	3.631
321.58	3.745
321.94	3.900
322.30	4.020
322.66	3.985
323.01	3.995
323.37	4.000
323.73	4.043
324.09	4.228
324.45	4.315
324.81	4.469
325.17	4.674
325.52	4.932
325.88	4.997
326.24	5.028
326.60	5.271
326.96	5.334
327.31	5.549
327.67	5.636
328.03	5.725
328.39	5.847
328.75	5.816
329.11	5.873
329.46	5.802
329.82	5.850
330.18	6.044
330.54	5.976
330.90	5.983
331.25	6.092
331.61	6.236
331.97	6.273
332.33	6.394
332.68	6.567
333.04	6.533
333.40	6.637
333.76	6.708
334.11	6.640
334.47	6.701
334.83	6.851
335.19	6.896
335.54	6.852
335.90	6.959
336.26	7.107
336.62	7.105
336.97	7.158
337.33	7.172
337.69	7.232
338.05	7.376
338.40	7.455
338.76	7.581
339.12	7.550
339.48	7.613
339.83	7.608
340.19	7.501
340.55	7.506
340.90	7.636
341.26	7.684
341.62	7.729
341.97	7.733
342.33	7.822
342.69	7.741
343.04	7.791
343.40	7.875
343.76	7.937
344.12	7.989
344.47	8.059
344.83	7.995
345.19	7.977
345.54	8.040
345.90	8.107
346.26	8.096
346.61	8.182
346.97	8.233
347.32	8.178
347.68	8.090
348.04	8.105
348.39	8.115
348.75	8.195
349.11	8.182
349.46	8.168
349.82	8.114
350.18	8.065
350.53	8.088
350.89	8.139
351.24	8.260
351.60	8.445
351.96	8.441
352.31	8.486
352.67	8.576
353.02	8.631
353.38	8.673
353.74	8.761
354.09	8.919
354.45	8.926
354.80	8.975
355.16	9.036
355.52	9.031
355.87	9.161
356.23	9.085
356.58	9.072
356.94	9.168
357.29	9.156
357.65	9.172
358.00	9.203
358.36	9.171
358.72	9.159
359.07	9.161
359.43	9.148
359.78	9.126
360.14	9.258
360.49	9.233
360.85	9.271
361.20	9.315
361.56	9.309
361.91	9.274
362.27	9.329
362.62	9.309
362.98	9.293
363.33	9.325
363.69	9.352
364.04	9.341
364.40	9.350
364.75	9.358
365.11	9.385
365.46	9.393
365.82	9.463
366.17	9.461
366.53	9.477
366.88	9.421
367.24	9.349
367.59	9.334
367.95	9.268
368.30	9.242
368.66	9.186
369.01	9.169
369.37	9.158
369.72	9.032
370.08	9.029
370.43	9.013
370.78	8.993
371.14	9.018
371.49	8.999
371.85	9.053
372.20	9.093
372.56	9.084
372.91	9.012
373.26	8.975
373.62	8.988
373.97	8.965
374.33	9.004
374.68	9.012
375.03	8.924
375.39	8.911
375.74	8.822
376.10	8.729
376.45	8.676
376.80	8.718
377.16	8.718
377.51	8.688
377.87	8.660
378.22	8.587
378.57	8.574
378.93	8.622
379.28	8.599
379.63	8.654
379.99	8.638
380.34	8.630
380.70	8.541
381.05	8.552
381.40	8.577
381.76	8.578
382.11	8.555
382.46	8.566
382.82	8.572
383.17	8.579
383.52	8.553
383.88	8.581
384.23	8.535
384.58	8.503
384.94	8.442
385.29	8.372
385.64	8.334
385.99	8.328
386.35	8.241
386.70	8.154
387.05	8.076
387.41	8.045
387.76	7.987
388.11	8.008
388.47	8.023
388.82	7.980
389.17	7.946
389.52	7.865
389.88	7.829
390.23	7.812
390.58	7.776
390.93	7.791
391.29	7.735
391.64	7.732
391.99	7.668
392.34	7.623
392.70	7.571
393.05	7.534
393.40	7.509
393.75	7.418
394.11	7.342
394.46	7.305
394.81	7.144
395.16	7.099
395.52	7.002
395.87	6.954
396.22	6.828
396.57	6.789
396.92	6.732
397.28	6.660
397.63	6.597
397.98	6.542
398.33	6.443
398.68	6.395
399.04	6.328
399.39	6.280
399.74	6.190
400.09	6.188
400.44	6.112
400.80	6.063
401.15	6.013
401.50	6.005
401.85	5.969
402.20	5.980
402.55	5.968
402.90	5.945
403.26	5.898
403.61	5.888
403.96	5.849
404.31	5.837
404.66	5.778
405.01	5.785
405.36	5.757
405.72	5.778
406.07	5.718
406.42	5.697
406.77	5.667
407.12	5.668
407.47	5.654
407.82	5.645
408.17	5.592
408.53	5.604
408.88	5.590
409.23	5.508
409.58	5.449
409.93	5.463
410.28	5.417
410.63	5.375
410.98	5.344
411.33	5.291
411.68	5.227
412.03	5.190
412.38	5.146
412.73	5.077
413.09	5.063
413.44	5.047
413.79	5.001
414.14	4.993
414.49	4.934
414.84	4.901
415.19	4.867
415.54	4.861
415.89	4.841
416.24	4.802
416.59	4.777
416.94	4.727
417.29	4.679
417.64	4.637
417.99	4.589
418.34	4.566
418.69	4.543
419.04	4.522
419.39	4.487
419.74	4.456
420.09	4.429
420.44	4.409
420.79	4.408
421.14	4.402
421.49	4.382
421.84	4.368
422.19	4.361
422.54	4.326
422.89	4.296
423.24	4.273
423.59	4.249
423.94	4.242
424.29	4.211
424.64	4.197
424.99	4.159
425.34	4.140
425.68	4.125
426.03	4.081
426.38	4.097
426.73	4.089
427.08	4.105
427.43	4.101
427.78	4.101
428.13	4.103
428.48	4.080
428.83	4.087
429.18	4.083
429.53	4.085
429.87	4.102
430.22	4.080
430.57	4.080
430.92	4.062
431.27	4.064
431.62	4.053
431.97	4.051
432.32	4.053
432.67	4.047
433.01	4.041
433.36	4.027
433.71	4.007
434.06	4.002
434.41	4.001
434.76	3.985
435.11	3.977
435.45	3.989
435.80	4.000
436.15	4.017
436.50	4.017
436.85	4.030
437.20	4.028
437.54	4.016
437.89	4.015
438.24	4.007
438.59	3.990
438.94	3.983
439.29	3.962
439.63	3.951
439.98	3.910
440.33	3.905
440.68	3.876
441.03	3.857
441.37	3.852
441.72	3.816
442.07	3.794
442.42	3.787
442.76	3.770
443.11	3.755
443.46	3.720
443.81	3.726
444.16	3.711
444.50	3.706
444.85	3.679
445.20	3.656
445.55	3.645
445.89	3.644
446.24	3.636
446.59	3.609
446.94	3.584
447.28	3.574
447.63	3.532
447.98	3.486
448.32	3.458
448.67	3.454
449.02	3.441
449.37	3.414
449.71	3.373
450.06	3.364
450.41	3.377
450.75	3.377
451.10	3.355
451.45	3.359
451.79	3.355
452.14	3.351
452.49	3.349
452.84	3.353
453.18	3.357
453.53	3.377
453.88	3.369
454.22	3.359
454.57	3.364
454.92	3.397
455.26	3.416
455.61	3.452
455.95	3.463
456.30	3.483
456.65	3.504
456.99	3.536
457.34	3.536
457.69	3.542
458.03	3.552
458.38	3.554
458.73	3.556
459.07	3.561
459.42	3.550
459.76	3.555
460.11	3.542
460.46	3.545
460.80	3.542
461.15	3.570
461.49	3.589
461.84	3.610
462.19	3.627
462.53	3.642
462.88	3.658
463.22	3.682
463.57	3.709
463.91	3.752
464.26	3.762
464.61	3.788
464.95	3.781
465.30	3.799
465.64	3.819
465.99	3.857
466.33	3.872
466.68	3.911
467.02	3.937
467.37	3.952
467.71	3.954
468.06	3.971
468.41	3.965
468.75	3.977
469.10	3.975
469.44	3.984
469.79	3.978
470.13	3.984
470.48	3.963
470.82	3.959
471.17	3.960
471.51	3.948
471.86	3.933
472.20	3.945
472.55	3.928
472.89	3.939
473.23	3.915
473.58	3.903
473.92	3.886
474.27	3.877
474.61	3.865
474.96	3.850
475.30	3.845
475.65	3.848
475.99	3.816
476.34	3.819
476.68	3.801
477.02	3.796
477.37	3.802
477.71	3.806
478.06	3.805
478.40	3.805
478.75	3.820
479.09	3.854
479.43	3.902
479.78	3.959
480.12	4.004
480.47	4.055
480.81	4.104
481.15	4.139
481.50	4.181
481.84	4.241
482.19	4.295
482.53	4.339
482.87	4.355
483.22	4.334
483.56	4.316
483.90	4.316
484.25	4.308
484.59	4.303
484.94	4.285
485.28	4.268
485.62	4.228
485.97	4.190
486.31	4.165
486.65	4.160
487.00	4.206
487.34	4.243
487.68	4.259
488.03	4.281
488.37	4.293
488.71	4.316
489.06	4.331
489.40	4.344
489.74	4.381
490.09	4.406
490.43	4.438
490.77	4.449
491.11	4.470
491.46	4.494
491.80	4.515
492.14	4.554
492.49	4.599
492.83	4.663
493.17	4.750
493.51	4.808
493.86	4.898
494.20	4.995
494.54	5.098
494.88	5.209
495.23	5.322
495.57	5.447
495.91	5.550
496.25	5.665
496.60	5.790
496.94	5.910
497.28	6.049
497.62	6.192
497.97	6.342
498.31	6.530
498.65	6.699
498.99	6.894
499.33	7.103
499.68	7.337
500.02	7.592
500.36	7.810
500.70	8.051
501.04	8.309
501.39	8.567
501.73	8.854
502.07	9.122
502.41	9.417
502.75	9.741
503.09	10.075
503.44	10.401
503.78	10.759
504.12	11.128
504.46	11.517
504.80	11.899
505.14	12.317
505.49	12.701
505.83	13.112
506.17	13.524
506.51	13.897
506.85	14.285
507.19	14.707
507.53	15.129
507.87	15.574
508.22	15.989
508.56	16.432
508.90	16.886
509.24	17.347
509.58	17.787
509.92	18.280
510.26	18.744
510.60	19.212
510.94	19.679
511.28	20.143
511.63	20.616
511.97	21.125
512.31	21.634
512.65	22.140
512.99	22.673
513.33	23.242
513.67	23.758
514.01	24.350
514.35	24.919
514.69	25.439
515.03	25.949
515.37	26.447
515.71	26.863
516.05	27.283
516.39	27.641
516.73	27.974
517.07	28.323
517.41	28.695
517.75	29.015
518.09	29.366
518.43	29.732
518.77	30.064
519.11	30.393
519.45	30.788
519.79	31.149
520.13	31.564
520.47	32.034
520.81	32.464
521.15	32.848
521.49	33.303
521.83	33.651
522.17	33.993
522.51	34.377
522.85	34.751
523.19	35.171
523.53	35.679
523.87	36.160
524.21	36.598
524.55	37.034
524.89	37.444
525.23	37.796
525.57	38.159
525.91	38.448
526.25	38.730
526.58	39.010
526.92	39.259
527.26	39.419
527.60	39.594
527.94	39.761
528.28	39.898
528.62	40.033
528.96	40.135
529.30	40.226
529.64	40.373
529.97	40.462
530.31	40.568
530.65	40.659
530.99	40.815
531.33	40.942
531.67	41.068
532.01	41.169
532.35	41.269
532.68	41.387
533.02	41.503
533.36	41.595
533.70	41.701
534.04	41.779
534.38	41.887
534.71	41.997
535.05	42.085
535.39	42.178
535.73	42.324
536.07	42.477
536.41	42.627
536.74	42.796
537.08	42.955
537.42	43.147
537.76	43.320
538.10	43.499
538.43	43.645
538.77	43.789
539.11	43.923
539.45	44.023
539.79	44.097
540.12	44.211
540.46	44.294
540.80	44.351
541.14	44.378
541.47	44.418
541.81	44.420
542.15	44.440
542.49	44.477
542.82	44.487
543.16	44.544
543.50	44.610
543.84	44.612
544.17	44.597
544.51	44.614
544.85	44.644
545.18	44.674
545.52	44.701
545.86	44.746
546.20	44.760
546.53	44.824
546.87	44.837
547.21	44.834
547.54	44.894
547.88	44.978
548.22	45.071
548.55	45.124
548.89	45.204
549.23	45.240
549.56	45.253
549.90	45.289
550.24	45.314
550.57	45.302
550.91	45.349
551.25	45.320
551.58	45.346
551.92	45.332
552.26	45.373
552.59	45.420
552.93	45.461
553.27	45.442
553.60	45.495
553.94	45.514
554.27	45.569
554.61	45.583
554.95	45.624
555.28	45.630
555.62	45.643
555.95	45.631
556.29	45.598
556.63	45.646
556.96	45.689
557.30	45.663
557.63	45.643
557.97	45.620
558.31	45.606
558.64	45.634
558.98	45.610
559.31	45.644
559.65	45.621
559.98	45.609
560.32	45.606
560.65	45.660
560.99	45.666
561.33	45.648
561.66	45.655
562.00	45.630
562.33	45.616
562.67	45.604
563.00	45.582
563.34	45.640
563.67	45.631
564.01	45.606
564.34	45.566
564.68	45.541
565.01	45.542
565.35	45.539
565.68	45.567
566.02	45.539
566.35	45.526
566.69	45.495
567.02	45.458
567.36	45.427
567.69	45.373
568.03	45.338
568.36	45.295
568.69	45.253
569.03	45.186
569.36	45.134
569.70	45.096
570.03	45.077
570.37	45.044
570.70	44.988
571.04	44.891
571.37	44.865
571.70	44.833
572.04	44.780
572.37	44.765
572.71	44.735
573.04	44.700
573.37	44.719
573.71	44.689
574.04	44.638
574.38	44.652
574.71	44.696
575.04	44.647
575.38	44.591
575.71	44.607
576.05	44.592
576.38	44.599
576.71	44.530
577.05	44.405
577.38	44.294
577.71	44.297
578.05	44.199
578.38	44.114
578.71	44.050
579.05	44.011
579.38	43.953
579.71	43.852
580.05	43.759
580.38	43.718
580.71	43.710
581.05	43.688
581.38	43.586
581.71	43.501
582.05	43.485
582.38	43.433
582.71	43.335
583.04	43.282
583.38	43.208
583.71	43.130
584.04	43.069
584.38	43.021
584.71	42.935
585.04	42.874
585.37	42.785
585.71	42.655
586.04	42.654
586.37	42.596
586.70	42.488
587.04	42.467
587.37	42.424
587.70	42.351
588.03	42.264
588.37	42.215
588.70	42.162
589.03	42.135
589.36	42.128
589.69	42.033
590.03	41.989
590.36	41.928
590.69	41.801
591.02	41.720
591.35	41.642
591.69	41.563
592.02	41.406
592.35	41.274
592.68	41.182
593.01	41.075
593.35	40.991
593.68	40.900
594.01	40.853
594.34	40.802
594.67	40.734
595.00	40.677
595.34	40.575
595.67	40.579
596.00	40.521
596.33	40.501
596.66	40.385
596.99	40.372
597.32	40.360
597.65	40.287
597.99	40.194
598.32	40.117
598.65	40.026
598.98	39.964
599.31	39.824
599.64	39.716
599.97	39.554
600.30	39.487
600.63	39.331
600.96	39.240
601.30	39.123
601.63	39.057
601.96	38.988
602.29	38.947
602.62	38.875
602.95	38.843
603.28	38.828
603.61	38.791
603.94	38.781
604.27	38.678
604.60	38.577
604.93	38.550
605.26	38.452
605.59	38.378
605.92	38.242
606.25	38.159
606.58	38.073
606.91	37.977
607.24	37.929
607.57	37.831
607.90	37.816
608.23	37.749
608.56	37.679
608.89	37.660
609.22	37.620
609.55	37.635
609.88	37.638
610.21	37.610
610.54	37.576
610.87	37.538
611.20	37.509
611.53	37.448
611.86	37.364
612.19	37.309
612.52	37.256
612.85	37.178
613.18	37.084
613.51	36.974
613.84	36.868
614.17	36.797
614.49	36.680
614.82	36.558
615.15	36.479
615.48	36.429
615.81	36.345
616.14	36.241
616.47	36.140
616.80	36.080
617.13	36.003
617.46	35.983
617.78	35.954
618.11	35.917
618.44	35.871
618.77	35.805
619.10	35.702
619.43	35.665
619.76	35.622
620.09	35.543
620.41	35.473
620.74	35.410
621.07	35.374
621.40	35.255
621.73	35.143
622.06	35.140
622.38	35.057
622.71	35.043
623.04	34.957
623.37	34.891
623.70	34.779
624.02	34.687
624.35	34.589
624.68	34.490
625.01	34.431
625.34	34.430
625.66	34.405
625.99	34.373
626.32	34.334
626.65	34.249
626.98	34.167
627.30	34.205
627.63	34.187
627.96	34.157
628.29	34.111
628.61	34.118
628.94	34.023
629.27	33.885
629.60	33.857
629.92	33.797
630.25	33.766
630.58	33.745
630.91	33.634
631.23	33.565
631.56	33.475
631.89	33.374
632.21	33.239
632.54	33.184
632.87	33.113
633.19	33.038
633.52	32.928
633.85	32.846
634.18	32.808
634.50	32.805
634.83	32.715
635.16	32.731
635.48	32.692
635.81	32.608
636.14	32.571
636.46	32.528
636.79	32.459
637.11	32.462
637.44	32.413
637.77	32.357
638.09	32.306
638.42	32.323
638.75	32.263
639.07	32.285
639.40	32.285
639.73	32.237
640.05	32.165
640.38	32.073
640.70	32.007
641.03	31.978
641.36	31.884
641.68	31.867
642.01	31.813
642.33	31.790
642.66	31.705
642.98	31.676
643.31	31.601
643.64	31.584
643.96	31.634
644.29	31.574
644.61	31.488
644.94	31.515
645.26	31.435
645.59	31.395
645.91	31.336
646.24	31.256
646.56	31.199
646.89	31.140
647.22	31.086
647.54	31.021
647.87	30.926
648.19	30.940
648.52	30.872
648.84	30.760
649.17	30.708
649.49	30.635
649.82	30.622
650.14	30.577
650.47	30.590
650.79	30.538
651.11	30.433
651.44	30.507
651.76	30.478
652.09	30.352
652.41	30.335
652.74	30.247
653.06	30.200
653.39	30.118
653.71	30.041
654.04	29.939
654.36	29.936
654.68	29.907
655.01	29.780
655.33	29.745
655.66	29.725
655.98	29.681
656.30	29.625
656.63	29.542
656.95	29.522
657.28	29.505
657.60	29.422
657.92	29.303
658.25	29.246
658.57	29.240
658.90	29.180
659.22	29.085
659.54	29.040
659.87	29.060
660.19	29.062
660.51	28.984
660.84	28.928
661.16	28.937
661.48	28.926
661.81	28.855
662.13	28.808
662.45	28.737
662.78	28.768
663.10	28.752
663.42	28.664
663.75	28.517
664.07	28.490
664.39	28.484
664.72	28.421
665.04	28.330
665.36	28.337
665.69	28.275
666.01	28.265
666.33	28.208
666.65	28.189
666.98	28.101
667.30	28.104
667.62	28.147
667.94	28.094
668.27	28.092
668.59	28.133
668.91	28.073
669.23	28.032
669.56	27.937
669.88	27.838
670.20	27.736
670.52	27.692
670.85	27.684
671.17	27.515
671.49	27.479
671.81	27.432
672.13	27.383
672.46	27.339
672.78	27.329
673.10	27.322
673.42	27.381
673.74	27.336
674.07	27.365
674.39	27.329
674.71	27.356
675.03	27.262
675.35	27.240
675.67	27.164
676.00	27.104
676.32	26.973
676.64	26.939
676.96	26.931
677.28	26.933
677.60	26.940
677.92	26.932
678.25	26.836
678.57	26.825
678.89	26.774
679.21	26.762
679.53	26.780
679.85	26.788
680.17	26.718
680.49	26.738
680.81	26.707
681.13	26.594
681.46	26.485
681.78	26.542
682.10	26.532
682.42	26.466
682.74	26.396
683.06	26.270
683.38	26.232
683.70	26.257
684.02	26.113
684.34	26.040
684.66	26.120
684.98	26.164
685.30	26.095
685.62	26.073
685.94	26.130
686.26	26.136
686.58	26.192
686.90	26.161
687.22	26.104
687.54	26.029
687.86	26.007
688.18	25.886
688.50	25.860
688.82	25.837
689.14	25.797
689.46	25.659
689.78	25.636
690.10	25.572
690.42	25.625
690.74	25.593
691.06	25.617
691.38	25.609
691.70	25.536
692.02	25.498
692.34	25.499
692.66	25.455
692.98	25.409
693.30	25.347
693.62	25.310
693.94	25.248
694.26	25.269
694.57	25.249
694.89	25.231
695.21	25.198
695.53	25.218
695.85	25.191
696.17	25.186
696.49	25.211
696.81	25.164
697.13	25.168
697.44	25.212
697.76	25.221
698.08	25.215
698.40	25.199
698.72	25.232
699.04	25.159
699.36	25.123
699.67	25.079
699.99	25.039
700.31	25.111
700.63	25.103
700.95	25.008
701.27	24.851
701.58	24.869
701.90	24.885
702.22	24.833
702.54	24.811
702.86	24.669
703.17	24.581
703.49	24.543
703.81	24.461
704.13	24.346
704.45	24.263
704.76	24.175
705.08	24.115
705.40	24.034
705.72	23.972
706.03	23.893
706.35	23.939
706.67	23.837
706.99	23.809
707.30	23.768
707.62	23.765
707.94	23.736
708.26	23.814
708.57	23.757
708.89	23.735
709.21	23.797
709.53	23.812
709.84	23.772
710.16	23.871
710.48	23.817
710.79	23.881
711.11	23.800
711.43	23.723
711.74	23.662
712.06	23.614
712.38	23.610
712.69	23.594
713.01	23.553
713.33	23.628
713.64	23.580
713.96	23.626
714.28	23.503
714.59	23.618
714.91	23.641
715.23	23.712
715.54	23.767
715.86	23.747
716.17	23.725
716.49	23.753
716.81	23.567
717.12	23.543
717.44	23.545
717.76	23.652
718.07	23.665
718.39	23.857
718.70	23.769
719.02	23.727
719.33	23.755
719.65	23.636
719.97	23.587
720.28	23.669
720.60	23.748
720.91	23.836
721.23	23.742
721.54	23.615
721.86	23.388
722.17	23.385
722.49	23.397
722.81	23.437
723.12	23.347
723.44	23.358
723.75	23.272
724.07	23.244
724.38	23.018
724.70	22.957
725.01	22.895
725.33	22.924
725.64	22.949
725.96	22.803
726.27	22.578
726.59	22.625
726.90	22.640
727.22	22.705
727.53	22.637
727.84	22.769
728.16	22.753
728.47	22.751
728.79	22.609
729.10	22.496
729.42	22.522
729.73	22.475
730.05	22.433
730.36	22.330
730.67	22.165
730.99	22.093
731.30	21.910
731.62	21.814
731.93	21.809
732.24	21.814
732.56	21.834
732.87	21.778
733.19	21.808
733.50	21.820
733.81	21.717
734.13	21.806
734.44	21.719
734.76	21.765
735.07	21.820
735.38	21.686
735.70	21.707
736.01	21.619
736.32	21.746
736.64	21.779
736.95	21.543
737.26	21.444
737.58	21.375
737.89	21.314
738.20	21.098
738.52	21.037
738.83	21.083
739.14	21.146
739.45	21.077
739.77	20.736
740.08	20.691
740.39	21.000
740.71	21.102
741.02	20.981
741.33	20.915
741.64	20.960
741.96	20.824
742.27	20.758
742.58	20.555
742.90	20.566
743.21	20.803
743.52	20.776
743.83	20.514
744.14	20.420
744.46	20.444
744.77	20.418
745.08	20.480
745.39	20.594
745.71	20.656
746.02	20.575
746.33	20.462
746.64	20.282
746.95	20.153
747.27	20.154
747.58	20.132
747.89	20.016
748.20	20.093
748.51	20.049
748.82	19.943
749.14	19.945
749.45	19.904
749.76	19.837
750.07	19.708
750.38	19.689
750.69	19.778
751.01	19.853
751.32	19.831
751.63	19.839
751.94	19.751
752.25	19.678
752.56	19.550
752.87	19.551
753.18	19.546
753.49	19.580
753.81	19.497
754.12	19.472
754.43	19.505
754.74	19.537
755.05	19.522
755.36	19.594
755.67	19.731
755.98	19.792
756.29	19.843
756.60	20.137
756.91	20.253
757.22	20.445
757.53	20.335
757.84	20.262
758.15	20.469
758.46	20.722
758.77	20.952
759.09	20.989
759.40	20.938
759.71	21.199
760.02	21.079
760.33	21.179
760.64	21.238
760.95	21.341
761.26	21.381
761.57	21.218
761.88	21.204
762.18	21.104
762.49	21.084
762.80	21.179
763.11	21.036
763.42	21.137
763.73	21.046
764.04	20.907
764.35	20.725
764.66	20.678
764.97	20.655
765.28	20.487
765.59	20.260
765.90	20.045
766.21	19.786
766.52	19.685
766.83	19.315
767.14	19.052
767.44	18.772
767.75	18.759
768.06	18.559
768.37	18.578
768.68	18.323
768.99	18.077
769.30	18.158
769.61	18.082
769.91	17.777
770.22	17.731
770.53	17.706
770.84	17.793
771.15	17.695
771.46	17.669
771.77	17.550
772.07	17.410
772.38	17.597
772.69	17.201
773.00	17.270
773.31	17.549
773.61	17.622
773.92	17.606
774.23	17.684
774.54	17.572
774.85	17.465
775.15	17.572
775.46	17.807
775.77	17.534
776.08	17.862
776.39	17.832
776.69	17.368
777.00	17.240
777.31	17.187
777.62	17.346
777.92	17.287
778.23	17.054
778.54	16.911
778.85	16.512
779.15	16.791
779.46	16.531
779.77	16.526
780.07	16.900
780.38	16.688
780.69	17.052
781.00	16.739
781.30	16.733
781.61	16.910
781.92	16.932
782.22	16.810
782.53	16.798
782.84	16.889
783.14	17.080
783.45	16.893
783.76	17.211
784.06	17.054
784.37	17.173
784.68	17.395
784.98	17.300
785.29	17.124
785.60	17.281
785.90	17.268
786.21	17.205
786.51	16.975
786.82	17.013
787.13	16.991
787.43	16.985
787.74	17.203
788.04	17.121
788.35	17.175
788.66	17.480
788.96	17.551
789.27	17.559
789.57	17.684
789.88	17.659
790.19	17.276
790.49	17.341
790.80	17.233
791.10	16.784
791.41	16.714
791.71	16.843
792.02	16.342
792.32	16.271
792.63	15.981
792.93	15.983
793.24	16.007
793.54	16.753
793.85	16.409
794.15	16.229
794.46	16.058
794.76	16.265
795.07	16.329
795.37	16.713
795.68	16.997
795.98	17.150
796.29	17.330
796.59	17.487
796.90	17.076
797.20	17.139
797.51	17.523
797.81	17.712
798.12	17.689
798.42	17.844
798.72	17.420
799.03	17.551
799.33	17.324
799.64	16.944
799.94	16.966
800.25	16.885
800.55	16.839
800.85	16.493
801.16	16.802
801.46	16.722
801.77	16.359
802.07	16.977
802.37	16.698
802.68	17.343
802.98	17.310
803.28	17.346
803.59	17.777
803.89	18.009
804.20	18.161
804.50	17.907
804.80	18.091
805.11	18.226
805.41	17.574
805.71	17.654
806.02	17.298
806.32	17.506
806.62	17.433
806.93	17.179
807.23	17.422
807.53	17.351
807.83	17.615
808.14	17.867
808.44	17.901
808.74	18.526
809.05	18.433
809.35	18.400
809.65	18.354
809.95	17.853
810.26	17.863
810.56	17.788
810.86	17.809
811.16	17.726
811.47	17.957
811.77	17.698
812.07	17.379
812.37	17.439
812.68	17.769
812.98	17.743
813.28	17.977
813.58	17.779
813.88	17.343
814.19	17.592
814.49	17.946
814.79	16.860
815.09	17.152
815.39	17.093
815.70	17.058
816.00	17.298
816.30	17.329
816.60	17.672
816.90	17.936
817.20	18.037
817.50	18.160
817.81	18.210
818.11	18.466
818.41	18.584
818.71	18.585
819.01	18.709
819.31	18.708
819.61	18.691
819.92	18.749
820.22	18.821
820.52	18.889
820.82	18.907
821.12	18.873
821.42	18.941
821.72	18.944
822.02	18.984
822.32	18.969
822.62	18.957
822.92	19.033
823.22	18.915
823.52	18.888
823.83	18.798
824.13	18.757
824.43	18.764
824.73	18.740
825.03	18.752
825.33	18.760
825.63	18.837
825.93	18.826
826.23	18.844
826.53	18.996
826.83	18.983
827.13	19.220
827.43	19.298
827.73	19.378
828.03	19.364
828.33	19.279
828.63	19.251
828.93	19.272
829.23	19.282
829.53	19.167
829.83	19.221
830.13	19.175
830.42	19.055
830.72	18.658
831.02	18.437
831.32	18.180
831.62	18.241
831.92	18.524
832.22	18.349
832.52	18.374
832.82	18.360
833.12	18.347
833.42	18.337
833.72	18.180
834.01	18.241
834.31	18.211
834.61	18.370
834.91	18.313
835.21	17.780
835.51	17.563
835.81	17.431
836.11	17.280
836.40	16.827
836.70	16.366
837.00	16.032
837.30	15.931
837.60	15.467
837.90	15.163
838.19	14.705
838.49	14.696
838.79	15.013
839.09	14.879
839.39	15.104
839.68	15.743
839.98	15.800
840.28	16.296
840.58	16.192
840.88	16.129
841.17	16.305
841.47	16.810
841.77	17.051
842.07	16.444
842.36	16.239
842.66	15.228
842.96	13.682
843.26	13.879
843.55	13.459
843.85	12.869
844.15	12.481
844.45	11.652
844.74	10.386
845.04	10.140
845.34	10.080
845.63	10.097
845.93	10.758
846.23	11.503
846.53	9.604
846.82	10.193
847.12	12.379
847.42	14.048
847.71	13.814
848.01	13.826
848.31	12.485
848.60	12.360
848.90	12.147
849.19	12.987
849.49	13.434
849.79	14.845
850.08	13.478
850.38	11.231
850.68	11.203
850.97	11.186
851.27	11.937
851.56	13.604
851.86	12.469
852.16	12.095
852.45	11.578
852.75	12.755
853.04	13.733
853.34	13.857
853.64	14.351
853.93	13.722
854.23	13.883
854.52	14.311
854.82	13.551
855.11	14.403
855.41	14.312
855.70	13.746
856.00	12.922
856.30	12.345
856.59	11.974
856.89	11.163
857.18	10.829
857.48	10.940
857.77	11.482
858.07	12.894
858.36	13.469
858.66	14.104
858.95	14.036
859.25	11.855
859.54	12.638
859.84	14.487
860.13	15.480
860.42	15.314
860.72	15.110
861.01	12.881
861.31	11.378
861.60	11.719
861.90	10.940
862.19	12.438
862.49	13.056
862.78	11.169
863.07	9.381
863.37	9.871
863.66	8.910
863.96	8.704
864.25	10.695
864.54	11.803
864.84	11.625
865.13	10.877
865.43	10.370
865.72	18.227
866.01	17.634
866.31	14.473
866.60	-2.195
866.89	20.105
