180.30	0.000
180.67	0.000
181.03	34.262
181.40	145.608
181.77	116.063
182.14	89.209
182.51	-468.736
182.88	-30.327
183.25	48.576
183.62	-214.685
183.99	238.511
184.36	2.838
184.73	56.877
185.10	-7.840
185.46	64.982
185.83	274.536
186.20	46.149
186.57	-83.120
186.94	-964.837
187.31	-151.218
187.68	117.576
188.05	105.690
188.42	111.377
188.78	195.246
189.15	87.276
189.52	36.124
189.89	53.303
190.26	55.203
190.63	-10.565
191.00	-24.867
191.37	-49.588
191.73	-53.945
192.10	-185.857
192.47	-529.549
192.84	-137.656
193.21	-13125.372
193.58	458.634
193.94	242.464
194.31	223.464
194.68	157.191
195.05	281.629
195.42	349.226
195.79	223.382
196.15	117.805
196.52	104.843
196.89	159.610
197.26	1296.588
197.63	-90.888
198.00	45.629
198.36	-82.399
198.73	-128.476
199.10	-64.405
199.47	-116.851
199.84	-104.259
200.20	-29.831
200.57	-21.726
200.94	-18.817
201.31	-34.463
201.68	-15.049
202.04	-24.385
202.41	-54.159
202.78	-47.876
203.15	-125.368
203.51	-167.197
203.88	-144.930
204.25	-169.948
204.62	-259.770
204.98	-163.907
205.35	-109.972
205.72	-114.453
206.09	-393.392
206.46	-129.029
206.82	-111.613
207.19	-55.082
207.56	-32.095
207.92	-18.454
208.29	-13.852
208.66	-9.690
209.03	2.868
209.39	-8.071
209.76	-18.513
210.13	3.277
210.50	0.657
210.86	19.689
211.23	15.117
211.60	0.229
211.96	-1.285
212.33	21.576
212.70	25.004
213.07	-25.237
213.43	-25.310
213.80	-25.166
214.17	-31.471
214.53	-21.631
214.90	-40.438
215.27	-37.623
215.63	-28.708
216.00	-26.306
216.37	-39.509
216.74	-50.070
217.10	-14.378
217.47	-4.811
217.84	7.895
218.20	4.306
218.57	7.385
218.94	19.432
219.30	22.620
219.67	23.265
220.04	34.086
220.40	40.166
220.77	36.193
221.13	28.714
221.50	31.424
221.87	29.625
222.23	25.669
222.60	27.083
222.97	17.362
223.33	9.561
223.70	9.094
224.07	2.532
224.43	1.838
224.80	2.746
225.16	3.420
225.53	-0.223
225.90	0.079
226.26	0.499
226.63	-0.365
226.99	1.110
227.36	2.490
227.73	2.643
228.09	4.526
228.46	3.697
228.82	3.636
229.19	3.994
229.56	5.167
229.92	5.356
230.29	5.864
230.65	6.605
231.02	6.086
231.38	6.089
231.75	5.814
232.12	4.025
232.48	4.723
232.85	5.349
233.21	3.576
233.58	2.968
233.94	3.053
234.31	3.210
234.68	3.028
235.04	3.937
235.41	4.043
235.77	4.079
236.14	3.995
236.50	3.191
236.87	2.851
237.23	4.246
237.60	3.968
237.96	3.252
238.33	3.571
238.69	3.592
239.06	2.613
239.42	3.098
239.79	2.892
240.15	2.800
240.52	3.328
240.88	3.519
241.25	3.234
241.61	3.742
241.98	3.654
242.34	3.291
242.71	3.221
243.07	3.498
243.44	2.966
243.80	3.173
244.17	3.227
244.53	3.252
244.90	3.164
245.26	3.045
245.63	2.778
245.99	3.023
246.36	3.015
246.72	3.076
247.09	2.875
247.45	3.071
247.81	2.985
248.18	3.073
248.54	2.947
248.91	3.086
249.27	3.362
249.64	3.376
250.00	3.250
250.36	3.366
250.73	3.067
251.09	3.086
251.46	3.216
251.82	3.484
252.19	3.444
252.55	3.464
252.91	3.437
253.28	3.131
253.64	3.859
254.01	3.937
254.37	4.264
254.73	4.064
255.10	4.015
255.46	3.752
255.83	3.632
256.19	3.628
256.55	3.637
256.92	3.626
257.28	3.623
257.65	3.472
258.01	3.538
258.37	3.210
258.74	3.304
259.10	3.196
259.46	3.393
259.83	3.329
260.19	3.207
260.55	3.151
260.92	2.863
261.28	3.007
261.64	2.716
262.01	2.352
262.37	2.512
262.73	2.608
263.10	2.573
263.46	2.204
263.82	2.375
264.19	2.795
264.55	2.866
264.91	3.224
265.28	3.085
265.64	3.216
266.00	3.436
266.37	3.377
266.73	3.518
267.09	3.721
267.46	3.729
267.82	3.646
268.18	3.370
268.54	3.473
268.91	3.334
269.27	3.273
269.63	3.328
270.00	3.170
270.36	3.197
270.72	3.204
271.08	3.370
271.45	3.300
271.81	2.943
272.17	2.757
272.53	2.584
272.90	2.781
273.26	2.767
273.62	2.655
273.98	2.474
274.35	2.416
274.71	2.236
275.07	2.198
275.43	2.308
275.80	2.793
276.16	3.254
276.52	3.212
276.88	2.950
277.25	2.769
277.61	3.083
277.97	3.531
278.33	3.578
278.69	3.380
279.06	3.308
279.42	3.260
279.78	3.093
280.14	2.878
280.50	3.111
280.87	3.045
281.23	3.264
281.59	3.166
281.95	3.138
282.31	2.927
282.68	3.071
283.04	3.161
283.40	3.189
283.76	3.352
284.12	3.507
284.48	3.350
284.85	3.375
285.21	3.244
285.57	3.085
285.93	2.966
286.29	3.085
286.65	3.100
287.02	3.038
287.38	3.086
287.74	2.934
288.10	2.919
288.46	2.985
288.82	3.101
289.18	3.220
289.54	3.310
289.91	3.305
290.27	3.452
290.63	3.281
290.99	3.244
291.35	3.273
291.71	3.315
292.07	3.229
292.43	3.119
292.79	3.155
293.16	2.905
293.52	2.917
293.88	2.935
294.24	2.851
294.60	2.933
294.96	2.989
295.32	2.920
295.68	2.947
296.04	2.821
296.40	2.905
296.76	2.866
297.12	2.818
297.49	2.754
297.85	2.739
298.21	2.803
298.57	2.823
298.93	2.826
299.29	2.950
299.65	3.009
300.01	3.033
300.37	2.868
300.73	2.816
301.09	2.877
301.45	2.962
301.81	3.094
302.17	2.931
302.53	2.975
302.89	3.061
303.25	2.948
303.61	2.880
303.97	3.014
304.33	3.046
304.69	2.970
305.05	3.204
305.41	3.268
305.77	3.156
306.13	3.404
306.49	3.234
306.85	3.179
307.21	3.142
307.57	3.174
307.93	3.063
308.29	3.125
308.65	3.184
309.01	3.095
309.37	3.122
309.73	3.091
310.09	3.083
310.45	3.362
310.81	3.343
311.17	3.351
311.53	3.362
311.89	3.546
312.25	3.621
312.61	3.741
312.96	3.851
313.32	3.783
313.68	3.905
314.04	3.902
314.40	3.827
314.76	3.849
315.12	3.991
315.48	4.093
315.84	3.935
316.20	3.911
316.56	3.924
316.92	3.960
317.27	3.964
317.63	3.933
317.99	3.929
318.35	3.896
318.71	3.967
319.07	3.908
319.43	3.767
319.79	4.006
320.15	3.982
320.50	4.021
320.86	4.036
321.22	4.131
321.58	4.259
321.94	4.457
322.30	4.576
322.66	4.666
323.01	4.674
323.37	4.761
323.73	4.614
324.09	4.727
324.45	4.701
324.81	4.919
325.17	5.028
325.52	5.151
325.88	5.124
326.24	5.043
326.60	5.045
326.96	5.195
327.31	5.282
327.67	5.437
328.03	5.549
328.39	5.642
328.75	5.543
329.11	5.598
329.46	5.637
329.82	5.689
330.18	5.939
330.54	6.043
330.90	6.089
331.25	6.383
331.61	6.568
331.97	6.672
332.33	6.837
332.68	6.928
333.04	6.986
333.40	7.093
333.76	7.065
334.11	7.070
334.47	7.125
334.83	7.213
335.19	7.129
335.54	7.110
335.90	7.110
336.26	7.204
336.62	7.325
336.97	7.385
337.33	7.386
337.69	7.563
338.05	7.606
338.40	7.654
338.76	7.745
339.12	7.730
339.48	7.676
339.83	7.713
340.19	7.682
340.55	7.562
340.90	7.680
341.26	7.760
341.62	7.637
341.97	7.669
342.33	7.707
342.69	7.674
343.04	7.718
343.40	7.789
343.76	7.890
344.12	7.860
344.47	7.972
344.83	7.879
345.19	7.731
345.54	7.885
345.90	7.914
346.26	7.973
346.61	7.994
346.97	8.024
347.32	8.042
347.68	8.023
348.04	8.148
348.39	8.102
348.75	8.134
349.11	8.209
349.46	8.165
349.82	8.144
350.18	8.023
350.53	8.094
350.89	8.094
351.24	8.142
351.60	8.153
351.96	8.134
352.31	8.191
352.67	8.337
353.02	8.425
353.38	8.507
353.74	8.517
354.09	8.659
354.45	8.588
354.80	8.718
355.16	8.753
355.52	8.821
355.87	8.866
356.23	8.841
356.58	8.776
356.94	8.780
357.29	8.773
357.65	8.857
358.00	8.846
358.36	8.907
358.72	8.838
359.07	8.870
359.43	8.831
359.78	8.843
360.14	8.902
360.49	8.907
360.85	8.883
361.20	8.923
361.56	8.875
361.91	8.891
362.27	8.866
362.62	8.913
362.98	8.975
363.33	8.999
363.69	8.990
364.04	9.004
364.40	9.009
364.75	9.063
365.11	9.079
365.46	9.165
365.82	9.247
366.17	9.299
366.53	9.279
366.88	9.160
367.24	9.119
367.59	9.124
367.95	9.079
368.30	9.060
368.66	9.023
369.01	8.998
369.37	8.944
369.72	8.806
370.08	8.778
370.43	8.795
370.78	8.854
371.14	8.957
371.49	8.924
371.85	8.970
372.20	8.976
372.56	9.002
372.91	8.972
373.26	8.953
373.62	8.976
373.97	8.979
374.33	8.963
374.68	8.945
375.03	8.828
375.39	8.813
375.74	8.759
376.10	8.729
376.45	8.694
376.80	8.735
377.16	8.775
377.51	8.793
377.87	8.796
378.22	8.796
378.57	8.772
378.93	8.823
379.28	8.826
379.63	8.874
379.99	8.861
380.34	8.860
380.70	8.860
381.05	8.797
381.40	8.828
381.76	8.837
382.11	8.793
382.46	8.829
382.82	8.872
383.17	8.920
383.52	8.908
383.88	8.951
384.23	8.956
384.58	8.948
384.94	8.958
385.29	8.899
385.64	8.891
385.99	8.941
386.35	8.869
386.70	8.798
387.05	8.751
387.41	8.773
387.76	8.736
388.11	8.752
388.47	8.707
388.82	8.737
389.17	8.734
389.52	8.681
389.88	8.620
390.23	8.627
390.58	8.596
390.93	8.585
391.29	8.544
391.64	8.547
391.99	8.551
392.34	8.518
392.70	8.440
393.05	8.425
393.40	8.385
393.75	8.366
394.11	8.339
394.46	8.316
394.81	8.254
395.16	8.187
395.52	8.112
395.87	8.015
396.22	7.969
396.57	7.933
396.92	7.877
397.28	7.840
397.63	7.816
397.98	7.771
398.33	7.680
398.68	7.619
399.04	7.602
399.39	7.575
399.74	7.542
400.09	7.520
400.44	7.486
400.80	7.455
401.15	7.426
401.50	7.392
401.85	7.349
402.20	7.402
402.55	7.404
402.90	7.390
403.26	7.370
403.61	7.371
403.96	7.326
404.31	7.315
404.66	7.294
405.01	7.312
405.36	7.239
405.72	7.233
406.07	7.179
406.42	7.158
406.77	7.102
407.12	7.090
407.47	7.044
407.82	7.073
408.17	7.063
408.53	7.066
408.88	7.051
409.23	7.053
409.58	7.036
409.93	7.044
410.28	7.029
410.63	7.028
410.98	7.015
411.33	6.994
411.68	6.933
412.03	6.863
412.38	6.827
412.73	6.754
413.09	6.698
413.44	6.643
413.79	6.587
414.14	6.582
414.49	6.551
414.84	6.519
415.19	6.488
415.54	6.461
415.89	6.430
416.24	6.379
416.59	6.369
416.94	6.373
417.29	6.354
417.64	6.313
417.99	6.257
418.34	6.212
418.69	6.191
419.04	6.170
419.39	6.145
419.74	6.130
420.09	6.102
420.44	6.074
420.79	6.036
421.14	6.022
421.49	6.010
421.84	5.991
422.19	5.986
422.54	5.967
422.89	5.949
423.24	5.942
423.59	5.918
423.94	5.919
424.29	5.894
424.64	5.894
424.99	5.851
425.34	5.834
425.68	5.819
426.03	5.768
426.38	5.751
426.73	5.723
427.08	5.711
427.43	5.732
427.78	5.743
428.13	5.754
428.48	5.752
428.83	5.772
429.18	5.757
429.53	5.774
429.87	5.797
430.22	5.808
430.57	5.799
430.92	5.788
431.27	5.772
431.62	5.742
431.97	5.720
432.32	5.712
432.67	5.724
433.01	5.739
433.36	5.719
433.71	5.730
434.06	5.716
434.41	5.712
434.76	5.711
435.11	5.709
435.45	5.727
435.80	5.758
436.15	5.782
436.50	5.767
436.85	5.759
437.20	5.754
437.54	5.746
437.89	5.756
438.24	5.748
438.59	5.745
438.94	5.744
439.29	5.742
439.63	5.712
439.98	5.671
440.33	5.651
440.68	5.643
441.03	5.633
441.37	5.613
441.72	5.564
442.07	5.563
442.42	5.541
442.76	5.512
443.11	5.475
443.46	5.470
443.81	5.462
444.16	5.456
444.50	5.432
444.85	5.420
445.20	5.389
445.55	5.377
445.89	5.357
446.24	5.340
446.59	5.329
446.94	5.317
447.28	5.296
447.63	5.247
447.98	5.209
448.32	5.190
448.67	5.167
449.02	5.161
449.37	5.143
449.71	5.102
450.06	5.100
450.41	5.078
450.75	5.061
451.10	5.048
451.45	5.063
451.79	5.066
452.14	5.053
452.49	5.049
452.84	5.059
453.18	5.056
453.53	5.097
453.88	5.070
454.22	5.081
454.57	5.094
454.92	5.122
455.26	5.144
455.61	5.163
455.95	5.174
456.30	5.191
456.65	5.205
456.99	5.233
457.34	5.233
457.69	5.257
458.03	5.276
458.38	5.300
458.73	5.302
459.07	5.321
459.42	5.337
459.76	5.360
460.11	5.373
460.46	5.380
460.80	5.397
461.15	5.417
461.49	5.447
461.84	5.461
462.19	5.469
462.53	5.489
462.88	5.521
463.22	5.543
463.57	5.575
463.91	5.618
464.26	5.660
464.61	5.655
464.95	5.684
465.30	5.721
465.64	5.736
465.99	5.769
466.33	5.784
466.68	5.796
467.02	5.823
467.37	5.834
467.71	5.848
468.06	5.883
468.41	5.923
468.75	5.939
469.10	5.930
469.44	5.937
469.79	5.952
470.13	5.966
470.48	5.970
470.82	5.972
471.17	5.977
471.51	5.951
471.86	5.916
472.20	5.906
472.55	5.911
472.89	5.906
473.23	5.911
473.58	5.882
473.92	5.877
474.27	5.869
474.61	5.862
474.96	5.850
475.30	5.848
475.65	5.837
475.99	5.822
476.34	5.781
476.68	5.771
477.02	5.760
477.37	5.756
477.71	5.748
478.06	5.750
478.40	5.775
478.75	5.804
479.09	5.852
479.43	5.903
479.78	5.973
480.12	6.032
480.47	6.085
480.81	6.130
481.15	6.182
481.50	6.230
481.84	6.304
482.19	6.366
482.53	6.420
482.87	6.433
483.22	6.405
483.56	6.380
483.90	6.380
484.25	6.369
484.59	6.371
484.94	6.352
485.28	6.335
485.62	6.281
485.97	6.234
486.31	6.202
486.65	6.210
487.00	6.266
487.34	6.308
487.68	6.332
488.03	6.369
488.37	6.389
488.71	6.416
489.06	6.435
489.40	6.472
489.74	6.511
490.09	6.542
490.43	6.565
490.77	6.584
491.11	6.620
491.46	6.642
491.80	6.687
492.14	6.727
492.49	6.781
492.83	6.855
493.17	6.923
493.51	6.967
493.86	7.046
494.20	7.138
494.54	7.272
494.88	7.374
495.23	7.487
495.57	7.568
495.91	7.672
496.25	7.802
496.60	7.925
496.94	8.036
497.28	8.200
497.62	8.342
497.97	8.494
498.31	8.653
498.65	8.813
498.99	9.003
499.33	9.219
499.68	9.438
500.02	9.648
500.36	9.850
500.70	10.094
501.04	10.321
501.39	10.560
501.73	10.805
502.07	11.064
502.41	11.336
502.75	11.607
503.09	11.885
503.44	12.183
503.78	12.490
504.12	12.815
504.46	13.142
504.80	13.444
505.14	13.770
505.49	14.102
505.83	14.421
506.17	14.746
506.51	15.065
506.85	15.393
507.19	15.731
507.53	16.090
507.87	16.449
508.22	16.786
508.56	17.185
508.90	17.565
509.24	17.942
509.58	18.328
509.92	18.726
510.26	19.118
510.60	19.531
510.94	19.913
511.28	20.290
511.63	20.695
511.97	21.105
512.31	21.506
512.65	21.893
512.99	22.318
513.33	22.763
513.67	23.180
514.01	23.653
514.35	24.059
514.69	24.441
515.03	24.808
515.37	25.138
515.71	25.474
516.05	25.747
516.39	26.060
516.73	26.324
517.07	26.555
517.41	26.845
517.75	27.073
518.09	27.338
518.43	27.618
518.77	27.915
519.11	28.212
519.45	28.486
519.79	28.792
520.13	29.097
520.47	29.458
520.81	29.805
521.15	30.095
521.49	30.390
521.83	30.672
522.17	30.934
522.51	31.161
522.85	31.452
523.19	31.768
523.53	32.133
523.87	32.470
524.21	32.842
524.55	33.202
524.89	33.533
525.23	33.860
525.57	34.137
525.91	34.396
526.25	34.653
526.58	34.860
526.92	35.033
527.26	35.174
527.60	35.332
527.94	35.426
528.28	35.502
528.62	35.592
528.96	35.653
529.30	35.718
529.64	35.793
529.97	35.841
530.31	35.904
530.65	36.007
530.99	36.117
531.33	36.213
531.67	36.334
532.01	36.447
532.35	36.518
532.68	36.604
533.02	36.712
533.36	36.794
533.70	36.885
534.04	36.951
534.38	37.009
534.71	37.078
535.05	37.143
535.39	37.197
535.73	37.284
536.07	37.423
536.41	37.529
536.74	37.655
537.08	37.761
537.42	37.872
537.76	38.016
538.10	38.174
538.43	38.298
538.77	38.424
539.11	38.546
539.45	38.648
539.79	38.716
540.12	38.818
540.46	38.858
540.80	38.943
541.14	38.995
541.47	39.043
541.81	39.059
542.15	39.083
542.49	39.121
542.82	39.133
543.16	39.140
543.50	39.188
543.84	39.189
544.17	39.232
544.51	39.212
544.85	39.235
545.18	39.275
545.52	39.301
545.86	39.396
546.20	39.433
546.53	39.474
546.87	39.574
547.21	39.623
547.54	39.708
547.88	39.781
548.22	39.876
548.55	39.935
548.89	39.973
549.23	40.065
549.56	40.083
549.90	40.114
550.24	40.156
550.57	40.163
550.91	40.221
551.25	40.227
551.58	40.263
551.92	40.297
552.26	40.356
552.59	40.439
552.93	40.474
553.27	40.516
553.60	40.587
553.94	40.643
554.27	40.682
554.61	40.698
554.95	40.760
555.28	40.797
555.62	40.841
555.95	40.854
556.29	40.874
556.63	40.888
556.96	40.889
557.30	40.898
557.63	40.923
557.97	40.953
558.31	40.949
558.64	40.927
558.98	40.917
559.31	40.927
559.65	40.965
559.98	40.967
560.32	40.992
560.65	41.011
560.99	41.029
561.33	41.063
561.66	41.063
562.00	41.065
562.33	41.074
562.67	41.058
563.00	41.056
563.34	41.065
563.67	41.039
564.01	41.033
564.34	41.060
564.68	41.022
565.01	40.966
565.35	40.995
565.68	41.001
566.02	41.017
566.35	41.032
566.69	41.004
567.02	40.977
567.36	40.973
567.69	40.969
568.03	40.928
568.36	40.910
568.69	40.915
569.03	40.836
569.36	40.768
569.70	40.730
570.03	40.693
570.37	40.693
570.70	40.697
571.04	40.664
571.37	40.655
571.70	40.616
572.04	40.604
572.37	40.579
572.71	40.556
573.04	40.563
573.37	40.563
573.71	40.577
574.04	40.540
574.38	40.518
574.71	40.544
575.04	40.513
575.38	40.532
575.71	40.546
576.05	40.570
576.38	40.572
576.71	40.550
577.05	40.539
577.38	40.482
577.71	40.493
578.05	40.452
578.38	40.372
578.71	40.299
579.05	40.245
579.38	40.170
579.71	40.092
580.05	40.085
580.38	40.039
580.71	39.977
581.05	39.981
581.38	39.949
581.71	39.876
582.05	39.864
582.38	39.847
582.71	39.782
583.04	39.701
583.38	39.693
583.71	39.648
584.04	39.609
584.38	39.560
584.71	39.439
585.04	39.364
585.37	39.298
585.71	39.224
586.04	39.184
586.37	39.132
586.70	39.101
587.04	39.061
587.37	38.981
587.70	38.971
588.03	38.911
588.37	38.880
588.70	38.855
589.03	38.861
589.36	38.840
589.69	38.784
590.03	38.795
590.36	38.757
590.69	38.649
591.02	38.597
591.35	38.492
591.69	38.442
592.02	38.321
592.35	38.224
592.68	38.158
593.01	38.059
593.35	38.008
593.68	37.891
594.01	37.872
594.34	37.811
594.67	37.754
595.00	37.724
595.34	37.636
595.67	37.637
596.00	37.568
596.33	37.534
596.66	37.487
596.99	37.434
597.32	37.434
597.65	37.317
597.99	37.269
598.32	37.204
598.65	37.095
598.98	37.067
599.31	37.002
599.64	36.897
599.97	36.724
600.30	36.665
600.63	36.533
600.96	36.427
601.30	36.382
601.63	36.327
601.96	36.256
602.29	36.243
602.62	36.180
602.95	36.087
603.28	36.060
603.61	36.076
603.94	35.994
604.27	36.000
604.60	35.958
604.93	35.906
605.26	35.838
605.59	35.797
605.92	35.669
606.25	35.620
606.58	35.593
606.91	35.551
607.24	35.479
607.57	35.512
607.90	35.473
608.23	35.444
608.56	35.440
608.89	35.416
609.22	35.391
609.55	35.440
609.88	35.431
610.21	35.418
610.54	35.381
610.87	35.362
611.20	35.316
611.53	35.251
611.86	35.187
612.19	35.099
612.52	35.044
612.85	34.985
613.18	34.911
613.51	34.845
613.84	34.770
614.17	34.699
614.49	34.642
614.82	34.567
615.15	34.527
615.48	34.432
615.81	34.395
616.14	34.348
616.47	34.234
616.80	34.223
617.13	34.160
617.46	34.193
617.78	34.233
618.11	34.197
618.44	34.084
618.77	34.015
619.10	33.972
619.43	33.920
619.76	33.851
620.09	33.856
620.41	33.713
620.74	33.627
621.07	33.550
621.40	33.436
621.73	33.381
622.06	33.383
622.38	33.336
622.71	33.345
623.04	33.283
623.37	33.269
623.70	33.232
624.02	33.190
624.35	33.150
624.68	33.072
625.01	33.067
625.34	33.026
625.66	32.987
625.99	32.977
626.32	32.915
626.65	32.870
626.98	32.815
627.30	32.789
627.63	32.753
627.96	32.733
628.29	32.692
628.61	32.618
628.94	32.546
629.27	32.465
629.60	32.384
629.92	32.334
630.25	32.305
630.58	32.246
630.91	32.177
631.23	32.153
631.56	32.106
631.89	32.076
632.21	31.987
632.54	31.954
632.87	31.879
633.19	31.846
633.52	31.824
633.85	31.771
634.18	31.688
634.50	31.597
634.83	31.545
635.16	31.510
635.48	31.428
635.81	31.406
636.14	31.368
636.46	31.376
636.79	31.301
637.11	31.234
637.44	31.209
637.77	31.170
638.09	31.158
638.42	31.134
638.75	31.060
639.07	31.035
639.40	30.966
639.73	30.898
640.05	30.825
640.38	30.810
640.70	30.772
641.03	30.671
641.36	30.698
641.68	30.673
642.01	30.656
642.33	30.639
642.66	30.587
642.98	30.610
643.31	30.599
643.64	30.566
643.96	30.527
644.29	30.470
644.61	30.447
644.94	30.399
645.26	30.320
645.59	30.262
645.91	30.244
646.24	30.239
646.56	30.256
646.89	30.198
647.22	30.173
647.54	30.133
647.87	30.079
648.19	30.070
648.52	30.057
648.84	30.099
649.17	30.084
649.49	30.058
649.82	29.979
650.14	29.818
650.47	29.761
650.79	29.717
651.11	29.648
651.44	29.722
651.76	29.664
652.09	29.572
652.41	29.499
652.74	29.448
653.06	29.373
653.39	29.365
653.71	29.340
654.04	29.351
654.36	29.328
654.68	29.341
655.01	29.227
655.33	29.171
655.66	29.122
655.98	29.041
656.30	28.947
656.63	28.852
656.95	28.785
657.28	28.771
657.60	28.746
657.92	28.659
658.25	28.623
658.57	28.614
658.90	28.592
659.22	28.559
659.54	28.569
659.87	28.590
660.19	28.614
660.51	28.579
660.84	28.551
661.16	28.494
661.48	28.462
661.81	28.382
662.13	28.258
662.45	28.204
662.78	28.213
663.10	28.153
663.42	28.075
663.75	28.029
664.07	28.005
664.39	27.929
664.72	27.864
665.04	27.855
665.36	27.837
665.69	27.870
666.01	27.873
666.33	27.848
666.65	27.831
666.98	27.808
667.30	27.778
667.62	27.771
667.94	27.745
668.27	27.730
668.59	27.674
668.91	27.618
669.23	27.588
669.56	27.520
669.88	27.476
670.20	27.428
670.52	27.353
670.85	27.360
671.17	27.334
671.49	27.348
671.81	27.273
672.13	27.275
672.46	27.218
672.78	27.200
673.10	27.115
673.42	27.118
673.74	27.054
674.07	27.054
674.39	27.012
674.71	26.997
675.03	26.924
675.35	26.952
675.67	26.881
676.00	26.912
676.32	26.775
676.64	26.795
676.96	26.695
677.28	26.715
677.60	26.761
677.92	26.698
678.25	26.615
678.57	26.570
678.89	26.507
679.21	26.499
679.53	26.395
679.85	26.411
680.17	26.356
680.49	26.358
680.81	26.331
681.13	26.220
681.46	26.244
681.78	26.261
682.10	26.334
682.42	26.376
682.74	26.402
683.06	26.464
683.38	26.489
683.70	26.555
684.02	26.537
684.34	26.514
684.66	26.573
684.98	26.538
685.30	26.467
685.62	26.416
685.94	26.384
686.26	26.312
686.58	26.281
686.90	26.195
687.22	26.108
687.54	26.064
687.86	26.017
688.18	25.974
688.50	25.918
688.82	25.924
689.14	25.926
689.46	25.912
689.78	25.875
690.10	25.819
690.42	25.857
690.74	25.803
691.06	25.752
691.38	25.731
691.70	25.691
692.02	25.727
692.34	25.750
692.66	25.628
692.98	25.485
693.30	25.474
693.62	25.465
693.94	25.473
694.26	25.448
694.57	25.440
694.89	25.374
695.21	25.246
695.53	25.163
695.85	25.077
696.17	25.061
696.49	25.069
696.81	25.035
697.13	25.064
697.44	25.046
697.76	25.039
698.08	25.040
698.40	25.036
698.72	25.041
699.04	25.053
699.36	25.109
699.67	25.130
699.99	25.123
700.31	25.110
700.63	25.016
700.95	24.879
701.27	24.871
701.58	24.848
701.90	24.783
702.22	24.813
702.54	24.706
702.86	24.578
703.17	24.467
703.49	24.386
703.81	24.301
704.13	24.172
704.45	24.210
704.76	24.191
705.08	24.107
705.40	24.152
705.72	24.103
706.03	24.134
706.35	24.092
706.67	24.032
706.99	24.115
707.30	24.196
707.62	24.204
707.94	24.167
708.26	24.090
708.57	24.076
708.89	24.053
709.21	23.987
709.53	23.954
709.84	23.904
710.16	23.951
710.48	23.828
710.79	23.729
711.11	23.826
711.43	23.831
711.74	23.879
712.06	23.910
712.38	23.855
712.69	23.928
713.01	23.956
713.33	24.019
713.64	24.019
713.96	24.122
714.28	24.126
714.59	24.084
714.91	24.108
715.23	24.122
715.54	24.056
715.86	24.138
716.17	24.118
716.49	24.057
716.81	24.029
717.12	24.059
717.44	24.013
717.76	24.131
718.07	24.152
718.39	24.078
718.70	23.903
719.02	24.003
719.33	23.871
719.65	23.761
719.97	23.733
720.28	23.857
720.60	23.763
720.91	23.715
721.23	23.596
721.54	23.488
721.86	23.561
722.17	23.600
722.49	23.531
722.81	23.629
723.12	23.749
723.44	23.800
723.75	23.621
724.07	23.505
724.38	23.407
724.70	23.461
725.01	23.468
725.33	23.286
725.64	23.499
725.96	23.347
726.27	23.227
726.59	23.047
726.90	22.948
727.22	22.867
727.53	23.003
727.84	23.059
728.16	22.983
728.47	23.004
728.79	22.945
729.10	22.736
729.42	22.876
729.73	22.765
730.05	22.823
730.36	22.810
730.67	22.741
730.99	22.613
731.30	22.510
731.62	22.458
731.93	22.357
732.24	22.477
732.56	22.623
732.87	22.548
733.19	22.594
733.50	22.640
733.81	22.531
734.13	22.840
734.44	22.878
734.76	22.852
735.07	22.776
735.38	22.699
735.70	22.611
736.01	22.372
736.32	22.210
736.64	22.178
736.95	21.834
737.26	21.906
737.58	21.535
737.89	21.284
738.20	21.285
738.52	21.353
738.83	21.413
739.14	21.348
739.45	21.408
739.77	21.432
740.08	21.546
740.39	21.731
740.71	21.581
741.02	21.550
741.33	21.614
741.64	21.449
741.96	21.285
742.27	21.083
742.58	21.021
742.90	20.851
743.21	20.889
743.52	20.802
743.83	20.682
744.14	20.641
744.46	20.557
744.77	20.665
745.08	20.741
745.39	20.678
745.71	20.770
746.02	20.659
746.33	20.600
746.64	20.300
746.95	20.184
747.27	20.180
747.58	20.203
747.89	20.130
748.20	20.140
748.51	20.219
748.82	20.247
749.14	20.099
749.45	20.174
749.76	20.197
750.07	20.280
750.38	20.304
750.69	20.247
751.01	20.277
751.32	20.482
751.63	20.549
751.94	20.482
752.25	20.531
752.56	20.669
752.87	20.717
753.18	20.786
753.49	20.866
753.81	20.716
754.12	20.968
754.43	21.023
754.74	20.983
755.05	20.794
755.36	20.784
755.67	20.749
755.98	20.759
756.29	20.804
756.60	20.816
756.91	20.817
757.22	21.114
757.53	21.017
757.84	20.967
758.15	21.338
758.46	21.570
758.77	21.771
759.09	21.760
759.40	21.848
759.71	21.982
760.02	22.075
760.33	22.027
760.64	22.004
760.95	22.107
761.26	22.182
761.57	21.942
761.88	21.779
762.18	21.627
762.49	21.671
762.80	21.576
763.11	21.383
763.42	21.242
763.73	21.305
764.04	21.077
764.35	20.859
764.66	20.715
764.97	20.513
765.28	20.430
765.59	20.306
765.90	20.047
766.21	19.942
766.52	19.898
766.83	19.704
767.14	19.358
767.44	19.205
767.75	19.021
768.06	18.888
768.37	18.768
768.68	18.705
768.99	18.551
769.30	18.526
769.61	18.399
769.91	18.106
770.22	18.006
770.53	18.001
770.84	18.224
771.15	18.269
771.46	18.143
771.77	18.125
772.07	17.984
772.38	18.001
772.69	18.001
773.00	18.128
773.31	18.243
773.61	18.304
773.92	18.334
774.23	18.223
774.54	18.022
774.85	18.057
775.15	18.147
775.46	18.211
775.77	18.051
776.08	17.920
776.39	17.569
776.69	17.402
777.00	17.353
777.31	17.210
777.62	17.349
777.92	17.593
778.23	17.501
778.54	17.776
778.85	17.593
779.15	17.773
779.46	18.008
779.77	18.240
780.07	18.657
780.38	18.839
780.69	19.327
781.00	19.135
781.30	18.875
781.61	19.376
781.92	19.219
782.22	19.246
782.53	19.194
782.84	18.949
783.14	18.579
783.45	18.285
783.76	18.074
784.06	17.949
784.37	17.661
784.68	18.021
784.98	17.701
785.29	17.817
785.60	17.855
785.90	18.007
786.21	18.043
786.51	18.570
786.82	18.598
787.13	18.660
787.43	18.786
787.74	19.340
788.04	19.305
788.35	19.183
788.66	19.031
788.96	19.074
789.27	19.133
789.57	19.161
789.88	18.901
790.19	18.764
790.49	18.706
790.80	18.755
791.10	18.334
791.41	18.192
791.71	18.234
792.02	18.104
792.32	18.003
792.63	17.595
792.93	17.766
793.24	17.698
793.54	17.739
793.85	17.683
794.15	17.094
794.46	17.232
794.76	17.239
795.07	17.182
795.37	17.405
795.68	17.489
795.98	17.331
796.29	17.121
796.59	17.075
796.90	17.060
797.20	17.282
797.51	17.661
797.81	17.515
798.12	17.715
798.42	17.686
798.72	17.403
799.03	17.555
799.33	18.128
799.64	18.088
799.94	18.475
800.25	18.655
800.55	18.173
800.85	17.831
801.16	18.161
801.46	17.744
801.77	17.741
802.07	17.876
802.37	17.630
802.68	17.582
802.98	17.324
803.28	17.316
803.59	17.316
803.89	17.370
804.20	17.413
804.50	17.231
804.80	17.159
805.11	17.244
805.41	17.143
805.71	17.330
806.02	17.139
806.32	17.632
806.62	17.394
806.93	17.557
807.23	17.745
807.53	17.758
807.83	17.816
808.14	18.287
808.44	17.994
808.74	18.203
809.05	18.023
809.35	17.719
809.65	17.501
809.95	17.201
810.26	17.138
810.56	17.348
810.86	17.194
811.16	17.011
811.47	17.174
811.77	17.372
812.07	17.686
812.37	18.212
812.68	18.452
812.98	18.754
813.28	18.963
813.58	18.733
813.88	18.390
814.19	18.831
814.49	19.019
814.79	18.811
815.09	18.775
815.39	18.062
815.70	17.942
816.00	18.144
816.30	18.132
816.60	18.111
816.90	18.180
817.20	18.531
817.50	18.364
817.81	18.308
818.11	18.434
818.41	18.568
818.71	18.850
819.01	19.042
819.31	19.180
819.61	19.141
819.92	19.286
820.22	19.327
820.52	19.413
820.82	19.524
821.12	19.580
821.42	19.681
821.72	19.779
822.02	19.719
822.32	19.664
822.62	19.665
822.92	19.830
823.22	19.772
823.52	19.791
823.83	19.731
824.13	19.661
824.43	19.700
824.73	19.639
825.03	19.585
825.33	19.667
825.63	19.680
825.93	19.656
826.23	19.296
826.53	19.325
826.83	19.316
827.13	19.333
827.43	19.434
827.73	19.257
828.03	19.143
828.33	19.003
828.63	19.049
828.93	18.788
829.23	18.577
829.53	18.897
829.83	18.677
830.13	18.574
830.42	18.471
830.72	18.096
831.02	17.819
831.32	17.819
831.62	17.710
831.92	17.807
832.22	18.076
832.52	18.205
832.82	18.035
833.12	18.270
833.42	18.393
833.72	18.514
834.01	18.655
834.31	18.797
834.61	18.856
834.91	19.025
835.21	18.683
835.51	18.513
835.81	18.325
836.11	18.346
836.40	17.809
836.70	17.307
837.00	16.968
837.30	16.937
837.60	16.898
837.90	16.481
838.19	16.430
838.49	16.596
838.79	17.004
839.09	16.837
839.39	16.687
839.68	16.891
839.98	16.747
840.28	16.489
840.58	16.373
840.88	16.335
841.17	16.659
841.47	16.178
841.77	16.269
842.07	16.004
842.36	16.593
842.66	16.714
842.96	16.914
843.26	16.880
843.55	16.622
843.85	15.665
844.15	15.461
844.45	14.564
844.74	14.983
845.04	14.423
845.34	12.515
845.63	11.261
845.93	11.340
846.23	10.727
846.53	9.879
846.82	10.311
847.12	10.899
847.42	11.885
847.71	11.728
848.01	10.690
848.31	9.836
848.60	11.430
848.90	12.491
849.19	12.447
849.49	13.052
849.79	14.252
850.08	13.559
850.38	13.856
850.68	13.634
850.97	15.025
851.27	16.203
851.56	18.333
851.86	17.431
852.16	15.448
852.45	15.484
852.75	15.975
853.04	16.245
853.34	16.544
853.64	16.489
853.93	16.505
854.23	14.947
854.52	15.218
854.82	14.135
855.11	13.605
855.41	14.678
855.70	15.501
856.00	15.801
856.30	15.955
856.59	15.629
856.89	14.491
857.18	13.876
857.48	15.858
857.77	15.837
858.07	14.988
858.36	15.838
858.66	14.786
858.95	13.271
859.25	11.603
859.54	11.644
859.84	13.713
860.13	13.952
860.42	13.751
860.72	11.430
861.01	9.238
861.31	8.523
861.60	8.552
861.90	9.584
862.19	10.814
862.49	10.327
862.78	8.248
863.07	6.829
863.37	6.885
863.66	7.587
863.96	8.336
864.25	10.781
864.54	12.418
864.84	13.787
865.13	14.340
865.43	14.577
865.72	21.114
866.01	18.980
866.31	23.909
866.60	16.766
866.89	27.253
