180.30	0.000
180.67	0.000
181.03	25.235
181.40	-936.573
181.77	460.744
182.14	-999.815
182.51	116.141
182.88	-50.316
183.25	144.707
183.62	204.935
183.99	11.956
184.36	76.125
184.73	-158.208
185.10	16.258
185.46	-201.465
185.83	72.972
186.20	-29.360
186.57	251.845
186.94	242.257
187.31	225.892
187.68	46.545
188.05	-127.956
188.42	-125.888
188.78	-21.575
189.15	-10.272
189.52	17.881
189.89	4.757
190.26	17.532
190.63	14.756
191.00	5.854
191.37	0.463
191.73	-19.033
192.10	-10.384
192.47	-13.116
192.84	-18.209
193.21	-9.655
193.58	-26.811
193.94	-20.832
194.31	-26.598
194.68	-53.630
195.05	-34.215
195.42	-32.892
195.79	-22.460
196.15	-42.493
196.52	-31.696
196.89	-30.108
197.26	-43.036
197.63	-27.524
198.00	-75.327
198.36	-169.737
198.73	1172.577
199.10	-2916.486
199.47	380.913
199.84	-162.196
200.20	-42.809
200.57	12.406
200.94	-283.392
201.31	-210.098
201.68	-141.565
202.04	-9.324
202.41	23.074
202.78	23.154
203.15	23.805
203.51	21.732
203.88	4.755
204.25	3.064
204.62	-3.837
204.98	26.833
205.35	47.568
205.72	51.494
206.09	30.468
206.46	6.805
206.82	15.201
207.19	4.776
207.56	3.087
207.92	7.259
208.29	-3.599
208.66	-0.041
209.03	-29.459
209.39	-21.372
209.76	-2.854
210.13	-11.987
210.50	-7.823
210.86	-1.692
211.23	-5.783
211.60	-6.515
211.96	-11.135
212.33	-13.824
212.70	-3.228
213.07	21.616
213.43	18.994
213.80	-5.879
214.17	-7.869
214.53	0.754
214.90	7.784
215.27	11.520
215.63	12.662
216.00	12.243
216.37	16.728
216.74	8.624
217.10	7.711
217.47	12.489
217.84	27.351
218.20	31.137
218.57	18.711
218.94	12.432
219.30	7.634
219.67	2.010
220.04	3.782
220.40	14.839
220.77	1.618
221.13	6.436
221.50	0.665
221.87	-3.798
222.23	-8.397
222.60	-2.937
222.97	-2.644
223.33	3.716
223.70	13.675
224.07	11.045
224.43	10.366
224.80	15.159
225.16	10.263
225.53	10.671
225.90	9.449
226.26	10.114
226.63	10.799
226.99	10.790
227.36	10.459
227.73	9.171
228.09	9.476
228.46	7.772
228.82	6.574
229.19	7.245
229.56	7.400
229.92	9.020
230.29	9.551
230.65	8.398
231.02	8.558
231.38	7.670
231.75	5.739
232.12	4.640
232.48	5.634
232.85	5.001
233.21	4.100
233.58	3.922
233.94	3.227
234.31	2.277
234.68	2.109
235.04	1.591
235.41	1.356
235.77	2.552
236.14	4.337
236.50	3.142
236.87	3.311
237.23	4.266
237.60	3.807
237.96	3.076
238.33	4.305
238.69	3.910
239.06	3.254
239.42	3.845
239.79	3.791
240.15	3.676
240.52	3.700
240.88	4.004
241.25	4.039
241.61	3.699
241.98	4.019
242.34	4.044
242.71	4.236
243.07	4.837
243.44	4.615
243.80	4.489
244.17	4.534
244.53	4.747
244.90	4.900
245.26	5.315
245.63	5.722
245.99	5.498
246.36	5.183
246.72	5.003
247.09	4.901
247.45	5.095
247.81	5.097
248.18	4.996
248.54	4.873
248.91	5.079
249.27	4.516
249.64	4.104
250.00	3.957
250.36	4.227
250.73	4.609
251.09	4.451
251.46	4.178
251.82	4.075
252.19	3.936
252.55	4.338
252.91	3.745
253.28	3.869
253.64	4.148
254.01	4.578
254.37	4.713
254.73	5.059
255.10	5.185
255.46	5.667
255.83	5.619
256.19	5.840
256.55	5.475
256.92	5.460
257.28	5.518
257.65	5.337
258.01	5.321
258.37	5.134
258.74	5.067
259.10	5.056
259.46	5.121
259.83	5.327
260.19	5.196
260.55	5.298
260.92	5.318
261.28	4.980
261.64	4.982
262.01	4.882
262.37	5.095
262.73	5.009
263.10	5.112
263.46	4.856
263.82	4.936
264.19	4.948
264.55	4.698
264.91	4.981
265.28	5.180
265.64	5.254
266.00	5.503
266.37	5.465
266.73	5.472
267.09	5.284
267.46	5.382
267.82	5.341
268.18	5.534
268.54	5.853
268.91	5.624
269.27	5.731
269.63	5.509
270.00	5.220
270.36	5.089
270.72	4.984
271.08	5.199
271.45	4.789
271.81	4.625
272.17	4.570
272.53	4.300
272.90	4.427
273.26	4.169
273.62	4.353
273.98	4.338
274.35	4.563
274.71	4.537
275.07	4.335
275.43	4.530
275.80	4.494
276.16	4.002
276.52	3.753
276.88	3.271
277.25	3.705
277.61	3.490
277.97	3.568
278.33	3.550
278.69	3.586
279.06	3.419
279.42	3.748
279.78	3.750
280.14	4.132
280.50	4.444
280.87	4.715
281.23	4.444
281.59	4.608
281.95	4.357
282.31	4.201
282.68	4.182
283.04	4.422
283.40	4.371
283.76	4.612
284.12	4.557
284.48	4.592
284.85	4.715
285.21	4.871
285.57	4.862
285.93	5.049
286.29	5.003
286.65	5.092
287.02	5.200
287.38	5.182
287.74	4.929
288.10	4.966
288.46	5.012
288.82	4.823
289.18	4.884
289.54	4.663
289.91	4.497
290.27	4.553
290.63	4.633
290.99	4.537
291.35	4.433
291.71	4.509
292.07	4.383
292.43	4.464
292.79	4.654
293.16	4.533
293.52	4.742
293.88	4.910
294.24	5.017
294.60	4.949
294.96	4.835
295.32	4.925
295.68	4.989
296.04	5.069
296.40	4.901
296.76	4.728
297.12	4.622
297.49	4.647
297.85	4.455
298.21	4.528
298.57	4.575
298.93	4.597
299.29	4.443
299.65	4.618
300.01	4.727
300.37	4.739
300.73	4.812
301.09	4.879
301.45	4.815
301.81	5.018
302.17	4.922
302.53	4.843
302.89	4.754
303.25	4.881
303.61	4.758
303.97	4.677
304.33	4.658
304.69	4.594
305.05	4.517
305.41	4.498
305.77	4.541
306.13	4.427
306.49	4.373
306.85	4.362
307.21	4.180
307.57	4.074
307.93	4.012
308.29	4.010
308.65	4.029
309.01	4.143
309.37	4.279
309.73	4.184
310.09	4.312
310.45	4.241
310.81	4.284
311.17	4.455
311.53	4.442
311.89	4.460
312.25	4.436
312.61	4.392
312.96	4.199
313.32	4.128
313.68	4.353
314.04	4.276
314.40	4.225
314.76	4.266
315.12	4.192
315.48	4.209
315.84	4.125
316.20	4.181
316.56	4.259
316.92	4.607
317.27	4.565
317.63	4.422
317.99	4.498
318.35	4.555
318.71	4.567
319.07	4.558
319.43	4.411
319.79	4.369
320.15	4.263
320.50	4.334
320.86	4.147
321.22	4.142
321.58	4.212
321.94	4.075
322.30	4.071
322.66	3.938
323.01	3.954
323.37	3.979
323.73	4.056
324.09	4.081
324.45	4.081
324.81	4.148
325.17	4.099
325.52	4.110
325.88	4.171
326.24	4.156
326.60	4.181
326.96	4.233
327.31	4.329
327.67	4.313
328.03	4.372
328.39	4.330
328.75	4.260
329.11	4.419
329.46	4.274
329.82	4.194
330.18	4.480
330.54	4.536
330.90	4.452
331.25	4.537
331.61	4.567
331.97	4.576
332.33	4.555
332.68	4.585
333.04	4.504
333.40	4.602
333.76	4.719
334.11	4.647
334.47	4.615
334.83	4.691
335.19	4.595
335.54	4.598
335.90	4.559
336.26	4.503
336.62	4.540
336.97	4.456
337.33	4.443
337.69	4.339
338.05	4.271
338.40	4.273
338.76	4.159
339.12	4.176
339.48	4.226
339.83	4.174
340.19	4.193
340.55	4.194
340.90	4.325
341.26	4.296
341.62	4.364
341.97	4.277
342.33	4.306
342.69	4.293
343.04	4.337
343.40	4.349
343.76	4.371
344.12	4.356
344.47	4.255
344.83	4.158
345.19	4.156
345.54	4.123
345.90	4.167
346.26	4.138
346.61	4.137
346.97	4.088
347.32	3.931
347.68	3.939
348.04	3.976
348.39	4.049
348.75	4.096
349.11	4.102
349.46	4.266
349.82	4.261
350.18	4.267
350.53	4.273
350.89	4.317
351.24	4.483
351.60	4.519
351.96	4.560
352.31	4.520
352.67	4.617
353.02	4.679
353.38	4.563
353.74	4.572
354.09	4.603
354.45	4.657
354.80	4.676
355.16	4.661
355.52	4.688
355.87	4.652
356.23	4.644
356.58	4.515
356.94	4.459
357.29	4.455
357.65	4.525
358.00	4.513
358.36	4.513
358.72	4.596
359.07	4.628
359.43	4.602
359.78	4.662
360.14	4.644
360.49	4.726
360.85	4.731
361.20	4.743
361.56	4.689
361.91	4.621
362.27	4.581
362.62	4.467
362.98	4.420
363.33	4.442
363.69	4.383
364.04	4.470
364.40	4.463
364.75	4.460
365.11	4.458
365.46	4.435
365.82	4.587
366.17	4.655
366.53	4.664
366.88	4.663
367.24	4.643
367.59	4.703
367.95	4.717
368.30	4.738
368.66	4.712
369.01	4.697
369.37	4.751
369.72	4.720
370.08	4.681
370.43	4.690
370.78	4.698
371.14	4.741
371.49	4.680
371.85	4.694
372.20	4.632
372.56	4.618
372.91	4.613
373.26	4.617
373.62	4.645
373.97	4.662
374.33	4.657
374.68	4.642
375.03	4.622
375.39	4.673
375.74	4.614
376.10	4.639
376.45	4.637
376.80	4.671
377.16	4.606
377.51	4.582
377.87	4.503
378.22	4.512
378.57	4.517
378.93	4.526
379.28	4.536
379.63	4.650
379.99	4.656
380.34	4.712
380.70	4.706
381.05	4.706
381.40	4.705
381.76	4.784
382.11	4.807
382.46	4.839
382.82	4.856
383.17	4.817
383.52	4.702
383.88	4.715
384.23	4.694
384.58	4.715
384.94	4.743
385.29	4.724
385.64	4.741
385.99	4.691
386.35	4.675
386.70	4.677
387.05	4.675
387.41	4.684
387.76	4.683
388.11	4.701
388.47	4.643
388.82	4.672
389.17	4.710
389.52	4.723
389.88	4.735
390.23	4.736
390.58	4.713
390.93	4.759
391.29	4.767
391.64	4.759
391.99	4.726
392.34	4.730
392.70	4.702
393.05	4.673
393.40	4.665
393.75	4.702
394.11	4.702
394.46	4.743
394.81	4.730
395.16	4.750
395.52	4.750
395.87	4.774
396.22	4.793
396.57	4.827
396.92	4.873
397.28	4.848
397.63	4.861
397.98	4.858
398.33	4.829
398.68	4.815
399.04	4.832
399.39	4.820
399.74	4.759
400.09	4.785
400.44	4.792
400.80	4.719
401.15	4.734
401.50	4.729
401.85	4.703
402.20	4.694
402.55	4.670
402.90	4.657
403.26	4.685
403.61	4.742
403.96	4.737
404.31	4.726
404.66	4.761
405.01	4.800
405.36	4.765
405.72	4.773
406.07	4.787
406.42	4.804
406.77	4.783
407.12	4.749
407.47	4.763
407.82	4.742
408.17	4.738
408.53	4.723
408.88	4.656
409.23	4.700
409.58	4.717
409.93	4.760
410.28	4.748
410.63	4.775
410.98	4.805
411.33	4.804
411.68	4.810
412.03	4.811
412.38	4.810
412.73	4.843
413.09	4.803
413.44	4.812
413.79	4.776
414.14	4.805
414.49	4.809
414.84	4.829
415.19	4.850
415.54	4.879
415.89	4.879
416.24	4.906
416.59	4.921
416.94	4.962
417.29	5.003
417.64	5.011
417.99	5.048
418.34	5.046
418.69	5.027
419.04	5.027
419.39	5.025
419.74	5.044
420.09	5.042
420.44	5.032
420.79	5.036
421.14	5.014
421.49	5.006
421.84	4.957
422.19	4.950
422.54	4.960
422.89	4.949
423.24	4.946
423.59	4.930
423.94	4.930
424.29	4.945
424.64	4.939
424.99	4.947
425.34	4.945
425.68	4.959
426.03	4.998
426.38	4.992
426.73	5.030
427.08	5.050
427.43	5.048
427.78	5.063
428.13	5.064
428.48	5.073
428.83	5.070
429.18	5.106
429.53	5.141
429.87	5.110
430.22	5.129
430.57	5.112
430.92	5.112
431.27	5.117
431.62	5.130
431.97	5.139
432.32	5.120
432.67	5.118
433.01	5.107
433.36	5.086
433.71	5.109
434.06	5.105
434.41	5.107
434.76	5.100
435.11	5.120
435.45	5.111
435.80	5.129
436.15	5.154
436.50	5.178
436.85	5.197
437.20	5.240
437.54	5.233
437.89	5.256
438.24	5.267
438.59	5.270
438.94	5.269
439.29	5.270
439.63	5.246
439.98	5.233
440.33	5.217
440.68	5.228
441.03	5.209
441.37	5.215
441.72	5.212
442.07	5.216
442.42	5.230
442.76	5.255
443.11	5.259
443.46	5.284
443.81	5.293
444.16	5.305
444.50	5.311
444.85	5.335
445.20	5.335
445.55	5.350
445.89	5.347
446.24	5.355
446.59	5.348
446.94	5.345
447.28	5.334
447.63	5.365
447.98	5.380
448.32	5.374
448.67	5.353
449.02	5.368
449.37	5.383
449.71	5.394
450.06	5.407
450.41	5.436
450.75	5.464
451.10	5.467
451.45	5.442
451.79	5.436
452.14	5.437
452.49	5.445
452.84	5.440
453.18	5.437
453.53	5.448
453.88	5.454
454.22	5.461
454.57	5.470
454.92	5.493
455.26	5.504
455.61	5.507
455.95	5.510
456.30	5.535
456.65	5.557
456.99	5.556
457.34	5.561
457.69	5.557
458.03	5.566
458.38	5.576
458.73	5.572
459.07	5.586
459.42	5.599
459.76	5.611
460.11	5.610
460.46	5.609
460.80	5.607
461.15	5.612
461.49	5.609
461.84	5.598
462.19	5.588
462.53	5.597
462.88	5.615
463.22	5.599
463.57	5.607
463.91	5.604
464.26	5.605
464.61	5.601
464.95	5.596
465.30	5.606
465.64	5.599
465.99	5.604
466.33	5.610
466.68	5.602
467.02	5.640
467.37	5.625
467.71	5.614
468.06	5.602
468.41	5.635
468.75	5.630
469.10	5.652
469.44	5.653
469.79	5.655
470.13	5.659
470.48	5.657
470.82	5.653
471.17	5.682
471.51	5.707
471.86	5.734
472.20	5.730
472.55	5.764
472.89	5.772
473.23	5.781
473.58	5.795
473.92	5.809
474.27	5.803
474.61	5.805
474.96	5.799
475.30	5.803
475.65	5.826
475.99	5.843
476.34	5.837
476.68	5.836
477.02	5.834
477.37	5.843
477.71	5.853
478.06	5.904
478.40	5.916
478.75	5.978
479.09	6.022
479.43	6.064
479.78	6.103
480.12	6.144
480.47	6.181
480.81	6.228
481.15	6.264
481.50	6.288
481.84	6.305
482.19	6.346
482.53	6.355
482.87	6.373
483.22	6.386
483.56	6.395
483.90	6.392
484.25	6.387
484.59	6.374
484.94	6.363
485.28	6.357
485.62	6.348
485.97	6.320
486.31	6.314
486.65	6.299
487.00	6.291
487.34	6.284
487.68	6.287
488.03	6.297
488.37	6.299
488.71	6.295
489.06	6.293
489.40	6.292
489.74	6.290
490.09	6.274
490.43	6.276
490.77	6.267
491.11	6.268
491.46	6.274
491.80	6.268
492.14	6.267
492.49	6.278
492.83	6.282
493.17	6.288
493.51	6.307
493.86	6.318
494.20	6.312
494.54	6.335
494.88	6.340
495.23	6.343
495.57	6.361
495.91	6.382
496.25	6.389
496.60	6.404
496.94	6.411
497.28	6.432
497.62	6.448
497.97	6.477
498.31	6.470
498.65	6.488
498.99	6.495
499.33	6.498
499.68	6.516
500.02	6.538
500.36	6.551
500.70	6.558
501.04	6.571
501.39	6.597
501.73	6.595
502.07	6.615
502.41	6.634
502.75	6.669
503.09	6.718
503.44	6.725
503.78	6.740
504.12	6.785
504.46	6.821
504.80	6.854
505.14	6.878
505.49	6.909
505.83	6.945
506.17	6.955
506.51	6.966
506.85	6.972
507.19	7.008
507.53	7.045
507.87	7.068
508.22	7.085
508.56	7.094
508.90	7.125
509.24	7.160
509.58	7.188
509.92	7.226
510.26	7.273
510.60	7.307
510.94	7.329
511.28	7.352
511.63	7.365
511.97	7.392
512.31	7.420
512.65	7.430
512.99	7.452
513.33	7.460
513.67	7.462
514.01	7.482
514.35	7.500
514.69	7.540
515.03	7.559
515.37	7.596
515.71	7.644
516.05	7.657
516.39	7.686
516.73	7.707
517.07	7.743
517.41	7.794
517.75	7.830
518.09	7.853
518.43	7.869
518.77	7.894
519.11	7.900
519.45	7.895
519.79	7.920
520.13	7.944
520.47	7.986
520.81	8.014
521.15	8.035
521.49	8.062
521.83	8.091
522.17	8.132
522.51	8.168
522.85	8.223
523.19	8.293
523.53	8.371
523.87	8.446
524.21	8.484
524.55	8.546
524.89	8.582
525.23	8.614
525.57	8.665
525.91	8.711
526.25	8.751
526.58	8.782
526.92	8.811
527.26	8.832
527.60	8.842
527.94	8.865
528.28	8.871
528.62	8.895
528.96	8.906
529.30	8.912
529.64	8.903
529.97	8.905
530.31	8.905
530.65	8.907
530.99	8.897
531.33	8.914
531.67	8.924
532.01	8.947
532.35	8.967
532.68	8.973
533.02	8.979
533.36	8.999
533.70	9.008
534.04	9.032
534.38	9.039
534.71	9.061
535.05	9.062
535.39	9.099
535.73	9.091
536.07	9.108
536.41	9.148
536.74	9.193
537.08	9.236
537.42	9.274
537.76	9.296
538.10	9.350
538.43	9.371
538.77	9.428
539.11	9.431
539.45	9.473
539.79	9.496
540.12	9.528
540.46	9.547
540.80	9.554
541.14	9.568
541.47	9.588
541.81	9.591
542.15	9.621
542.49	9.614
542.82	9.646
543.16	9.645
543.50	9.644
543.84	9.638
544.17	9.641
544.51	9.666
544.85	9.687
545.18	9.691
545.52	9.708
545.86	9.725
546.20	9.736
546.53	9.736
546.87	9.783
547.21	9.805
547.54	9.848
547.88	9.873
548.22	9.885
548.55	9.903
548.89	9.956
549.23	9.968
549.56	9.970
549.90	10.003
550.24	10.029
550.57	10.031
550.91	10.079
551.25	10.093
551.58	10.104
551.92	10.128
552.26	10.147
552.59	10.165
552.93	10.194
553.27	10.239
553.60	10.245
553.94	10.309
554.27	10.325
554.61	10.329
554.95	10.352
555.28	10.375
555.62	10.408
555.95	10.427
556.29	10.440
556.63	10.437
556.96	10.474
557.30	10.507
557.63	10.491
557.97	10.515
558.31	10.531
558.64	10.533
558.98	10.571
559.31	10.593
559.65	10.624
559.98	10.639
560.32	10.696
560.65	10.700
560.99	10.712
561.33	10.744
561.66	10.781
562.00	10.815
562.33	10.826
562.67	10.867
563.00	10.887
563.34	10.917
563.67	10.936
564.01	10.947
564.34	10.976
564.68	11.008
565.01	11.026
565.35	11.048
565.68	11.075
566.02	11.080
566.35	11.104
566.69	11.113
567.02	11.128
567.36	11.167
567.69	11.179
568.03	11.176
568.36	11.206
568.69	11.230
569.03	11.263
569.36	11.264
569.70	11.336
570.03	11.338
570.37	11.350
570.70	11.388
571.04	11.429
571.37	11.476
571.70	11.519
572.04	11.543
572.37	11.545
572.71	11.531
573.04	11.553
573.37	11.546
573.71	11.555
574.04	11.626
574.38	11.607
574.71	11.595
575.04	11.608
575.38	11.625
575.71	11.639
576.05	11.690
576.38	11.745
576.71	11.781
577.05	11.838
577.38	11.842
577.71	11.835
578.05	11.883
578.38	11.901
578.71	11.903
579.05	11.906
579.38	11.950
579.71	11.984
580.05	11.961
580.38	11.984
580.71	11.916
581.05	11.950
581.38	11.960
581.71	11.986
582.05	12.017
582.38	12.062
582.71	12.094
583.04	12.058
583.38	12.028
583.71	12.097
584.04	12.130
584.38	12.242
584.71	12.305
585.04	12.367
585.37	12.361
585.71	12.366
586.04	12.395
586.37	12.420
586.70	12.473
587.04	12.512
587.37	12.529
587.70	12.537
588.03	12.536
588.37	12.530
588.70	12.531
589.03	12.560
589.36	12.617
589.69	12.653
590.03	12.685
590.36	12.694
590.69	12.688
591.02	12.679
591.35	12.716
591.69	12.753
592.02	12.822
592.35	12.809
592.68	12.879
593.01	12.883
593.35	12.893
593.68	12.889
594.01	12.930
594.34	12.986
594.67	13.034
595.00	13.058
595.34	13.064
595.67	13.053
596.00	13.100
596.33	13.119
596.66	13.136
596.99	13.148
597.32	13.192
597.65	13.198
597.99	13.235
598.32	13.261
598.65	13.292
598.98	13.351
599.31	13.372
599.64	13.377
599.97	13.375
600.30	13.404
600.63	13.415
600.96	13.416
601.30	13.446
601.63	13.435
601.96	13.480
602.29	13.497
602.62	13.516
602.95	13.543
603.28	13.573
603.61	13.584
603.94	13.632
604.27	13.682
604.60	13.775
604.93	13.829
605.26	13.900
605.59	13.923
605.92	13.944
606.25	13.980
606.58	14.002
606.91	14.026
607.24	14.074
607.57	14.117
607.90	14.151
608.23	14.154
608.56	14.194
608.89	14.214
609.22	14.217
609.55	14.247
609.88	14.268
610.21	14.321
610.54	14.390
610.87	14.427
611.20	14.424
611.53	14.433
611.86	14.405
612.19	14.397
612.52	14.408
612.85	14.434
613.18	14.504
613.51	14.549
613.84	14.546
614.17	14.571
614.49	14.608
614.82	14.610
615.15	14.616
615.48	14.714
615.81	14.727
616.14	14.785
616.47	14.808
616.80	14.809
617.13	14.840
617.46	14.906
617.78	14.941
618.11	14.943
618.44	14.995
618.77	15.018
619.10	14.960
619.43	15.061
619.76	15.049
620.09	15.117
620.41	15.148
620.74	15.125
621.07	15.147
621.40	15.148
621.73	15.203
622.06	15.214
622.38	15.258
622.71	15.356
623.04	15.355
623.37	15.401
623.70	15.456
624.02	15.529
624.35	15.553
624.68	15.603
625.01	15.627
625.34	15.656
625.66	15.713
625.99	15.751
626.32	15.797
626.65	15.822
626.98	15.843
627.30	15.815
627.63	15.838
627.96	15.888
628.29	15.882
628.61	15.930
628.94	15.966
629.27	16.016
629.60	16.075
629.92	16.093
630.25	16.093
630.58	16.175
630.91	16.294
631.23	16.263
631.56	16.314
631.89	16.365
632.21	16.407
632.54	16.384
632.87	16.363
633.19	16.352
633.52	16.337
633.85	16.418
634.18	16.455
634.50	16.453
634.83	16.511
635.16	16.514
635.48	16.531
635.81	16.495
636.14	16.587
636.46	16.673
636.79	16.693
637.11	16.809
637.44	16.791
637.77	16.753
638.09	16.711
638.42	16.713
638.75	16.656
639.07	16.711
639.40	16.778
639.73	16.797
640.05	16.790
640.38	16.847
640.70	16.770
641.03	16.795
641.36	16.824
641.68	16.849
642.01	16.889
642.33	16.950
642.66	16.898
642.98	16.940
643.31	16.896
643.64	16.904
643.96	16.888
644.29	16.899
644.61	16.943
644.94	16.923
645.26	16.932
645.59	16.905
645.91	16.929
646.24	16.985
646.56	17.049
646.89	17.089
647.22	17.096
647.54	17.146
647.87	17.198
648.19	17.229
648.52	17.260
648.84	17.282
649.17	17.320
649.49	17.401
649.82	17.456
650.14	17.412
650.47	17.458
650.79	17.496
651.11	17.511
651.44	17.553
651.76	17.557
652.09	17.565
652.41	17.624
652.74	17.704
653.06	17.733
653.39	17.749
653.71	17.786
654.04	17.856
654.36	17.852
654.68	17.957
655.01	17.940
655.33	17.933
655.66	18.047
655.98	18.050
656.30	18.029
656.63	18.034
656.95	18.064
657.28	18.046
657.60	18.017
657.92	18.067
658.25	17.996
658.57	18.068
658.90	18.148
659.22	18.146
659.54	18.148
659.87	18.167
660.19	18.254
660.51	18.231
660.84	18.268
661.16	18.320
661.48	18.285
661.81	18.320
662.13	18.275
662.45	18.272
662.78	18.313
663.10	18.350
663.42	18.305
663.75	18.233
664.07	18.247
664.39	18.227
664.72	18.275
665.04	18.402
665.36	18.478
665.69	18.511
666.01	18.480
666.33	18.435
666.65	18.463
666.98	18.542
667.30	18.564
667.62	18.632
667.94	18.665
668.27	18.670
668.59	18.620
668.91	18.583
669.23	18.607
669.56	18.710
669.88	18.802
670.20	18.790
670.52	18.845
670.85	18.896
671.17	18.902
671.49	19.010
671.81	19.066
672.13	19.170
672.46	19.261
672.78	19.413
673.10	19.475
673.42	19.539
673.74	19.714
674.07	19.775
674.39	19.968
674.71	20.072
675.03	20.127
675.35	20.253
675.67	20.293
676.00	20.309
676.32	20.335
676.64	20.352
676.96	20.428
677.28	20.503
677.60	20.537
677.92	20.524
678.25	20.607
678.57	20.719
678.89	20.653
679.21	20.762
679.53	20.904
679.85	20.983
680.17	21.102
680.49	21.198
680.81	21.252
681.13	21.461
681.46	21.604
681.78	21.684
682.10	21.844
682.42	22.076
682.74	22.206
683.06	22.339
683.38	22.512
683.70	22.674
684.02	22.683
684.34	22.877
684.66	22.999
684.98	23.112
685.30	23.271
685.62	23.365
685.94	23.465
686.26	23.620
686.58	23.755
686.90	23.913
687.22	23.997
687.54	24.180
687.86	24.140
688.18	24.133
688.50	24.302
688.82	24.237
689.14	24.343
689.46	24.453
689.78	24.490
690.10	24.513
690.42	24.535
690.74	24.647
691.06	24.787
691.38	24.906
691.70	25.058
692.02	25.067
692.34	25.391
692.66	25.488
692.98	25.677
693.30	25.854
693.62	26.024
693.94	26.185
694.26	26.261
694.57	26.347
694.89	26.531
695.21	26.625
695.53	26.655
695.85	26.660
696.17	26.733
696.49	26.783
696.81	26.781
697.13	26.889
697.44	26.874
697.76	26.845
698.08	26.933
698.40	27.058
698.72	27.128
699.04	27.211
699.36	27.301
699.67	27.258
699.99	27.255
700.31	27.363
700.63	27.295
700.95	27.395
701.27	27.640
701.58	27.553
701.90	27.664
702.22	27.767
702.54	27.816
702.86	27.981
703.17	28.202
703.49	28.274
703.81	28.402
704.13	28.564
704.45	28.591
704.76	28.649
705.08	28.886
705.40	28.747
705.72	28.869
706.03	29.006
706.35	28.978
706.67	29.058
706.99	29.147
707.30	29.160
707.62	29.127
707.94	29.247
708.26	29.226
708.57	29.253
708.89	29.345
709.21	29.476
709.53	29.580
709.84	29.630
710.16	29.573
710.48	29.636
710.79	29.627
711.11	29.779
711.43	29.923
711.74	30.071
712.06	30.097
712.38	30.138
712.69	30.019
713.01	29.951
713.33	30.061
713.64	30.261
713.96	30.373
714.28	30.548
714.59	30.584
714.91	30.642
715.23	30.636
715.54	30.674
715.86	30.829
716.17	31.051
716.49	31.255
716.81	31.284
717.12	31.230
717.44	31.357
717.76	31.274
718.07	31.203
718.39	31.096
718.70	31.122
719.02	31.327
719.33	31.270
719.65	31.306
719.97	31.277
720.28	31.495
720.60	31.705
720.91	31.672
721.23	31.868
721.54	32.222
721.86	32.455
722.17	32.652
722.49	32.765
722.81	32.911
723.12	32.877
723.44	33.092
723.75	33.054
724.07	32.976
724.38	32.994
724.70	32.896
725.01	32.897
725.33	32.926
725.64	33.047
725.96	33.064
726.27	33.065
726.59	33.258
726.90	33.052
727.22	32.977
727.53	32.935
727.84	32.899
728.16	33.075
728.47	33.027
728.79	33.028
729.10	33.034
729.42	33.029
729.73	33.070
730.05	33.015
730.36	33.194
730.67	33.287
730.99	33.374
731.30	33.504
731.62	33.653
731.93	33.672
732.24	33.570
732.56	33.579
732.87	33.432
733.19	33.449
733.50	33.304
733.81	33.336
734.13	33.359
734.44	33.558
734.76	33.670
735.07	33.433
735.38	33.524
735.70	33.866
736.01	33.951
736.32	34.373
736.64	34.462
736.95	34.788
737.26	34.888
737.58	34.975
737.89	34.995
738.20	34.990
738.52	35.020
738.83	35.187
739.14	35.038
739.45	35.127
739.77	35.120
740.08	35.223
740.39	34.872
740.71	34.816
741.02	34.784
741.33	34.808
741.64	34.677
741.96	34.793
742.27	34.721
742.58	34.792
742.90	34.504
743.21	34.385
743.52	34.374
743.83	34.688
744.14	34.622
744.46	35.001
744.77	35.079
745.08	35.404
745.39	35.615
745.71	35.603
746.02	35.930
746.33	36.195
746.64	36.303
746.95	36.267
747.27	36.471
747.58	36.661
747.89	36.500
748.20	36.316
748.51	36.337
748.82	36.297
749.14	36.305
749.45	36.226
749.76	36.094
750.07	35.916
750.38	35.912
750.69	35.802
751.01	35.811
751.32	35.551
751.63	35.864
751.94	35.666
752.25	35.698
752.56	35.760
752.87	35.536
753.18	35.582
753.49	35.867
753.81	35.957
754.12	35.938
754.43	35.850
754.74	36.017
755.05	36.028
755.36	36.015
755.67	35.780
755.98	35.815
756.29	35.985
756.60	35.948
756.91	35.786
757.22	35.887
757.53	35.868
757.84	35.730
758.15	36.186
758.46	36.016
758.77	36.230
759.09	36.464
759.40	36.472
759.71	36.544
760.02	36.574
760.33	36.552
760.64	36.709
760.95	36.820
761.26	37.120
761.57	36.856
761.88	37.001
762.18	37.035
762.49	37.032
762.80	37.034
763.11	37.009
763.42	36.990
763.73	37.091
764.04	36.989
764.35	36.987
764.66	36.780
764.97	36.751
765.28	36.657
765.59	36.678
765.90	36.875
766.21	37.270
766.52	37.181
766.83	37.271
767.14	37.296
767.44	37.215
767.75	37.042
768.06	37.187
768.37	37.201
768.68	37.256
768.99	36.921
769.30	36.743
769.61	36.179
769.91	36.313
770.22	36.468
770.53	36.338
770.84	36.409
771.15	36.495
771.46	36.353
771.77	36.544
772.07	36.600
772.38	36.628
772.69	36.501
773.00	36.648
773.31	36.644
773.61	36.653
773.92	36.596
774.23	36.595
774.54	37.010
774.85	37.405
775.15	37.426
775.46	37.411
775.77	37.927
776.08	38.123
776.39	38.319
776.69	38.233
777.00	38.129
777.31	38.308
777.62	38.462
777.92	38.276
778.23	38.062
778.54	38.114
778.85	38.010
779.15	37.722
779.46	37.852
779.77	37.767
780.07	37.912
780.38	37.738
780.69	37.767
781.00	37.718
781.30	37.798
781.61	37.932
781.92	37.844
782.22	38.246
782.53	38.280
782.84	38.185
783.14	38.106
783.45	38.230
783.76	38.507
784.06	38.584
784.37	38.524
784.68	38.570
784.98	38.637
785.29	38.499
785.60	38.571
785.90	38.930
786.21	39.276
786.51	39.183
786.82	39.213
787.13	39.385
787.43	39.187
787.74	39.402
788.04	39.273
788.35	39.321
788.66	39.349
788.96	38.972
789.27	38.443
789.57	38.314
789.88	38.496
790.19	38.653
790.49	38.477
790.80	38.848
791.10	38.918
791.41	39.129
791.71	38.855
792.02	39.372
792.32	39.839
792.63	40.414
792.93	40.389
793.24	40.977
793.54	41.148
793.85	41.372
794.15	41.714
794.46	41.804
794.76	41.859
795.07	42.506
795.37	42.460
795.68	42.332
795.98	41.712
796.29	41.333
796.59	40.656
796.90	40.402
797.20	40.646
797.51	40.400
797.81	40.433
798.12	40.046
798.42	39.663
798.72	39.476
799.03	39.481
799.33	40.019
799.64	40.564
799.94	40.931
800.25	40.877
800.55	40.488
800.85	40.580
801.16	40.084
801.46	40.224
801.77	40.274
802.07	40.180
802.37	39.781
802.68	39.710
802.98	39.688
803.28	39.259
803.59	39.762
803.89	40.140
804.20	40.250
804.50	40.678
804.80	41.195
805.11	41.137
805.41	41.591
805.71	41.656
806.02	41.422
806.32	41.163
806.62	41.884
806.93	41.612
807.23	41.982
807.53	41.778
807.83	42.193
808.14	41.917
808.44	42.013
808.74	41.727
809.05	42.737
809.35	43.310
809.65	43.283
809.95	42.681
810.26	42.622
810.56	42.233
810.86	42.757
811.16	42.559
811.47	42.651
811.77	42.558
812.07	42.362
812.37	41.786
812.68	41.576
812.98	41.977
813.28	42.564
813.58	42.651
813.88	42.503
814.19	41.926
814.49	41.667
814.79	41.760
815.09	42.872
815.39	43.383
815.70	43.051
816.00	43.330
816.30	43.211
816.60	42.951
816.90	43.060
817.20	43.164
817.50	43.799
817.81	44.003
818.11	44.121
818.41	43.886
818.71	43.885
819.01	44.063
819.31	44.059
819.61	44.298
819.92	44.236
820.22	44.136
820.52	44.132
820.82	44.021
821.12	43.900
821.42	43.894
821.72	43.785
822.02	43.700
822.32	43.648
822.62	43.659
822.92	43.552
823.22	43.510
823.52	43.480
823.83	43.416
824.13	43.307
824.43	43.380
824.73	43.406
825.03	43.460
825.33	43.618
825.63	43.657
825.93	43.716
826.23	43.644
826.53	43.880
826.83	43.881
827.13	43.924
827.43	44.025
827.73	44.001
828.03	43.878
828.33	44.010
828.63	43.955
828.93	43.780
829.23	43.654
829.53	43.952
829.83	44.023
830.13	44.533
830.42	44.567
830.72	44.590
831.02	44.694
831.32	44.777
831.62	44.818
831.92	44.482
832.22	44.706
832.52	44.764
832.82	44.261
833.12	44.031
833.42	43.689
833.72	43.559
834.01	43.373
834.31	43.301
834.61	42.733
834.91	42.747
835.21	42.799
835.51	42.961
835.81	42.630
836.11	42.584
836.40	42.678
836.70	43.152
837.00	43.601
837.30	44.043
837.60	43.641
837.90	44.058
838.19	43.205
838.49	43.362
838.79	43.564
839.09	44.038
839.39	44.394
839.68	44.566
839.98	43.706
840.28	43.079
840.58	43.266
840.88	43.114
841.17	44.440
841.47	45.456
841.77	46.378
842.07	45.347
842.36	44.304
842.66	44.076
842.96	43.351
843.26	43.199
843.55	44.781
843.85	44.948
844.15	45.829
844.45	45.104
844.74	44.211
845.04	43.664
845.34	44.103
845.63	44.870
845.93	45.444
846.23	45.941
846.53	46.969
846.82	44.677
847.12	43.123
847.42	43.135
847.71	42.277
848.01	42.143
848.31	41.996
848.60	43.434
848.90	43.072
849.19	42.772
849.49	41.809
849.79	42.099
850.08	43.608
850.38	44.577
850.68	44.967
850.97	45.772
851.27	46.620
851.56	46.169
851.86	45.837
852.16	45.655
852.45	44.481
852.75	45.075
853.04	42.841
853.34	42.719
853.64	42.143
853.93	43.109
854.23	41.877
854.52	41.772
854.82	41.096
855.11	39.672
855.41	39.724
855.70	41.689
856.00	43.322
856.30	44.494
856.59	44.454
856.89	43.940
857.18	42.735
857.48	42.672
857.77	42.353
858.07	43.081
858.36	44.244
858.66	44.810
858.95	43.711
859.25	41.762
859.54	41.472
859.84	40.603
860.13	40.393
860.42	40.846
860.72	40.605
861.01	39.255
861.31	38.528
861.60	37.089
861.90	36.122
862.19	35.970
862.49	36.246
862.78	36.420
863.07	36.623
863.37	37.719
863.66	37.637
863.96	37.904
864.25	38.427
864.54	39.535
864.84	39.465
865.13	39.158
865.43	38.664
865.72	37.159
866.01	47.032
866.31	39.453
866.60	30.671
866.89	30.607
