180.30	0.000
180.67	0.000
181.03	118.416
181.40	88.775
181.77	12.038
182.14	-1317.323
182.51	75.681
182.88	-99.641
183.25	93.128
183.62	-481.935
183.99	-5.864
184.36	24.081
184.73	90.180
185.10	-7.920
185.46	5.454
185.83	-140.315
186.20	240.501
186.57	162.830
186.94	75.681
187.31	88.912
187.68	-84.867
188.05	0.756
188.42	-42.374
188.78	-5.024
189.15	13.381
189.52	17.079
189.89	13.991
190.26	9.836
190.63	0.315
191.00	-16.667
191.37	-25.558
191.73	-36.093
192.10	-18.558
192.47	-9.687
192.84	-0.432
193.21	-2.442
193.58	-15.716
193.94	-6.782
194.31	-3.661
194.68	-17.399
195.05	-6.338
195.42	-2.976
195.79	-5.609
196.15	-24.527
196.52	-27.416
196.89	-38.747
197.26	-64.463
197.63	-58.777
198.00	-145.177
198.36	-283.189
198.73	2421.123
199.10	-6526.292
199.47	443.401
199.84	-201.053
200.20	-58.096
200.57	-179.669
200.94	-1319.513
201.31	-454.309
201.68	-188.793
202.04	-55.233
202.41	-40.833
202.78	-43.032
203.15	-39.690
203.51	-58.595
203.88	-77.068
204.25	-109.370
204.62	-80.954
204.98	-37.647
205.35	-31.580
205.72	-58.439
206.09	-40.433
206.46	-46.419
206.82	-31.964
207.19	-49.267
207.56	-55.114
207.92	-43.626
208.29	-52.853
208.66	-48.992
209.03	-76.448
209.39	-80.506
209.76	-51.848
210.13	-65.982
210.50	-51.848
210.86	-23.840
211.23	-31.538
211.60	-24.351
211.96	-36.113
212.33	-38.415
212.70	-33.354
213.07	7.395
213.43	14.650
213.80	6.840
214.17	-7.235
214.53	-5.365
214.90	-25.748
215.27	-19.876
215.63	-9.640
216.00	12.398
216.37	17.888
216.74	19.895
217.10	11.866
217.47	21.266
217.84	24.063
218.20	31.250
218.57	28.788
218.94	35.141
219.30	41.422
219.67	31.091
220.04	19.723
220.40	18.003
220.77	10.192
221.13	10.698
221.50	-1.542
221.87	-12.654
222.23	-16.657
222.60	-27.113
222.97	-28.556
223.33	-18.589
223.70	-9.376
224.07	-8.846
224.43	-3.184
224.80	3.105
225.16	2.567
225.53	0.870
225.90	-0.074
226.26	0.979
226.63	4.374
226.99	4.021
227.36	4.391
227.73	3.351
228.09	3.368
228.46	1.940
228.82	-0.115
229.19	-0.132
229.56	0.706
229.92	3.730
230.29	4.667
230.65	4.336
231.02	6.171
231.38	3.683
231.75	3.325
232.12	3.589
232.48	3.759
232.85	4.467
233.21	4.177
233.58	4.122
233.94	2.595
234.31	1.158
234.68	0.931
235.04	0.815
235.41	2.738
235.77	2.743
236.14	1.931
236.50	1.667
236.87	1.367
237.23	0.644
237.60	0.688
237.96	0.072
238.33	0.076
238.69	-0.969
239.06	-1.776
239.42	-1.688
239.79	-2.100
240.15	-2.156
240.52	-1.486
240.88	-1.426
241.25	-1.039
241.61	-1.169
241.98	-0.157
242.34	0.298
242.71	1.116
243.07	1.356
243.44	1.160
243.80	1.631
244.17	2.114
244.53	2.015
244.90	2.333
245.26	2.475
245.63	2.583
245.99	2.154
246.36	2.031
246.72	1.736
247.09	1.524
247.45	1.332
247.81	1.130
248.18	0.882
248.54	0.622
248.91	0.443
249.27	0.109
249.64	0.132
250.00	0.189
250.36	0.075
250.73	0.450
251.09	1.105
251.46	1.466
251.82	1.083
252.19	0.768
252.55	0.701
252.91	-0.104
253.28	-0.408
253.64	-0.612
254.01	-0.999
254.37	-0.791
254.73	-1.137
255.10	-1.410
255.46	-1.286
255.83	-0.861
256.19	-0.312
256.55	0.107
256.92	0.621
257.28	0.871
257.65	0.966
258.01	1.274
258.37	1.269
258.74	1.469
259.10	1.377
259.46	1.422
259.83	1.615
260.19	1.665
260.55	1.785
260.92	1.656
261.28	1.477
261.64	1.337
262.01	0.992
262.37	1.124
262.73	1.309
263.10	1.665
263.46	1.461
263.82	1.399
264.19	1.143
264.55	0.779
264.91	1.061
265.28	1.265
265.64	1.437
266.00	1.666
266.37	1.297
266.73	0.691
267.09	0.536
267.46	0.881
267.82	0.986
268.18	1.093
268.54	1.171
268.91	1.226
269.27	1.146
269.63	0.989
270.00	0.946
270.36	0.924
270.72	0.989
271.08	1.096
271.45	0.905
271.81	0.790
272.17	0.682
272.53	0.806
272.90	0.467
273.26	0.382
273.62	0.263
273.98	0.187
274.35	0.752
274.71	0.851
275.07	0.528
275.43	0.567
275.80	0.344
276.16	0.290
276.52	-0.012
276.88	0.051
277.25	0.418
277.61	0.679
277.97	0.909
278.33	0.731
278.69	0.661
279.06	0.762
279.42	1.091
279.78	1.332
280.14	1.380
280.50	1.322
280.87	1.181
281.23	0.894
281.59	1.003
281.95	0.768
282.31	0.584
282.68	0.643
283.04	0.827
283.40	0.632
283.76	0.723
284.12	0.658
284.48	0.846
284.85	1.160
285.21	1.411
285.57	1.143
285.93	1.262
286.29	1.099
286.65	0.851
287.02	0.915
287.38	0.856
287.74	0.684
288.10	0.779
288.46	0.908
288.82	0.866
289.18	0.778
289.54	0.838
289.91	0.821
290.27	1.241
290.63	1.654
290.99	1.551
291.35	1.632
291.71	1.719
292.07	1.697
292.43	1.622
292.79	1.588
293.16	1.602
293.52	1.759
293.88	1.780
294.24	1.665
294.60	1.733
294.96	1.891
295.32	1.926
295.68	2.169
296.04	2.347
296.40	2.194
296.76	2.084
297.12	2.049
297.49	2.101
297.85	1.979
298.21	2.125
298.57	2.079
298.93	2.057
299.29	2.065
299.65	2.106
300.01	2.010
300.37	2.256
300.73	2.417
301.09	2.557
301.45	2.500
301.81	2.684
302.17	2.706
302.53	2.852
302.89	2.885
303.25	2.998
303.61	2.797
303.97	2.819
304.33	2.649
304.69	2.665
305.05	2.609
305.41	2.671
305.77	2.751
306.13	2.506
306.49	2.358
306.85	2.296
307.21	2.189
307.57	2.107
307.93	2.129
308.29	2.393
308.65	2.315
309.01	2.268
309.37	2.327
309.73	2.347
310.09	2.479
310.45	2.476
310.81	2.534
311.17	2.572
311.53	2.656
311.89	2.622
312.25	2.471
312.61	2.387
312.96	2.394
313.32	2.386
313.68	2.458
314.04	2.446
314.40	2.438
314.76	2.298
315.12	2.322
315.48	2.343
315.84	2.405
316.20	2.531
316.56	2.713
316.92	2.988
317.27	2.906
317.63	2.810
317.99	2.857
318.35	2.776
318.71	2.739
319.07	2.876
319.43	2.829
319.79	2.713
320.15	2.635
320.50	2.667
320.86	2.533
321.22	2.638
321.58	2.609
321.94	2.544
322.30	2.619
322.66	2.622
323.01	2.502
323.37	2.437
323.73	2.522
324.09	2.354
324.45	2.380
324.81	2.285
325.17	2.144
325.52	2.277
325.88	2.289
326.24	2.260
326.60	2.338
326.96	2.397
327.31	2.567
327.67	2.606
328.03	2.708
328.39	2.651
328.75	2.615
329.11	2.770
329.46	2.569
329.82	2.467
330.18	2.654
330.54	2.659
330.90	2.598
331.25	2.617
331.61	2.568
331.97	2.622
332.33	2.557
332.68	2.659
333.04	2.488
333.40	2.515
333.76	2.644
334.11	2.597
334.47	2.531
334.83	2.528
335.19	2.447
335.54	2.404
335.90	2.288
336.26	2.353
336.62	2.387
336.97	2.472
337.33	2.598
337.69	2.621
338.05	2.563
338.40	2.554
338.76	2.516
339.12	2.567
339.48	2.558
339.83	2.534
340.19	2.472
340.55	2.415
340.90	2.498
341.26	2.413
341.62	2.331
341.97	2.289
342.33	2.282
342.69	2.263
343.04	2.232
343.40	2.318
343.76	2.306
344.12	2.291
344.47	2.152
344.83	2.023
345.19	1.935
345.54	1.891
345.90	1.828
346.26	1.789
346.61	1.710
346.97	1.651
347.32	1.545
347.68	1.591
348.04	1.596
348.39	1.754
348.75	1.847
349.11	1.968
349.46	2.043
349.82	2.084
350.18	2.039
350.53	2.146
350.89	2.262
351.24	2.251
351.60	2.236
351.96	2.215
352.31	2.096
352.67	2.049
353.02	2.008
353.38	1.936
353.74	1.914
354.09	2.007
354.45	2.032
354.80	1.978
355.16	1.999
355.52	2.074
355.87	2.142
356.23	2.232
356.58	2.136
356.94	2.028
357.29	2.034
357.65	2.037
358.00	2.027
358.36	2.001
358.72	2.043
359.07	2.046
359.43	1.976
359.78	1.924
360.14	1.799
360.49	1.829
360.85	1.893
361.20	1.957
361.56	1.971
361.91	1.929
362.27	1.878
362.62	1.750
362.98	1.704
363.33	1.694
363.69	1.666
364.04	1.706
364.40	1.668
364.75	1.593
365.11	1.545
365.46	1.506
365.82	1.524
366.17	1.573
366.53	1.624
366.88	1.672
367.24	1.707
367.59	1.733
367.95	1.792
368.30	1.850
368.66	1.832
369.01	1.800
369.37	1.843
369.72	1.879
370.08	1.857
370.43	1.826
370.78	1.821
371.14	1.807
371.49	1.770
371.85	1.772
372.20	1.749
372.56	1.752
372.91	1.750
373.26	1.731
373.62	1.697
373.97	1.683
374.33	1.648
374.68	1.623
375.03	1.611
375.39	1.640
375.74	1.654
376.10	1.631
376.45	1.692
376.80	1.732
377.16	1.696
377.51	1.668
377.87	1.638
378.22	1.649
378.57	1.666
378.93	1.690
379.28	1.693
379.63	1.627
379.99	1.636
380.34	1.618
380.70	1.536
381.05	1.519
381.40	1.553
381.76	1.571
382.11	1.550
382.46	1.554
382.82	1.498
383.17	1.479
383.52	1.491
383.88	1.520
384.23	1.526
384.58	1.574
384.94	1.621
385.29	1.588
385.64	1.568
385.99	1.540
386.35	1.515
386.70	1.534
387.05	1.494
387.41	1.500
387.76	1.454
388.11	1.438
388.47	1.429
388.82	1.416
389.17	1.440
389.52	1.458
389.88	1.477
390.23	1.503
390.58	1.453
390.93	1.480
391.29	1.452
391.64	1.464
391.99	1.426
392.34	1.385
392.70	1.370
393.05	1.367
393.40	1.384
393.75	1.405
394.11	1.368
394.46	1.426
394.81	1.405
395.16	1.407
395.52	1.384
395.87	1.385
396.22	1.388
396.57	1.355
396.92	1.278
397.28	1.204
397.63	1.203
397.98	1.179
398.33	1.141
398.68	1.154
399.04	1.182
399.39	1.173
399.74	1.115
400.09	1.158
400.44	1.186
400.80	1.226
401.15	1.236
401.50	1.219
401.85	1.199
402.20	1.195
402.55	1.176
402.90	1.119
403.26	1.148
403.61	1.210
403.96	1.198
404.31	1.183
404.66	1.191
405.01	1.213
405.36	1.209
405.72	1.203
406.07	1.181
406.42	1.174
406.77	1.193
407.12	1.158
407.47	1.148
407.82	1.134
408.17	1.161
408.53	1.155
408.88	1.135
409.23	1.168
409.58	1.193
409.93	1.229
410.28	1.263
410.63	1.289
410.98	1.310
411.33	1.300
411.68	1.273
412.03	1.244
412.38	1.224
412.73	1.241
413.09	1.217
413.44	1.209
413.79	1.191
414.14	1.189
414.49	1.183
414.84	1.191
415.19	1.229
415.54	1.227
415.89	1.214
416.24	1.220
416.59	1.220
416.94	1.207
417.29	1.234
417.64	1.249
417.99	1.243
418.34	1.241
418.69	1.227
419.04	1.223
419.39	1.228
419.74	1.246
420.09	1.240
420.44	1.228
420.79	1.247
421.14	1.225
421.49	1.213
421.84	1.183
422.19	1.180
422.54	1.180
422.89	1.159
423.24	1.150
423.59	1.130
423.94	1.141
424.29	1.167
424.64	1.164
424.99	1.163
425.34	1.160
425.68	1.187
426.03	1.181
426.38	1.177
426.73	1.201
427.08	1.214
427.43	1.224
427.78	1.204
428.13	1.188
428.48	1.165
428.83	1.168
429.18	1.192
429.53	1.187
429.87	1.171
430.22	1.181
430.57	1.164
430.92	1.152
431.27	1.124
431.62	1.121
431.97	1.126
432.32	1.142
432.67	1.118
433.01	1.080
433.36	1.097
433.71	1.129
434.06	1.112
434.41	1.118
434.76	1.101
435.11	1.132
435.45	1.122
435.80	1.113
436.15	1.093
436.50	1.114
436.85	1.132
437.20	1.127
437.54	1.112
437.89	1.126
438.24	1.121
438.59	1.136
438.94	1.115
439.29	1.142
439.63	1.132
439.98	1.139
440.33	1.126
440.68	1.124
441.03	1.103
441.37	1.091
441.72	1.082
442.07	1.095
442.42	1.119
442.76	1.136
443.11	1.112
443.46	1.120
443.81	1.110
444.16	1.131
444.50	1.138
444.85	1.155
445.20	1.154
445.55	1.162
445.89	1.148
446.24	1.133
446.59	1.110
446.94	1.107
447.28	1.087
447.63	1.093
447.98	1.077
448.32	1.053
448.67	1.029
449.02	1.019
449.37	1.017
449.71	1.041
450.06	1.030
450.41	1.043
450.75	1.043
451.10	1.029
451.45	1.005
451.79	1.000
452.14	0.997
452.49	1.010
452.84	1.004
453.18	0.985
453.53	0.951
453.88	0.970
454.22	0.962
454.57	0.977
454.92	0.991
455.26	1.000
455.61	1.006
455.95	1.014
456.30	1.006
456.65	1.017
456.99	1.027
457.34	1.038
457.69	1.017
458.03	1.025
458.38	1.016
458.73	1.007
459.07	1.036
459.42	1.029
459.76	1.018
460.11	1.020
460.46	1.008
460.80	0.973
461.15	0.952
461.49	0.949
461.84	0.926
462.19	0.921
462.53	0.941
462.88	0.905
463.22	0.881
463.57	0.884
463.91	0.891
464.26	0.912
464.61	0.923
464.95	0.923
465.30	0.926
465.64	0.933
465.99	0.922
466.33	0.911
466.68	0.908
467.02	0.938
467.37	0.946
467.71	0.914
468.06	0.886
468.41	0.910
468.75	0.920
469.10	0.935
469.44	0.942
469.79	0.937
470.13	0.940
470.48	0.929
470.82	0.927
471.17	0.916
471.51	0.926
471.86	0.967
472.20	0.966
472.55	0.948
472.89	0.927
473.23	0.932
473.58	0.941
473.92	0.946
474.27	0.924
474.61	0.905
474.96	0.879
475.30	0.892
475.65	0.860
475.99	0.828
476.34	0.838
476.68	0.841
477.02	0.834
477.37	0.836
477.71	0.818
478.06	0.857
478.40	0.876
478.75	0.916
479.09	0.937
479.43	0.968
479.78	0.992
480.12	1.005
480.47	1.026
480.81	1.062
481.15	1.079
481.50	1.099
481.84	1.111
482.19	1.125
482.53	1.133
482.87	1.138
483.22	1.147
483.56	1.157
483.90	1.159
484.25	1.157
484.59	1.142
484.94	1.137
485.28	1.131
485.62	1.117
485.97	1.106
486.31	1.107
486.65	1.104
487.00	1.098
487.34	1.083
487.68	1.077
488.03	1.075
488.37	1.064
488.71	1.050
489.06	1.053
489.40	1.042
489.74	1.031
490.09	1.001
490.43	0.985
490.77	0.978
491.11	0.978
491.46	0.969
491.80	0.954
492.14	0.936
492.49	0.933
492.83	0.893
493.17	0.881
493.51	0.874
493.86	0.853
494.20	0.839
494.54	0.819
494.88	0.801
495.23	0.803
495.57	0.812
495.91	0.824
496.25	0.834
496.60	0.856
496.94	0.847
497.28	0.856
497.62	0.876
497.97	0.889
498.31	0.855
498.65	0.853
498.99	0.839
499.33	0.815
499.68	0.796
500.02	0.774
500.36	0.761
500.70	0.778
501.04	0.766
501.39	0.759
501.73	0.746
502.07	0.757
502.41	0.768
502.75	0.780
503.09	0.786
503.44	0.780
503.78	0.799
504.12	0.798
504.46	0.787
504.80	0.773
505.14	0.773
505.49	0.770
505.83	0.775
506.17	0.765
506.51	0.769
506.85	0.764
507.19	0.765
507.53	0.769
507.87	0.768
508.22	0.773
508.56	0.761
508.90	0.752
509.24	0.746
509.58	0.763
509.92	0.763
510.26	0.764
510.60	0.771
510.94	0.783
511.28	0.763
511.63	0.768
511.97	0.754
512.31	0.787
512.65	0.803
512.99	0.818
513.33	0.802
513.67	0.775
514.01	0.742
514.35	0.738
514.69	0.741
515.03	0.751
515.37	0.757
515.71	0.787
516.05	0.778
516.39	0.788
516.73	0.786
517.07	0.787
517.41	0.813
517.75	0.831
518.09	0.832
518.43	0.823
518.77	0.813
519.11	0.803
519.45	0.772
519.79	0.771
520.13	0.753
520.47	0.757
520.81	0.757
521.15	0.756
521.49	0.770
521.83	0.788
522.17	0.797
522.51	0.817
522.85	0.830
523.19	0.864
523.53	0.877
523.87	0.907
524.21	0.913
524.55	0.925
524.89	0.931
525.23	0.936
525.57	0.941
525.91	0.963
526.25	0.974
526.58	0.979
526.92	0.978
527.26	0.986
527.60	0.983
527.94	0.987
528.28	0.988
528.62	0.999
528.96	0.998
529.30	1.003
529.64	0.991
529.97	0.995
530.31	0.996
530.65	1.001
530.99	0.989
531.33	0.975
531.67	0.969
532.01	0.978
532.35	0.963
532.68	0.955
533.02	0.932
533.36	0.915
533.70	0.887
534.04	0.879
534.38	0.861
534.71	0.851
535.05	0.848
535.39	0.845
535.73	0.816
536.07	0.809
536.41	0.810
536.74	0.813
537.08	0.834
537.42	0.833
537.76	0.841
538.10	0.855
538.43	0.862
538.77	0.887
539.11	0.889
539.45	0.905
539.79	0.921
540.12	0.942
540.46	0.958
540.80	0.958
541.14	0.964
541.47	0.954
541.81	0.953
542.15	0.947
542.49	0.931
542.82	0.933
543.16	0.907
543.50	0.870
543.84	0.839
544.17	0.810
544.51	0.784
544.85	0.781
545.18	0.780
545.52	0.775
545.86	0.785
546.20	0.753
546.53	0.742
546.87	0.763
547.21	0.768
547.54	0.755
547.88	0.751
548.22	0.760
548.55	0.742
548.89	0.761
549.23	0.753
549.56	0.739
549.90	0.750
550.24	0.735
550.57	0.727
550.91	0.741
551.25	0.728
551.58	0.737
551.92	0.734
552.26	0.745
552.59	0.732
552.93	0.700
553.27	0.693
553.60	0.700
553.94	0.727
554.27	0.706
554.61	0.701
554.95	0.736
555.28	0.751
555.62	0.757
555.95	0.755
556.29	0.744
556.63	0.790
556.96	0.810
557.30	0.817
557.63	0.771
557.97	0.760
558.31	0.757
558.64	0.732
558.98	0.735
559.31	0.713
559.65	0.720
559.98	0.701
560.32	0.682
560.65	0.686
560.99	0.690
561.33	0.715
561.66	0.758
562.00	0.776
562.33	0.781
562.67	0.786
563.00	0.823
563.34	0.835
563.67	0.865
564.01	0.875
564.34	0.877
564.68	0.903
565.01	0.926
565.35	0.903
565.68	0.916
566.02	0.948
566.35	0.951
566.69	0.931
567.02	0.931
567.36	0.930
567.69	0.932
568.03	0.951
568.36	0.944
568.69	0.922
569.03	0.944
569.36	0.916
569.70	0.891
570.03	0.917
570.37	0.925
570.70	0.921
571.04	0.940
571.37	0.951
571.70	0.940
572.04	0.960
572.37	0.982
572.71	0.963
573.04	0.974
573.37	0.981
573.71	0.960
574.04	0.996
574.38	0.994
574.71	0.981
575.04	0.970
575.38	0.945
575.71	0.922
576.05	0.912
576.38	0.948
576.71	0.940
577.05	0.962
577.38	0.938
577.71	0.939
578.05	0.942
578.38	0.920
578.71	0.949
579.05	0.958
579.38	0.954
579.71	0.944
580.05	0.888
580.38	0.904
580.71	0.860
581.05	0.846
581.38	0.805
581.71	0.799
582.05	0.834
582.38	0.800
582.71	0.817
583.04	0.797
583.38	0.792
583.71	0.878
584.04	0.888
584.38	0.915
584.71	0.951
585.04	0.968
585.37	0.964
585.71	0.952
586.04	0.984
586.37	0.992
586.70	1.027
587.04	1.034
587.37	1.014
587.70	1.012
588.03	1.007
588.37	1.012
588.70	1.002
589.03	1.027
589.36	1.028
589.69	1.019
590.03	1.046
590.36	1.042
590.69	1.046
591.02	1.044
591.35	1.020
591.69	1.007
592.02	1.007
592.35	1.016
592.68	1.010
593.01	1.004
593.35	0.992
593.68	0.962
594.01	0.947
594.34	0.961
594.67	0.958
595.00	0.967
595.34	0.982
595.67	0.991
596.00	1.007
596.33	1.015
596.66	1.044
596.99	1.041
597.32	1.049
597.65	1.051
597.99	1.058
598.32	1.063
598.65	1.056
598.98	1.060
599.31	1.066
599.64	1.017
599.97	1.022
600.30	1.010
600.63	1.024
600.96	1.038
601.30	1.040
601.63	1.030
601.96	1.051
602.29	1.077
602.62	1.081
602.95	1.068
603.28	1.096
603.61	1.090
603.94	1.071
604.27	1.075
604.60	1.086
604.93	1.104
605.26	1.109
605.59	1.086
605.92	1.078
606.25	1.072
606.58	1.065
606.91	1.041
607.24	1.028
607.57	1.069
607.90	1.091
608.23	1.069
608.56	1.098
608.89	1.107
609.22	1.080
609.55	1.072
609.88	1.066
610.21	1.048
610.54	1.061
610.87	1.062
611.20	1.032
611.53	0.968
611.86	0.950
612.19	0.905
612.52	0.882
612.85	0.908
613.18	0.943
613.51	0.987
613.84	1.021
614.17	1.046
614.49	1.045
614.82	1.030
615.15	1.057
615.48	1.099
615.81	1.082
616.14	1.094
616.47	1.065
616.80	1.042
617.13	1.034
617.46	1.050
617.78	1.028
618.11	1.078
618.44	1.104
618.77	1.136
619.10	1.074
619.43	1.083
619.76	1.093
620.09	1.129
620.41	1.100
620.74	1.058
621.07	1.058
621.40	1.064
621.73	1.032
622.06	1.009
622.38	0.964
622.71	1.011
623.04	1.001
623.37	0.974
623.70	0.981
624.02	1.053
624.35	1.112
624.68	1.120
625.01	1.146
625.34	1.153
625.66	1.143
625.99	1.170
626.32	1.178
626.65	1.219
626.98	1.247
627.30	1.230
627.63	1.227
627.96	1.188
628.29	1.136
628.61	1.116
628.94	1.117
629.27	1.174
629.60	1.184
629.92	1.156
630.25	1.131
630.58	1.128
630.91	1.158
631.23	1.121
631.56	1.097
631.89	1.145
632.21	1.165
632.54	1.144
632.87	1.059
633.19	1.024
633.52	1.001
633.85	0.986
634.18	0.986
634.50	1.004
634.83	1.002
635.16	1.041
635.48	0.984
635.81	0.948
636.14	0.940
636.46	1.012
636.79	1.005
637.11	1.040
637.44	1.074
637.77	1.095
638.09	1.049
638.42	1.069
638.75	1.009
639.07	1.057
639.40	1.060
639.73	1.095
640.05	1.064
640.38	1.115
640.70	1.092
641.03	1.064
641.36	1.055
641.68	1.088
642.01	1.120
642.33	1.157
642.66	1.150
642.98	1.214
643.31	1.180
643.64	1.255
643.96	1.209
644.29	1.196
644.61	1.221
644.94	1.184
645.26	1.144
645.59	1.082
645.91	1.118
646.24	1.132
646.56	1.114
646.89	1.125
647.22	1.047
647.54	1.120
647.87	1.184
648.19	1.191
648.52	1.200
648.84	1.186
649.17	1.203
649.49	1.212
649.82	1.203
650.14	1.115
650.47	1.075
650.79	1.083
651.11	0.984
651.44	0.935
651.76	0.907
652.09	0.937
652.41	0.943
652.74	0.907
653.06	0.873
653.39	0.897
653.71	0.959
654.04	1.090
654.36	1.106
654.68	1.164
655.01	1.153
655.33	1.205
655.66	1.203
655.98	1.205
656.30	1.217
656.63	1.240
656.95	1.235
657.28	1.173
657.60	1.096
657.92	1.091
658.25	1.124
658.57	1.165
658.90	1.088
659.22	1.057
659.54	1.050
659.87	1.086
660.19	1.061
660.51	1.052
660.84	1.136
661.16	1.172
661.48	1.156
661.81	1.100
662.13	1.084
662.45	1.175
662.78	1.171
663.10	1.165
663.42	1.143
663.75	1.138
664.07	1.113
664.39	1.153
664.72	1.154
665.04	1.192
665.36	1.222
665.69	1.181
666.01	1.141
666.33	1.128
666.65	1.150
666.98	1.131
667.30	1.149
667.62	1.178
667.94	1.065
668.27	1.053
668.59	1.069
668.91	0.968
669.23	0.988
669.56	1.014
669.88	1.023
670.20	1.039
670.52	1.008
670.85	0.924
671.17	0.918
671.49	0.965
671.81	0.960
672.13	0.909
672.46	0.989
672.78	1.019
673.10	1.059
673.42	1.157
673.74	1.146
674.07	1.215
674.39	1.250
674.71	1.234
675.03	1.273
675.35	1.264
675.67	1.305
676.00	1.342
676.32	1.336
676.64	1.269
676.96	1.199
677.28	1.194
677.60	1.118
677.92	1.122
678.25	1.084
678.57	1.049
678.89	1.026
679.21	1.015
679.53	0.961
679.85	0.950
680.17	0.898
680.49	0.951
680.81	0.983
681.13	1.079
681.46	1.139
681.78	1.195
682.10	1.259
682.42	1.273
682.74	1.241
683.06	1.287
683.38	1.324
683.70	1.349
684.02	1.244
684.34	1.198
684.66	1.214
684.98	1.247
685.30	1.266
685.62	1.223
685.94	1.232
686.26	1.282
686.58	1.270
686.90	1.275
687.22	1.361
687.54	1.375
687.86	1.302
688.18	1.239
688.50	1.252
688.82	1.188
689.14	1.224
689.46	1.235
689.78	1.248
690.10	1.273
690.42	1.268
690.74	1.257
691.06	1.316
691.38	1.387
691.70	1.319
692.02	1.262
692.34	1.237
692.66	1.212
692.98	1.253
693.30	1.257
693.62	1.142
693.94	1.089
694.26	1.051
694.57	1.052
694.89	1.022
695.21	1.100
695.53	1.085
695.85	1.154
696.17	1.172
696.49	1.214
696.81	1.181
697.13	1.276
697.44	1.257
697.76	1.252
698.08	1.243
698.40	1.310
698.72	1.342
699.04	1.366
699.36	1.302
699.67	1.206
699.99	1.091
700.31	1.085
700.63	1.010
700.95	1.040
701.27	1.075
701.58	1.034
701.90	1.080
702.22	1.157
702.54	1.146
702.86	1.182
703.17	1.231
703.49	1.361
703.81	1.338
704.13	1.404
704.45	1.415
704.76	1.420
705.08	1.461
705.40	1.440
705.72	1.305
706.03	1.350
706.35	1.430
706.67	1.452
706.99	1.345
707.30	1.367
707.62	1.305
707.94	1.303
708.26	1.244
708.57	1.271
708.89	1.192
709.21	1.140
709.53	1.048
709.84	0.959
710.16	0.958
710.48	0.938
710.79	0.939
711.11	0.998
711.43	1.059
711.74	1.105
712.06	1.057
712.38	1.133
712.69	1.211
713.01	1.307
713.33	1.279
713.64	1.280
713.96	1.300
714.28	1.501
714.59	1.485
714.91	1.535
715.23	1.492
715.54	1.573
715.86	1.608
716.17	1.759
716.49	1.847
716.81	1.965
717.12	1.924
717.44	2.052
717.76	1.800
718.07	1.732
718.39	1.684
718.70	1.666
719.02	1.630
719.33	1.483
719.65	1.350
719.97	1.201
720.28	1.287
720.60	1.416
720.91	1.385
721.23	1.535
721.54	1.769
721.86	1.749
722.17	1.700
722.49	1.646
722.81	1.837
723.12	1.870
723.44	1.734
723.75	1.656
724.07	1.671
724.38	1.706
724.70	1.540
725.01	1.330
725.33	1.307
725.64	1.534
725.96	1.709
726.27	1.747
726.59	1.756
726.90	1.886
727.22	1.860
727.53	1.669
727.84	1.604
728.16	1.612
728.47	1.808
728.79	1.801
729.10	1.698
729.42	1.644
729.73	1.473
730.05	1.348
730.36	1.354
730.67	1.327
730.99	1.471
731.30	1.521
731.62	1.613
731.93	1.369
732.24	1.388
732.56	1.347
732.87	1.270
733.19	1.268
733.50	1.223
733.81	1.255
734.13	1.302
734.44	1.361
734.76	1.516
735.07	1.362
735.38	1.419
735.70	1.519
736.01	1.565
736.32	1.569
736.64	1.618
736.95	1.801
737.26	1.699
737.58	1.638
737.89	1.612
738.20	1.421
738.52	1.379
738.83	1.539
739.14	1.327
739.45	1.427
739.77	1.414
740.08	1.331
740.39	1.086
740.71	1.196
741.02	1.386
741.33	1.323
741.64	1.227
741.96	1.346
742.27	1.248
742.58	1.333
742.90	1.008
743.21	0.774
743.52	0.922
743.83	1.077
744.14	1.046
744.46	1.079
744.77	1.132
745.08	1.411
745.39	1.557
745.71	1.463
746.02	1.541
746.33	1.642
746.64	1.755
746.95	1.607
747.27	1.751
747.58	1.586
747.89	1.320
748.20	1.290
748.51	0.918
748.82	0.726
749.14	0.704
749.45	0.645
749.76	0.778
750.07	0.765
750.38	0.739
750.69	0.651
751.01	0.914
751.32	0.893
751.63	0.893
751.94	0.996
752.25	0.980
752.56	0.990
752.87	0.759
753.18	0.494
753.49	0.601
753.81	0.618
754.12	0.554
754.43	0.154
754.74	0.032
755.05	0.021
755.36	0.013
755.67	0.058
755.98	0.004
756.29	0.465
756.60	0.722
756.91	0.632
757.22	0.721
757.53	0.751
757.84	0.931
758.15	1.193
758.46	1.139
758.77	1.208
759.09	1.415
759.40	1.490
759.71	1.333
760.02	1.171
760.33	1.392
760.64	1.483
760.95	1.502
761.26	1.684
761.57	1.655
761.88	1.684
762.18	1.768
762.49	1.728
762.80	1.752
763.11	1.809
763.42	1.970
763.73	1.884
764.04	1.812
764.35	1.744
764.66	1.553
764.97	1.407
765.28	1.382
765.59	1.252
765.90	1.100
766.21	1.117
766.52	0.903
766.83	0.581
767.14	0.523
767.44	0.424
767.75	0.438
768.06	0.490
768.37	0.572
768.68	0.378
768.99	0.237
769.30	0.191
769.61	-0.139
769.91	-0.119
770.22	-0.143
770.53	-0.335
770.84	-0.286
771.15	-0.215
771.46	0.082
771.77	0.119
772.07	0.318
772.38	0.161
772.69	0.059
773.00	0.284
773.31	0.344
773.61	0.235
773.92	0.447
774.23	0.114
774.54	0.132
774.85	-0.181
775.15	-0.249
775.46	-0.296
775.77	-0.280
776.08	-0.312
776.39	-0.368
776.69	-0.514
777.00	-0.612
777.31	-0.702
777.62	-0.599
777.92	-0.591
778.23	-0.782
778.54	-0.629
778.85	-0.716
779.15	-0.812
779.46	-0.649
779.77	-0.598
780.07	-0.661
780.38	-0.043
780.69	0.083
781.00	0.174
781.30	-0.025
781.61	0.193
781.92	0.022
782.22	0.051
782.53	0.539
782.84	0.685
783.14	0.835
783.45	1.187
783.76	1.305
784.06	1.073
784.37	1.647
784.68	1.883
784.98	1.923
785.29	1.837
785.60	1.759
785.90	1.737
786.21	1.579
786.51	1.385
786.82	1.038
787.13	0.867
787.43	0.837
787.74	0.631
788.04	0.488
788.35	0.444
788.66	0.408
788.96	0.514
789.27	0.159
789.57	0.143
789.88	0.038
790.19	0.131
790.49	0.055
790.80	0.185
791.10	-0.211
791.41	-0.441
791.71	-0.492
792.02	-0.221
792.32	-0.148
792.63	0.055
792.93	0.350
793.24	0.877
793.54	1.013
793.85	1.055
794.15	0.934
794.46	1.294
794.76	1.569
795.07	1.432
795.37	1.641
795.68	1.429
795.98	1.186
796.29	1.002
796.59	0.625
796.90	0.509
797.20	0.651
797.51	1.096
797.81	0.698
798.12	0.718
798.42	0.976
798.72	0.823
799.03	1.299
799.33	1.610
799.64	1.708
799.94	1.980
800.25	1.938
800.55	1.841
800.85	2.106
801.16	2.231
801.46	1.985
801.77	2.086
802.07	1.935
802.37	1.691
802.68	1.742
802.98	1.488
803.28	0.850
803.59	0.994
803.89	0.742
804.20	0.475
804.50	0.726
804.80	1.055
805.11	0.795
805.41	1.620
805.71	1.655
806.02	1.602
806.32	1.677
806.62	2.311
806.93	2.424
807.23	2.503
807.53	2.288
807.83	2.484
808.14	1.973
808.44	2.124
808.74	1.232
809.05	1.423
809.35	1.285
809.65	1.081
809.95	1.024
810.26	0.890
810.56	0.829
810.86	0.784
811.16	0.474
811.47	1.183
811.77	0.631
812.07	0.279
812.37	-0.241
812.68	0.154
812.98	0.285
813.28	0.080
813.58	0.161
813.88	0.206
814.19	0.334
814.49	0.549
814.79	0.475
815.09	1.227
815.39	1.747
815.70	1.908
816.00	1.689
816.30	1.520
816.60	1.834
816.90	1.776
817.20	1.946
817.50	2.106
817.81	2.110
818.11	2.188
818.41	2.191
818.71	2.454
819.01	2.439
819.31	2.548
819.61	2.811
819.92	2.722
820.22	2.679
820.52	2.699
820.82	2.690
821.12	2.681
821.42	2.680
821.72	2.616
822.02	2.544
822.32	2.635
822.62	2.635
822.92	2.616
823.22	2.683
823.52	2.710
823.83	2.648
824.13	2.671
824.43	2.683
824.73	2.660
825.03	2.754
825.33	2.784
825.63	2.749
825.93	2.718
826.23	2.607
826.53	2.435
826.83	2.450
827.13	2.698
827.43	2.460
827.73	2.405
828.03	2.409
828.33	2.484
828.63	2.403
828.93	2.014
829.23	1.763
829.53	1.643
829.83	1.695
830.13	1.634
830.42	1.314
830.72	1.775
831.02	1.823
831.32	1.798
831.62	1.867
831.92	2.002
832.22	2.459
832.52	2.506
832.82	2.238
833.12	2.310
833.42	2.242
833.72	2.222
834.01	2.039
834.31	1.891
834.61	1.530
834.91	1.274
835.21	1.083
835.51	1.210
835.81	1.183
836.11	1.556
836.40	1.668
836.70	1.874
837.00	2.162
837.30	2.383
837.60	2.859
837.90	3.199
838.19	3.038
838.49	2.849
838.79	2.335
839.09	3.387
839.39	3.474
839.68	3.300
839.98	3.504
840.28	2.748
840.58	2.036
840.88	1.578
841.17	2.317
841.47	2.986
841.77	3.233
842.07	3.638
842.36	1.506
842.66	1.152
842.96	1.460
843.26	0.910
843.55	2.168
843.85	3.438
844.15	4.057
844.45	3.524
844.74	2.001
845.04	2.574
845.34	0.627
845.63	2.937
845.93	3.350
846.23	1.624
846.53	1.727
846.82	0.157
847.12	-1.204
847.42	-2.139
847.71	-0.419
848.01	0.539
848.31	1.550
848.60	4.419
848.90	2.945
849.19	2.554
849.49	3.686
849.79	3.562
850.08	5.156
850.38	6.417
850.68	5.887
850.97	5.477
851.27	3.854
851.56	-0.143
851.86	-0.048
852.16	1.143
852.45	-0.377
852.75	2.520
853.04	1.836
853.34	1.415
853.64	-0.796
853.93	0.930
854.23	-0.557
854.52	1.753
854.82	4.186
855.11	2.083
855.41	0.859
855.70	2.449
856.00	-1.145
856.30	-0.902
856.59	-1.627
856.89	-1.479
857.18	-3.194
857.48	-3.506
857.77	-5.297
858.07	-5.745
858.36	-5.652
858.66	-3.250
858.95	-3.826
859.25	-4.254
859.54	-5.316
859.84	-6.956
860.13	-6.410
860.42	-4.382
860.72	-4.056
861.01	-3.353
861.31	-4.888
861.60	-3.737
861.90	-4.685
862.19	-2.590
862.49	-0.745
862.78	-0.416
863.07	2.711
863.37	4.483
863.66	3.262
863.96	3.237
864.25	4.060
864.54	4.847
864.84	3.794
865.13	2.997
865.43	1.457
865.72	8.903
866.01	-8.175
866.31	-4.198
866.60	-0.730
866.89	-1.474
