180.30	0.000
180.67	0.000
181.03	-70.587
181.40	35.653
181.77	203.900
182.14	63.861
182.51	6.890
182.88	57.490
183.25	-6.840
183.62	8.801
183.99	208.162
184.36	-133.091
184.73	-38.123
185.10	-131.887
185.46	80.815
185.83	2350.162
186.20	182.635
186.57	-8247.696
186.94	41.625
187.31	-41.856
187.68	201.262
188.05	373.709
188.42	99.980
188.78	83.067
189.15	34.861
189.52	8.851
189.89	3.302
190.26	31.640
190.63	47.957
191.00	49.907
191.37	44.412
191.73	31.379
192.10	28.983
192.47	24.702
192.84	29.231
193.21	26.122
193.58	31.104
193.94	42.647
194.31	38.912
194.68	45.136
195.05	39.438
195.42	41.914
195.79	54.699
196.15	87.119
196.52	73.853
196.89	66.727
197.26	83.324
197.63	96.923
198.00	69.971
198.36	62.548
198.73	-0.192
199.10	-59.001
199.47	-24.033
199.84	-47.876
200.20	-77.257
200.57	-109.342
200.94	-69.478
201.31	-64.646
201.68	-115.163
202.04	-70.217
202.41	-77.578
202.78	-68.386
203.15	-71.998
203.51	-45.006
203.88	-7.800
204.25	2.038
204.62	-11.148
204.98	-15.537
205.35	-2.744
205.72	-5.496
206.09	10.492
206.46	5.621
206.82	15.751
207.19	23.584
207.56	8.844
207.92	-12.767
208.29	-6.503
208.66	3.694
209.03	-7.192
209.39	-23.237
209.76	-19.879
210.13	-55.439
210.50	-50.059
210.86	-51.621
211.23	-39.873
211.60	-47.351
211.96	-71.539
212.33	-123.525
212.70	-164.713
213.07	-83.774
213.43	-72.103
213.80	-67.320
214.17	-34.552
214.53	-24.047
214.90	-33.398
215.27	-36.119
215.63	-62.962
216.00	-87.492
216.37	-79.165
216.74	-42.511
217.10	-58.322
217.47	-68.935
217.84	-60.069
218.20	-53.105
218.57	-69.405
218.94	-61.266
219.30	-61.235
219.67	-31.610
220.04	10.247
220.40	17.766
220.77	13.545
221.13	18.897
221.50	20.339
221.87	28.433
222.23	21.891
222.60	16.322
222.97	10.262
223.33	10.073
223.70	8.978
224.07	10.290
224.43	7.610
224.80	4.422
225.16	0.912
225.53	2.734
225.90	-2.630
226.26	-2.752
226.63	-0.844
226.99	-2.860
227.36	-3.515
227.73	-4.052
228.09	-6.226
228.46	-6.523
228.82	-6.269
229.19	-6.419
229.56	-5.948
229.92	-2.863
230.29	-4.092
230.65	-1.918
231.02	3.712
231.38	2.778
231.75	5.169
232.12	3.918
232.48	4.533
232.85	7.926
233.21	9.914
233.58	6.749
233.94	3.666
234.31	5.183
234.68	4.900
235.04	2.124
235.41	5.350
235.77	4.355
236.14	5.029
236.50	2.439
236.87	-1.546
237.23	-2.394
237.60	-0.985
237.96	0.293
238.33	-0.751
238.69	-2.287
239.06	-1.196
239.42	-0.312
239.79	-0.002
240.15	1.076
240.52	2.775
240.88	3.936
241.25	4.170
241.61	3.623
241.98	3.485
242.34	3.527
242.71	3.716
243.07	4.010
243.44	3.148
243.80	2.621
244.17	2.451
244.53	2.332
244.90	2.349
245.26	2.251
245.63	2.739
245.99	3.190
246.36	3.401
246.72	3.476
247.09	3.255
247.45	3.923
247.81	4.143
248.18	4.220
248.54	4.075
248.91	4.149
249.27	3.875
249.64	3.683
250.00	3.227
250.36	3.576
250.73	3.977
251.09	3.223
251.46	2.072
251.82	2.530
252.19	1.680
252.55	1.747
252.91	1.824
253.28	2.653
253.64	2.852
254.01	3.030
254.37	3.099
254.73	3.334
255.10	3.607
255.46	3.587
255.83	3.233
256.19	3.721
256.55	3.917
256.92	3.482
257.28	3.420
257.65	2.968
258.01	2.870
258.37	2.655
258.74	2.557
259.10	2.539
259.46	2.792
259.83	2.696
260.19	2.550
260.55	2.517
260.92	2.583
261.28	2.222
261.64	2.908
262.01	3.407
262.37	3.554
262.73	3.575
263.10	3.833
263.46	3.728
263.82	3.827
264.19	3.730
264.55	3.368
264.91	3.416
265.28	3.691
265.64	3.381
266.00	2.875
266.37	2.880
266.73	2.857
267.09	2.939
267.46	2.682
267.82	2.572
268.18	2.803
268.54	2.948
268.91	2.765
269.27	2.730
269.63	2.782
270.00	2.693
270.36	2.638
270.72	2.726
271.08	2.790
271.45	3.052
271.81	3.213
272.17	3.048
272.53	2.959
272.90	3.151
273.26	3.416
273.62	3.213
273.98	3.552
274.35	3.548
274.71	3.367
275.07	3.389
275.43	3.410
275.80	3.540
276.16	3.904
276.52	3.944
276.88	3.894
277.25	3.552
277.61	3.698
277.97	3.424
278.33	3.461
278.69	3.523
279.06	2.999
279.42	3.113
279.78	3.221
280.14	3.038
280.50	2.986
280.87	2.831
281.23	2.760
281.59	2.676
281.95	2.833
282.31	2.868
282.68	2.771
283.04	3.041
283.40	2.722
283.76	2.543
284.12	2.443
284.48	2.558
284.85	2.806
285.21	2.978
285.57	2.866
285.93	2.931
286.29	2.761
286.65	2.778
287.02	2.808
287.38	3.115
287.74	2.973
288.10	3.003
288.46	2.904
288.82	2.566
289.18	2.428
289.54	2.505
289.91	2.304
290.27	2.264
290.63	2.204
290.99	2.193
291.35	2.155
291.71	2.559
292.07	2.511
292.43	2.495
292.79	2.662
293.16	2.586
293.52	2.836
293.88	2.794
294.24	2.775
294.60	2.988
294.96	2.939
295.32	2.738
295.68	2.564
296.04	2.523
296.40	2.650
296.76	2.783
297.12	2.977
297.49	2.832
297.85	2.952
298.21	3.155
298.57	3.115
298.93	3.084
299.29	3.102
299.65	3.211
300.01	3.316
300.37	3.206
300.73	3.124
301.09	3.322
301.45	3.455
301.81	3.342
302.17	3.344
302.53	3.381
302.89	3.327
303.25	3.482
303.61	3.486
303.97	3.514
304.33	3.627
304.69	3.783
305.05	3.476
305.41	3.204
305.77	3.307
306.13	3.268
306.49	3.029
306.85	3.136
307.21	3.208
307.57	3.179
307.93	3.202
308.29	3.251
308.65	3.043
309.01	2.939
309.37	3.115
309.73	2.986
310.09	2.983
310.45	3.004
310.81	2.853
311.17	2.630
311.53	2.563
311.89	2.568
312.25	2.418
312.61	2.530
312.96	2.779
313.32	2.756
313.68	2.696
314.04	2.740
314.40	2.787
314.76	2.921
315.12	3.033
315.48	3.125
315.84	3.053
316.20	3.121
316.56	2.986
316.92	2.877
317.27	2.972
317.63	3.134
317.99	3.200
318.35	3.477
318.71	3.548
319.07	3.546
319.43	3.379
319.79	3.378
320.15	3.284
320.50	3.355
320.86	3.353
321.22	3.261
321.58	3.255
321.94	3.037
322.30	2.827
322.66	2.794
323.01	2.670
323.37	2.912
323.73	2.955
324.09	3.007
324.45	2.940
324.81	2.832
325.17	2.741
325.52	2.598
325.88	2.722
326.24	2.728
326.60	2.722
326.96	2.717
327.31	2.586
327.67	2.596
328.03	2.502
328.39	2.522
328.75	2.556
329.11	2.725
329.46	2.775
329.82	2.831
330.18	2.733
330.54	2.726
330.90	2.905
331.25	2.854
331.61	2.777
331.97	2.881
332.33	2.933
332.68	3.040
333.04	3.054
333.40	3.135
333.76	3.018
334.11	3.063
334.47	3.150
334.83	3.150
335.19	3.140
335.54	3.177
335.90	3.307
336.26	3.342
336.62	3.301
336.97	3.128
337.33	3.098
337.69	3.061
338.05	3.087
338.40	3.110
338.76	3.040
339.12	3.178
339.48	3.192
339.83	3.111
340.19	3.172
340.55	3.196
340.90	3.330
341.26	3.394
341.62	3.532
341.97	3.501
342.33	3.386
342.69	3.490
343.04	3.387
343.40	3.373
343.76	3.382
344.12	3.240
344.47	3.294
344.83	3.252
345.19	3.362
345.54	3.340
345.90	3.332
346.26	3.450
346.61	3.465
346.97	3.484
347.32	3.572
347.68	3.532
348.04	3.581
348.39	3.489
348.75	3.486
349.11	3.309
349.46	3.307
349.82	3.339
350.18	3.375
350.53	3.212
350.89	3.301
351.24	3.252
351.60	3.272
351.96	3.273
352.31	3.377
352.67	3.457
353.02	3.554
353.38	3.518
353.74	3.532
354.09	3.449
354.45	3.611
354.80	3.596
355.16	3.615
355.52	3.654
355.87	3.621
356.23	3.612
356.58	3.585
356.94	3.572
357.29	3.593
357.65	3.635
358.00	3.582
358.36	3.617
358.72	3.577
359.07	3.596
359.43	3.521
359.78	3.549
360.14	3.517
360.49	3.505
360.85	3.503
361.20	3.516
361.56	3.413
361.91	3.545
362.27	3.517
362.62	3.501
362.98	3.507
363.33	3.582
363.69	3.605
364.04	3.614
364.40	3.586
364.75	3.603
365.11	3.595
365.46	3.691
365.82	3.612
366.17	3.642
366.53	3.720
366.88	3.718
367.24	3.690
367.59	3.675
367.95	3.789
368.30	3.797
368.66	3.825
369.01	3.833
369.37	3.850
369.72	3.923
370.08	3.896
370.43	3.913
370.78	3.869
371.14	3.954
371.49	4.007
371.85	3.937
372.20	4.019
372.56	4.012
372.91	4.061
373.26	4.075
373.62	4.039
373.97	4.038
374.33	3.957
374.68	3.973
375.03	3.962
375.39	3.936
375.74	3.899
376.10	3.925
376.45	3.987
376.80	3.995
377.16	4.038
377.51	4.055
377.87	4.073
378.22	4.161
378.57	4.269
378.93	4.331
379.28	4.416
379.63	4.520
379.99	4.570
380.34	4.598
380.70	4.591
381.05	4.632
381.40	4.679
381.76	4.727
382.11	4.821
382.46	4.827
382.82	4.822
383.17	4.851
383.52	4.823
383.88	4.800
384.23	4.774
384.58	4.812
384.94	4.802
385.29	4.829
385.64	4.815
385.99	4.765
386.35	4.822
386.70	4.821
387.05	4.804
387.41	4.880
387.76	4.873
388.11	4.972
388.47	5.011
388.82	5.010
389.17	5.032
389.52	5.081
389.88	5.124
390.23	5.111
390.58	5.179
390.93	5.229
391.29	5.262
391.64	5.349
391.99	5.315
392.34	5.350
392.70	5.359
393.05	5.352
393.40	5.361
393.75	5.336
394.11	5.309
394.46	5.220
394.81	5.215
395.16	5.152
395.52	5.059
395.87	5.003
396.22	4.947
396.57	4.898
396.92	4.837
397.28	4.760
397.63	4.724
397.98	4.681
398.33	4.673
398.68	4.598
399.04	4.599
399.39	4.574
399.74	4.586
400.09	4.547
400.44	4.562
400.80	4.564
401.15	4.620
401.50	4.652
401.85	4.680
402.20	4.746
402.55	4.782
402.90	4.787
403.26	4.835
403.61	4.860
403.96	4.912
404.31	4.954
404.66	4.982
405.01	4.952
405.36	4.941
405.72	4.920
406.07	4.873
406.42	4.871
406.77	4.866
407.12	4.886
407.47	4.865
407.82	4.806
408.17	4.808
408.53	4.812
408.88	4.820
409.23	4.806
409.58	4.844
409.93	4.818
410.28	4.834
410.63	4.851
410.98	4.829
411.33	4.814
411.68	4.849
412.03	4.843
412.38	4.856
412.73	4.893
413.09	4.937
413.44	4.992
413.79	5.090
414.14	5.152
414.49	5.206
414.84	5.256
415.19	5.329
415.54	5.391
415.89	5.444
416.24	5.529
416.59	5.575
416.94	5.635
417.29	5.640
417.64	5.676
417.99	5.695
418.34	5.690
418.69	5.700
419.04	5.702
419.39	5.730
419.74	5.745
420.09	5.723
420.44	5.731
420.79	5.719
421.14	5.721
421.49	5.693
421.84	5.671
422.19	5.684
422.54	5.687
422.89	5.690
423.24	5.664
423.59	5.634
423.94	5.615
424.29	5.568
424.64	5.519
424.99	5.497
425.34	5.470
425.68	5.447
426.03	5.395
426.38	5.329
426.73	5.306
427.08	5.261
427.43	5.280
427.78	5.262
428.13	5.288
428.48	5.320
428.83	5.322
429.18	5.333
429.53	5.323
429.87	5.346
430.22	5.377
430.57	5.387
430.92	5.413
431.27	5.400
431.62	5.424
431.97	5.419
432.32	5.421
432.67	5.401
433.01	5.406
433.36	5.430
433.71	5.413
434.06	5.410
434.41	5.404
434.76	5.398
435.11	5.401
435.45	5.407
435.80	5.423
436.15	5.425
436.50	5.467
436.85	5.492
437.20	5.508
437.54	5.516
437.89	5.515
438.24	5.521
438.59	5.533
438.94	5.517
439.29	5.507
439.63	5.468
439.98	5.435
440.33	5.403
440.68	5.374
441.03	5.336
441.37	5.327
441.72	5.316
442.07	5.316
442.42	5.300
442.76	5.317
443.11	5.311
443.46	5.304
443.81	5.315
444.16	5.330
444.50	5.330
444.85	5.313
445.20	5.298
445.55	5.273
445.89	5.221
446.24	5.169
446.59	5.088
446.94	5.024
447.28	4.967
447.63	4.898
447.98	4.798
448.32	4.712
448.67	4.655
449.02	4.588
449.37	4.553
449.71	4.536
450.06	4.527
450.41	4.539
450.75	4.564
451.10	4.568
451.45	4.563
451.79	4.578
452.14	4.566
452.49	4.562
452.84	4.545
453.18	4.540
453.53	4.529
453.88	4.527
454.22	4.561
454.57	4.565
454.92	4.636
455.26	4.717
455.61	4.785
455.95	4.868
456.30	4.931
456.65	4.994
456.99	5.069
457.34	5.138
457.69	5.199
458.03	5.200
458.38	5.220
458.73	5.223
459.07	5.202
459.42	5.168
459.76	5.141
460.11	5.108
460.46	5.082
460.80	5.034
461.15	4.990
461.49	4.977
461.84	4.981
462.19	4.981
462.53	4.987
462.88	5.014
463.22	5.073
463.57	5.110
463.91	5.161
464.26	5.212
464.61	5.238
464.95	5.272
465.30	5.298
465.64	5.330
465.99	5.374
466.33	5.408
466.68	5.426
467.02	5.426
467.37	5.442
467.71	5.471
468.06	5.478
468.41	5.493
468.75	5.509
469.10	5.489
469.44	5.468
469.79	5.463
470.13	5.446
470.48	5.433
470.82	5.401
471.17	5.392
471.51	5.371
471.86	5.341
472.20	5.329
472.55	5.299
472.89	5.294
473.23	5.287
473.58	5.247
473.92	5.228
474.27	5.219
474.61	5.218
474.96	5.187
475.30	5.168
475.65	5.168
475.99	5.166
476.34	5.188
476.68	5.169
477.02	5.191
477.37	5.200
477.71	5.206
478.06	5.275
478.40	5.411
478.75	5.584
479.09	5.774
479.43	5.964
479.78	6.128
480.12	6.280
480.47	6.419
480.81	6.565
481.15	6.694
481.50	6.811
481.84	6.908
482.19	6.993
482.53	7.047
482.87	7.069
483.22	7.084
483.56	7.085
483.90	7.073
484.25	7.062
484.59	7.010
484.94	6.967
485.28	6.922
485.62	6.859
485.97	6.794
486.31	6.741
486.65	6.715
487.00	6.692
487.34	6.673
487.68	6.662
488.03	6.661
488.37	6.666
488.71	6.681
489.06	6.697
489.40	6.704
489.74	6.710
490.09	6.729
490.43	6.710
490.77	6.677
491.11	6.660
491.46	6.632
491.80	6.591
492.14	6.583
492.49	6.551
492.83	6.519
493.17	6.504
493.51	6.500
493.86	6.488
494.20	6.544
494.54	6.633
494.88	6.720
495.23	6.815
495.57	6.947
495.91	7.029
496.25	7.132
496.60	7.252
496.94	7.376
497.28	7.474
497.62	7.583
497.97	7.675
498.31	7.760
498.65	7.877
498.99	8.039
499.33	8.179
499.68	8.354
500.02	8.517
500.36	8.666
500.70	8.840
501.04	9.016
501.39	9.212
501.73	9.412
502.07	9.626
502.41	9.845
502.75	10.014
503.09	10.203
503.44	10.410
503.78	10.646
504.12	10.876
504.46	11.117
504.80	11.370
505.14	11.636
505.49	11.871
505.83	12.111
506.17	12.345
506.51	12.596
506.85	12.863
507.19	13.115
507.53	13.332
507.87	13.578
508.22	13.805
508.56	14.029
508.90	14.253
509.24	14.492
509.58	14.726
509.92	14.964
510.26	15.204
510.60	15.427
510.94	15.663
511.28	15.890
511.63	16.143
511.97	16.398
512.31	16.676
512.65	16.948
512.99	17.231
513.33	17.546
513.67	17.852
514.01	18.169
514.35	18.487
514.69	18.781
515.03	19.123
515.37	19.416
515.71	19.680
516.05	19.945
516.39	20.170
516.73	20.383
517.07	20.575
517.41	20.753
517.75	20.887
518.09	21.039
518.43	21.194
518.77	21.315
519.11	21.410
519.45	21.548
519.79	21.668
520.13	21.795
520.47	21.960
520.81	22.158
521.15	22.368
521.49	22.649
521.83	22.880
522.17	23.116
522.51	23.365
522.85	23.700
523.19	24.084
523.53	24.507
523.87	24.954
524.21	25.385
524.55	25.767
524.89	26.121
525.23	26.415
525.57	26.679
525.91	26.927
526.25	27.149
526.58	27.330
526.92	27.455
527.26	27.550
527.60	27.609
527.94	27.633
528.28	27.641
528.62	27.640
528.96	27.645
529.30	27.643
529.64	27.619
529.97	27.613
530.31	27.598
530.65	27.594
530.99	27.607
531.33	27.653
531.67	27.701
532.01	27.751
532.35	27.766
532.68	27.763
533.02	27.775
533.36	27.789
533.70	27.795
534.04	27.780
534.38	27.755
534.71	27.737
535.05	27.702
535.39	27.690
535.73	27.688
536.07	27.760
536.41	27.880
536.74	28.051
537.08	28.251
537.42	28.415
537.76	28.610
538.10	28.817
538.43	29.003
538.77	29.142
539.11	29.285
539.45	29.421
539.79	29.509
540.12	29.556
540.46	29.533
540.80	29.480
541.14	29.437
541.47	29.384
541.81	29.313
542.15	29.223
542.49	29.158
542.82	29.066
543.16	28.948
543.50	28.834
543.84	28.743
544.17	28.691
544.51	28.666
544.85	28.659
545.18	28.585
545.52	28.529
545.86	28.498
546.20	28.452
546.53	28.390
546.87	28.356
547.21	28.318
547.54	28.273
547.88	28.256
548.22	28.240
548.55	28.178
548.89	28.200
549.23	28.226
549.56	28.217
549.90	28.200
550.24	28.251
550.57	28.243
550.91	28.250
551.25	28.255
551.58	28.246
551.92	28.255
552.26	28.260
552.59	28.275
552.93	28.278
553.27	28.229
553.60	28.237
553.94	28.230
554.27	28.208
554.61	28.202
554.95	28.214
555.28	28.198
555.62	28.154
555.95	28.149
556.29	28.133
556.63	28.139
556.96	28.176
557.30	28.205
557.63	28.172
557.97	28.226
558.31	28.208
558.64	28.194
558.98	28.232
559.31	28.237
559.65	28.253
559.98	28.278
560.32	28.283
560.65	28.332
560.99	28.342
561.33	28.436
561.66	28.487
562.00	28.607
562.33	28.659
562.67	28.721
563.00	28.775
563.34	28.802
563.67	28.846
564.01	28.897
564.34	28.942
564.68	29.011
565.01	28.998
565.35	28.991
565.68	28.983
566.02	29.002
566.35	29.010
566.69	29.048
567.02	29.103
567.36	29.088
567.69	29.101
568.03	29.062
568.36	29.066
568.69	29.096
569.03	29.118
569.36	29.128
569.70	29.128
570.03	29.144
570.37	29.119
570.70	29.102
571.04	29.130
571.37	29.131
571.70	29.156
572.04	29.138
572.37	29.116
572.71	29.094
573.04	29.089
573.37	29.075
573.71	29.023
574.04	29.042
574.38	29.028
574.71	28.988
575.04	28.944
575.38	28.891
575.71	28.844
576.05	28.814
576.38	28.790
576.71	28.708
577.05	28.715
577.38	28.682
577.71	28.614
578.05	28.556
578.38	28.545
578.71	28.505
579.05	28.477
579.38	28.474
579.71	28.437
580.05	28.401
580.38	28.384
580.71	28.315
581.05	28.270
581.38	28.248
581.71	28.219
582.05	28.184
582.38	28.169
582.71	28.165
583.04	28.143
583.38	28.130
583.71	28.132
584.04	28.169
584.38	28.166
584.71	28.214
585.04	28.256
585.37	28.324
585.71	28.386
586.04	28.433
586.37	28.466
586.70	28.501
587.04	28.558
587.37	28.592
587.70	28.609
588.03	28.623
588.37	28.653
588.70	28.646
589.03	28.598
589.36	28.603
589.69	28.548
590.03	28.572
590.36	28.537
590.69	28.466
591.02	28.433
591.35	28.403
591.69	28.393
592.02	28.328
592.35	28.310
592.68	28.321
593.01	28.249
593.35	28.242
593.68	28.160
594.01	28.114
594.34	28.066
594.67	27.970
595.00	27.924
595.34	27.888
595.67	27.882
596.00	27.815
596.33	27.780
596.66	27.716
596.99	27.653
597.32	27.581
597.65	27.567
597.99	27.542
598.32	27.574
598.65	27.490
598.98	27.452
599.31	27.360
599.64	27.325
599.97	27.242
600.30	27.261
600.63	27.253
600.96	27.265
601.30	27.223
601.63	27.217
601.96	27.148
602.29	27.165
602.62	27.134
602.95	27.150
603.28	27.145
603.61	27.119
603.94	27.071
604.27	27.015
604.60	27.001
604.93	26.962
605.26	26.926
605.59	26.903
605.92	26.820
606.25	26.783
606.58	26.697
606.91	26.649
607.24	26.631
607.57	26.560
607.90	26.568
608.23	26.475
608.56	26.432
608.89	26.375
609.22	26.336
609.55	26.290
609.88	26.214
610.21	26.134
610.54	26.000
610.87	25.905
611.20	25.850
611.53	25.703
611.86	25.718
612.19	25.628
612.52	25.558
612.85	25.456
613.18	25.425
613.51	25.381
613.84	25.375
614.17	25.371
614.49	25.315
614.82	25.248
615.15	25.204
615.48	25.076
615.81	25.008
616.14	24.955
616.47	24.943
616.80	24.869
617.13	24.754
617.46	24.686
617.78	24.651
618.11	24.603
618.44	24.531
618.77	24.521
619.10	24.491
619.43	24.479
619.76	24.417
620.09	24.374
620.41	24.364
620.74	24.420
621.07	24.433
621.40	24.363
621.73	24.339
622.06	24.434
622.38	24.439
622.71	24.423
623.04	24.405
623.37	24.435
623.70	24.461
624.02	24.439
624.35	24.435
624.68	24.424
625.01	24.453
625.34	24.456
625.66	24.372
625.99	24.290
626.32	24.261
626.65	24.189
626.98	24.108
627.30	24.042
627.63	23.996
627.96	23.902
628.29	23.812
628.61	23.719
628.94	23.667
629.27	23.583
629.60	23.517
629.92	23.466
630.25	23.430
630.58	23.404
630.91	23.385
631.23	23.325
631.56	23.290
631.89	23.245
632.21	23.228
632.54	23.101
632.87	23.063
633.19	23.058
633.52	23.009
633.85	22.943
634.18	22.871
634.50	22.743
634.83	22.721
635.16	22.657
635.48	22.581
635.81	22.514
636.14	22.527
636.46	22.468
636.79	22.418
637.11	22.349
637.44	22.359
637.77	22.312
638.09	22.300
638.42	22.237
638.75	22.183
639.07	22.163
639.40	22.094
639.73	22.087
640.05	22.067
640.38	22.015
640.70	22.000
641.03	21.978
641.36	21.953
641.68	21.906
642.01	21.912
642.33	21.952
642.66	21.972
642.98	21.975
643.31	21.959
643.64	21.966
643.96	21.994
644.29	21.930
644.61	21.934
644.94	21.979
645.26	22.015
645.59	21.988
645.91	22.017
646.24	21.998
646.56	21.992
646.89	21.964
647.22	21.911
647.54	21.892
647.87	21.934
648.19	21.879
648.52	21.793
648.84	21.722
649.17	21.690
649.49	21.599
649.82	21.510
650.14	21.461
650.47	21.425
650.79	21.443
651.11	21.431
651.44	21.414
651.76	21.430
652.09	21.425
652.41	21.479
652.74	21.510
653.06	21.477
653.39	21.416
653.71	21.405
654.04	21.345
654.36	21.359
654.68	21.269
655.01	21.244
655.33	21.105
655.66	21.092
655.98	21.041
656.30	20.999
656.63	20.974
656.95	21.015
657.28	20.960
657.60	20.954
657.92	20.869
658.25	20.833
658.57	20.798
658.90	20.807
659.22	20.744
659.54	20.636
659.87	20.573
660.19	20.513
660.51	20.421
660.84	20.403
661.16	20.336
661.48	20.313
661.81	20.268
662.13	20.146
662.45	20.087
662.78	20.021
663.10	20.066
663.42	19.989
663.75	19.900
664.07	19.899
664.39	19.866
664.72	19.832
665.04	19.830
665.36	19.800
665.69	19.835
666.01	19.824
666.33	19.755
666.65	19.702
666.98	19.663
667.30	19.674
667.62	19.666
667.94	19.617
668.27	19.585
668.59	19.488
668.91	19.526
669.23	19.514
669.56	19.463
669.88	19.511
670.20	19.419
670.52	19.428
670.85	19.406
671.17	19.353
671.49	19.329
671.81	19.312
672.13	19.268
672.46	19.205
672.78	19.074
673.10	19.092
673.42	19.057
673.74	19.087
674.07	19.066
674.39	19.026
674.71	19.016
675.03	19.090
675.35	19.147
675.67	19.208
676.00	19.217
676.32	19.347
676.64	19.347
676.96	19.371
677.28	19.379
677.60	19.363
677.92	19.407
678.25	19.386
678.57	19.302
678.89	19.277
679.21	19.234
679.53	19.204
679.85	19.139
680.17	19.122
680.49	19.133
680.81	19.091
681.13	19.111
681.46	19.102
681.78	19.123
682.10	19.141
682.42	19.168
682.74	19.174
683.06	19.155
683.38	19.188
683.70	19.248
684.02	19.189
684.34	19.218
684.66	19.209
684.98	19.188
685.30	19.235
685.62	19.273
685.94	19.239
686.26	19.190
686.58	19.175
686.90	19.104
687.22	18.999
687.54	18.948
687.86	18.902
688.18	18.831
688.50	18.791
688.82	18.682
689.14	18.630
689.46	18.588
689.78	18.545
690.10	18.496
690.42	18.516
690.74	18.518
691.06	18.529
691.38	18.459
691.70	18.399
692.02	18.341
692.34	18.320
692.66	18.182
692.98	18.018
693.30	18.034
693.62	17.950
693.94	17.838
694.26	17.774
694.57	17.758
694.89	17.803
695.21	17.750
695.53	17.723
695.85	17.656
696.17	17.686
696.49	17.810
696.81	17.784
697.13	17.824
697.44	17.817
697.76	17.739
698.08	17.654
698.40	17.481
698.72	17.447
699.04	17.332
699.36	17.225
699.67	17.034
699.99	16.753
700.31	16.463
700.63	16.111
700.95	15.772
701.27	15.519
701.58	15.297
701.90	15.172
702.22	14.938
702.54	14.750
702.86	14.430
703.17	14.234
703.49	14.081
703.81	13.909
704.13	13.766
704.45	13.618
704.76	13.441
705.08	13.318
705.40	13.124
705.72	13.085
706.03	13.005
706.35	12.966
706.67	12.851
706.99	12.690
707.30	12.680
707.62	12.683
707.94	12.675
708.26	12.555
708.57	12.451
708.89	12.369
709.21	12.135
709.53	12.077
709.84	12.003
710.16	11.906
710.48	11.758
710.79	11.659
711.11	11.615
711.43	11.599
711.74	11.725
712.06	11.717
712.38	11.877
712.69	12.082
713.01	12.147
713.33	12.300
713.64	12.454
713.96	12.712
714.28	12.878
714.59	13.138
714.91	13.267
715.23	13.479
715.54	13.620
715.86	13.692
716.17	13.624
716.49	13.660
716.81	13.591
717.12	13.531
717.44	13.393
717.76	13.207
718.07	12.825
718.39	12.608
718.70	12.262
719.02	11.866
719.33	11.459
719.65	11.218
719.97	10.894
720.28	10.630
720.60	10.422
720.91	10.173
721.23	10.081
721.54	9.991
721.86	9.923
722.17	9.761
722.49	9.847
722.81	9.885
723.12	9.914
723.44	10.119
723.75	10.128
724.07	10.140
724.38	10.198
724.70	10.221
725.01	10.205
725.33	10.102
725.64	10.109
725.96	10.028
726.27	9.914
726.59	9.808
726.90	9.500
727.22	9.510
727.53	9.454
727.84	9.264
728.16	9.029
728.47	8.738
728.79	8.527
729.10	8.158
729.42	7.790
729.73	7.373
730.05	6.807
730.36	6.299
730.67	5.725
730.99	5.133
731.30	4.590
731.62	3.830
731.93	3.299
732.24	2.588
732.56	2.074
732.87	1.526
733.19	0.951
733.50	0.413
733.81	-0.198
734.13	-0.774
734.44	-1.218
734.76	-1.735
735.07	-2.262
735.38	-2.884
735.70	-3.404
736.01	-3.850
736.32	-4.419
736.64	-4.906
736.95	-5.236
737.26	-5.533
737.58	-5.927
737.89	-6.603
738.20	-7.217
738.52	-7.559
738.83	-7.926
739.14	-8.422
739.45	-9.284
739.77	-9.770
740.08	-10.580
740.39	-11.599
740.71	-12.393
741.02	-13.566
741.33	-14.535
741.64	-15.361
741.96	-15.952
742.27	-16.814
742.58	-17.708
742.90	-18.180
743.21	-19.161
743.52	-19.862
743.83	-19.991
744.14	-20.554
744.46	-20.591
744.77	-20.716
745.08	-20.942
745.39	-21.737
745.71	-21.966
746.02	-21.925
746.33	-22.145
746.64	-21.780
746.95	-21.441
747.27	-21.814
747.58	-21.703
747.89	-21.791
748.20	-22.153
748.51	-22.183
748.82	-21.800
749.14	-21.668
749.45	-21.744
749.76	-21.804
750.07	-22.028
750.38	-22.304
750.69	-22.327
751.01	-22.709
751.32	-22.833
751.63	-22.614
751.94	-22.887
752.25	-23.106
752.56	-23.316
752.87	-23.392
753.18	-23.428
753.49	-23.612
753.81	-23.196
754.12	-22.459
754.43	-21.707
754.74	-20.667
755.05	-18.808
755.36	-16.558
755.67	-14.925
755.98	-12.550
756.29	-10.250
756.60	-7.788
756.91	-5.129
757.22	-2.638
757.53	-0.223
757.84	2.119
758.15	4.203
758.46	5.673
758.77	7.207
759.09	8.705
759.40	9.599
759.71	10.318
760.02	10.978
760.33	11.422
760.64	11.559
760.95	11.582
761.26	11.397
761.57	11.145
761.88	10.784
762.18	10.282
762.49	9.758
762.80	9.140
763.11	8.394
763.42	7.350
763.73	6.102
764.04	4.875
764.35	3.193
764.66	1.393
764.97	-0.544
765.28	-2.540
765.59	-5.252
765.90	-8.018
766.21	-11.110
766.52	-13.744
766.83	-16.716
767.14	-19.462
767.44	-22.468
767.75	-24.744
768.06	-26.757
768.37	-28.982
768.68	-31.311
768.99	-32.535
769.30	-34.645
769.61	-36.125
769.91	-38.258
770.22	-38.958
770.53	-39.983
770.84	-40.786
771.15	-41.950
771.46	-43.130
771.77	-43.922
772.07	-45.048
772.38	-46.314
772.69	-46.476
773.00	-46.534
773.31	-46.423
773.61	-46.985
773.92	-47.074
774.23	-47.278
774.54	-47.061
774.85	-46.978
775.15	-46.408
775.46	-45.628
775.77	-45.591
776.08	-45.643
776.39	-44.972
776.69	-44.633
777.00	-44.301
777.31	-44.349
777.62	-43.968
777.92	-43.848
778.23	-43.662
778.54	-43.925
778.85	-44.286
779.15	-44.406
779.46	-43.649
779.77	-44.422
780.07	-44.829
780.38	-45.336
780.69	-44.861
781.00	-45.429
781.30	-45.582
781.61	-45.725
781.92	-44.985
782.22	-44.211
782.53	-43.094
782.84	-42.726
783.14	-42.438
783.45	-41.225
783.76	-39.632
784.06	-38.345
784.37	-35.840
784.68	-33.860
784.98	-32.129
785.29	-30.537
785.60	-29.309
785.90	-27.671
786.21	-26.520
786.51	-24.425
786.82	-22.875
787.13	-21.710
787.43	-20.648
787.74	-20.082
788.04	-19.685
788.35	-19.010
788.66	-19.326
788.96	-19.426
789.27	-19.767
789.57	-19.538
789.88	-20.376
790.19	-20.815
790.49	-21.831
790.80	-22.709
791.10	-23.494
791.41	-23.164
791.71	-24.059
792.02	-23.938
792.32	-23.772
792.63	-23.524
792.93	-23.478
793.24	-22.983
793.54	-23.187
793.85	-22.343
794.15	-21.417
794.46	-20.761
794.76	-20.762
795.07	-19.866
795.37	-18.876
795.68	-18.415
795.98	-18.059
796.29	-17.416
796.59	-16.737
796.90	-16.189
797.20	-16.144
797.51	-15.993
797.81	-16.025
798.12	-16.285
798.42	-15.693
798.72	-15.853
799.03	-15.437
799.33	-15.276
799.64	-15.719
799.94	-16.383
800.25	-16.245
800.55	-15.550
800.85	-15.482
801.16	-15.824
801.46	-15.797
801.77	-16.595
802.07	-17.123
802.37	-17.846
802.68	-18.097
802.98	-17.935
803.28	-18.031
803.59	-18.492
803.89	-19.013
804.20	-19.658
804.50	-19.304
804.80	-19.720
805.11	-19.885
805.41	-20.099
805.71	-19.849
806.02	-20.314
806.32	-20.138
806.62	-19.195
806.93	-19.269
807.23	-19.251
807.53	-18.327
807.83	-18.427
808.14	-17.215
808.44	-16.160
808.74	-15.280
809.05	-15.008
809.35	-13.408
809.65	-13.034
809.95	-12.573
810.26	-11.348
810.56	-10.652
810.86	-10.172
811.16	-8.352
811.47	-7.576
811.77	-7.050
812.07	-6.072
812.37	-4.376
812.68	-4.137
812.98	-3.498
813.28	-2.644
813.58	-1.436
813.88	-0.460
814.19	0.737
814.49	0.577
814.79	1.286
815.09	2.131
815.39	2.847
815.70	3.356
816.00	3.868
816.30	4.340
816.60	5.231
816.90	5.385
817.20	6.185
817.50	7.279
817.81	8.948
818.11	10.373
818.41	11.304
818.71	12.344
819.01	13.100
819.31	13.777
819.61	14.461
819.92	14.700
820.22	14.966
820.52	15.263
820.82	15.350
821.12	15.502
821.42	15.572
821.72	15.678
822.02	15.649
822.32	15.654
822.62	15.672
822.92	15.566
823.22	15.441
823.52	15.386
823.83	15.210
824.13	15.101
824.43	14.856
824.73	14.557
825.03	14.309
825.33	14.171
825.63	14.022
825.93	13.711
826.23	13.504
826.53	13.462
826.83	13.387
827.13	13.148
827.43	12.984
827.73	12.935
828.03	12.706
828.33	12.535
828.63	11.894
828.93	11.141
829.23	10.572
829.53	9.821
829.83	9.000
830.13	8.324
830.42	8.183
830.72	8.084
831.02	7.754
831.32	8.054
831.62	8.047
831.92	8.474
832.22	8.713
832.52	9.135
832.82	9.376
833.12	9.693
833.42	9.736
833.72	9.493
834.01	9.132
834.31	9.105
834.61	8.773
834.91	7.960
835.21	7.217
835.51	6.545
835.81	5.495
836.11	4.548
836.40	3.452
836.70	2.059
837.00	0.756
837.30	-0.962
837.60	-2.681
837.90	-4.114
838.19	-4.382
838.49	-4.886
838.79	-4.893
839.09	-5.272
839.39	-6.030
839.68	-6.953
839.98	-6.887
840.28	-7.024
840.58	-6.361
840.88	-7.390
841.17	-8.956
841.47	-9.188
841.77	-10.436
842.07	-13.875
842.36	-16.829
842.66	-18.207
842.96	-19.505
843.26	-23.839
843.55	-29.408
843.85	-35.060
844.15	-38.537
844.45	-38.951
844.74	-43.432
845.04	-47.984
845.34	-48.148
845.63	-49.366
845.93	-52.628
846.23	-55.828
846.53	-55.572
846.82	-52.250
847.12	-53.402
847.42	-52.256
847.71	-54.379
848.01	-56.564
848.31	-54.667
848.60	-56.440
848.90	-54.579
849.19	-56.178
849.49	-55.117
849.79	-55.780
850.08	-55.819
850.38	-52.771
850.68	-50.731
850.97	-48.270
851.27	-48.092
851.56	-46.928
851.86	-43.584
852.16	-44.764
852.45	-43.406
852.75	-45.878
853.04	-44.697
853.34	-46.854
853.64	-44.962
853.93	-44.677
854.23	-48.132
854.52	-47.302
854.82	-49.595
855.11	-49.921
855.41	-50.110
855.70	-50.640
856.00	-45.416
856.30	-48.969
856.59	-48.394
856.89	-53.621
857.18	-56.952
857.48	-53.427
857.77	-50.410
858.07	-48.808
858.36	-48.896
858.66	-47.654
858.95	-47.119
859.25	-47.996
859.54	-45.632
859.84	-44.948
860.13	-40.690
860.42	-36.125
860.72	-37.163
861.01	-39.584
861.31	-37.930
861.60	-40.776
861.90	-40.974
862.19	-41.576
862.49	-42.226
862.78	-38.451
863.07	-37.436
863.37	-37.205
863.66	-38.668
863.96	-36.665
864.25	-32.686
864.54	-33.271
864.84	-29.814
865.13	-29.017
865.43	-28.963
865.72	-16.987
866.01	-25.508
866.31	-23.933
866.60	-38.328
866.89	-50.981
