180.30	0.000
180.67	0.000
181.03	-29.328
181.40	4.669
181.77	-163.943
182.14	-19.297
182.51	-10.575
182.88	75.092
183.25	-19.507
183.62	98.803
183.99	3.061
184.36	33.412
184.73	67.076
185.10	370.321
185.46	-25.195
185.83	6575.728
186.20	-429.635
186.57	-9853.274
186.94	155.218
187.31	-127.368
187.68	172.368
188.05	102.260
188.42	106.413
188.78	-158.629
189.15	61.046
189.52	3.863
189.89	52.432
190.26	86.166
190.63	116.471
191.00	87.460
191.37	87.808
191.73	55.697
192.10	42.259
192.47	7.731
192.84	36.827
193.21	51.072
193.58	57.743
193.94	56.867
194.31	42.901
194.68	33.120
195.05	36.869
195.42	22.930
195.79	36.979
196.15	40.962
196.52	49.095
196.89	66.079
197.26	59.646
197.63	49.945
198.00	5.459
198.36	45.112
198.73	-12.282
199.10	-45.874
199.47	15.626
199.84	12.023
200.20	14.554
200.57	11.289
200.94	-23.920
201.31	-32.548
201.68	-38.062
202.04	-9.794
202.41	-19.477
202.78	-6.642
203.15	9.197
203.51	30.507
203.88	45.002
204.25	46.441
204.62	38.666
204.98	40.458
205.35	51.536
205.72	58.104
206.09	66.853
206.46	58.923
206.82	71.805
207.19	66.568
207.56	49.115
207.92	41.569
208.29	50.758
208.66	68.975
209.03	73.689
209.39	62.319
209.76	60.503
210.13	34.396
210.50	49.302
210.86	42.983
211.23	40.926
211.60	44.690
211.96	28.849
212.33	-5.585
212.70	-15.169
213.07	1.683
213.43	16.251
213.80	3.949
214.17	38.159
214.53	18.631
214.90	15.256
215.27	17.994
215.63	6.375
216.00	-4.710
216.37	6.531
216.74	6.241
217.10	2.119
217.47	1.176
217.84	7.795
218.20	0.128
218.57	-11.164
218.94	-23.987
219.30	-29.935
219.67	-13.409
220.04	20.679
220.40	7.168
220.77	0.129
221.13	-0.573
221.50	-7.678
221.87	-9.696
222.23	-2.146
222.60	-2.684
222.97	13.171
223.33	20.119
223.70	20.212
224.07	15.180
224.43	17.436
224.80	13.624
225.16	14.099
225.53	13.901
225.90	12.620
226.26	10.459
226.63	11.898
226.99	10.307
227.36	8.544
227.73	9.357
228.09	8.355
228.46	9.397
228.82	9.691
229.19	8.625
229.56	9.621
229.92	8.815
230.29	9.638
230.65	11.718
231.02	13.530
231.38	12.238
231.75	12.961
232.12	13.257
232.48	11.855
232.85	14.220
233.21	14.771
233.58	13.362
233.94	12.176
234.31	12.400
234.68	10.715
235.04	10.761
235.41	11.663
235.77	10.556
236.14	9.305
236.50	8.651
236.87	6.699
237.23	6.608
237.60	6.528
237.96	7.099
238.33	6.446
238.69	5.076
239.06	4.471
239.42	5.206
239.79	4.876
240.15	5.387
240.52	5.932
240.88	5.234
241.25	4.854
241.61	4.565
241.98	3.986
242.34	3.833
242.71	4.231
243.07	4.217
243.44	3.808
243.80	3.633
244.17	4.006
244.53	4.126
244.90	4.611
245.26	4.501
245.63	4.804
245.99	5.278
246.36	4.942
246.72	4.614
247.09	4.511
247.45	4.896
247.81	5.128
248.18	5.139
248.54	4.978
248.91	5.430
249.27	5.672
249.64	5.489
250.00	5.142
250.36	5.249
250.73	6.068
251.09	5.986
251.46	5.525
251.82	5.770
252.19	4.807
252.55	4.569
252.91	3.695
253.28	3.161
253.64	3.349
254.01	3.636
254.37	4.481
254.73	4.189
255.10	4.236
255.46	4.339
255.83	3.855
256.19	4.260
256.55	4.500
256.92	4.649
257.28	5.014
257.65	4.647
258.01	4.662
258.37	4.418
258.74	4.294
259.10	4.248
259.46	4.108
259.83	4.290
260.19	4.329
260.55	4.281
260.92	4.326
261.28	3.805
261.64	4.151
262.01	4.192
262.37	4.400
262.73	4.686
263.10	5.214
263.46	5.723
263.82	5.791
264.19	5.567
264.55	5.509
264.91	5.215
265.28	5.448
265.64	5.373
266.00	5.275
266.37	5.388
266.73	5.316
267.09	4.952
267.46	4.457
267.82	4.240
268.18	4.218
268.54	4.436
268.91	4.450
269.27	4.752
269.63	4.439
270.00	4.160
270.36	3.896
270.72	4.029
271.08	4.401
271.45	4.738
271.81	4.847
272.17	5.020
272.53	5.045
272.90	5.006
273.26	4.968
273.62	5.335
273.98	5.638
274.35	5.629
274.71	5.381
275.07	5.140
275.43	5.391
275.80	5.445
276.16	5.530
276.52	5.125
276.88	5.168
277.25	4.891
277.61	4.720
277.97	4.738
278.33	4.918
278.69	4.863
279.06	4.487
279.42	4.161
279.78	4.257
280.14	3.863
280.50	3.980
280.87	3.928
281.23	4.008
281.59	3.984
281.95	4.099
282.31	4.143
282.68	4.032
283.04	4.306
283.40	4.241
283.76	4.262
284.12	4.566
284.48	4.444
284.85	4.472
285.21	4.523
285.57	4.464
285.93	4.415
286.29	4.291
286.65	4.612
287.02	4.517
287.38	4.641
287.74	4.340
288.10	4.061
288.46	4.261
288.82	4.106
289.18	4.464
289.54	4.610
289.91	4.551
290.27	4.503
290.63	4.351
290.99	4.386
291.35	4.339
291.71	4.535
292.07	4.695
292.43	4.467
292.79	4.336
293.16	3.910
293.52	4.155
293.88	4.018
294.24	3.974
294.60	3.977
294.96	3.858
295.32	3.794
295.68	3.948
296.04	3.830
296.40	4.089
296.76	4.522
297.12	4.636
297.49	4.558
297.85	4.651
298.21	4.823
298.57	5.050
298.93	5.218
299.29	5.163
299.65	5.080
300.01	5.214
300.37	4.983
300.73	4.889
301.09	5.057
301.45	5.138
301.81	5.076
302.17	5.084
302.53	4.909
302.89	4.854
303.25	5.122
303.61	5.070
303.97	5.103
304.33	5.190
304.69	4.966
305.05	4.685
305.41	4.323
305.77	4.543
306.13	4.468
306.49	4.249
306.85	4.117
307.21	4.088
307.57	4.102
307.93	4.139
308.29	4.234
308.65	4.201
309.01	4.236
309.37	4.339
309.73	4.150
310.09	4.120
310.45	4.162
310.81	4.194
311.17	3.936
311.53	3.861
311.89	3.766
312.25	3.553
312.61	3.661
312.96	3.773
313.32	3.649
313.68	3.565
314.04	3.504
314.40	3.661
314.76	3.753
315.12	3.930
315.48	3.907
315.84	3.922
316.20	4.260
316.56	4.292
316.92	4.183
317.27	4.306
317.63	4.376
317.99	4.548
318.35	4.585
318.71	4.591
319.07	4.451
319.43	4.466
319.79	4.379
320.15	4.097
320.50	4.084
320.86	4.020
321.22	4.128
321.58	4.171
321.94	4.187
322.30	4.151
322.66	4.224
323.01	4.308
323.37	4.484
323.73	4.662
324.09	4.656
324.45	4.593
324.81	4.764
325.17	4.612
325.52	4.645
325.88	4.599
326.24	4.561
326.60	4.612
326.96	4.650
327.31	4.672
327.67	4.656
328.03	4.654
328.39	4.833
328.75	4.842
329.11	5.063
329.46	4.957
329.82	4.915
330.18	5.006
330.54	4.984
330.90	5.024
331.25	4.978
331.61	5.033
331.97	5.222
332.33	5.278
332.68	5.247
333.04	5.268
333.40	5.518
333.76	5.601
334.11	5.668
334.47	5.719
334.83	5.697
335.19	5.701
335.54	5.719
335.90	5.931
336.26	6.025
336.62	6.105
336.97	6.093
337.33	6.023
337.69	5.913
338.05	5.899
338.40	5.997
338.76	6.184
339.12	6.203
339.48	6.212
339.83	5.999
340.19	5.841
340.55	5.756
340.90	5.720
341.26	5.771
341.62	5.999
341.97	5.920
342.33	5.823
342.69	5.782
343.04	5.812
343.40	5.822
343.76	5.859
344.12	5.882
344.47	5.962
344.83	5.946
345.19	5.998
345.54	5.886
345.90	5.904
346.26	6.024
346.61	5.944
346.97	5.933
347.32	5.860
347.68	5.759
348.04	5.750
348.39	5.741
348.75	5.749
349.11	5.608
349.46	5.573
349.82	5.496
350.18	5.508
350.53	5.472
350.89	5.481
351.24	5.448
351.60	5.559
351.96	5.610
352.31	5.685
352.67	5.834
353.02	5.873
353.38	5.956
353.74	6.057
354.09	6.042
354.45	6.224
354.80	6.204
355.16	6.277
355.52	6.284
355.87	6.280
356.23	6.245
356.58	6.265
356.94	6.358
357.29	6.383
357.65	6.497
358.00	6.435
358.36	6.448
358.72	6.513
359.07	6.542
359.43	6.587
359.78	6.614
360.14	6.644
360.49	6.597
360.85	6.578
361.20	6.538
361.56	6.384
361.91	6.407
362.27	6.464
362.62	6.433
362.98	6.466
363.33	6.444
363.69	6.395
364.04	6.368
364.40	6.322
364.75	6.293
365.11	6.313
365.46	6.440
365.82	6.484
366.17	6.470
366.53	6.531
366.88	6.549
367.24	6.630
367.59	6.741
367.95	6.880
368.30	6.974
368.66	7.088
369.01	7.184
369.37	7.265
369.72	7.313
370.08	7.369
370.43	7.465
370.78	7.538
371.14	7.638
371.49	7.740
371.85	7.791
372.20	7.847
372.56	7.944
372.91	8.028
373.26	8.073
373.62	8.101
373.97	8.054
374.33	8.092
374.68	8.113
375.03	8.122
375.39	8.086
375.74	8.066
376.10	8.198
376.45	8.296
376.80	8.370
377.16	8.461
377.51	8.590
377.87	8.769
378.22	8.915
378.57	9.083
378.93	9.186
379.28	9.369
379.63	9.523
379.99	9.604
380.34	9.708
380.70	9.863
381.05	9.979
381.40	10.132
381.76	10.205
382.11	10.355
382.46	10.416
382.82	10.540
383.17	10.628
383.52	10.757
383.88	10.865
384.23	10.880
384.58	10.966
384.94	11.051
385.29	11.132
385.64	11.297
385.99	11.351
386.35	11.474
386.70	11.583
387.05	11.689
387.41	11.745
387.76	11.863
388.11	12.034
388.47	12.110
388.82	12.190
389.17	12.282
389.52	12.383
389.88	12.454
390.23	12.574
390.58	12.676
390.93	12.832
391.29	12.978
391.64	13.106
391.99	13.192
392.34	13.329
392.70	13.470
393.05	13.541
393.40	13.626
393.75	13.725
394.11	13.764
394.46	13.818
394.81	13.869
395.16	13.896
395.52	13.862
395.87	13.912
396.22	13.879
396.57	13.874
396.92	13.884
397.28	13.851
397.63	13.847
397.98	13.894
398.33	13.931
398.68	13.934
399.04	13.989
399.39	14.056
399.74	14.114
400.09	14.188
400.44	14.251
400.80	14.293
401.15	14.405
401.50	14.551
401.85	14.601
402.20	14.669
402.55	14.678
402.90	14.749
403.26	14.810
403.61	14.843
403.96	14.900
404.31	14.972
404.66	15.062
405.01	15.063
405.36	15.054
405.72	15.104
406.07	15.155
406.42	15.211
406.77	15.196
407.12	15.261
407.47	15.278
407.82	15.282
408.17	15.333
408.53	15.388
408.88	15.480
409.23	15.499
409.58	15.598
409.93	15.605
410.28	15.690
410.63	15.807
410.98	15.798
411.33	15.838
411.68	15.912
412.03	15.931
412.38	15.943
412.73	15.934
413.09	16.010
413.44	16.010
413.79	16.133
414.14	16.217
414.49	16.234
414.84	16.335
415.19	16.430
415.54	16.485
415.89	16.541
416.24	16.651
416.59	16.762
416.94	16.819
417.29	16.854
417.64	16.903
417.99	16.936
418.34	16.972
418.69	17.002
419.04	17.016
419.39	17.088
419.74	17.129
420.09	17.134
420.44	17.131
420.79	17.123
421.14	17.160
421.49	17.146
421.84	17.145
422.19	17.169
422.54	17.204
422.89	17.237
423.24	17.221
423.59	17.231
423.94	17.252
424.29	17.259
424.64	17.301
424.99	17.302
425.34	17.344
425.68	17.354
426.03	17.391
426.38	17.388
426.73	17.426
427.08	17.434
427.43	17.479
427.78	17.503
428.13	17.566
428.48	17.596
428.83	17.642
429.18	17.632
429.53	17.678
429.87	17.725
430.22	17.736
430.57	17.774
430.92	17.845
431.27	17.857
431.62	17.857
431.97	17.848
432.32	17.855
432.67	17.850
433.01	17.911
433.36	17.937
433.71	17.953
434.06	17.976
434.41	17.968
434.76	17.987
435.11	18.036
435.45	18.090
435.80	18.126
436.15	18.148
436.50	18.196
436.85	18.218
437.20	18.247
437.54	18.245
437.89	18.269
438.24	18.281
438.59	18.323
438.94	18.317
439.29	18.320
439.63	18.353
439.98	18.382
440.33	18.387
440.68	18.380
441.03	18.396
441.37	18.412
441.72	18.445
442.07	18.487
442.42	18.462
442.76	18.512
443.11	18.533
443.46	18.527
443.81	18.570
444.16	18.599
444.50	18.635
444.85	18.626
445.20	18.650
445.55	18.654
445.89	18.650
446.24	18.673
446.59	18.650
446.94	18.643
447.28	18.635
447.63	18.603
447.98	18.596
448.32	18.568
448.67	18.615
449.02	18.597
449.37	18.594
449.71	18.603
450.06	18.605
450.41	18.617
450.75	18.663
451.10	18.678
451.45	18.706
451.79	18.747
452.14	18.773
452.49	18.757
452.84	18.812
453.18	18.833
453.53	18.832
453.88	18.832
454.22	18.908
454.57	18.929
454.92	18.993
455.26	19.027
455.61	19.078
455.95	19.137
456.30	19.198
456.65	19.239
456.99	19.309
457.34	19.374
457.69	19.438
458.03	19.423
458.38	19.458
458.73	19.468
459.07	19.510
459.42	19.490
459.76	19.512
460.11	19.507
460.46	19.507
460.80	19.521
461.15	19.547
461.49	19.562
461.84	19.593
462.19	19.623
462.53	19.694
462.88	19.706
463.22	19.788
463.57	19.838
463.91	19.914
464.26	19.967
464.61	19.992
464.95	20.008
465.30	20.054
465.64	20.108
465.99	20.155
466.33	20.216
466.68	20.274
467.02	20.304
467.37	20.334
467.71	20.362
468.06	20.409
468.41	20.426
468.75	20.481
469.10	20.513
469.44	20.513
469.79	20.506
470.13	20.488
470.48	20.530
470.82	20.533
471.17	20.560
471.51	20.563
471.86	20.577
472.20	20.594
472.55	20.611
472.89	20.624
473.23	20.668
473.58	20.709
473.92	20.742
474.27	20.774
474.61	20.797
474.96	20.797
475.30	20.819
475.65	20.825
475.99	20.889
476.34	20.923
476.68	20.954
477.02	20.989
477.37	21.048
477.71	21.098
478.06	21.188
478.40	21.378
478.75	21.611
479.09	21.868
479.43	22.165
479.78	22.397
480.12	22.615
480.47	22.829
480.81	23.027
481.15	23.193
481.50	23.346
481.84	23.520
482.19	23.677
482.53	23.767
482.87	23.786
483.22	23.776
483.56	23.769
483.90	23.750
484.25	23.716
484.59	23.653
484.94	23.589
485.28	23.522
485.62	23.399
485.97	23.255
486.31	23.190
486.65	23.177
487.00	23.170
487.34	23.149
487.68	23.150
488.03	23.138
488.37	23.140
488.71	23.151
489.06	23.175
489.40	23.194
489.74	23.221
490.09	23.201
490.43	23.181
490.77	23.144
491.11	23.126
491.46	23.103
491.80	23.094
492.14	23.083
492.49	23.069
492.83	23.021
493.17	22.991
493.51	22.982
493.86	23.003
494.20	23.064
494.54	23.144
494.88	23.206
495.23	23.245
495.57	23.296
495.91	23.373
496.25	23.427
496.60	23.514
496.94	23.595
497.28	23.660
497.62	23.718
497.97	23.755
498.31	23.808
498.65	23.896
498.99	24.006
499.33	24.082
499.68	24.187
500.02	24.296
500.36	24.416
500.70	24.491
501.04	24.544
501.39	24.639
501.73	24.740
502.07	24.833
502.41	24.916
502.75	24.995
503.09	25.103
503.44	25.184
503.78	25.270
504.12	25.316
504.46	25.393
504.80	25.523
505.14	25.602
505.49	25.679
505.83	25.772
506.17	25.867
506.51	25.934
506.85	26.009
507.19	26.076
507.53	26.135
507.87	26.239
508.22	26.334
508.56	26.381
508.90	26.465
509.24	26.526
509.58	26.562
509.92	26.631
510.26	26.702
510.60	26.764
510.94	26.830
511.28	26.892
511.63	26.957
511.97	27.046
512.31	27.124
512.65	27.204
512.99	27.308
513.33	27.425
513.67	27.501
514.01	27.618
514.35	27.744
514.69	27.851
515.03	27.957
515.37	28.030
515.71	28.106
516.05	28.214
516.39	28.256
516.73	28.306
517.07	28.360
517.41	28.396
517.75	28.426
518.09	28.412
518.43	28.418
518.77	28.410
519.11	28.412
519.45	28.412
519.79	28.387
520.13	28.421
520.47	28.456
520.81	28.472
521.15	28.525
521.49	28.598
521.83	28.675
522.17	28.760
522.51	28.901
522.85	29.079
523.19	29.283
523.53	29.570
523.87	29.882
524.21	30.199
524.55	30.488
524.89	30.768
525.23	30.980
525.57	31.181
525.91	31.385
526.25	31.538
526.58	31.639
526.92	31.744
527.26	31.774
527.60	31.752
527.94	31.729
528.28	31.658
528.62	31.586
528.96	31.525
529.30	31.482
529.64	31.392
529.97	31.315
530.31	31.257
530.65	31.157
530.99	31.135
531.33	31.123
531.67	31.098
532.01	31.120
532.35	31.099
532.68	31.068
533.02	31.013
533.36	30.966
533.70	30.940
534.04	30.888
534.38	30.851
534.71	30.780
535.05	30.748
535.39	30.691
535.73	30.697
536.07	30.733
536.41	30.808
536.74	30.945
537.08	31.104
537.42	31.240
537.76	31.415
538.10	31.594
538.43	31.772
538.77	31.920
539.11	32.061
539.45	32.172
539.79	32.275
540.12	32.355
540.46	32.341
540.80	32.322
541.14	32.294
541.47	32.257
541.81	32.200
542.15	32.122
542.49	32.055
542.82	31.976
543.16	31.853
543.50	31.745
543.84	31.643
544.17	31.623
544.51	31.602
544.85	31.599
545.18	31.601
545.52	31.577
545.86	31.558
546.20	31.536
546.53	31.484
546.87	31.488
547.21	31.488
547.54	31.491
547.88	31.485
548.22	31.506
548.55	31.513
548.89	31.480
549.23	31.538
549.56	31.595
549.90	31.608
550.24	31.678
550.57	31.753
550.91	31.783
551.25	31.821
551.58	31.883
551.92	31.911
552.26	31.933
552.59	32.014
552.93	32.042
553.27	32.033
553.60	32.056
553.94	32.113
554.27	32.102
554.61	32.125
554.95	32.158
555.28	32.199
555.62	32.234
555.95	32.327
556.29	32.380
556.63	32.449
556.96	32.477
557.30	32.578
557.63	32.623
557.97	32.712
558.31	32.781
558.64	32.847
558.98	32.871
559.31	32.952
559.65	32.989
559.98	33.020
560.32	33.088
560.65	33.227
560.99	33.316
561.33	33.478
561.66	33.589
562.00	33.739
562.33	33.851
562.67	33.953
563.00	34.062
563.34	34.185
563.67	34.288
564.01	34.347
564.34	34.405
564.68	34.463
565.01	34.518
565.35	34.579
565.68	34.598
566.02	34.639
566.35	34.750
566.69	34.817
567.02	34.871
567.36	34.988
567.69	35.075
568.03	35.197
568.36	35.293
568.69	35.323
569.03	35.360
569.36	35.441
569.70	35.552
570.03	35.643
570.37	35.721
570.70	35.795
571.04	35.843
571.37	35.903
571.70	35.937
572.04	35.984
572.37	36.078
572.71	36.151
573.04	36.231
573.37	36.289
573.71	36.309
574.04	36.349
574.38	36.386
574.71	36.423
575.04	36.489
575.38	36.528
575.71	36.556
576.05	36.581
576.38	36.604
576.71	36.610
577.05	36.666
577.38	36.700
577.71	36.753
578.05	36.792
578.38	36.870
578.71	36.916
579.05	37.003
579.38	37.075
579.71	37.143
580.05	37.232
580.38	37.321
580.71	37.353
581.05	37.422
581.38	37.492
581.71	37.577
582.05	37.609
582.38	37.670
582.71	37.713
583.04	37.740
583.38	37.796
583.71	37.920
584.04	38.019
584.38	38.114
584.71	38.244
585.04	38.328
585.37	38.448
585.71	38.573
586.04	38.725
586.37	38.873
586.70	39.013
587.04	39.167
587.37	39.211
587.70	39.317
588.03	39.365
588.37	39.447
588.70	39.551
589.03	39.567
589.36	39.667
589.69	39.656
590.03	39.677
590.36	39.765
590.69	39.772
591.02	39.867
591.35	39.885
591.69	39.962
592.02	39.962
592.35	39.974
592.68	40.077
593.01	40.112
593.35	40.166
593.68	40.198
594.01	40.266
594.34	40.315
594.67	40.308
595.00	40.372
595.34	40.392
595.67	40.453
596.00	40.505
596.33	40.530
596.66	40.546
596.99	40.642
597.32	40.688
597.65	40.733
597.99	40.810
598.32	40.904
598.65	40.962
598.98	41.080
599.31	41.108
599.64	41.139
599.97	41.178
600.30	41.246
600.63	41.234
600.96	41.325
601.30	41.337
601.63	41.357
601.96	41.446
602.29	41.488
602.62	41.544
602.95	41.615
603.28	41.694
603.61	41.738
603.94	41.782
604.27	41.931
604.60	41.977
604.93	42.051
605.26	42.139
605.59	42.113
605.92	42.110
606.25	42.130
606.58	42.123
606.91	42.217
607.24	42.292
607.57	42.322
607.90	42.329
608.23	42.362
608.56	42.400
608.89	42.408
609.22	42.492
609.55	42.547
609.88	42.605
610.21	42.770
610.54	42.690
610.87	42.758
611.20	42.810
611.53	42.727
611.86	42.826
612.19	42.861
612.52	42.899
612.85	42.947
613.18	42.958
613.51	42.947
613.84	42.951
614.17	43.077
614.49	43.077
614.82	43.120
615.15	43.191
615.48	43.192
615.81	43.159
616.14	43.206
616.47	43.237
616.80	43.313
617.13	43.338
617.46	43.326
617.78	43.335
618.11	43.383
618.44	43.408
618.77	43.527
619.10	43.499
619.43	43.618
619.76	43.604
620.09	43.584
620.41	43.641
620.74	43.704
621.07	43.737
621.40	43.765
621.73	43.778
622.06	43.832
622.38	43.785
622.71	43.886
623.04	43.890
623.37	44.016
623.70	44.089
624.02	44.149
624.35	44.160
624.68	44.205
625.01	44.217
625.34	44.202
625.66	44.191
625.99	44.243
626.32	44.258
626.65	44.276
626.98	44.252
627.30	44.261
627.63	44.248
627.96	44.311
628.29	44.330
628.61	44.379
628.94	44.412
629.27	44.456
629.60	44.464
629.92	44.404
630.25	44.379
630.58	44.352
630.91	44.437
631.23	44.408
631.56	44.425
631.89	44.446
632.21	44.457
632.54	44.418
632.87	44.384
633.19	44.444
633.52	44.502
633.85	44.578
634.18	44.644
634.50	44.595
634.83	44.672
635.16	44.619
635.48	44.560
635.81	44.516
636.14	44.563
636.46	44.588
636.79	44.629
637.11	44.646
637.44	44.642
637.77	44.638
638.09	44.706
638.42	44.723
638.75	44.681
639.07	44.771
639.40	44.863
639.73	44.883
640.05	44.926
640.38	44.901
640.70	44.924
641.03	44.954
641.36	44.945
641.68	44.865
642.01	44.807
642.33	44.897
642.66	44.864
642.98	44.883
643.31	44.938
643.64	44.922
643.96	44.895
644.29	44.817
644.61	44.803
644.94	44.787
645.26	44.886
645.59	44.978
645.91	45.041
646.24	45.135
646.56	45.104
646.89	45.080
647.22	45.123
647.54	45.124
647.87	45.158
648.19	45.104
648.52	45.135
648.84	45.045
649.17	44.958
649.49	44.923
649.82	44.803
650.14	44.729
650.47	44.726
650.79	44.699
651.11	44.747
651.44	44.794
651.76	44.869
652.09	44.892
652.41	44.997
652.74	45.030
653.06	45.020
653.39	45.013
653.71	45.059
654.04	45.041
654.36	45.059
654.68	44.998
655.01	45.000
655.33	44.910
655.66	44.868
655.98	44.805
656.30	44.800
656.63	44.740
656.95	44.732
657.28	44.707
657.60	44.658
657.92	44.594
658.25	44.602
658.57	44.579
658.90	44.539
659.22	44.466
659.54	44.381
659.87	44.387
660.19	44.395
660.51	44.450
660.84	44.435
661.16	44.456
661.48	44.444
661.81	44.360
662.13	44.226
662.45	44.214
662.78	44.224
663.10	44.278
663.42	44.206
663.75	44.137
664.07	44.087
664.39	44.105
664.72	44.157
665.04	44.150
665.36	44.192
665.69	44.264
666.01	44.361
666.33	44.365
666.65	44.299
666.98	44.259
667.30	44.320
667.62	44.270
667.94	44.216
668.27	44.116
668.59	44.084
668.91	44.041
669.23	44.081
669.56	44.019
669.88	44.038
670.20	43.967
670.52	44.092
670.85	44.065
671.17	44.097
671.49	44.071
671.81	44.078
672.13	44.002
672.46	43.999
672.78	43.827
673.10	43.784
673.42	43.744
673.74	43.753
674.07	43.628
674.39	43.554
674.71	43.540
675.03	43.550
675.35	43.507
675.67	43.637
676.00	43.646
676.32	43.678
676.64	43.664
676.96	43.557
677.28	43.534
677.60	43.397
677.92	43.409
678.25	43.340
678.57	43.316
678.89	43.269
679.21	43.154
679.53	43.081
679.85	43.092
680.17	43.057
680.49	43.071
680.81	43.045
681.13	43.077
681.46	43.049
681.78	42.991
682.10	43.036
682.42	43.126
682.74	43.167
683.06	43.113
683.38	43.157
683.70	43.173
684.02	43.215
684.34	43.209
684.66	43.305
684.98	43.345
685.30	43.446
685.62	43.368
685.94	43.255
686.26	43.250
686.58	43.238
686.90	43.100
687.22	43.051
687.54	43.003
687.86	42.983
688.18	42.867
688.50	42.773
688.82	42.703
689.14	42.683
689.46	42.655
689.78	42.564
690.10	42.605
690.42	42.674
690.74	42.606
691.06	42.555
691.38	42.509
691.70	42.480
692.02	42.524
692.34	42.445
692.66	42.382
692.98	42.292
693.30	42.253
693.62	42.090
693.94	41.900
694.26	41.871
694.57	41.742
694.89	41.669
695.21	41.622
695.53	41.583
695.85	41.418
696.17	41.374
696.49	41.363
696.81	41.318
697.13	41.335
697.44	41.313
697.76	41.241
698.08	41.173
698.40	41.010
698.72	40.864
699.04	40.641
699.36	40.517
699.67	40.323
699.99	40.156
700.31	39.854
700.63	39.497
700.95	39.296
701.27	39.079
701.58	38.859
701.90	38.846
702.22	38.703
702.54	38.467
702.86	38.376
703.17	38.301
703.49	38.140
703.81	38.014
704.13	38.000
704.45	37.776
704.76	37.670
705.08	37.651
705.40	37.423
705.72	37.300
706.03	37.245
706.35	37.092
706.67	36.946
706.99	36.842
707.30	36.823
707.62	36.794
707.94	36.691
708.26	36.498
708.57	36.351
708.89	36.330
709.21	36.258
709.53	36.175
709.84	36.211
710.16	36.046
710.48	35.831
710.79	35.744
711.11	35.546
711.43	35.521
711.74	35.485
712.06	35.443
712.38	35.356
712.69	35.325
713.01	35.328
713.33	35.251
713.64	35.296
713.96	35.442
714.28	35.544
714.59	35.594
714.91	35.726
715.23	35.826
715.54	35.805
715.86	35.797
716.17	35.816
716.49	35.854
716.81	35.807
717.12	35.729
717.44	35.541
717.76	35.399
718.07	35.221
718.39	34.830
718.70	34.461
719.02	34.265
719.33	34.019
719.65	33.721
719.97	33.366
720.28	33.030
720.60	32.961
720.91	32.798
721.23	32.457
721.54	32.298
721.86	32.289
722.17	32.348
722.49	32.266
722.81	32.192
723.12	32.151
723.44	32.208
723.75	32.172
724.07	32.002
724.38	32.022
724.70	32.146
725.01	32.061
725.33	31.909
725.64	31.769
725.96	31.655
726.27	31.604
726.59	31.490
726.90	31.229
727.22	31.235
727.53	31.044
727.84	30.844
728.16	30.559
728.47	30.473
728.79	30.272
729.10	29.972
729.42	29.645
729.73	29.167
730.05	28.732
730.36	28.373
730.67	27.828
730.99	27.325
731.30	26.752
731.62	26.161
731.93	25.531
732.24	24.976
732.56	24.406
732.87	23.948
733.19	23.553
733.50	23.004
733.81	22.451
734.13	22.068
734.44	21.853
734.76	21.508
735.07	20.988
735.38	20.382
735.70	19.831
736.01	19.535
736.32	18.869
736.64	18.423
736.95	18.080
737.26	17.681
737.58	17.127
737.89	16.419
738.20	15.738
738.52	15.288
738.83	15.029
739.14	14.527
739.45	13.679
739.77	13.276
740.08	12.370
740.39	11.633
740.71	11.036
741.02	10.048
741.33	9.193
741.64	8.873
741.96	8.108
742.27	7.489
742.58	6.661
742.90	6.432
743.21	5.751
743.52	5.209
743.83	4.796
744.14	4.183
744.46	4.049
744.77	4.112
745.08	3.554
745.39	3.456
745.71	3.179
746.02	3.054
746.33	2.782
746.64	2.933
746.95	3.169
747.27	2.887
747.58	2.731
747.89	2.448
748.20	1.938
748.51	1.811
748.82	1.839
749.14	1.665
749.45	1.640
749.76	1.391
750.07	1.214
750.38	0.923
750.69	0.650
751.01	0.521
751.32	0.531
751.63	0.623
751.94	0.473
752.25	0.165
752.56	-0.091
752.87	-0.070
753.18	-0.141
753.49	-0.253
753.81	0.236
754.12	0.933
754.43	1.424
754.74	2.502
755.05	3.785
755.36	5.470
755.67	7.013
755.98	9.019
756.29	10.932
756.60	12.946
756.91	14.941
757.22	16.928
757.53	18.786
757.84	20.537
758.15	21.979
758.46	23.169
758.77	24.280
759.09	25.266
759.40	25.898
759.71	26.472
760.02	26.837
760.33	27.213
760.64	27.257
760.95	27.255
761.26	27.176
761.57	27.067
761.88	26.752
762.18	26.317
762.49	25.958
762.80	25.473
763.11	24.819
763.42	24.045
763.73	23.058
764.04	22.008
764.35	20.600
764.66	19.088
764.97	17.221
765.28	15.532
765.59	13.226
765.90	10.658
766.21	7.951
766.52	5.620
766.83	2.917
767.14	0.291
767.44	-2.123
767.75	-4.135
768.06	-6.116
768.37	-7.668
768.68	-9.463
768.99	-10.366
769.30	-11.782
769.61	-12.958
769.91	-14.816
770.22	-15.325
770.53	-16.396
770.84	-16.865
771.15	-17.590
771.46	-18.288
771.77	-18.948
772.07	-20.262
772.38	-21.017
772.69	-21.459
773.00	-21.530
773.31	-21.585
773.61	-22.324
773.92	-22.282
774.23	-22.703
774.54	-23.178
774.85	-22.973
775.15	-22.610
775.46	-21.968
775.77	-22.273
776.08	-22.220
776.39	-22.087
776.69	-21.843
777.00	-21.660
777.31	-21.643
777.62	-22.071
777.92	-21.500
778.23	-21.510
778.54	-22.176
778.85	-22.397
779.15	-22.392
779.46	-22.304
779.77	-22.647
780.07	-22.885
780.38	-23.494
780.69	-23.338
781.00	-23.762
781.30	-23.963
781.61	-24.604
781.92	-23.922
782.22	-23.672
782.53	-22.843
782.84	-22.359
783.14	-21.960
783.45	-21.030
783.76	-19.181
784.06	-17.903
784.37	-15.535
784.68	-13.913
784.98	-12.437
785.29	-10.760
785.60	-9.285
785.90	-7.794
786.21	-6.555
786.51	-5.343
786.82	-3.906
787.13	-3.019
787.43	-2.785
787.74	-2.532
788.04	-2.289
788.35	-1.904
788.66	-2.311
788.96	-2.448
789.27	-3.284
789.57	-3.582
789.88	-3.930
790.19	-4.893
790.49	-5.927
790.80	-6.634
791.10	-6.861
791.41	-6.735
791.71	-6.954
792.02	-7.351
792.32	-7.749
792.63	-7.621
792.93	-6.990
793.24	-6.334
793.54	-5.852
793.85	-4.845
794.15	-3.563
794.46	-3.497
794.76	-3.563
795.07	-3.005
795.37	-1.905
795.68	-1.296
795.98	-0.875
796.29	-0.744
796.59	-0.363
796.90	-0.266
797.20	-0.909
797.51	-0.219
797.81	0.037
798.12	0.089
798.42	0.021
798.72	-0.354
799.03	-0.302
799.33	-0.253
799.64	-0.457
799.94	-1.140
800.25	-1.037
800.55	-0.244
800.85	-1.007
801.16	-1.479
801.46	-1.700
801.77	-1.637
802.07	-1.923
802.37	-2.321
802.68	-2.596
802.98	-3.015
803.28	-3.328
803.59	-3.734
803.89	-4.162
804.20	-4.108
804.50	-3.688
804.80	-3.698
805.11	-3.890
805.41	-4.007
805.71	-3.695
806.02	-3.943
806.32	-3.570
806.62	-3.263
806.93	-3.009
807.23	-2.774
807.53	-2.457
807.83	-3.167
808.14	-2.333
808.44	-1.781
808.74	-1.117
809.05	-0.895
809.35	0.234
809.65	0.419
809.95	1.550
810.26	2.086
810.56	2.389
810.86	2.357
811.16	4.156
811.47	4.566
811.77	5.353
812.07	6.179
812.37	7.616
812.68	8.103
812.98	9.013
813.28	9.293
813.58	10.308
813.88	11.013
814.19	12.219
814.49	12.499
814.79	13.428
815.09	14.059
815.39	14.596
815.70	14.939
816.00	15.368
816.30	15.502
816.60	16.358
816.90	16.811
817.20	18.134
817.50	19.046
817.81	20.284
818.11	21.224
818.41	21.912
818.71	22.756
819.01	23.554
819.31	24.131
819.61	24.697
819.92	24.921
820.22	25.171
820.52	25.237
820.82	25.405
821.12	25.482
821.42	25.584
821.72	25.730
822.02	25.747
822.32	25.639
822.62	25.608
822.92	25.606
823.22	25.524
823.52	25.420
823.83	25.325
824.13	25.074
824.43	24.874
824.73	24.678
825.03	24.386
825.33	24.110
825.63	23.989
825.93	23.792
826.23	23.413
826.53	23.346
826.83	23.260
827.13	23.096
827.43	23.009
827.73	22.859
828.03	22.511
828.33	22.061
828.63	21.648
828.93	21.084
829.23	20.696
829.53	20.282
829.83	19.574
830.13	18.804
830.42	18.558
830.72	18.814
831.02	18.959
831.32	18.998
831.62	19.328
831.92	19.766
832.22	19.977
832.52	19.957
832.82	20.120
833.12	20.335
833.42	20.409
833.72	20.126
834.01	19.640
834.31	19.376
834.61	19.213
834.91	18.601
835.21	17.872
835.51	17.073
835.81	16.327
836.11	14.981
836.40	14.044
836.70	12.907
837.00	11.918
837.30	10.511
837.60	9.237
837.90	7.723
838.19	7.632
838.49	7.072
838.79	6.765
839.09	6.373
839.39	6.203
839.68	5.052
839.98	5.293
840.28	5.226
840.58	5.075
840.88	4.124
841.17	3.047
841.47	1.910
841.77	0.898
842.07	-0.597
842.36	-2.738
842.66	-4.114
842.96	-5.324
843.26	-9.429
843.55	-14.381
843.85	-18.451
844.15	-21.640
844.45	-22.273
844.74	-25.808
845.04	-28.576
845.34	-32.081
845.63	-33.778
845.93	-35.363
846.23	-36.728
846.53	-35.843
846.82	-34.100
847.12	-34.124
847.42	-33.683
847.71	-35.441
848.01	-37.573
848.31	-35.615
848.60	-36.890
848.90	-36.074
849.19	-38.713
849.49	-38.461
849.79	-40.377
850.08	-36.657
850.38	-35.174
850.68	-32.738
850.97	-31.352
851.27	-27.809
851.56	-28.403
851.86	-23.838
852.16	-24.909
852.45	-23.251
852.75	-25.832
853.04	-23.729
853.34	-27.978
853.64	-25.449
853.93	-28.241
854.23	-29.669
854.52	-30.911
854.82	-32.870
855.11	-34.525
855.41	-32.596
855.70	-32.419
856.00	-27.920
856.30	-30.328
856.59	-28.511
856.89	-32.405
857.18	-32.354
857.48	-29.295
857.77	-27.402
858.07	-28.679
858.36	-27.862
858.66	-27.709
858.95	-26.528
859.25	-27.344
859.54	-27.587
859.84	-28.353
860.13	-27.208
860.42	-22.614
860.72	-25.180
861.01	-26.618
861.31	-22.638
861.60	-24.144
861.90	-24.366
862.19	-27.141
862.49	-25.751
862.78	-21.328
863.07	-20.189
863.37	-17.657
863.66	-18.757
863.96	-17.705
864.25	-16.280
864.54	-15.806
864.84	-14.456
865.13	-12.927
865.43	-10.993
865.72	-16.146
866.01	-0.612
866.31	-16.146
866.60	-11.467
866.89	-20.767
