180.30	0.000
180.67	0.000
181.03	73.014
181.40	39.366
181.77	-463.156
182.14	87.866
182.51	17.028
182.88	169.427
183.25	-76.300
183.62	39.545
183.99	74.803
184.36	-139.710
184.73	43.226
185.10	-1013.196
185.46	376.340
185.83	-5855.502
186.20	-269.515
186.57	6864.349
186.94	-59.882
187.31	-171.330
187.68	-14.661
188.05	-1253.433
188.42	-805.139
188.78	1817.657
189.15	390.868
189.52	237.598
189.89	189.930
190.26	177.009
190.63	108.083
191.00	77.302
191.37	83.375
191.73	91.590
192.10	46.796
192.47	34.899
192.84	50.018
193.21	51.683
193.58	53.789
193.94	66.233
194.31	67.193
194.68	54.143
195.05	58.516
195.42	52.130
195.79	59.452
196.15	72.825
196.52	81.851
196.89	89.283
197.26	101.923
197.63	82.879
198.00	85.077
198.36	69.217
198.73	143.731
199.10	117.363
199.47	93.554
199.84	68.575
200.20	62.887
200.57	32.552
200.94	24.198
201.31	35.027
201.68	48.357
202.04	44.424
202.41	62.000
202.78	68.704
203.15	79.808
203.51	77.553
203.88	63.812
204.25	59.441
204.62	70.388
204.98	78.951
205.35	70.292
205.72	69.853
206.09	70.197
206.46	49.166
206.82	36.851
207.19	5.365
207.56	4.437
207.92	19.798
208.29	37.644
208.66	38.719
209.03	34.702
209.39	46.360
209.76	57.040
210.13	52.616
210.50	48.258
210.86	47.224
211.23	73.172
211.60	68.775
211.96	75.752
212.33	22.765
212.70	20.001
213.07	33.693
213.43	30.674
213.80	9.687
214.17	21.841
214.53	51.049
214.90	58.084
215.27	56.133
215.63	58.782
216.00	42.278
216.37	44.557
216.74	34.286
217.10	21.361
217.47	28.740
217.84	33.340
218.20	48.582
218.57	36.373
218.94	22.747
219.30	10.676
219.67	12.410
220.04	26.715
220.40	36.493
220.77	43.580
221.13	48.692
221.50	34.735
221.87	31.752
222.23	22.473
222.60	14.716
222.97	16.355
223.33	8.775
223.70	15.827
224.07	12.675
224.43	10.670
224.80	8.975
225.16	11.981
225.53	12.403
225.90	11.888
226.26	9.123
226.63	11.452
226.99	11.049
227.36	13.408
227.73	12.821
228.09	11.854
228.46	11.804
228.82	13.846
229.19	12.488
229.56	12.571
229.92	12.752
230.29	12.259
230.65	14.650
231.02	18.587
231.38	16.426
231.75	15.136
232.12	15.581
232.48	16.231
232.85	14.565
233.21	15.818
233.58	14.588
233.94	13.417
234.31	14.258
234.68	11.069
235.04	11.189
235.41	13.737
235.77	12.705
236.14	11.745
236.50	8.278
236.87	7.605
237.23	5.341
237.60	5.887
237.96	6.085
238.33	4.562
238.69	3.882
239.06	2.449
239.42	1.368
239.79	1.978
240.15	2.724
240.52	4.072
240.88	3.237
241.25	3.497
241.61	3.627
241.98	3.448
242.34	3.638
242.71	3.954
243.07	3.791
243.44	4.129
243.80	3.621
244.17	3.975
244.53	3.920
244.90	4.354
245.26	4.228
245.63	4.036
245.99	4.126
246.36	4.324
246.72	4.174
247.09	4.361
247.45	4.907
247.81	5.369
248.18	5.151
248.54	5.070
248.91	5.419
249.27	5.480
249.64	5.476
250.00	5.547
250.36	5.757
250.73	6.347
251.09	5.841
251.46	5.251
251.82	5.247
252.19	4.590
252.55	4.625
252.91	3.576
253.28	3.408
253.64	3.943
254.01	4.390
254.37	4.933
254.73	4.174
255.10	4.199
255.46	3.958
255.83	3.516
256.19	3.952
256.55	4.083
256.92	4.342
257.28	4.481
257.65	4.004
258.01	3.878
258.37	3.649
258.74	3.802
259.10	3.854
259.46	3.979
259.83	4.441
260.19	4.326
260.55	4.117
260.92	3.992
261.28	3.815
261.64	4.542
262.01	4.541
262.37	4.480
262.73	4.148
263.10	4.465
263.46	4.687
263.82	4.443
264.19	4.633
264.55	4.911
264.91	5.227
265.28	5.423
265.64	5.282
266.00	5.411
266.37	5.281
266.73	5.332
267.09	4.925
267.46	4.490
267.82	4.435
268.18	4.558
268.54	4.659
268.91	4.359
269.27	4.297
269.63	4.115
270.00	4.103
270.36	4.268
270.72	4.421
271.08	4.730
271.45	4.622
271.81	4.533
272.17	4.202
272.53	3.821
272.90	3.689
273.26	3.815
273.62	3.702
273.98	3.685
274.35	3.802
274.71	3.763
275.07	3.704
275.43	3.901
275.80	4.050
276.16	4.358
276.52	4.715
276.88	4.573
277.25	4.193
277.61	4.072
277.97	3.743
278.33	3.347
278.69	3.605
279.06	3.332
279.42	3.114
279.78	3.176
280.14	3.143
280.50	3.288
280.87	3.489
281.23	3.586
281.59	3.781
281.95	4.096
282.31	4.337
282.68	3.933
283.04	4.006
283.40	4.113
283.76	3.818
284.12	3.853
284.48	3.571
284.85	3.829
285.21	3.889
285.57	3.778
285.93	3.584
286.29	3.373
286.65	3.414
287.02	3.568
287.38	3.504
287.74	3.488
288.10	3.163
288.46	3.234
288.82	2.936
289.18	3.125
289.54	3.233
289.91	3.183
290.27	3.025
290.63	3.074
290.99	3.047
291.35	3.184
291.71	3.464
292.07	3.663
292.43	3.612
292.79	3.426
293.16	3.135
293.52	3.166
293.88	3.289
294.24	3.548
294.60	3.604
294.96	3.467
295.32	3.381
295.68	3.413
296.04	3.335
296.40	3.406
296.76	3.669
297.12	3.810
297.49	3.778
297.85	3.720
298.21	3.827
298.57	3.944
298.93	3.914
299.29	3.924
299.65	3.764
300.01	3.821
300.37	3.735
300.73	3.557
301.09	3.621
301.45	3.761
301.81	3.707
302.17	3.616
302.53	3.481
302.89	3.545
303.25	3.552
303.61	3.565
303.97	3.564
304.33	3.773
304.69	3.822
305.05	3.811
305.41	3.462
305.77	3.637
306.13	3.556
306.49	3.484
306.85	3.412
307.21	3.596
307.57	3.614
307.93	3.682
308.29	3.634
308.65	3.563
309.01	3.419
309.37	3.660
309.73	3.449
310.09	3.551
310.45	3.549
310.81	3.603
311.17	3.323
311.53	3.211
311.89	3.128
312.25	2.939
312.61	2.849
312.96	2.905
313.32	2.725
313.68	2.818
314.04	2.798
314.40	2.755
314.76	2.747
315.12	2.843
315.48	2.786
315.84	2.674
316.20	2.834
316.56	2.953
316.92	2.927
317.27	3.094
317.63	3.038
317.99	3.119
318.35	3.285
318.71	3.150
319.07	3.064
319.43	3.238
319.79	3.308
320.15	3.214
320.50	3.318
320.86	3.118
321.22	2.841
321.58	2.936
321.94	2.671
322.30	2.645
322.66	2.665
323.01	2.805
323.37	2.815
323.73	2.879
324.09	2.775
324.45	2.620
324.81	2.698
325.17	2.727
325.52	2.639
325.88	2.696
326.24	2.507
326.60	2.520
326.96	2.359
327.31	2.288
327.67	2.149
328.03	2.075
328.39	2.081
328.75	2.067
329.11	2.135
329.46	2.132
329.82	2.145
330.18	2.258
330.54	2.186
330.90	2.217
331.25	2.065
331.61	2.058
331.97	2.148
332.33	2.202
332.68	2.272
333.04	2.369
333.40	2.340
333.76	2.285
334.11	2.251
334.47	2.294
334.83	2.343
335.19	2.398
335.54	2.489
335.90	2.682
336.26	2.672
336.62	2.604
336.97	2.470
337.33	2.465
337.69	2.390
338.05	2.523
338.40	2.545
338.76	2.519
339.12	2.575
339.48	2.605
339.83	2.401
340.19	2.388
340.55	2.337
340.90	2.373
341.26	2.532
341.62	2.723
341.97	2.565
342.33	2.555
342.69	2.636
343.04	2.758
343.40	2.622
343.76	2.761
344.12	2.832
344.47	3.027
344.83	2.936
345.19	2.846
345.54	2.762
345.90	2.751
346.26	2.716
346.61	2.681
346.97	2.532
347.32	2.600
347.68	2.564
348.04	2.387
348.39	2.248
348.75	2.257
349.11	2.111
349.46	2.086
349.82	2.153
350.18	2.197
350.53	2.065
350.89	2.045
351.24	1.954
351.60	1.967
351.96	2.090
352.31	2.118
352.67	2.222
353.02	2.362
353.38	2.426
353.74	2.416
354.09	2.336
354.45	2.403
354.80	2.431
355.16	2.510
355.52	2.378
355.87	2.288
356.23	2.292
356.58	2.341
356.94	2.306
357.29	2.270
357.65	2.301
358.00	2.323
358.36	2.342
358.72	2.363
359.07	2.394
359.43	2.404
359.78	2.471
360.14	2.514
360.49	2.481
360.85	2.474
361.20	2.454
361.56	2.350
361.91	2.378
362.27	2.376
362.62	2.268
362.98	2.233
363.33	2.272
363.69	2.247
364.04	2.197
364.40	2.084
364.75	2.021
365.11	2.031
365.46	2.067
365.82	2.028
366.17	2.050
366.53	2.146
366.88	2.194
367.24	2.249
367.59	2.255
367.95	2.299
368.30	2.329
368.66	2.462
369.01	2.463
369.37	2.560
369.72	2.608
370.08	2.597
370.43	2.626
370.78	2.613
371.14	2.643
371.49	2.625
371.85	2.643
372.20	2.688
372.56	2.677
372.91	2.725
373.26	2.684
373.62	2.691
373.97	2.685
374.33	2.649
374.68	2.625
375.03	2.606
375.39	2.651
375.74	2.612
376.10	2.646
376.45	2.668
376.80	2.681
377.16	2.739
377.51	2.779
377.87	2.876
378.22	2.979
378.57	3.088
378.93	3.105
379.28	3.198
379.63	3.283
379.99	3.374
380.34	3.445
380.70	3.498
381.05	3.570
381.40	3.639
381.76	3.675
382.11	3.713
382.46	3.722
382.82	3.799
383.17	3.835
383.52	3.852
383.88	3.792
384.23	3.770
384.58	3.785
384.94	3.774
385.29	3.776
385.64	3.791
385.99	3.791
386.35	3.805
386.70	3.830
387.05	3.852
387.41	3.868
387.76	3.970
388.11	4.073
388.47	4.154
388.82	4.143
389.17	4.218
389.52	4.243
389.88	4.315
390.23	4.371
390.58	4.467
390.93	4.496
391.29	4.593
391.64	4.653
391.99	4.682
392.34	4.743
392.70	4.785
393.05	4.786
393.40	4.837
393.75	4.838
394.11	4.888
394.46	4.851
394.81	4.882
395.16	4.878
395.52	4.870
395.87	4.817
396.22	4.753
396.57	4.714
396.92	4.698
397.28	4.637
397.63	4.591
397.98	4.514
398.33	4.489
398.68	4.450
399.04	4.455
399.39	4.443
399.74	4.454
400.09	4.497
400.44	4.600
400.80	4.625
401.15	4.734
401.50	4.873
401.85	5.000
402.20	5.137
402.55	5.218
402.90	5.276
403.26	5.322
403.61	5.452
403.96	5.513
404.31	5.589
404.66	5.674
405.01	5.730
405.36	5.758
405.72	5.788
406.07	5.771
406.42	5.793
406.77	5.806
407.12	5.895
407.47	5.902
407.82	5.923
408.17	5.979
408.53	6.044
408.88	6.085
409.23	6.111
409.58	6.172
409.93	6.215
410.28	6.322
410.63	6.418
410.98	6.465
411.33	6.524
411.68	6.622
412.03	6.661
412.38	6.750
412.73	6.826
413.09	6.946
413.44	7.058
413.79	7.201
414.14	7.339
414.49	7.456
414.84	7.595
415.19	7.704
415.54	7.799
415.89	7.911
416.24	8.048
416.59	8.180
416.94	8.302
417.29	8.377
417.64	8.466
417.99	8.546
418.34	8.621
418.69	8.687
419.04	8.758
419.39	8.839
419.74	8.930
420.09	8.953
420.44	8.998
420.79	9.031
421.14	9.089
421.49	9.130
421.84	9.159
422.19	9.199
422.54	9.239
422.89	9.282
423.24	9.322
423.59	9.341
423.94	9.359
424.29	9.358
424.64	9.374
424.99	9.395
425.34	9.416
425.68	9.424
426.03	9.443
426.38	9.477
426.73	9.522
427.08	9.557
427.43	9.592
427.78	9.676
428.13	9.757
428.48	9.797
428.83	9.842
429.18	9.907
429.53	9.955
429.87	10.027
430.22	10.058
430.57	10.121
430.92	10.149
431.27	10.201
431.62	10.220
431.97	10.267
432.32	10.323
432.67	10.358
433.01	10.380
433.36	10.427
433.71	10.431
434.06	10.477
434.41	10.502
434.76	10.546
435.11	10.566
435.45	10.637
435.80	10.650
436.15	10.682
436.50	10.743
436.85	10.782
437.20	10.831
437.54	10.876
437.89	10.887
438.24	10.910
438.59	10.954
438.94	10.978
439.29	10.993
439.63	11.027
439.98	11.029
440.33	11.005
440.68	11.027
441.03	11.048
441.37	11.086
441.72	11.122
442.07	11.129
442.42	11.136
442.76	11.187
443.11	11.187
443.46	11.196
443.81	11.240
444.16	11.269
444.50	11.290
444.85	11.290
445.20	11.268
445.55	11.269
445.89	11.275
446.24	11.283
446.59	11.247
446.94	11.230
447.28	11.206
447.63	11.152
447.98	11.142
448.32	11.101
448.67	11.075
449.02	11.080
449.37	11.062
449.71	11.066
450.06	11.045
450.41	11.057
450.75	11.086
451.10	11.100
451.45	11.162
451.79	11.172
452.14	11.171
452.49	11.194
452.84	11.200
453.18	11.218
453.53	11.228
453.88	11.243
454.22	11.312
454.57	11.363
454.92	11.440
455.26	11.481
455.61	11.553
455.95	11.633
456.30	11.717
456.65	11.766
456.99	11.836
457.34	11.903
457.69	11.966
458.03	11.973
458.38	12.007
458.73	12.032
459.07	12.043
459.42	12.023
459.76	12.026
460.11	11.993
460.46	12.016
460.80	12.001
461.15	11.978
461.49	11.969
461.84	11.996
462.19	11.975
462.53	11.995
462.88	12.016
463.22	12.105
463.57	12.148
463.91	12.203
464.26	12.241
464.61	12.270
464.95	12.334
465.30	12.385
465.64	12.426
465.99	12.486
466.33	12.523
466.68	12.572
467.02	12.567
467.37	12.613
467.71	12.663
468.06	12.688
468.41	12.695
468.75	12.716
469.10	12.710
469.44	12.705
469.79	12.722
470.13	12.740
470.48	12.737
470.82	12.760
471.17	12.742
471.51	12.707
471.86	12.729
472.20	12.775
472.55	12.748
472.89	12.772
473.23	12.771
473.58	12.762
473.92	12.738
474.27	12.760
474.61	12.744
474.96	12.742
475.30	12.745
475.65	12.714
475.99	12.716
476.34	12.752
476.68	12.743
477.02	12.771
477.37	12.806
477.71	12.864
478.06	12.917
478.40	13.088
478.75	13.277
479.09	13.498
479.43	13.730
479.78	13.926
480.12	14.107
480.47	14.294
480.81	14.458
481.15	14.606
481.50	14.721
481.84	14.867
482.19	14.992
482.53	15.066
482.87	15.085
483.22	15.090
483.56	15.086
483.90	15.078
484.25	15.047
484.59	14.999
484.94	14.950
485.28	14.911
485.62	14.818
485.97	14.709
486.31	14.651
486.65	14.630
487.00	14.598
487.34	14.574
487.68	14.544
488.03	14.530
488.37	14.525
488.71	14.509
489.06	14.513
489.40	14.520
489.74	14.517
490.09	14.516
490.43	14.499
490.77	14.479
491.11	14.458
491.46	14.440
491.80	14.422
492.14	14.411
492.49	14.408
492.83	14.376
493.17	14.344
493.51	14.354
493.86	14.328
494.20	14.374
494.54	14.439
494.88	14.499
495.23	14.569
495.57	14.647
495.91	14.705
496.25	14.764
496.60	14.854
496.94	14.934
497.28	14.986
497.62	15.054
497.97	15.083
498.31	15.172
498.65	15.282
498.99	15.373
499.33	15.457
499.68	15.579
500.02	15.668
500.36	15.734
500.70	15.857
501.04	15.945
501.39	16.082
501.73	16.198
502.07	16.259
502.41	16.355
502.75	16.421
503.09	16.513
503.44	16.575
503.78	16.704
504.12	16.804
504.46	16.892
504.80	17.015
505.14	17.105
505.49	17.191
505.83	17.290
506.17	17.375
506.51	17.486
506.85	17.576
507.19	17.678
507.53	17.727
507.87	17.810
508.22	17.888
508.56	17.937
508.90	18.003
509.24	18.094
509.58	18.176
509.92	18.231
510.26	18.312
510.60	18.372
510.94	18.425
511.28	18.503
511.63	18.571
511.97	18.621
512.31	18.696
512.65	18.787
512.99	18.851
513.33	18.928
513.67	19.051
514.01	19.162
514.35	19.267
514.69	19.377
515.03	19.471
515.37	19.576
515.71	19.673
516.05	19.751
516.39	19.824
516.73	19.898
517.07	19.959
517.41	19.968
517.75	19.960
518.09	19.972
518.43	19.961
518.77	19.944
519.11	19.907
519.45	19.889
519.79	19.877
520.13	19.856
520.47	19.864
520.81	19.883
521.15	19.928
521.49	20.015
521.83	20.075
522.17	20.151
522.51	20.294
522.85	20.460
523.19	20.677
523.53	20.944
523.87	21.232
524.21	21.524
524.55	21.777
524.89	22.012
525.23	22.208
525.57	22.405
525.91	22.581
526.25	22.704
526.58	22.806
526.92	22.875
527.26	22.906
527.60	22.892
527.94	22.847
528.28	22.773
528.62	22.717
528.96	22.652
529.30	22.560
529.64	22.451
529.97	22.363
530.31	22.279
530.65	22.192
530.99	22.121
531.33	22.087
531.67	22.071
532.01	22.093
532.35	22.050
532.68	22.006
533.02	21.964
533.36	21.928
533.70	21.908
534.04	21.841
534.38	21.799
534.71	21.754
535.05	21.701
535.39	21.643
535.73	21.613
536.07	21.646
536.41	21.709
536.74	21.834
537.08	21.959
537.42	22.091
537.76	22.259
538.10	22.398
538.43	22.531
538.77	22.654
539.11	22.769
539.45	22.867
539.79	22.934
540.12	22.972
540.46	22.958
540.80	22.946
541.14	22.889
541.47	22.843
541.81	22.786
542.15	22.706
542.49	22.622
542.82	22.512
543.16	22.376
543.50	22.240
543.84	22.133
544.17	22.055
544.51	21.974
544.85	21.928
545.18	21.837
545.52	21.754
545.86	21.673
546.20	21.611
546.53	21.522
546.87	21.497
547.21	21.467
547.54	21.437
547.88	21.422
548.22	21.401
548.55	21.352
548.89	21.346
549.23	21.348
549.56	21.400
549.90	21.399
550.24	21.438
550.57	21.424
550.91	21.419
551.25	21.392
551.58	21.360
551.92	21.379
552.26	21.381
552.59	21.397
552.93	21.417
553.27	21.356
553.60	21.313
553.94	21.297
554.27	21.294
554.61	21.296
554.95	21.320
555.28	21.318
555.62	21.317
555.95	21.399
556.29	21.414
556.63	21.406
556.96	21.397
557.30	21.488
557.63	21.542
557.97	21.561
558.31	21.588
558.64	21.624
558.98	21.670
559.31	21.735
559.65	21.702
559.98	21.710
560.32	21.784
560.65	21.909
560.99	21.913
561.33	21.970
561.66	22.065
562.00	22.172
562.33	22.226
562.67	22.318
563.00	22.389
563.34	22.437
563.67	22.518
564.01	22.587
564.34	22.628
564.68	22.701
565.01	22.734
565.35	22.772
565.68	22.775
566.02	22.847
566.35	22.878
566.69	22.908
567.02	22.982
567.36	22.985
567.69	22.991
568.03	23.045
568.36	23.097
568.69	23.139
569.03	23.143
569.36	23.193
569.70	23.179
570.03	23.235
570.37	23.244
570.70	23.283
571.04	23.348
571.37	23.377
571.70	23.355
572.04	23.353
572.37	23.380
572.71	23.378
573.04	23.401
573.37	23.425
573.71	23.393
574.04	23.412
574.38	23.399
574.71	23.383
575.04	23.366
575.38	23.360
575.71	23.308
576.05	23.292
576.38	23.342
576.71	23.287
577.05	23.249
577.38	23.227
577.71	23.155
578.05	23.130
578.38	23.121
578.71	23.083
579.05	23.064
579.38	23.093
579.71	23.042
580.05	22.991
580.38	22.984
580.71	22.985
581.05	23.005
581.38	23.041
581.71	23.040
582.05	23.042
582.38	23.119
582.71	23.142
583.04	23.109
583.38	23.186
583.71	23.193
584.04	23.242
584.38	23.283
584.71	23.302
585.04	23.348
585.37	23.391
585.71	23.454
586.04	23.497
586.37	23.579
586.70	23.682
587.04	23.717
587.37	23.776
587.70	23.837
588.03	23.880
588.37	23.931
588.70	23.977
589.03	23.976
589.36	23.961
589.69	23.921
590.03	23.930
590.36	23.932
590.69	23.899
591.02	23.916
591.35	23.874
591.69	23.869
592.02	23.848
592.35	23.813
592.68	23.844
593.01	23.879
593.35	23.919
593.68	23.894
594.01	23.870
594.34	23.884
594.67	23.853
595.00	23.873
595.34	23.869
595.67	23.858
596.00	23.847
596.33	23.816
596.66	23.715
596.99	23.679
597.32	23.631
597.65	23.614
597.99	23.540
598.32	23.501
598.65	23.481
598.98	23.463
599.31	23.456
599.64	23.453
599.97	23.435
600.30	23.483
600.63	23.451
600.96	23.488
601.30	23.489
601.63	23.524
601.96	23.537
602.29	23.515
602.62	23.513
602.95	23.454
603.28	23.457
603.61	23.452
603.94	23.440
604.27	23.461
604.60	23.442
604.93	23.421
605.26	23.399
605.59	23.367
605.92	23.321
606.25	23.284
606.58	23.310
606.91	23.286
607.24	23.288
607.57	23.278
607.90	23.252
608.23	23.233
608.56	23.210
608.89	23.170
609.22	23.148
609.55	23.146
609.88	23.098
610.21	23.057
610.54	22.954
610.87	22.872
611.20	22.787
611.53	22.671
611.86	22.614
612.19	22.570
612.52	22.538
612.85	22.477
613.18	22.464
613.51	22.391
613.84	22.335
614.17	22.334
614.49	22.324
614.82	22.319
615.15	22.310
615.48	22.245
615.81	22.236
616.14	22.222
616.47	22.272
616.80	22.217
617.13	22.245
617.46	22.222
617.78	22.225
618.11	22.209
618.44	22.191
618.77	22.173
619.10	22.159
619.43	22.129
619.76	22.152
620.09	22.049
620.41	22.058
620.74	22.048
621.07	22.109
621.40	22.070
621.73	22.045
622.06	22.108
622.38	22.147
622.71	22.193
623.04	22.174
623.37	22.193
623.70	22.278
624.02	22.287
624.35	22.337
624.68	22.328
625.01	22.333
625.34	22.325
625.66	22.268
625.99	22.257
626.32	22.232
626.65	22.226
626.98	22.140
627.30	22.105
627.63	22.044
627.96	21.962
628.29	21.878
628.61	21.839
628.94	21.867
629.27	21.817
629.60	21.762
629.92	21.689
630.25	21.677
630.58	21.677
630.91	21.612
631.23	21.574
631.56	21.568
631.89	21.571
632.21	21.550
632.54	21.420
632.87	21.373
633.19	21.317
633.52	21.278
633.85	21.202
634.18	21.138
634.50	21.095
634.83	21.078
635.16	21.022
635.48	20.877
635.81	20.849
636.14	20.887
636.46	20.824
636.79	20.795
637.11	20.777
637.44	20.769
637.77	20.721
638.09	20.663
638.42	20.589
638.75	20.525
639.07	20.572
639.40	20.501
639.73	20.392
640.05	20.401
640.38	20.369
640.70	20.375
641.03	20.335
641.36	20.325
641.68	20.311
642.01	20.345
642.33	20.330
642.66	20.300
642.98	20.315
643.31	20.395
643.64	20.414
643.96	20.442
644.29	20.382
644.61	20.424
644.94	20.501
645.26	20.581
645.59	20.595
645.91	20.645
646.24	20.693
646.56	20.736
646.89	20.690
647.22	20.673
647.54	20.647
647.87	20.709
648.19	20.660
648.52	20.564
648.84	20.478
649.17	20.383
649.49	20.318
649.82	20.240
650.14	20.201
650.47	20.208
650.79	20.136
651.11	20.120
651.44	20.041
651.76	20.049
652.09	20.009
652.41	20.019
652.74	20.018
653.06	19.990
653.39	19.986
653.71	19.950
654.04	19.917
654.36	19.900
654.68	19.833
655.01	19.859
655.33	19.752
655.66	19.751
655.98	19.726
656.30	19.751
656.63	19.744
656.95	19.721
657.28	19.642
657.60	19.571
657.92	19.546
658.25	19.504
658.57	19.442
658.90	19.395
659.22	19.318
659.54	19.191
659.87	19.073
660.19	18.998
660.51	18.843
660.84	18.790
661.16	18.719
661.48	18.712
661.81	18.684
662.13	18.576
662.45	18.570
662.78	18.506
663.10	18.539
663.42	18.512
663.75	18.487
664.07	18.506
664.39	18.491
664.72	18.528
665.04	18.483
665.36	18.513
665.69	18.489
666.01	18.451
666.33	18.448
666.65	18.415
666.98	18.429
667.30	18.376
667.62	18.433
667.94	18.376
668.27	18.272
668.59	18.220
668.91	18.131
669.23	18.162
669.56	18.123
669.88	18.115
670.20	18.087
670.52	18.078
670.85	18.075
671.17	17.995
671.49	17.981
671.81	18.040
672.13	17.973
672.46	17.987
672.78	17.940
673.10	17.972
673.42	17.928
673.74	17.951
674.07	17.883
674.39	17.832
674.71	17.849
675.03	17.881
675.35	17.830
675.67	17.916
676.00	17.908
676.32	17.885
676.64	17.869
676.96	17.893
677.28	17.908
677.60	17.931
677.92	17.957
678.25	17.986
678.57	17.972
678.89	17.937
679.21	17.932
679.53	17.852
679.85	17.840
680.17	17.845
680.49	17.826
680.81	17.757
681.13	17.716
681.46	17.705
681.78	17.568
682.10	17.565
682.42	17.605
682.74	17.579
683.06	17.603
683.38	17.734
683.70	17.728
684.02	17.744
684.34	17.803
684.66	17.872
684.98	17.925
685.30	18.007
685.62	18.044
685.94	18.011
686.26	18.016
686.58	18.033
686.90	17.894
687.22	17.871
687.54	17.847
687.86	17.743
688.18	17.659
688.50	17.613
688.82	17.627
689.14	17.596
689.46	17.559
689.78	17.484
690.10	17.415
690.42	17.355
690.74	17.216
691.06	17.188
691.38	17.137
691.70	17.103
692.02	17.057
692.34	16.943
692.66	16.776
692.98	16.719
693.30	16.680
693.62	16.618
693.94	16.553
694.26	16.643
694.57	16.638
694.89	16.610
695.21	16.558
695.53	16.522
695.85	16.542
696.17	16.576
696.49	16.585
696.81	16.595
697.13	16.617
697.44	16.650
697.76	16.613
698.08	16.536
698.40	16.444
698.72	16.389
699.04	16.233
699.36	16.037
699.67	15.870
699.99	15.629
700.31	15.333
700.63	14.996
700.95	14.732
701.27	14.404
701.58	14.057
701.90	13.871
702.22	13.626
702.54	13.398
702.86	13.164
703.17	12.958
703.49	12.788
703.81	12.653
704.13	12.634
704.45	12.398
704.76	12.203
705.08	12.179
705.40	12.008
705.72	11.917
706.03	11.818
706.35	11.631
706.67	11.594
706.99	11.559
707.30	11.491
707.62	11.362
707.94	11.347
708.26	11.232
708.57	11.178
708.89	11.164
709.21	10.996
709.53	11.025
709.84	11.118
710.16	11.017
710.48	10.830
710.79	10.771
711.11	10.644
711.43	10.730
711.74	10.789
712.06	10.723
712.38	10.826
712.69	11.035
713.01	11.073
713.33	11.150
713.64	11.317
713.96	11.687
714.28	11.920
714.59	12.188
714.91	12.258
715.23	12.483
715.54	12.604
715.86	12.579
716.17	12.503
716.49	12.617
716.81	12.579
717.12	12.510
717.44	12.167
717.76	11.952
718.07	11.729
718.39	11.402
718.70	11.075
719.02	10.753
719.33	10.384
719.65	10.084
719.97	9.654
720.28	9.490
720.60	9.267
720.91	9.210
721.23	9.034
721.54	8.906
721.86	8.976
722.17	8.928
722.49	8.957
722.81	9.039
723.12	9.102
723.44	9.309
723.75	9.203
724.07	9.150
724.38	9.176
724.70	9.231
725.01	9.227
725.33	9.202
725.64	9.230
725.96	9.154
726.27	9.112
726.59	9.004
726.90	8.669
727.22	8.743
727.53	8.506
727.84	8.294
728.16	8.035
728.47	7.823
728.79	7.446
729.10	7.067
729.42	6.725
729.73	6.303
730.05	5.852
730.36	5.494
730.67	4.796
730.99	4.422
731.30	3.739
731.62	3.014
731.93	2.379
732.24	1.706
732.56	1.118
732.87	0.554
733.19	-0.043
733.50	-0.754
733.81	-1.433
734.13	-1.972
734.44	-2.502
734.76	-2.802
735.07	-3.214
735.38	-3.925
735.70	-4.519
736.01	-4.749
736.32	-5.493
736.64	-5.898
736.95	-6.275
737.26	-6.608
737.58	-6.976
737.89	-7.559
738.20	-8.154
738.52	-8.500
738.83	-8.796
739.14	-9.283
739.45	-10.556
739.77	-10.930
740.08	-11.899
740.39	-12.777
740.71	-13.622
741.02	-14.523
741.33	-15.600
741.64	-16.369
741.96	-17.421
742.27	-18.040
742.58	-18.774
742.90	-19.080
743.21	-19.783
743.52	-20.277
743.83	-20.510
744.14	-21.109
744.46	-21.487
744.77	-21.493
745.08	-21.814
745.39	-22.118
745.71	-22.462
746.02	-22.423
746.33	-22.559
746.64	-22.244
746.95	-22.178
747.27	-22.519
747.58	-22.415
747.89	-22.328
748.20	-22.497
748.51	-22.567
748.82	-22.446
749.14	-22.374
749.45	-22.487
749.76	-22.428
750.07	-22.684
750.38	-23.002
750.69	-22.964
751.01	-23.156
751.32	-23.576
751.63	-23.633
751.94	-23.962
752.25	-23.965
752.56	-24.193
752.87	-24.250
753.18	-24.345
753.49	-24.539
753.81	-23.969
754.12	-23.217
754.43	-22.548
754.74	-21.232
755.05	-19.470
755.36	-17.281
755.67	-15.569
755.98	-13.215
756.29	-10.800
756.60	-8.246
756.91	-5.614
757.22	-3.092
757.53	-0.750
757.84	1.532
758.15	3.585
758.46	5.168
758.77	6.580
759.09	7.985
759.40	8.934
759.71	9.665
760.02	10.248
760.33	10.683
760.64	10.783
760.95	10.838
761.26	10.645
761.57	10.353
761.88	10.016
762.18	9.632
762.49	9.101
762.80	8.585
763.11	7.753
763.42	6.763
763.73	5.490
764.04	4.273
764.35	2.657
764.66	0.992
764.97	-0.926
765.28	-2.928
765.59	-5.707
765.90	-8.479
766.21	-11.761
766.52	-14.210
766.83	-17.105
767.14	-19.544
767.44	-22.118
767.75	-24.412
768.06	-26.828
768.37	-28.708
768.68	-30.885
768.99	-32.018
769.30	-34.042
769.61	-35.041
769.91	-37.312
770.22	-38.052
770.53	-39.313
770.84	-40.508
771.15	-41.680
771.46	-42.436
771.77	-43.659
772.07	-44.713
772.38	-45.768
772.69	-45.789
773.00	-46.653
773.31	-46.405
773.61	-47.141
773.92	-47.339
774.23	-47.258
774.54	-47.060
774.85	-47.030
775.15	-46.229
775.46	-45.734
775.77	-45.483
776.08	-45.533
776.39	-44.505
776.69	-44.290
777.00	-44.174
777.31	-44.166
777.62	-43.823
777.92	-43.883
778.23	-43.298
778.54	-43.686
778.85	-44.009
779.15	-43.921
779.46	-43.760
779.77	-44.326
780.07	-44.696
780.38	-44.932
780.69	-44.535
781.00	-45.311
781.30	-44.955
781.61	-45.644
781.92	-44.726
782.22	-43.970
782.53	-43.272
782.84	-41.970
783.14	-41.742
783.45	-40.355
783.76	-38.641
784.06	-37.501
784.37	-35.095
784.68	-33.331
784.98	-31.260
785.29	-29.658
785.60	-28.233
785.90	-26.654
786.21	-25.734
786.51	-24.080
786.82	-22.859
787.13	-21.693
787.43	-20.781
787.74	-19.933
788.04	-19.655
788.35	-19.083
788.66	-19.356
788.96	-19.440
789.27	-20.156
789.57	-20.231
789.88	-20.926
790.19	-21.378
790.49	-22.325
790.80	-23.319
791.10	-24.240
791.41	-23.917
791.71	-24.586
792.02	-24.688
792.32	-24.987
792.63	-24.332
792.93	-23.954
793.24	-22.945
793.54	-23.115
793.85	-22.323
794.15	-20.805
794.46	-20.275
794.76	-20.041
795.07	-19.457
795.37	-18.324
795.68	-17.531
795.98	-16.915
796.29	-16.171
796.59	-15.737
796.90	-15.049
797.20	-15.063
797.51	-14.836
797.81	-14.739
798.12	-14.861
798.42	-14.571
798.72	-14.818
799.03	-14.286
799.33	-14.218
799.64	-14.612
799.94	-15.388
800.25	-15.261
800.55	-14.640
800.85	-14.452
801.16	-14.764
801.46	-14.693
801.77	-14.896
802.07	-15.157
802.37	-15.619
802.68	-15.817
802.98	-15.579
803.28	-15.082
803.59	-15.520
803.89	-16.316
804.20	-17.066
804.50	-16.602
804.80	-16.828
805.11	-16.906
805.41	-17.054
805.71	-16.656
806.02	-17.134
806.32	-17.163
806.62	-17.474
806.93	-17.144
807.23	-16.516
807.53	-15.404
807.83	-15.210
808.14	-14.203
808.44	-13.916
808.74	-13.061
809.05	-13.416
809.35	-11.846
809.65	-11.831
809.95	-10.565
810.26	-8.986
810.56	-9.146
810.86	-8.748
811.16	-7.497
811.47	-7.023
811.77	-5.621
812.07	-4.871
812.37	-2.880
812.68	-2.506
812.98	-1.240
813.28	-0.534
813.58	-0.305
813.88	0.746
814.19	1.519
814.49	1.414
814.79	2.145
815.09	2.573
815.39	3.394
815.70	3.586
816.00	3.740
816.30	3.883
816.60	4.844
816.90	5.593
817.20	6.668
817.50	7.892
817.81	9.448
818.11	10.862
818.41	11.827
818.71	12.735
819.01	13.505
819.31	14.254
819.61	14.896
819.92	15.192
820.22	15.412
820.52	15.745
820.82	15.845
821.12	15.941
821.42	16.009
821.72	16.082
822.02	16.063
822.32	16.037
822.62	15.998
822.92	15.893
823.22	15.834
823.52	15.731
823.83	15.519
824.13	15.336
824.43	15.149
824.73	14.832
825.03	14.696
825.33	14.513
825.63	14.335
825.93	14.208
826.23	14.097
826.53	13.836
826.83	13.866
827.13	13.767
827.43	13.746
827.73	13.536
828.03	13.347
828.33	13.019
828.63	12.540
828.93	11.953
829.23	11.309
829.53	10.586
829.83	9.903
830.13	9.138
830.42	8.755
830.72	8.588
831.02	8.665
831.32	9.050
831.62	9.105
831.92	9.536
832.22	9.775
832.52	9.959
832.82	10.260
833.12	10.524
833.42	10.376
833.72	10.238
834.01	9.895
834.31	9.957
834.61	9.666
834.91	9.220
835.21	8.866
835.51	8.234
835.81	7.479
836.11	6.458
836.40	5.627
836.70	4.997
837.00	3.845
837.30	2.489
837.60	0.633
837.90	-0.983
838.19	-1.637
838.49	-2.771
838.79	-2.611
839.09	-3.138
839.39	-4.207
839.68	-5.201
839.98	-5.085
840.28	-5.410
840.58	-5.162
840.88	-5.695
841.17	-6.883
841.47	-8.196
841.77	-9.432
842.07	-12.868
842.36	-15.301
842.66	-17.255
842.96	-18.589
843.26	-23.160
843.55	-27.917
843.85	-33.100
844.15	-35.401
844.45	-35.899
844.74	-39.595
845.04	-43.073
845.34	-41.894
845.63	-44.294
845.93	-44.625
846.23	-46.113
846.53	-46.353
846.82	-44.692
847.12	-46.142
847.42	-46.942
847.71	-49.338
848.01	-50.308
848.31	-48.935
848.60	-50.761
848.90	-49.030
849.19	-51.666
849.49	-50.905
849.79	-51.732
850.08	-51.506
850.38	-45.435
850.68	-44.157
850.97	-40.302
851.27	-35.577
851.56	-34.353
851.86	-30.736
852.16	-30.257
852.45	-27.922
852.75	-29.192
853.04	-27.994
853.34	-26.559
853.64	-26.349
853.93	-26.519
854.23	-30.093
854.52	-32.806
854.82	-34.642
855.11	-37.390
855.41	-37.966
855.70	-40.368
856.00	-38.206
856.30	-40.018
856.59	-43.148
856.89	-49.025
857.18	-50.751
857.48	-46.195
857.77	-42.342
858.07	-41.803
858.36	-40.407
858.66	-38.885
858.95	-35.464
859.25	-36.545
859.54	-37.086
859.84	-34.995
860.13	-32.611
860.42	-28.704
860.72	-31.767
861.01	-35.641
861.31	-34.833
861.60	-35.915
861.90	-34.948
862.19	-37.142
862.49	-35.781
862.78	-30.571
863.07	-29.797
863.37	-29.416
863.66	-29.463
863.96	-28.211
864.25	-26.716
864.54	-27.842
864.84	-26.605
865.13	-26.939
865.43	-24.811
865.72	-30.423
866.01	-34.434
866.31	-20.873
866.60	-31.851
866.89	-22.224
