180.30	0.000
180.67	0.000
181.03	-58.063
181.40	182.833
181.77	-280.296
182.14	7.572
182.51	549.839
182.88	48.436
183.25	25.449
183.62	123.895
183.99	76.966
184.36	143.385
184.73	52.699
185.10	3680.875
185.46	346.106
185.83	-2.843
186.20	39.449
186.57	397.537
186.94	102.478
187.31	90.910
187.68	-2399.685
188.05	674.236
188.42	448.120
188.78	-144.931
189.15	8.981
189.52	30.469
189.89	20.164
190.26	19.803
190.63	1.705
191.00	18.854
191.37	35.497
191.73	28.936
192.10	8.710
192.47	-40.560
192.84	-155.087
193.21	-264.109
193.58	-244.253
193.94	-207.440
194.31	-34.764
194.68	-1.638
195.05	-32.413
195.42	-61.273
195.79	-35.591
196.15	-8.892
196.52	36.051
196.89	19.289
197.26	16.250
197.63	25.024
198.00	70.508
198.36	103.837
198.73	187.726
199.10	161.880
199.47	108.101
199.84	85.950
200.20	117.466
200.57	74.781
200.94	96.520
201.31	97.684
201.68	81.437
202.04	66.705
202.41	56.049
202.78	57.321
203.15	64.711
203.51	69.405
203.88	67.881
204.25	52.382
204.62	44.623
204.98	40.150
205.35	28.262
205.72	8.532
206.09	-54.063
206.46	-31.771
206.82	-60.375
207.19	-88.536
207.56	-116.204
207.92	-113.372
208.29	-66.400
208.66	-27.604
209.03	-48.993
209.39	-18.721
209.76	5.579
210.13	19.602
210.50	17.623
210.86	-2.459
211.23	-25.783
211.60	-56.184
211.96	-77.559
212.33	-175.628
212.70	7060.197
213.07	617.426
213.43	636.244
213.80	2011.527
214.17	318.398
214.53	1584.868
214.90	-180.746
215.27	-82.153
215.63	-140.884
216.00	-80.510
216.37	-23.458
216.74	-18.882
217.10	-9.947
217.47	-0.010
217.84	-8.374
218.20	-17.219
218.57	-9.474
218.94	-19.488
219.30	-13.334
219.67	-1.457
220.04	1.526
220.40	4.519
220.77	8.816
221.13	9.090
221.50	3.773
221.87	11.064
222.23	21.716
222.60	21.966
222.97	17.536
223.33	17.167
223.70	13.576
224.07	14.459
224.43	4.838
224.80	6.477
225.16	0.772
225.53	3.088
225.90	3.232
226.26	3.492
226.63	2.738
226.99	3.148
227.36	4.976
227.73	7.507
228.09	5.701
228.46	7.290
228.82	5.230
229.19	7.338
229.56	5.049
229.92	5.585
230.29	5.123
230.65	5.375
231.02	3.746
231.38	2.917
231.75	1.336
232.12	2.751
232.48	1.395
232.85	4.602
233.21	4.673
233.58	9.155
233.94	8.586
234.31	7.971
234.68	6.218
235.04	9.441
235.41	7.957
235.77	7.692
236.14	7.336
236.50	8.988
236.87	8.808
237.23	9.699
237.60	6.574
237.96	5.242
238.33	5.234
238.69	6.281
239.06	4.944
239.42	4.854
239.79	4.513
240.15	4.984
240.52	4.589
240.88	3.383
241.25	2.372
241.61	2.250
241.98	2.175
242.34	1.930
242.71	1.572
243.07	2.038
243.44	2.746
243.80	2.760
244.17	2.351
244.53	2.065
244.90	2.683
245.26	2.975
245.63	3.129
245.99	3.536
246.36	3.733
246.72	3.520
247.09	3.092
247.45	2.872
247.81	2.930
248.18	3.051
248.54	3.730
248.91	3.948
249.27	3.768
249.64	4.053
250.00	4.085
250.36	4.019
250.73	4.416
251.09	4.309
251.46	3.960
251.82	4.505
252.19	4.544
252.55	4.314
252.91	3.973
253.28	4.143
253.64	4.281
254.01	3.643
254.37	4.223
254.73	3.906
255.10	4.444
255.46	4.836
255.83	4.290
256.19	4.207
256.55	3.760
256.92	3.348
257.28	3.270
257.65	3.483
258.01	3.571
258.37	3.446
258.74	3.548
259.10	3.612
259.46	3.501
259.83	3.821
260.19	3.868
260.55	4.173
260.92	4.365
261.28	4.445
261.64	4.046
262.01	3.896
262.37	3.465
262.73	3.458
263.10	2.913
263.46	3.017
263.82	2.587
264.19	2.500
264.55	2.326
264.91	2.650
265.28	2.855
265.64	3.011
266.00	3.455
266.37	3.986
266.73	4.118
267.09	4.181
267.46	3.740
267.82	3.880
268.18	3.784
268.54	3.696
268.91	3.845
269.27	3.363
269.63	3.144
270.00	3.128
270.36	2.920
270.72	2.759
271.08	2.811
271.45	3.345
271.81	3.465
272.17	3.749
272.53	3.858
272.90	3.682
273.26	3.951
273.62	4.224
273.98	4.346
274.35	4.479
274.71	4.293
275.07	4.361
275.43	4.139
275.80	3.891
276.16	3.783
276.52	3.736
276.88	3.624
277.25	3.366
277.61	3.491
277.97	3.102
278.33	2.807
278.69	3.112
279.06	3.137
279.42	2.937
279.78	3.082
280.14	2.937
280.50	2.963
280.87	3.039
281.23	3.221
281.59	3.185
281.95	3.330
282.31	3.346
282.68	3.323
283.04	3.234
283.40	3.169
283.76	3.127
284.12	3.222
284.48	3.183
284.85	3.124
285.21	3.246
285.57	3.232
285.93	3.265
286.29	3.357
286.65	3.372
287.02	3.535
287.38	3.575
287.74	3.470
288.10	3.448
288.46	3.289
288.82	3.254
289.18	2.958
289.54	2.631
289.91	2.403
290.27	2.460
290.63	2.481
290.99	2.521
291.35	2.657
291.71	2.634
292.07	2.761
292.43	3.119
292.79	3.365
293.16	3.731
293.52	4.029
293.88	4.205
294.24	4.283
294.60	4.363
294.96	4.293
295.32	4.366
295.68	4.370
296.04	4.254
296.40	4.077
296.76	4.049
297.12	4.234
297.49	4.456
297.85	4.892
298.21	5.130
298.57	5.191
298.93	5.471
299.29	5.705
299.65	6.137
300.01	6.459
300.37	6.934
300.73	7.282
301.09	7.420
301.45	7.548
301.81	7.713
302.17	7.869
302.53	8.212
302.89	8.501
303.25	8.733
303.61	9.024
303.97	9.375
304.33	9.704
304.69	10.310
305.05	10.656
305.41	11.257
305.77	11.305
306.13	11.635
306.49	11.903
306.85	12.240
307.21	12.382
307.57	12.544
307.93	12.691
308.29	12.839
308.65	12.595
309.01	12.661
309.37	12.578
309.73	12.825
310.09	12.811
310.45	12.955
310.81	12.938
311.17	13.124
311.53	13.320
311.89	13.661
312.25	13.815
312.61	14.187
312.96	14.455
313.32	14.600
313.68	14.665
314.04	14.943
314.40	15.035
314.76	15.167
315.12	15.343
315.48	15.249
315.84	14.954
316.20	14.921
316.56	14.949
316.92	14.828
317.27	15.002
317.63	14.888
317.99	14.772
318.35	14.856
318.71	15.067
319.07	15.085
319.43	15.036
319.79	15.080
320.15	15.141
320.50	15.239
320.86	15.147
321.22	15.063
321.58	14.950
321.94	14.813
322.30	14.752
322.66	14.514
323.01	14.306
323.37	14.464
323.73	14.468
324.09	14.416
324.45	14.192
324.81	14.325
325.17	14.194
325.52	14.401
325.88	14.514
326.24	14.470
326.60	14.447
326.96	14.561
327.31	14.283
327.67	14.229
328.03	14.194
328.39	14.079
328.75	14.049
329.11	14.114
329.46	13.996
329.82	13.956
330.18	13.981
330.54	14.012
330.90	13.958
331.25	14.067
331.61	14.182
331.97	14.077
332.33	14.196
332.68	14.062
333.04	13.884
333.40	13.913
333.76	13.825
334.11	13.638
334.47	13.613
334.83	13.439
335.19	13.299
335.54	13.087
335.90	13.035
336.26	12.896
336.62	12.916
336.97	12.863
337.33	12.791
337.69	12.775
338.05	12.804
338.40	12.685
338.76	12.755
339.12	12.811
339.48	12.772
339.83	12.664
340.19	12.639
340.55	12.509
340.90	12.496
341.26	12.457
341.62	12.336
341.97	12.315
342.33	12.255
342.69	12.304
343.04	12.206
343.40	12.150
343.76	12.115
344.12	12.088
344.47	12.074
344.83	12.028
345.19	11.947
345.54	12.002
345.90	11.755
346.26	11.683
346.61	11.461
346.97	11.461
347.32	11.376
347.68	11.398
348.04	11.311
348.39	11.182
348.75	11.163
349.11	11.153
349.46	11.104
349.82	11.214
350.18	11.237
350.53	11.273
350.89	11.167
351.24	11.147
351.60	11.038
351.96	10.967
352.31	10.936
352.67	10.842
353.02	10.756
353.38	10.666
353.74	10.594
354.09	10.508
354.45	10.398
354.80	10.345
355.16	10.383
355.52	10.354
355.87	10.323
356.23	10.347
356.58	10.310
356.94	10.301
357.29	10.204
357.65	10.144
358.00	10.031
358.36	9.996
358.72	9.957
359.07	9.820
359.43	9.769
359.78	9.770
360.14	9.700
360.49	9.576
360.85	9.459
361.20	9.466
361.56	9.445
361.91	9.487
362.27	9.479
362.62	9.503
362.98	9.598
363.33	9.590
363.69	9.515
364.04	9.472
364.40	9.572
364.75	9.561
365.11	9.536
365.46	9.481
365.82	9.389
366.17	9.305
366.53	9.191
366.88	9.086
367.24	9.089
367.59	9.083
367.95	9.063
368.30	8.995
368.66	9.006
369.01	8.997
369.37	9.012
369.72	8.979
370.08	8.987
370.43	8.958
370.78	8.941
371.14	8.867
371.49	8.753
371.85	8.757
372.20	8.731
372.56	8.705
372.91	8.618
373.26	8.628
373.62	8.654
373.97	8.628
374.33	8.622
374.68	8.594
375.03	8.543
375.39	8.506
375.74	8.446
376.10	8.447
376.45	8.395
376.80	8.394
377.16	8.296
377.51	8.239
377.87	8.226
378.22	8.214
378.57	8.183
378.93	8.214
379.28	8.211
379.63	8.200
379.99	8.148
380.34	8.112
380.70	8.142
381.05	8.105
381.40	8.061
381.76	8.033
382.11	7.974
382.46	7.928
382.82	7.829
383.17	7.784
383.52	7.778
383.88	7.735
384.23	7.717
384.58	7.647
384.94	7.651
385.29	7.668
385.64	7.580
385.99	7.546
386.35	7.538
386.70	7.500
387.05	7.469
387.41	7.400
387.76	7.363
388.11	7.319
388.47	7.235
388.82	7.160
389.17	7.090
389.52	7.073
389.88	7.036
390.23	7.022
390.58	6.986
390.93	7.032
391.29	6.983
391.64	6.944
391.99	6.911
392.34	6.906
392.70	6.915
393.05	6.897
393.40	6.872
393.75	6.888
394.11	6.788
394.46	6.764
394.81	6.664
395.16	6.641
395.52	6.593
395.87	6.526
396.22	6.502
396.57	6.429
396.92	6.401
397.28	6.345
397.63	6.230
397.98	6.189
398.33	6.174
398.68	6.126
399.04	6.057
399.39	6.022
399.74	6.015
400.09	5.958
400.44	5.958
400.80	5.912
401.15	5.877
401.50	5.887
401.85	5.900
402.20	5.855
402.55	5.848
402.90	5.824
403.26	5.794
403.61	5.739
403.96	5.705
404.31	5.682
404.66	5.652
405.01	5.637
405.36	5.588
405.72	5.551
406.07	5.500
406.42	5.514
406.77	5.505
407.12	5.478
407.47	5.473
407.82	5.465
408.17	5.414
408.53	5.419
408.88	5.402
409.23	5.353
409.58	5.339
409.93	5.341
410.28	5.267
410.63	5.257
410.98	5.235
411.33	5.246
411.68	5.211
412.03	5.168
412.38	5.110
412.73	5.083
413.09	5.076
413.44	5.023
413.79	5.009
414.14	5.023
414.49	4.979
414.84	4.969
415.19	4.918
415.54	4.905
415.89	4.876
416.24	4.878
416.59	4.867
416.94	4.868
417.29	4.846
417.64	4.820
417.99	4.770
418.34	4.751
418.69	4.712
419.04	4.679
419.39	4.663
419.74	4.663
420.09	4.646
420.44	4.613
420.79	4.595
421.14	4.590
421.49	4.599
421.84	4.599
422.19	4.587
422.54	4.601
422.89	4.599
423.24	4.596
423.59	4.583
423.94	4.579
424.29	4.585
424.64	4.580
424.99	4.607
425.34	4.579
425.68	4.568
426.03	4.583
426.38	4.571
426.73	4.573
427.08	4.549
427.43	4.548
427.78	4.553
428.13	4.559
428.48	4.552
428.83	4.515
429.18	4.522
429.53	4.555
429.87	4.541
430.22	4.544
430.57	4.576
430.92	4.589
431.27	4.594
431.62	4.566
431.97	4.556
432.32	4.562
432.67	4.568
433.01	4.585
433.36	4.573
433.71	4.571
434.06	4.603
434.41	4.597
434.76	4.618
435.11	4.670
435.45	4.689
435.80	4.700
436.15	4.712
436.50	4.717
436.85	4.720
437.20	4.735
437.54	4.760
437.89	4.753
438.24	4.740
438.59	4.736
438.94	4.710
439.29	4.727
439.63	4.735
439.98	4.745
440.33	4.763
440.68	4.772
441.03	4.789
441.37	4.801
441.72	4.824
442.07	4.871
442.42	4.901
442.76	4.925
443.11	4.946
443.46	4.978
443.81	5.007
444.16	5.035
444.50	5.064
444.85	5.084
445.20	5.139
445.55	5.152
445.89	5.155
446.24	5.189
446.59	5.208
446.94	5.243
447.28	5.272
447.63	5.300
447.98	5.312
448.32	5.315
448.67	5.319
449.02	5.321
449.37	5.360
449.71	5.402
450.06	5.428
450.41	5.485
450.75	5.493
451.10	5.532
451.45	5.538
451.79	5.590
452.14	5.626
452.49	5.654
452.84	5.654
453.18	5.664
453.53	5.682
453.88	5.694
454.22	5.656
454.57	5.678
454.92	5.684
455.26	5.706
455.61	5.700
455.95	5.702
456.30	5.710
456.65	5.711
456.99	5.719
457.34	5.723
457.69	5.731
458.03	5.764
458.38	5.772
458.73	5.772
459.07	5.780
459.42	5.792
459.76	5.802
460.11	5.836
460.46	5.872
460.80	5.877
461.15	5.886
461.49	5.889
461.84	5.894
462.19	5.903
462.53	5.919
462.88	5.949
463.22	5.961
463.57	5.987
463.91	5.986
464.26	6.000
464.61	6.016
464.95	6.052
465.30	6.072
465.64	6.094
465.99	6.116
466.33	6.135
466.68	6.143
467.02	6.157
467.37	6.147
467.71	6.160
468.06	6.166
468.41	6.169
468.75	6.172
469.10	6.186
469.44	6.191
469.79	6.188
470.13	6.178
470.48	6.174
470.82	6.172
471.17	6.193
471.51	6.193
471.86	6.182
472.20	6.174
472.55	6.153
472.89	6.136
473.23	6.118
473.58	6.100
473.92	6.098
474.27	6.083
474.61	6.068
474.96	6.047
475.30	6.032
475.65	6.018
475.99	6.028
476.34	6.015
476.68	6.006
477.02	5.996
477.37	5.992
477.71	5.972
478.06	5.947
478.40	5.955
478.75	5.980
479.09	6.008
479.43	6.047
479.78	6.083
480.12	6.136
480.47	6.182
480.81	6.226
481.15	6.281
481.50	6.348
481.84	6.437
482.19	6.509
482.53	6.558
482.87	6.558
483.22	6.508
483.56	6.418
483.90	6.321
484.25	6.248
484.59	6.212
484.94	6.153
485.28	6.086
485.62	5.990
485.97	5.893
486.31	5.804
486.65	5.774
487.00	5.790
487.34	5.863
487.68	5.932
488.03	5.977
488.37	5.977
488.71	5.980
489.06	5.982
489.40	5.992
489.74	6.006
490.09	6.021
490.43	6.016
490.77	6.018
491.11	6.011
491.46	6.018
491.80	6.011
492.14	6.001
492.49	6.002
492.83	6.000
493.17	5.989
493.51	5.979
493.86	5.988
494.20	6.011
494.54	6.031
494.88	6.067
495.23	6.083
495.57	6.102
495.91	6.132
496.25	6.156
496.60	6.163
496.94	6.180
497.28	6.203
497.62	6.211
497.97	6.231
498.31	6.274
498.65	6.298
498.99	6.325
499.33	6.364
499.68	6.390
500.02	6.414
500.36	6.461
500.70	6.495
501.04	6.522
501.39	6.568
501.73	6.596
502.07	6.590
502.41	6.607
502.75	6.633
503.09	6.651
503.44	6.687
503.78	6.724
504.12	6.750
504.46	6.784
504.80	6.828
505.14	6.848
505.49	6.880
505.83	6.919
506.17	6.953
506.51	6.970
506.85	7.002
507.19	7.032
507.53	7.054
507.87	7.081
508.22	7.113
508.56	7.136
508.90	7.158
509.24	7.183
509.58	7.220
509.92	7.242
510.26	7.273
510.60	7.283
510.94	7.295
511.28	7.314
511.63	7.345
511.97	7.355
512.31	7.356
512.65	7.371
512.99	7.390
513.33	7.398
513.67	7.406
514.01	7.432
514.35	7.449
514.69	7.458
515.03	7.467
515.37	7.447
515.71	7.470
516.05	7.483
516.39	7.492
516.73	7.491
517.07	7.490
517.41	7.494
517.75	7.492
518.09	7.506
518.43	7.509
518.77	7.511
519.11	7.514
519.45	7.496
519.79	7.491
520.13	7.497
520.47	7.502
520.81	7.500
521.15	7.501
521.49	7.488
521.83	7.469
522.17	7.462
522.51	7.453
522.85	7.465
523.19	7.486
523.53	7.498
523.87	7.523
524.21	7.531
524.55	7.556
524.89	7.567
525.23	7.583
525.57	7.595
525.91	7.612
526.25	7.621
526.58	7.628
526.92	7.627
527.26	7.625
527.60	7.600
527.94	7.579
528.28	7.551
528.62	7.524
528.96	7.495
529.30	7.464
529.64	7.416
529.97	7.390
530.31	7.345
530.65	7.299
530.99	7.251
531.33	7.225
531.67	7.210
532.01	7.192
532.35	7.175
532.68	7.150
533.02	7.139
533.36	7.129
533.70	7.099
534.04	7.081
534.38	7.052
534.71	7.041
535.05	7.013
535.39	6.982
535.73	6.951
536.07	6.913
536.41	6.892
536.74	6.863
537.08	6.839
537.42	6.836
537.76	6.827
538.10	6.835
538.43	6.825
538.77	6.824
539.11	6.819
539.45	6.805
539.79	6.789
540.12	6.774
540.46	6.760
540.80	6.736
541.14	6.709
541.47	6.683
541.81	6.648
542.15	6.617
542.49	6.587
542.82	6.556
543.16	6.531
543.50	6.520
543.84	6.502
544.17	6.461
544.51	6.468
544.85	6.440
545.18	6.419
545.52	6.419
545.86	6.410
546.20	6.386
546.53	6.371
546.87	6.354
547.21	6.341
547.54	6.338
547.88	6.338
548.22	6.305
548.55	6.299
548.89	6.296
549.23	6.265
549.56	6.247
549.90	6.243
550.24	6.231
550.57	6.223
550.91	6.212
551.25	6.198
551.58	6.204
551.92	6.200
552.26	6.208
552.59	6.199
552.93	6.231
553.27	6.224
553.60	6.201
553.94	6.190
554.27	6.204
554.61	6.210
554.95	6.196
555.28	6.190
555.62	6.199
555.95	6.200
556.29	6.210
556.63	6.193
556.96	6.199
557.30	6.251
557.63	6.264
557.97	6.249
558.31	6.250
558.64	6.264
558.98	6.282
559.31	6.289
559.65	6.300
559.98	6.288
560.32	6.284
560.65	6.269
560.99	6.223
561.33	6.221
561.66	6.231
562.00	6.243
562.33	6.242
562.67	6.233
563.00	6.221
563.34	6.237
563.67	6.277
564.01	6.280
564.34	6.321
564.68	6.345
565.01	6.369
565.35	6.402
565.68	6.416
566.02	6.420
566.35	6.458
566.69	6.482
567.02	6.473
567.36	6.473
567.69	6.460
568.03	6.456
568.36	6.473
568.69	6.480
569.03	6.477
569.36	6.464
569.70	6.480
570.03	6.474
570.37	6.490
570.70	6.513
571.04	6.517
571.37	6.534
571.70	6.534
572.04	6.522
572.37	6.523
572.71	6.535
573.04	6.542
573.37	6.561
573.71	6.571
574.04	6.580
574.38	6.593
574.71	6.604
575.04	6.646
575.38	6.684
575.71	6.728
576.05	6.761
576.38	6.786
576.71	6.821
577.05	6.849
577.38	6.876
577.71	6.882
578.05	6.889
578.38	6.907
578.71	6.924
579.05	6.937
579.38	6.938
579.71	6.931
580.05	6.924
580.38	6.952
580.71	6.942
581.05	6.931
581.38	6.967
581.71	6.961
582.05	6.953
582.38	6.926
582.71	6.947
583.04	6.978
583.38	6.989
583.71	6.991
584.04	6.990
584.38	7.014
584.71	7.051
585.04	7.066
585.37	7.083
585.71	7.132
586.04	7.193
586.37	7.197
586.70	7.223
587.04	7.254
587.37	7.289
587.70	7.300
588.03	7.286
588.37	7.293
588.70	7.312
589.03	7.342
589.36	7.355
589.69	7.352
590.03	7.365
590.36	7.382
590.69	7.405
591.02	7.446
591.35	7.473
591.69	7.537
592.02	7.589
592.35	7.625
592.68	7.639
593.01	7.670
593.35	7.704
593.68	7.721
594.01	7.717
594.34	7.764
594.67	7.751
595.00	7.782
595.34	7.815
595.67	7.817
596.00	7.826
596.33	7.879
596.66	7.909
596.99	7.926
597.32	7.987
597.65	8.041
597.99	8.038
598.32	8.099
598.65	8.107
598.98	8.126
599.31	8.185
599.64	8.253
599.97	8.268
600.30	8.286
600.63	8.302
600.96	8.309
601.30	8.336
601.63	8.372
601.96	8.404
602.29	8.454
602.62	8.492
602.95	8.517
603.28	8.524
603.61	8.552
603.94	8.584
604.27	8.635
604.60	8.668
604.93	8.681
605.26	8.687
605.59	8.707
605.92	8.746
606.25	8.762
606.58	8.770
606.91	8.760
607.24	8.751
607.57	8.758
607.90	8.757
608.23	8.759
608.56	8.795
608.89	8.836
609.22	8.854
609.55	8.877
609.88	8.892
610.21	8.902
610.54	8.938
610.87	8.960
611.20	9.001
611.53	9.019
611.86	9.063
612.19	9.069
612.52	9.063
612.85	9.078
613.18	9.035
613.51	9.016
613.84	9.029
614.17	9.056
614.49	9.077
614.82	9.115
615.15	9.134
615.48	9.150
615.81	9.186
616.14	9.221
616.47	9.219
616.80	9.271
617.13	9.322
617.46	9.350
617.78	9.321
618.11	9.363
618.44	9.349
618.77	9.336
619.10	9.314
619.43	9.326
619.76	9.309
620.09	9.304
620.41	9.283
620.74	9.284
621.07	9.262
621.40	9.322
621.73	9.335
622.06	9.331
622.38	9.352
622.71	9.359
623.04	9.323
623.37	9.317
623.70	9.293
624.02	9.309
624.35	9.297
624.68	9.289
625.01	9.259
625.34	9.221
625.66	9.209
625.99	9.214
626.32	9.234
626.65	9.245
626.98	9.264
627.30	9.314
627.63	9.285
627.96	9.254
628.29	9.299
628.61	9.293
628.94	9.282
629.27	9.246
629.60	9.252
629.92	9.233
630.25	9.215
630.58	9.198
630.91	9.176
631.23	9.198
631.56	9.229
631.89	9.189
632.21	9.218
632.54	9.234
632.87	9.272
633.19	9.268
633.52	9.255
633.85	9.242
634.18	9.241
634.50	9.228
634.83	9.207
635.16	9.181
635.48	9.190
635.81	9.141
636.14	9.117
636.46	9.128
636.79	9.111
637.11	9.095
637.44	9.108
637.77	9.129
638.09	9.103
638.42	9.108
638.75	9.129
639.07	9.098
639.40	9.124
639.73	9.133
640.05	9.107
640.38	9.097
640.70	9.081
641.03	9.067
641.36	9.038
641.68	9.038
642.01	9.053
642.33	9.085
642.66	9.071
642.98	9.063
643.31	9.040
643.64	9.041
643.96	9.061
644.29	9.095
644.61	9.079
644.94	9.068
645.26	9.108
645.59	9.098
645.91	9.089
646.24	9.120
646.56	9.121
646.89	9.133
647.22	9.131
647.54	9.108
647.87	9.076
648.19	9.072
648.52	9.046
648.84	8.996
649.17	8.984
649.49	8.899
649.82	8.909
650.14	8.900
650.47	8.866
650.79	8.870
651.11	8.812
651.44	8.818
651.76	8.829
652.09	8.850
652.41	8.892
652.74	8.850
653.06	8.832
653.39	8.797
653.71	8.800
654.04	8.900
654.36	8.849
654.68	8.878
655.01	8.903
655.33	8.923
655.66	8.887
655.98	8.851
656.30	8.878
656.63	8.898
656.95	8.873
657.28	8.862
657.60	8.794
657.92	8.770
658.25	8.775
658.57	8.682
658.90	8.638
659.22	8.641
659.54	8.579
659.87	8.522
660.19	8.508
660.51	8.522
660.84	8.461
661.16	8.446
661.48	8.492
661.81	8.445
662.13	8.538
662.45	8.548
662.78	8.552
663.10	8.589
663.42	8.640
663.75	8.668
664.07	8.706
664.39	8.683
664.72	8.683
665.04	8.681
665.36	8.691
665.69	8.673
666.01	8.652
666.33	8.610
666.65	8.586
666.98	8.548
667.30	8.504
667.62	8.504
667.94	8.549
668.27	8.599
668.59	8.539
668.91	8.570
669.23	8.543
669.56	8.545
669.88	8.574
670.20	8.546
670.52	8.564
670.85	8.590
671.17	8.463
671.49	8.433
671.81	8.373
672.13	8.392
672.46	8.348
672.78	8.363
673.10	8.350
673.42	8.356
673.74	8.409
674.07	8.442
674.39	8.446
674.71	8.488
675.03	8.520
675.35	8.484
675.67	8.444
676.00	8.473
676.32	8.449
676.64	8.484
676.96	8.551
677.28	8.578
677.60	8.506
677.92	8.487
678.25	8.484
678.57	8.537
678.89	8.574
679.21	8.646
679.53	8.605
679.85	8.588
680.17	8.590
680.49	8.519
680.81	8.520
681.13	8.591
681.46	8.607
681.78	8.567
682.10	8.566
682.42	8.579
682.74	8.555
683.06	8.581
683.38	8.657
683.70	8.682
684.02	8.710
684.34	8.679
684.66	8.633
684.98	8.664
685.30	8.767
685.62	8.765
685.94	8.771
686.26	8.781
686.58	8.801
686.90	8.781
687.22	8.786
687.54	8.808
687.86	8.854
688.18	8.885
688.50	8.892
688.82	8.883
689.14	8.783
689.46	8.767
689.78	8.799
690.10	8.775
690.42	8.752
690.74	8.756
691.06	8.798
691.38	8.746
691.70	8.739
692.02	8.703
692.34	8.678
692.66	8.733
692.98	8.741
693.30	8.731
693.62	8.746
693.94	8.766
694.26	8.675
694.57	8.604
694.89	8.581
695.21	8.531
695.53	8.532
695.85	8.539
696.17	8.584
696.49	8.512
696.81	8.547
697.13	8.601
697.44	8.585
697.76	8.654
698.08	8.621
698.40	8.645
698.72	8.685
699.04	8.594
699.36	8.523
699.67	8.383
699.99	8.380
700.31	8.237
700.63	8.123
700.95	8.016
701.27	7.866
701.58	7.842
701.90	7.754
702.22	7.713
702.54	7.827
702.86	7.921
703.17	7.970
703.49	8.044
703.81	8.107
704.13	8.079
704.45	8.075
704.76	8.047
705.08	8.089
705.40	8.123
705.72	8.157
706.03	8.112
706.35	8.139
706.67	8.238
706.99	8.212
707.30	8.125
707.62	8.231
707.94	8.342
708.26	8.361
708.57	8.376
708.89	8.414
709.21	8.406
709.53	8.419
709.84	8.405
710.16	8.272
710.48	8.356
710.79	8.360
711.11	8.196
711.43	8.245
711.74	8.338
712.06	8.290
712.38	8.291
712.69	8.291
713.01	8.266
713.33	8.228
713.64	8.298
713.96	8.243
714.28	8.376
714.59	8.559
714.91	8.553
715.23	8.510
715.54	8.554
715.86	8.509
716.17	8.530
716.49	8.479
716.81	8.426
717.12	8.454
717.44	8.415
717.76	8.391
718.07	8.301
718.39	8.148
718.70	8.198
719.02	8.179
719.33	8.210
719.65	8.145
719.97	8.278
720.28	8.351
720.60	8.306
720.91	8.206
721.23	8.005
721.54	8.025
721.86	8.134
722.17	8.193
722.49	8.185
722.81	8.275
723.12	8.309
723.44	8.316
723.75	8.317
724.07	8.282
724.38	8.364
724.70	8.488
725.01	8.551
725.33	8.571
725.64	8.453
725.96	8.403
726.27	8.398
726.59	8.488
726.90	8.384
727.22	8.428
727.53	8.535
727.84	8.543
728.16	8.468
728.47	8.405
728.79	8.279
729.10	8.252
729.42	8.305
729.73	8.197
730.05	7.981
730.36	8.050
730.67	7.940
730.99	7.755
731.30	7.691
731.62	7.780
731.93	7.744
732.24	7.637
732.56	7.619
732.87	7.578
733.19	7.542
733.50	7.699
733.81	7.561
734.13	7.455
734.44	7.535
734.76	7.533
735.07	7.424
735.38	7.371
735.70	7.368
736.01	7.370
736.32	7.331
736.64	7.196
736.95	7.085
737.26	7.232
737.58	7.331
737.89	7.279
738.20	7.267
738.52	7.221
738.83	7.207
739.14	7.316
739.45	7.326
739.77	7.133
740.08	7.275
740.39	7.105
740.71	6.921
741.02	6.728
741.33	6.659
741.64	6.466
741.96	6.515
742.27	6.526
742.58	6.352
742.90	6.229
743.21	6.378
743.52	6.285
743.83	6.232
744.14	6.226
744.46	6.302
744.77	6.314
745.08	6.466
745.39	6.362
745.71	6.352
746.02	6.447
746.33	6.548
746.64	6.603
746.95	6.624
747.27	6.673
747.58	6.762
747.89	7.026
748.20	6.948
748.51	6.953
748.82	6.886
749.14	6.775
749.45	6.770
749.76	6.754
750.07	6.819
750.38	6.743
750.69	6.894
751.01	6.839
751.32	6.471
751.63	6.576
751.94	6.748
752.25	6.838
752.56	6.743
752.87	6.870
753.18	6.621
753.49	6.355
753.81	6.469
754.12	6.364
754.43	6.386
754.74	6.568
755.05	6.615
755.36	6.382
755.67	6.665
755.98	7.012
756.29	7.025
756.60	7.236
756.91	7.525
757.22	7.662
757.53	7.793
757.84	7.787
758.15	7.923
758.46	8.062
758.77	8.316
759.09	8.273
759.40	8.295
759.71	8.419
760.02	8.572
760.33	8.535
760.64	8.577
760.95	8.685
761.26	8.716
761.57	8.625
761.88	8.519
762.18	8.380
762.49	8.259
762.80	8.224
763.11	8.082
763.42	7.995
763.73	7.836
764.04	7.634
764.35	7.404
764.66	7.304
764.97	7.245
765.28	7.060
765.59	6.954
765.90	6.904
766.21	6.665
766.52	6.343
766.83	6.116
767.14	6.061
767.44	5.967
767.75	5.851
768.06	5.718
768.37	5.679
768.68	5.756
768.99	5.849
769.30	5.651
769.61	5.477
769.91	5.598
770.22	5.525
770.53	5.463
770.84	5.286
771.15	5.432
771.46	5.522
771.77	5.398
772.07	5.281
772.38	5.138
772.69	5.024
773.00	5.121
773.31	5.241
773.61	5.056
773.92	5.319
774.23	5.665
774.54	5.480
774.85	5.521
775.15	5.565
775.46	5.613
775.77	5.647
776.08	5.651
776.39	5.565
776.69	5.607
777.00	5.850
777.31	5.586
777.62	5.533
777.92	5.645
778.23	5.586
778.54	5.426
778.85	5.440
779.15	5.429
779.46	5.738
779.77	5.862
780.07	5.806
780.38	5.856
780.69	5.833
781.00	5.893
781.30	6.072
781.61	6.012
781.92	6.156
782.22	6.056
782.53	5.883
782.84	5.805
783.14	5.783
783.45	5.819
783.76	5.655
784.06	5.918
784.37	5.920
784.68	5.669
784.98	5.763
785.29	6.001
785.60	6.248
785.90	6.481
786.21	6.472
786.51	6.657
786.82	6.548
787.13	6.934
787.43	6.757
787.74	6.593
788.04	6.685
788.35	6.644
788.66	6.536
788.96	6.518
789.27	6.451
789.57	6.564
789.88	6.346
790.19	6.367
790.49	6.170
790.80	6.332
791.10	6.531
791.41	6.773
791.71	6.687
792.02	6.565
792.32	6.392
792.63	6.397
792.93	6.241
793.24	6.348
793.54	6.740
793.85	6.662
794.15	6.795
794.46	6.715
794.76	6.560
795.07	6.667
795.37	6.743
795.68	7.145
795.98	7.179
796.29	7.490
796.59	7.343
796.90	7.150
797.20	7.333
797.51	7.215
797.81	7.360
798.12	7.417
798.42	7.740
798.72	7.750
799.03	7.557
799.33	7.536
799.64	7.575
799.94	7.793
800.25	7.665
800.55	7.771
800.85	7.599
801.16	7.261
801.46	7.181
801.77	6.835
802.07	6.854
802.37	7.011
802.68	7.432
802.98	7.687
803.28	7.720
803.59	7.920
803.89	7.526
804.20	7.982
804.50	8.106
804.80	8.002
805.11	8.098
805.41	8.013
805.71	7.741
806.02	7.219
806.32	6.297
806.62	6.210
806.93	6.344
807.23	6.661
807.53	6.547
807.83	6.823
808.14	7.068
808.44	7.391
808.74	7.610
809.05	7.875
809.35	7.883
809.65	8.333
809.95	8.242
810.26	8.147
810.56	8.100
810.86	7.986
811.16	7.970
811.47	8.097
811.77	8.099
812.07	8.287
812.37	8.162
812.68	9.067
812.98	9.133
813.28	9.371
813.58	9.491
813.88	9.320
814.19	9.898
814.49	10.212
814.79	10.106
815.09	9.932
815.39	9.921
815.70	10.153
816.00	9.698
816.30	9.862
816.60	9.904
816.90	9.703
817.20	9.800
817.50	9.518
817.81	9.363
818.11	9.358
818.41	9.381
818.71	9.367
819.01	9.370
819.31	9.473
819.61	9.554
819.92	9.659
820.22	9.762
820.52	9.794
820.82	9.794
821.12	9.767
821.42	9.734
821.72	9.683
822.02	9.651
822.32	9.630
822.62	9.552
822.92	9.453
823.22	9.297
823.52	9.254
823.83	9.235
824.13	9.236
824.43	9.262
824.73	9.361
825.03	9.441
825.33	9.536
825.63	9.512
825.93	9.499
826.23	9.396
826.53	9.550
826.83	9.514
827.13	9.382
827.43	9.210
827.73	9.129
828.03	8.940
828.33	8.918
828.63	8.777
828.93	8.933
829.23	9.170
829.53	9.634
829.83	9.723
830.13	9.691
830.42	9.853
830.72	9.943
831.02	9.971
831.32	9.913
831.62	9.721
831.92	9.765
832.22	9.703
832.52	9.507
832.82	9.387
833.12	9.184
833.42	9.211
833.72	9.210
834.01	9.161
834.31	9.064
834.61	9.245
834.91	9.127
835.21	8.794
835.51	8.465
835.81	8.092
836.11	7.983
836.40	8.208
836.70	7.870
837.00	7.686
837.30	8.189
837.60	8.425
837.90	8.458
838.19	8.856
838.49	9.362
838.79	9.414
839.09	9.586
839.39	9.682
839.68	9.014
839.98	8.983
840.28	9.039
840.58	8.386
840.88	8.313
841.17	7.904
841.47	8.444
841.77	7.858
842.07	8.079
842.36	9.058
842.66	8.635
842.96	8.990
843.26	9.405
843.55	9.036
843.85	8.524
844.15	7.580
844.45	7.086
844.74	6.399
845.04	6.929
845.34	6.192
845.63	5.696
845.93	7.364
846.23	9.104
846.53	9.342
846.82	9.407
847.12	10.622
847.42	10.917
847.71	11.208
848.01	10.660
848.31	11.803
848.60	12.972
848.90	13.097
849.19	11.721
849.49	9.892
849.79	9.115
850.08	9.969
850.38	8.840
850.68	8.862
850.97	9.995
851.27	9.058
851.56	8.333
851.86	6.717
852.16	6.363
852.45	6.795
852.75	6.965
853.04	6.842
853.34	8.063
853.64	8.728
853.93	9.577
854.23	8.975
854.52	10.438
854.82	10.092
855.11	12.107
855.41	11.722
855.70	10.532
856.00	10.252
856.30	10.695
856.59	8.007
856.89	8.250
857.18	7.348
857.48	7.349
857.77	7.678
858.07	8.792
858.36	8.110
858.66	9.291
858.95	10.286
859.25	10.384
859.54	10.984
859.84	11.974
860.13	10.855
860.42	10.790
860.72	11.052
861.01	10.047
861.31	9.595
861.60	9.267
861.90	8.665
862.19	8.140
862.49	8.645
862.78	9.254
863.07	9.193
863.37	10.991
863.66	11.363
863.96	10.569
864.25	10.217
864.54	10.520
864.84	10.550
865.13	9.431
865.43	9.575
865.72	1.598
866.01	16.491
866.31	10.678
866.60	-5.401
866.89	9.697
