180.30	0.000
180.67	0.000
181.03	-15.057
181.40	126.576
181.77	-35.383
182.14	-21.721
182.51	481.479
182.88	-6.491
183.25	68.171
183.62	296.196
183.99	-10.188
184.36	-51.482
184.73	27.291
185.10	963.401
185.46	278.839
185.83	-49.366
186.20	64.860
186.57	167.258
186.94	103.112
187.31	131.551
187.68	-2949.887
188.05	-492.029
188.42	-447.582
188.78	359.209
189.15	160.359
189.52	132.171
189.89	83.728
190.26	68.876
190.63	57.588
191.00	34.899
191.37	-2.147
191.73	-17.742
192.10	-80.285
192.47	-98.045
192.84	-345.188
193.21	-582.063
193.58	-582.217
193.94	-367.096
194.31	-166.711
194.68	-71.045
195.05	-71.295
195.42	-72.313
195.79	-38.162
196.15	8.923
196.52	19.185
196.89	37.450
197.26	35.027
197.63	45.964
198.00	42.908
198.36	-6.795
198.73	40.702
199.10	55.176
199.47	34.885
199.84	32.401
200.20	-2.048
200.57	15.261
200.94	28.425
201.31	40.069
201.68	40.372
202.04	52.357
202.41	58.005
202.78	56.305
203.15	62.173
203.51	66.542
203.88	65.367
204.25	53.760
204.62	38.894
204.98	34.446
205.35	22.625
205.72	-1.175
206.09	-97.444
206.46	-42.700
206.82	-69.651
207.19	-85.109
207.56	-90.877
207.92	-56.588
208.29	-10.615
208.66	5.863
209.03	14.029
209.39	38.555
209.76	45.791
210.13	54.124
210.50	45.907
210.86	35.464
211.23	8.722
211.60	-16.640
211.96	-43.548
212.33	-91.871
212.70	3779.680
213.07	296.942
213.43	331.243
213.80	1229.451
214.17	202.857
214.53	832.548
214.90	-87.564
215.27	-19.649
215.63	-37.324
216.00	-24.577
216.37	-5.525
216.74	8.236
217.10	-12.589
217.47	-10.773
217.84	-13.840
218.20	-11.450
218.57	-9.257
218.94	-20.797
219.30	-15.381
219.67	-9.166
220.04	-8.039
220.40	-1.992
220.77	-8.846
221.13	0.590
221.50	11.216
221.87	17.898
222.23	23.527
222.60	19.632
222.97	19.405
223.33	15.693
223.70	8.306
224.07	9.352
224.43	1.167
224.80	6.285
225.16	3.896
225.53	0.169
225.90	1.834
226.26	1.299
226.63	1.840
226.99	4.891
227.36	6.891
227.73	10.014
228.09	9.634
228.46	12.269
228.82	10.813
229.19	11.865
229.56	11.513
229.92	11.716
230.29	11.162
230.65	10.292
231.02	5.497
231.38	3.895
231.75	1.674
232.12	1.737
232.48	-1.926
232.85	-0.624
233.21	-0.459
233.58	3.667
233.94	4.955
234.31	5.958
234.68	6.953
235.04	11.662
235.41	13.054
235.77	13.490
236.14	13.014
236.50	14.752
236.87	13.592
237.23	11.959
237.60	8.523
237.96	6.670
238.33	5.016
238.69	4.796
239.06	2.930
239.42	1.698
239.79	1.759
240.15	2.797
240.52	2.756
240.88	2.355
241.25	2.211
241.61	2.814
241.98	3.128
242.34	3.536
242.71	3.341
243.07	3.842
243.44	4.306
243.80	4.435
244.17	3.531
244.53	3.269
244.90	3.501
245.26	3.860
245.63	3.795
245.99	3.673
246.36	3.874
246.72	4.031
247.09	3.930
247.45	4.193
247.81	4.140
248.18	4.702
248.54	4.998
248.91	4.989
249.27	4.828
249.64	5.015
250.00	4.900
250.36	4.652
250.73	4.399
251.09	4.176
251.46	3.386
251.82	3.737
252.19	3.091
252.55	3.237
252.91	3.526
253.28	3.217
253.64	3.295
254.01	3.644
254.37	4.234
254.73	4.326
255.10	4.531
255.46	5.094
255.83	4.743
256.19	4.973
256.55	4.671
256.92	4.549
257.28	4.756
257.65	4.775
258.01	4.565
258.37	4.502
258.74	4.560
259.10	4.848
259.46	4.684
259.83	5.100
260.19	5.400
260.55	5.428
260.92	5.544
261.28	5.606
261.64	5.548
262.01	5.522
262.37	5.112
262.73	4.971
263.10	4.207
263.46	4.300
263.82	3.401
264.19	2.716
264.55	2.813
264.91	3.211
265.28	3.170
265.64	3.048
266.00	3.340
266.37	3.903
266.73	4.107
267.09	4.069
267.46	3.793
267.82	4.239
268.18	4.696
268.54	4.753
268.91	4.563
269.27	4.256
269.63	4.239
270.00	4.271
270.36	4.119
270.72	4.077
271.08	4.226
271.45	4.452
271.81	4.332
272.17	4.258
272.53	4.334
272.90	4.363
273.26	4.699
273.62	4.936
273.98	5.115
274.35	5.156
274.71	5.100
275.07	5.348
275.43	5.379
275.80	5.666
276.16	5.626
276.52	5.537
276.88	5.499
277.25	5.262
277.61	5.239
277.97	5.157
278.33	5.233
278.69	5.276
279.06	5.231
279.42	5.214
279.78	4.830
280.14	4.788
280.50	4.882
280.87	4.805
281.23	4.840
281.59	4.727
281.95	4.577
282.31	4.294
282.68	4.341
283.04	4.069
283.40	3.815
283.76	3.914
284.12	3.728
284.48	3.585
284.85	3.545
285.21	3.738
285.57	3.811
285.93	3.971
286.29	3.953
286.65	3.884
287.02	4.119
287.38	4.410
287.74	4.491
288.10	4.614
288.46	4.560
288.82	4.332
289.18	3.872
289.54	3.614
289.91	3.310
290.27	3.532
290.63	3.698
290.99	3.401
291.35	3.383
291.71	3.164
292.07	3.247
292.43	3.406
292.79	3.672
293.16	4.026
293.52	4.349
293.88	4.636
294.24	4.566
294.60	4.572
294.96	4.779
295.32	4.779
295.68	4.693
296.04	4.619
296.40	4.499
296.76	4.484
297.12	4.509
297.49	4.482
297.85	4.523
298.21	4.542
298.57	4.371
298.93	4.523
299.29	4.425
299.65	4.646
300.01	4.615
300.37	4.771
300.73	4.913
301.09	4.986
301.45	4.928
301.81	4.915
302.17	4.970
302.53	5.067
302.89	4.744
303.25	4.626
303.61	4.587
303.97	4.758
304.33	4.696
304.69	4.823
305.05	4.739
305.41	4.946
305.77	4.908
306.13	4.929
306.49	4.992
306.85	5.206
307.21	5.190
307.57	5.116
307.93	4.892
308.29	4.994
308.65	4.602
309.01	4.533
309.37	4.242
309.73	4.286
310.09	4.242
310.45	4.143
310.81	4.174
311.17	4.227
311.53	4.330
311.89	4.445
312.25	4.392
312.61	4.624
312.96	4.806
313.32	5.016
313.68	4.943
314.04	5.056
314.40	4.965
314.76	4.972
315.12	5.074
315.48	5.002
315.84	4.760
316.20	4.651
316.56	4.589
316.92	4.292
317.27	4.255
317.63	4.240
317.99	4.101
318.35	4.266
318.71	4.324
319.07	4.448
319.43	4.297
319.79	4.510
320.15	4.696
320.50	4.833
320.86	5.048
321.22	5.077
321.58	4.972
321.94	4.964
322.30	5.065
322.66	5.021
323.01	4.899
323.37	5.187
323.73	5.139
324.09	5.145
324.45	5.054
324.81	5.062
325.17	5.061
325.52	5.178
325.88	5.261
326.24	5.150
326.60	5.092
326.96	5.204
327.31	4.985
327.67	5.068
328.03	5.005
328.39	4.963
328.75	4.880
329.11	4.863
329.46	4.884
329.82	4.813
330.18	4.796
330.54	4.822
330.90	4.769
331.25	4.892
331.61	4.841
331.97	4.898
332.33	4.884
332.68	5.011
333.04	5.083
333.40	5.110
333.76	5.205
334.11	5.295
334.47	5.264
334.83	5.156
335.19	5.148
335.54	5.172
335.90	5.070
336.26	5.170
336.62	5.135
336.97	5.124
337.33	5.168
337.69	5.155
338.05	5.164
338.40	5.222
338.76	5.347
339.12	5.402
339.48	5.360
339.83	5.369
340.19	5.428
340.55	5.532
340.90	5.464
341.26	5.479
341.62	5.522
341.97	5.483
342.33	5.492
342.69	5.565
343.04	5.513
343.40	5.704
343.76	5.767
344.12	5.828
344.47	5.702
344.83	5.820
345.19	5.839
345.54	5.900
345.90	5.945
346.26	6.063
346.61	6.048
346.97	6.215
347.32	6.150
347.68	6.331
348.04	6.310
348.39	6.391
348.75	6.391
349.11	6.447
349.46	6.422
349.82	6.504
350.18	6.534
350.53	6.620
350.89	6.606
351.24	6.690
351.60	6.689
351.96	6.801
352.31	6.897
352.67	7.033
353.02	7.094
353.38	7.260
353.74	7.314
354.09	7.290
354.45	7.301
354.80	7.322
355.16	7.431
355.52	7.427
355.87	7.409
356.23	7.466
356.58	7.457
356.94	7.586
357.29	7.561
357.65	7.680
358.00	7.760
358.36	7.869
358.72	7.963
359.07	8.004
359.43	8.096
359.78	8.211
360.14	8.248
360.49	8.316
360.85	8.301
361.20	8.350
361.56	8.409
361.91	8.488
362.27	8.531
362.62	8.637
362.98	8.773
363.33	8.874
363.69	8.990
364.04	9.127
364.40	9.208
364.75	9.226
365.11	9.300
365.46	9.286
365.82	9.323
366.17	9.377
366.53	9.369
366.88	9.372
367.24	9.427
367.59	9.439
367.95	9.517
368.30	9.571
368.66	9.695
369.01	9.856
369.37	9.982
369.72	10.098
370.08	10.173
370.43	10.285
370.78	10.355
371.14	10.394
371.49	10.444
371.85	10.442
372.20	10.518
372.56	10.602
372.91	10.608
373.26	10.663
373.62	10.673
373.97	10.742
374.33	10.757
374.68	10.806
375.03	10.833
375.39	10.882
375.74	10.938
376.10	11.035
376.45	11.033
376.80	11.102
377.16	11.072
377.51	11.149
377.87	11.259
378.22	11.336
378.57	11.343
378.93	11.393
379.28	11.463
379.63	11.498
379.99	11.479
380.34	11.523
380.70	11.564
381.05	11.698
381.40	11.743
381.76	11.714
382.11	11.722
382.46	11.772
382.82	11.788
383.17	11.757
383.52	11.775
383.88	11.821
384.23	11.881
384.58	11.905
384.94	11.927
385.29	11.951
385.64	12.005
385.99	12.078
386.35	12.132
386.70	12.238
387.05	12.322
387.41	12.398
387.76	12.426
388.11	12.471
388.47	12.482
388.82	12.485
389.17	12.512
389.52	12.536
389.88	12.575
390.23	12.631
390.58	12.616
390.93	12.721
391.29	12.774
391.64	12.827
391.99	12.854
392.34	12.926
392.70	12.967
393.05	13.038
393.40	13.079
393.75	13.100
394.11	13.112
394.46	13.112
394.81	13.077
395.16	13.093
395.52	13.156
395.87	13.196
396.22	13.215
396.57	13.249
396.92	13.224
397.28	13.235
397.63	13.246
397.98	13.318
398.33	13.375
398.68	13.394
399.04	13.396
399.39	13.387
399.74	13.394
400.09	13.386
400.44	13.402
400.80	13.453
401.15	13.470
401.50	13.507
401.85	13.510
402.20	13.536
402.55	13.588
402.90	13.631
403.26	13.640
403.61	13.675
403.96	13.740
404.31	13.821
404.66	13.865
405.01	13.920
405.36	13.939
405.72	13.983
406.07	14.025
406.42	14.076
406.77	14.135
407.12	14.192
407.47	14.220
407.82	14.243
408.17	14.220
408.53	14.272
408.88	14.297
409.23	14.340
409.58	14.317
409.93	14.332
410.28	14.328
410.63	14.343
410.98	14.356
411.33	14.388
411.68	14.430
412.03	14.467
412.38	14.426
412.73	14.443
413.09	14.405
413.44	14.413
413.79	14.392
414.14	14.395
414.49	14.340
414.84	14.327
415.19	14.263
415.54	14.205
415.89	14.142
416.24	14.127
416.59	14.083
416.94	14.085
417.29	14.044
417.64	14.042
417.99	14.006
418.34	14.000
418.69	13.980
419.04	13.999
419.39	14.018
419.74	14.055
420.09	14.065
420.44	14.088
420.79	14.094
421.14	14.132
421.49	14.175
421.84	14.210
422.19	14.257
422.54	14.308
422.89	14.328
423.24	14.357
423.59	14.384
423.94	14.453
424.29	14.487
424.64	14.547
424.99	14.662
425.34	14.711
425.68	14.767
426.03	14.869
426.38	14.928
426.73	15.035
427.08	15.080
427.43	15.144
427.78	15.139
428.13	15.172
428.48	15.228
428.83	15.190
429.18	15.187
429.53	15.220
429.87	15.178
430.22	15.176
430.57	15.157
430.92	15.191
431.27	15.199
431.62	15.223
431.97	15.242
432.32	15.251
432.67	15.257
433.01	15.297
433.36	15.313
433.71	15.329
434.06	15.359
434.41	15.379
434.76	15.397
435.11	15.427
435.45	15.425
435.80	15.428
436.15	15.410
436.50	15.384
436.85	15.370
437.20	15.337
437.54	15.347
437.89	15.354
438.24	15.353
438.59	15.335
438.94	15.303
439.29	15.312
439.63	15.327
439.98	15.341
440.33	15.382
440.68	15.393
441.03	15.430
441.37	15.451
441.72	15.462
442.07	15.469
442.42	15.471
442.76	15.513
443.11	15.536
443.46	15.531
443.81	15.540
444.16	15.563
444.50	15.572
444.85	15.574
445.20	15.608
445.55	15.619
445.89	15.649
446.24	15.708
446.59	15.745
446.94	15.795
447.28	15.873
447.63	15.935
447.98	16.015
448.32	16.073
448.67	16.146
449.02	16.184
449.37	16.240
449.71	16.311
450.06	16.331
450.41	16.363
450.75	16.367
451.10	16.375
451.45	16.402
451.79	16.427
452.14	16.463
452.49	16.502
452.84	16.515
453.18	16.548
453.53	16.548
453.88	16.582
454.22	16.577
454.57	16.593
454.92	16.623
455.26	16.612
455.61	16.551
455.95	16.540
456.30	16.510
456.65	16.508
456.99	16.497
457.34	16.501
457.69	16.502
458.03	16.512
458.38	16.540
458.73	16.566
459.07	16.584
459.42	16.662
459.76	16.705
460.11	16.792
460.46	16.854
460.80	16.931
461.15	17.005
461.49	17.086
461.84	17.194
462.19	17.265
462.53	17.302
462.88	17.378
463.22	17.385
463.57	17.435
463.91	17.458
464.26	17.500
464.61	17.522
464.95	17.553
465.30	17.572
465.64	17.588
465.99	17.616
466.33	17.660
466.68	17.671
467.02	17.713
467.37	17.731
467.71	17.731
468.06	17.744
468.41	17.776
468.75	17.784
469.10	17.799
469.44	17.828
469.79	17.824
470.13	17.831
470.48	17.874
470.82	17.895
471.17	17.918
471.51	17.966
471.86	17.996
472.20	17.996
472.55	18.027
472.89	18.026
473.23	18.006
473.58	17.995
473.92	18.003
474.27	18.007
474.61	18.011
474.96	17.992
475.30	17.991
475.65	17.984
475.99	17.996
476.34	17.991
476.68	18.013
477.02	18.011
477.37	18.020
477.71	18.005
478.06	17.980
478.40	17.964
478.75	17.993
479.09	18.031
479.43	18.090
479.78	18.163
480.12	18.249
480.47	18.381
480.81	18.521
481.15	18.658
481.50	18.828
481.84	19.036
482.19	19.272
482.53	19.445
482.87	19.476
483.22	19.367
483.56	19.156
483.90	18.927
484.25	18.739
484.59	18.640
484.94	18.533
485.28	18.374
485.62	18.168
485.97	17.922
486.31	17.714
486.65	17.663
487.00	17.773
487.34	17.998
487.68	18.229
488.03	18.383
488.37	18.403
488.71	18.424
489.06	18.445
489.40	18.473
489.74	18.497
490.09	18.534
490.43	18.558
490.77	18.585
491.11	18.616
491.46	18.670
491.80	18.692
492.14	18.725
492.49	18.754
492.83	18.786
493.17	18.820
493.51	18.833
493.86	18.894
494.20	18.922
494.54	18.959
494.88	18.986
495.23	19.006
495.57	19.042
495.91	19.083
496.25	19.100
496.60	19.161
496.94	19.192
497.28	19.264
497.62	19.279
497.97	19.314
498.31	19.345
498.65	19.393
498.99	19.468
499.33	19.513
499.68	19.553
500.02	19.619
500.36	19.662
500.70	19.711
501.04	19.744
501.39	19.793
501.73	19.832
502.07	19.831
502.41	19.852
502.75	19.860
503.09	19.893
503.44	19.912
503.78	19.922
504.12	19.947
504.46	19.967
504.80	19.980
505.14	19.998
505.49	20.035
505.83	20.075
506.17	20.101
506.51	20.109
506.85	20.138
507.19	20.174
507.53	20.202
507.87	20.219
508.22	20.248
508.56	20.286
508.90	20.312
509.24	20.342
509.58	20.395
509.92	20.433
510.26	20.492
510.60	20.549
510.94	20.588
511.28	20.656
511.63	20.716
511.97	20.776
512.31	20.820
512.65	20.893
512.99	20.928
513.33	20.944
513.67	20.975
514.01	21.004
514.35	21.013
514.69	21.063
515.03	21.085
515.37	21.093
515.71	21.127
516.05	21.147
516.39	21.136
516.73	21.162
517.07	21.216
517.41	21.272
517.75	21.329
518.09	21.374
518.43	21.419
518.77	21.471
519.11	21.537
519.45	21.580
519.79	21.652
520.13	21.724
520.47	21.805
520.81	21.849
521.15	21.884
521.49	21.904
521.83	21.912
522.17	21.924
522.51	21.931
522.85	21.917
523.19	21.913
523.53	21.959
523.87	22.038
524.21	22.099
524.55	22.171
524.89	22.253
525.23	22.335
525.57	22.417
525.91	22.484
526.25	22.574
526.58	22.653
526.92	22.746
527.26	22.808
527.60	22.830
527.94	22.839
528.28	22.847
528.62	22.827
528.96	22.808
529.30	22.816
529.64	22.809
529.97	22.783
530.31	22.760
530.65	22.720
530.99	22.683
531.33	22.698
531.67	22.726
532.01	22.755
532.35	22.804
532.68	22.852
533.02	22.870
533.36	22.892
533.70	22.915
534.04	22.962
534.38	23.004
534.71	23.047
535.05	23.053
535.39	23.060
535.73	23.097
536.07	23.109
536.41	23.151
536.74	23.204
537.08	23.240
537.42	23.254
537.76	23.291
538.10	23.323
538.43	23.358
538.77	23.404
539.11	23.439
539.45	23.465
539.79	23.481
540.12	23.493
540.46	23.494
540.80	23.501
541.14	23.535
541.47	23.562
541.81	23.591
542.15	23.604
542.49	23.624
542.82	23.644
543.16	23.663
543.50	23.714
543.84	23.707
544.17	23.734
544.51	23.781
544.85	23.820
545.18	23.830
545.52	23.858
545.86	23.909
546.20	23.965
546.53	24.052
546.87	24.116
547.21	24.192
547.54	24.319
547.88	24.424
548.22	24.529
548.55	24.597
548.89	24.674
549.23	24.734
549.56	24.768
549.90	24.797
550.24	24.806
550.57	24.823
550.91	24.849
551.25	24.872
551.58	24.862
551.92	24.862
552.26	24.873
552.59	24.906
552.93	24.977
553.27	25.035
553.60	25.074
553.94	25.118
554.27	25.144
554.61	25.169
554.95	25.205
555.28	25.232
555.62	25.246
555.95	25.308
556.29	25.331
556.63	25.320
556.96	25.354
557.30	25.393
557.63	25.416
557.97	25.465
558.31	25.466
558.64	25.459
558.98	25.464
559.31	25.500
559.65	25.481
559.98	25.481
560.32	25.465
560.65	25.451
560.99	25.412
561.33	25.370
561.66	25.289
562.00	25.265
562.33	25.239
562.67	25.220
563.00	25.161
563.34	25.159
563.67	25.125
564.01	25.099
564.34	25.066
564.68	25.081
565.01	25.102
565.35	25.135
565.68	25.141
566.02	25.139
566.35	25.156
566.69	25.155
567.02	25.148
567.36	25.182
567.69	25.151
568.03	25.119
568.36	25.086
568.69	25.088
569.03	25.068
569.36	25.036
569.70	25.007
570.03	24.981
570.37	24.974
570.70	24.947
571.04	24.906
571.37	24.906
571.70	24.914
572.04	24.923
572.37	24.909
572.71	24.927
573.04	24.966
573.37	25.000
573.71	25.025
574.04	25.064
574.38	25.142
574.71	25.210
575.04	25.289
575.38	25.373
575.71	25.430
576.05	25.497
576.38	25.566
576.71	25.603
577.05	25.662
577.38	25.734
577.71	25.772
578.05	25.775
578.38	25.782
578.71	25.791
579.05	25.783
579.38	25.802
579.71	25.805
580.05	25.797
580.38	25.839
580.71	25.841
581.05	25.836
581.38	25.861
581.71	25.862
582.05	25.896
582.38	25.895
582.71	25.926
583.04	25.962
583.38	25.957
583.71	25.949
584.04	25.916
584.38	25.955
584.71	25.914
585.04	25.902
585.37	25.887
585.71	25.872
586.04	25.835
586.37	25.825
586.70	25.771
587.04	25.787
587.37	25.788
587.70	25.766
588.03	25.723
588.37	25.730
588.70	25.730
589.03	25.735
589.36	25.722
589.69	25.745
590.03	25.708
590.36	25.687
590.69	25.638
591.02	25.633
591.35	25.618
591.69	25.594
592.02	25.574
592.35	25.539
592.68	25.507
593.01	25.446
593.35	25.403
593.68	25.360
594.01	25.318
594.34	25.268
594.67	25.230
595.00	25.185
595.34	25.145
595.67	25.126
596.00	25.139
596.33	25.159
596.66	25.208
596.99	25.262
597.32	25.323
597.65	25.372
597.99	25.451
598.32	25.437
598.65	25.483
598.98	25.520
599.31	25.528
599.64	25.501
599.97	25.435
600.30	25.382
600.63	25.300
600.96	25.220
601.30	25.146
601.63	25.104
601.96	25.098
602.29	25.088
602.62	25.042
602.95	25.014
603.28	24.991
603.61	24.988
603.94	24.983
604.27	25.003
604.60	25.021
604.93	25.076
605.26	25.066
605.59	25.055
605.92	25.034
606.25	25.077
606.58	25.099
606.91	25.125
607.24	25.140
607.57	25.142
607.90	25.161
608.23	25.182
608.56	25.151
608.89	25.175
609.22	25.186
609.55	25.253
609.88	25.279
610.21	25.309
610.54	25.309
610.87	25.324
611.20	25.348
611.53	25.396
611.86	25.389
612.19	25.481
612.52	25.508
612.85	25.573
613.18	25.557
613.51	25.551
613.84	25.556
614.17	25.608
614.49	25.632
614.82	25.692
615.15	25.653
615.48	25.703
615.81	25.700
616.14	25.677
616.47	25.699
616.80	25.742
617.13	25.760
617.46	25.786
617.78	25.744
618.11	25.747
618.44	25.746
618.77	25.726
619.10	25.717
619.43	25.686
619.76	25.698
620.09	25.657
620.41	25.631
620.74	25.628
621.07	25.597
621.40	25.648
621.73	25.658
622.06	25.634
622.38	25.666
622.71	25.649
623.04	25.624
623.37	25.595
623.70	25.592
624.02	25.586
624.35	25.588
624.68	25.580
625.01	25.536
625.34	25.508
625.66	25.462
625.99	25.453
626.32	25.478
626.65	25.528
626.98	25.549
627.30	25.594
627.63	25.645
627.96	25.657
628.29	25.706
628.61	25.725
628.94	25.751
629.27	25.846
629.60	25.861
629.92	25.899
630.25	25.854
630.58	25.848
630.91	25.807
631.23	25.748
631.56	25.747
631.89	25.714
632.21	25.738
632.54	25.747
632.87	25.685
633.19	25.716
633.52	25.686
633.85	25.706
634.18	25.708
634.50	25.771
634.83	25.791
635.16	25.779
635.48	25.770
635.81	25.716
636.14	25.724
636.46	25.738
636.79	25.738
637.11	25.729
637.44	25.726
637.77	25.749
638.09	25.666
638.42	25.675
638.75	25.665
639.07	25.708
639.40	25.726
639.73	25.700
640.05	25.661
640.38	25.622
640.70	25.580
641.03	25.570
641.36	25.608
641.68	25.621
642.01	25.635
642.33	25.665
642.66	25.641
642.98	25.667
643.31	25.625
643.64	25.725
643.96	25.731
644.29	25.766
644.61	25.766
644.94	25.757
645.26	25.800
645.59	25.806
645.91	25.769
646.24	25.805
646.56	25.776
646.89	25.814
647.22	25.736
647.54	25.712
647.87	25.741
648.19	25.712
648.52	25.620
648.84	25.604
649.17	25.551
649.49	25.518
649.82	25.439
650.14	25.449
650.47	25.472
650.79	25.508
651.11	25.507
651.44	25.499
651.76	25.563
652.09	25.657
652.41	25.633
652.74	25.648
653.06	25.628
653.39	25.647
653.71	25.639
654.04	25.650
654.36	25.575
654.68	25.543
655.01	25.445
655.33	25.405
655.66	25.349
655.98	25.350
656.30	25.299
656.63	25.284
656.95	25.271
657.28	25.259
657.60	25.246
657.92	25.222
658.25	25.179
658.57	25.196
658.90	25.205
659.22	25.226
659.54	25.140
659.87	25.140
660.19	25.187
660.51	25.189
660.84	25.138
661.16	25.165
661.48	25.219
661.81	25.312
662.13	25.320
662.45	25.338
662.78	25.316
663.10	25.417
663.42	25.451
663.75	25.449
664.07	25.506
664.39	25.564
664.72	25.464
665.04	25.483
665.36	25.472
665.69	25.494
666.01	25.389
666.33	25.328
666.65	25.257
666.98	25.259
667.30	25.337
667.62	25.301
667.94	25.312
668.27	25.391
668.59	25.382
668.91	25.375
669.23	25.432
669.56	25.530
669.88	25.589
670.20	25.643
670.52	25.645
670.85	25.615
671.17	25.660
671.49	25.718
671.81	25.675
672.13	25.710
672.46	25.774
672.78	25.780
673.10	25.805
673.42	25.911
673.74	25.999
674.07	26.060
674.39	26.020
674.71	25.988
675.03	25.975
675.35	26.016
675.67	25.967
676.00	25.954
676.32	25.937
676.64	25.943
676.96	25.902
677.28	25.893
677.60	25.938
677.92	25.997
678.25	26.040
678.57	26.066
678.89	26.131
679.21	26.269
679.53	26.287
679.85	26.405
680.17	26.449
680.49	26.487
680.81	26.541
681.13	26.615
681.46	26.722
681.78	26.746
682.10	26.836
682.42	26.895
682.74	26.909
683.06	27.022
683.38	27.051
683.70	27.192
684.02	27.312
684.34	27.395
684.66	27.440
684.98	27.516
685.30	27.689
685.62	27.866
685.94	27.987
686.26	28.078
686.58	28.182
686.90	28.266
687.22	28.372
687.54	28.503
687.86	28.594
688.18	28.735
688.50	28.906
688.82	29.087
689.14	29.120
689.46	29.228
689.78	29.425
690.10	29.578
690.42	29.732
690.74	29.866
691.06	29.921
691.38	30.139
691.70	30.235
692.02	30.194
692.34	30.240
692.66	30.402
692.98	30.528
693.30	30.640
693.62	30.738
693.94	30.886
694.26	30.916
694.57	31.108
694.89	31.123
695.21	31.163
695.53	31.321
695.85	31.360
696.17	31.396
696.49	31.420
696.81	31.479
697.13	31.598
697.44	31.690
697.76	31.852
698.08	31.985
698.40	32.146
698.72	32.317
699.04	32.481
699.36	32.682
699.67	32.828
699.99	33.067
700.31	33.273
700.63	33.489
700.95	33.678
701.27	33.887
701.58	34.035
701.90	34.271
702.22	34.536
702.54	34.787
702.86	35.046
703.17	35.337
703.49	35.585
703.81	35.837
704.13	35.963
704.45	36.208
704.76	36.381
705.08	36.585
705.40	36.625
705.72	36.663
706.03	36.890
706.35	37.031
706.67	37.123
706.99	37.218
707.30	37.338
707.62	37.502
707.94	37.561
708.26	37.699
708.57	37.861
708.89	38.067
709.21	38.278
709.53	38.361
709.84	38.510
710.16	38.681
710.48	38.859
710.79	38.930
711.11	39.024
711.43	39.180
711.74	39.210
712.06	39.313
712.38	39.528
712.69	39.603
713.01	39.633
713.33	39.643
713.64	39.696
713.96	39.775
714.28	39.873
714.59	40.045
714.91	40.162
715.23	40.341
715.54	40.309
715.86	40.275
716.17	40.453
716.49	40.498
716.81	40.690
717.12	40.870
717.44	40.908
717.76	41.186
718.07	41.205
718.39	41.316
718.70	41.402
719.02	41.651
719.33	41.841
719.65	42.014
719.97	42.238
720.28	42.305
720.60	42.490
720.91	42.674
721.23	42.632
721.54	42.834
721.86	43.070
722.17	43.409
722.49	43.553
722.81	43.767
723.12	43.940
723.44	44.135
723.75	44.290
724.07	44.221
724.38	44.213
724.70	44.276
725.01	44.353
725.33	44.379
725.64	44.209
725.96	44.267
726.27	44.224
726.59	44.254
726.90	44.164
727.22	44.313
727.53	44.386
727.84	44.441
728.16	44.498
728.47	44.500
728.79	44.520
729.10	44.631
729.42	44.670
729.73	44.765
730.05	44.803
730.36	44.946
730.67	44.989
730.99	45.197
731.30	45.367
731.62	45.646
731.93	45.880
732.24	45.902
732.56	46.072
732.87	46.345
733.19	46.629
733.50	46.768
733.81	46.840
734.13	46.853
734.44	46.953
734.76	47.057
735.07	46.844
735.38	46.845
735.70	46.904
736.01	46.989
736.32	47.100
736.64	47.102
736.95	47.100
737.26	47.406
737.58	47.619
737.89	47.621
738.20	47.873
738.52	48.201
738.83	48.350
739.14	48.593
739.45	48.600
739.77	48.359
740.08	48.390
740.39	48.521
740.71	48.351
741.02	48.369
741.33	48.508
741.64	48.452
741.96	48.579
742.27	48.738
742.58	48.898
742.90	49.022
743.21	49.220
743.52	49.302
743.83	49.338
744.14	49.417
744.46	49.359
744.77	49.496
745.08	49.589
745.39	49.617
745.71	49.610
746.02	49.423
746.33	49.577
746.64	49.672
746.95	49.689
747.27	49.736
747.58	49.859
747.89	49.889
748.20	49.860
748.51	49.872
748.82	49.854
749.14	49.753
749.45	50.011
749.76	49.920
750.07	50.242
750.38	50.233
750.69	50.265
751.01	50.337
751.32	50.455
751.63	50.503
751.94	50.546
752.25	50.530
752.56	50.620
752.87	50.509
753.18	50.573
753.49	50.154
753.81	50.106
754.12	50.076
754.43	50.082
754.74	49.988
755.05	49.934
755.36	49.704
755.67	49.482
755.98	49.417
756.29	49.387
756.60	49.135
756.91	49.209
757.22	49.015
757.53	48.745
757.84	48.262
758.15	48.300
758.46	48.074
758.77	48.203
759.09	48.154
759.40	48.014
759.71	48.076
760.02	48.141
760.33	48.019
760.64	48.034
760.95	48.141
761.26	48.227
761.57	48.069
761.88	48.098
762.18	48.172
762.49	48.260
762.80	48.399
763.11	48.429
763.42	48.525
763.73	48.648
764.04	48.724
764.35	48.748
764.66	49.022
764.97	49.286
765.28	49.487
765.59	49.540
765.90	49.864
766.21	50.102
766.52	50.051
766.83	50.282
767.14	50.497
767.44	50.882
767.75	51.329
768.06	51.666
768.37	52.023
768.68	52.286
768.99	52.442
769.30	52.334
769.61	52.304
769.91	52.614
770.22	52.773
770.53	52.828
770.84	52.815
771.15	52.880
771.46	52.729
771.77	52.576
772.07	52.670
772.38	52.745
772.69	52.912
773.00	53.059
773.31	52.876
773.61	52.851
773.92	52.752
774.23	52.676
774.54	52.598
774.85	52.347
775.15	52.351
775.46	52.234
775.77	52.250
776.08	52.172
776.39	52.030
776.69	52.318
777.00	52.371
777.31	52.532
777.62	52.768
777.92	52.850
778.23	53.064
778.54	52.985
778.85	53.052
779.15	53.123
779.46	53.514
779.77	53.749
780.07	53.627
780.38	53.538
780.69	53.570
781.00	53.408
781.30	53.094
781.61	53.099
781.92	53.298
782.22	53.284
782.53	53.241
782.84	52.962
783.14	52.928
783.45	53.058
783.76	53.211
784.06	53.430
784.37	53.433
784.68	53.726
784.98	53.646
785.29	53.358
785.60	53.343
785.90	53.390
786.21	53.139
786.51	53.222
786.82	53.126
787.13	52.913
787.43	52.387
787.74	52.325
788.04	52.314
788.35	52.550
788.66	52.845
788.96	52.946
789.27	52.777
789.57	53.133
789.88	52.825
790.19	52.905
790.49	52.930
790.80	53.249
791.10	53.796
791.41	53.840
791.71	53.933
792.02	53.729
792.32	53.682
792.63	53.759
792.93	53.472
793.24	53.658
793.54	53.377
793.85	53.490
794.15	53.495
794.46	53.017
794.76	53.126
795.07	53.038
795.37	53.036
795.68	52.924
795.98	52.828
796.29	52.847
796.59	52.788
796.90	52.745
797.20	52.711
797.51	52.522
797.81	52.523
798.12	52.265
798.42	52.376
798.72	52.530
799.03	52.815
799.33	52.886
799.64	52.955
799.94	53.258
800.25	53.380
800.55	53.322
800.85	53.570
801.16	53.666
801.46	53.833
801.77	53.662
802.07	53.927
802.37	53.897
802.68	54.051
802.98	54.663
803.28	54.361
803.59	54.912
803.89	55.095
804.20	55.008
804.50	54.872
804.80	54.641
805.11	54.576
805.41	54.133
805.71	53.960
806.02	53.827
806.32	53.225
806.62	53.038
806.93	52.751
807.23	52.538
807.53	53.127
807.83	53.453
808.14	53.840
808.44	53.834
808.74	54.058
809.05	54.193
809.35	54.091
809.65	54.028
809.95	54.349
810.26	54.387
810.56	54.673
810.86	54.217
811.16	53.816
811.47	53.724
811.77	54.163
812.07	54.552
812.37	54.413
812.68	54.857
812.98	54.953
813.28	54.757
813.58	54.322
813.88	53.815
814.19	54.232
814.49	54.930
814.79	54.786
815.09	54.335
815.39	53.848
815.70	53.979
816.00	54.072
816.30	54.280
816.60	54.193
816.90	54.220
817.20	54.327
817.50	53.921
817.81	53.062
818.11	52.558
818.41	52.398
818.71	52.145
819.01	52.062
819.31	51.902
819.61	51.879
819.92	51.880
820.22	51.875
820.52	51.776
820.82	51.709
821.12	51.743
821.42	51.850
821.72	51.778
822.02	51.774
822.32	51.726
822.62	51.692
822.92	51.610
823.22	51.567
823.52	51.576
823.83	51.554
824.13	51.584
824.43	51.575
824.73	51.546
825.03	51.670
825.33	51.822
825.63	51.721
825.93	51.621
826.23	51.631
826.53	51.626
826.83	51.485
827.13	51.465
827.43	51.355
827.73	51.384
828.03	51.164
828.33	51.103
828.63	50.902
828.93	51.196
829.23	51.455
829.53	51.497
829.83	51.495
830.13	51.771
830.42	51.972
830.72	52.032
831.02	52.031
831.32	52.414
831.62	52.409
831.92	52.435
832.22	52.411
832.52	52.417
832.82	52.385
833.12	52.330
833.42	52.137
833.72	52.088
834.01	52.115
834.31	52.041
834.61	52.100
834.91	52.239
835.21	52.064
835.51	52.015
835.81	52.143
836.11	52.457
836.40	52.564
836.70	52.800
837.00	53.186
837.30	53.506
837.60	54.127
837.90	54.191
838.19	53.819
838.49	54.503
838.79	54.795
839.09	54.612
839.39	54.364
839.68	54.332
839.98	54.935
840.28	55.107
840.58	55.071
840.88	55.079
841.17	54.935
841.47	55.570
841.77	55.166
842.07	55.173
842.36	55.428
842.66	56.200
842.96	56.849
843.26	56.360
843.55	55.811
843.85	56.081
844.15	55.868
844.45	55.895
844.74	56.489
845.04	57.496
845.34	58.160
845.63	58.252
845.93	58.231
846.23	59.333
846.53	58.833
846.82	59.157
847.12	59.067
847.42	58.554
847.71	59.418
848.01	58.768
848.31	58.919
848.60	59.024
848.90	58.796
849.19	57.873
849.49	56.888
849.79	57.271
850.08	57.055
850.38	56.914
850.68	57.269
850.97	57.272
851.27	56.904
851.56	55.670
851.86	55.081
852.16	55.903
852.45	56.320
852.75	57.994
853.04	57.234
853.34	57.019
853.64	57.283
853.93	57.809
854.23	57.413
854.52	58.087
854.82	58.945
855.11	59.001
855.41	57.171
855.70	56.940
856.00	55.834
856.30	57.642
856.59	59.193
856.89	58.632
857.18	57.439
857.48	58.424
857.77	58.909
858.07	59.388
858.36	58.787
858.66	60.215
858.95	60.132
859.25	59.310
859.54	58.389
859.84	58.453
860.13	58.349
860.42	59.558
860.72	58.739
861.01	58.009
861.31	58.153
861.60	58.951
861.90	59.222
862.19	60.256
862.49	60.374
862.78	61.024
863.07	59.364
863.37	59.232
863.66	58.254
863.96	58.134
864.25	58.847
864.54	57.868
864.84	57.915
865.13	57.165
865.43	56.406
865.72	67.250
866.01	52.075
866.31	65.438
866.60	52.860
866.89	57.447
