180.30	0.000
180.67	0.000
181.03	73.194
181.40	94.926
181.77	-72.857
182.14	148.852
182.51	474.157
182.88	-31.419
183.25	69.826
183.62	277.988
183.99	9.539
184.36	44.950
184.73	-39.182
185.10	1709.877
185.46	61.692
185.83	123.503
186.20	17.218
186.57	408.397
186.94	94.309
187.31	21.674
187.68	-1143.584
188.05	83.593
188.42	165.390
188.78	69.573
189.15	94.415
189.52	79.919
189.89	64.518
190.26	65.757
190.63	55.581
191.00	40.719
191.37	33.647
191.73	62.495
192.10	87.646
192.47	85.426
192.84	56.211
193.21	-108.344
193.58	-165.719
193.94	-195.231
194.31	-90.484
194.68	-48.405
195.05	-44.193
195.42	-37.033
195.79	-45.250
196.15	-16.421
196.52	2.455
196.89	7.297
197.26	11.162
197.63	7.022
198.00	37.402
198.36	17.477
198.73	117.713
199.10	39.014
199.47	37.065
199.84	30.388
200.20	26.034
200.57	12.737
200.94	48.740
201.31	51.287
201.68	58.915
202.04	48.912
202.41	45.477
202.78	36.506
203.15	47.117
203.51	43.410
203.88	36.002
204.25	25.556
204.62	16.001
204.98	8.317
205.35	-10.925
205.72	-25.591
206.09	-70.194
206.46	-46.353
206.82	-67.220
207.19	-86.764
207.56	-106.290
207.92	-91.443
208.29	-43.260
208.66	-11.546
209.03	-36.147
209.39	-20.855
209.76	-18.501
210.13	8.823
210.50	27.101
210.86	9.828
211.23	-27.576
211.60	-46.984
211.96	-53.932
212.33	-147.588
212.70	5656.792
213.07	479.780
213.43	295.199
213.80	994.946
214.17	243.585
214.53	1175.465
214.90	-69.468
215.27	29.644
215.63	48.243
216.00	37.857
216.37	34.226
216.74	10.705
217.10	15.334
217.47	7.234
217.84	8.677
218.20	10.866
218.57	4.301
218.94	-17.432
219.30	-23.549
219.67	-16.895
220.04	-11.988
220.40	-6.010
220.77	-2.094
221.13	-1.679
221.50	11.888
221.87	12.367
222.23	15.004
222.60	7.473
222.97	3.881
223.33	-0.356
223.70	-6.021
224.07	0.617
224.43	-0.970
224.80	1.427
225.16	0.563
225.53	-2.107
225.90	-2.446
226.26	-0.770
226.63	-0.572
226.99	2.394
227.36	2.288
227.73	3.619
228.09	1.696
228.46	2.577
228.82	0.966
229.19	0.772
229.56	-1.575
229.92	-0.897
230.29	-0.989
230.65	-0.181
231.02	-2.753
231.38	-0.190
231.75	-0.188
232.12	0.005
232.48	-1.980
232.85	2.411
233.21	3.390
233.58	7.839
233.94	7.347
234.31	7.170
234.68	5.902
235.04	9.447
235.41	7.846
235.77	6.653
236.14	7.229
236.50	9.342
236.87	8.956
237.23	7.448
237.60	3.856
237.96	2.981
238.33	2.046
238.69	2.207
239.06	0.210
239.42	-0.045
239.79	0.698
240.15	0.974
240.52	0.774
240.88	-0.035
241.25	-0.482
241.61	-0.032
241.98	0.255
242.34	0.566
242.71	1.065
243.07	2.118
243.44	2.669
243.80	2.761
244.17	2.006
244.53	1.585
244.90	2.077
245.26	2.652
245.63	2.953
245.99	3.163
246.36	3.139
246.72	3.011
247.09	2.534
247.45	2.320
247.81	2.131
248.18	2.803
248.54	3.086
248.91	2.633
249.27	2.331
249.64	2.649
250.00	2.714
250.36	2.959
250.73	2.612
251.09	2.479
251.46	2.342
251.82	2.625
252.19	2.286
252.55	1.799
252.91	2.291
253.28	2.290
253.64	1.782
254.01	1.638
254.37	1.797
254.73	2.066
255.10	2.428
255.46	2.595
255.83	2.675
256.19	2.831
256.55	3.184
256.92	3.365
257.28	3.413
257.65	3.390
258.01	3.137
258.37	2.852
258.74	2.811
259.10	3.048
259.46	3.083
259.83	3.080
260.19	3.234
260.55	3.131
260.92	2.867
261.28	2.707
261.64	2.787
262.01	2.863
262.37	2.868
262.73	2.949
263.10	2.266
263.46	2.466
263.82	2.327
264.19	1.856
264.55	1.748
264.91	1.774
265.28	2.307
265.64	2.003
266.00	1.986
266.37	2.346
266.73	2.624
267.09	2.783
267.46	2.344
267.82	2.509
268.18	2.552
268.54	2.369
268.91	2.612
269.27	2.223
269.63	2.210
270.00	2.312
270.36	2.196
270.72	2.128
271.08	2.117
271.45	2.482
271.81	2.655
272.17	2.986
272.53	3.452
272.90	3.194
273.26	3.083
273.62	3.374
273.98	3.637
274.35	3.543
274.71	3.328
275.07	3.654
275.43	3.705
275.80	3.669
276.16	3.482
276.52	3.394
276.88	3.444
277.25	3.322
277.61	3.314
277.97	3.075
278.33	3.060
278.69	3.420
279.06	3.135
279.42	3.032
279.78	2.974
280.14	2.744
280.50	2.823
280.87	2.893
281.23	3.231
281.59	3.163
281.95	3.261
282.31	3.303
282.68	3.057
283.04	2.946
283.40	2.685
283.76	2.577
284.12	2.669
284.48	2.610
284.85	2.610
285.21	2.577
285.57	2.645
285.93	2.701
286.29	2.611
286.65	2.710
287.02	2.972
287.38	3.269
287.74	3.227
288.10	3.233
288.46	3.139
288.82	2.965
289.18	2.804
289.54	2.693
289.91	2.328
290.27	2.502
290.63	2.543
290.99	2.339
291.35	2.008
291.71	2.074
292.07	2.169
292.43	2.112
292.79	2.267
293.16	2.603
293.52	2.607
293.88	2.740
294.24	2.631
294.60	2.557
294.96	2.612
295.32	2.823
295.68	2.703
296.04	2.621
296.40	2.589
296.76	2.533
297.12	2.377
297.49	2.525
297.85	2.678
298.21	2.693
298.57	2.678
298.93	2.767
299.29	2.790
299.65	3.136
300.01	3.153
300.37	3.308
300.73	3.291
301.09	3.333
301.45	3.174
301.81	3.041
302.17	2.948
302.53	2.835
302.89	2.678
303.25	2.511
303.61	2.410
303.97	2.519
304.33	2.585
304.69	2.922
305.05	2.855
305.41	2.946
305.77	3.064
306.13	3.289
306.49	3.546
306.85	3.665
307.21	3.553
307.57	3.469
307.93	3.404
308.29	3.399
308.65	3.122
309.01	3.149
309.37	3.099
309.73	3.123
310.09	3.031
310.45	2.863
310.81	2.755
311.17	2.847
311.53	2.858
311.89	2.805
312.25	2.697
312.61	2.898
312.96	2.988
313.32	2.884
313.68	2.761
314.04	2.870
314.40	2.858
314.76	2.958
315.12	3.082
315.48	3.148
315.84	3.078
316.20	2.976
316.56	2.901
316.92	2.779
317.27	2.890
317.63	2.858
317.99	2.720
318.35	2.794
318.71	2.852
319.07	2.940
319.43	2.753
319.79	2.801
320.15	3.016
320.50	2.998
320.86	3.124
321.22	3.185
321.58	3.118
321.94	3.228
322.30	3.303
322.66	3.177
323.01	3.026
323.37	3.332
323.73	3.325
324.09	3.460
324.45	3.493
324.81	3.485
325.17	3.500
325.52	3.628
325.88	3.552
326.24	3.532
326.60	3.602
326.96	3.698
327.31	3.403
327.67	3.574
328.03	3.389
328.39	3.261
328.75	3.228
329.11	3.274
329.46	3.282
329.82	3.395
330.18	3.528
330.54	3.609
330.90	3.539
331.25	3.734
331.61	3.685
331.97	3.725
332.33	3.747
332.68	3.873
333.04	3.812
333.40	3.868
333.76	3.861
334.11	3.787
334.47	3.804
334.83	3.787
335.19	3.693
335.54	3.676
335.90	3.733
336.26	3.811
336.62	3.700
336.97	3.710
337.33	3.684
337.69	3.641
338.05	3.753
338.40	3.777
338.76	3.856
339.12	3.930
339.48	3.816
339.83	3.746
340.19	3.799
340.55	3.786
340.90	3.749
341.26	3.833
341.62	3.891
341.97	3.794
342.33	3.738
342.69	3.672
343.04	3.569
343.40	3.701
343.76	3.713
344.12	3.665
344.47	3.649
344.83	3.662
345.19	3.587
345.54	3.567
345.90	3.512
346.26	3.494
346.61	3.488
346.97	3.567
347.32	3.470
347.68	3.509
348.04	3.528
348.39	3.597
348.75	3.595
349.11	3.647
349.46	3.632
349.82	3.681
350.18	3.675
350.53	3.859
350.89	3.905
351.24	3.982
351.60	3.951
351.96	4.066
352.31	4.065
352.67	4.054
353.02	4.049
353.38	4.069
353.74	4.097
354.09	4.095
354.45	3.999
354.80	3.900
355.16	3.933
355.52	3.960
355.87	3.896
356.23	3.898
356.58	3.957
356.94	3.991
357.29	3.959
357.65	3.889
358.00	3.897
358.36	3.895
358.72	3.990
359.07	3.922
359.43	3.918
359.78	3.906
360.14	3.893
360.49	3.864
360.85	3.837
361.20	3.852
361.56	3.907
361.91	3.949
362.27	3.959
362.62	3.907
362.98	4.014
363.33	4.028
363.69	4.074
364.04	4.128
364.40	4.175
364.75	4.148
365.11	4.194
365.46	4.160
365.82	4.074
366.17	4.033
366.53	4.020
366.88	3.989
367.24	3.999
367.59	3.970
367.95	3.935
368.30	3.894
368.66	3.945
369.01	3.953
369.37	3.984
369.72	4.105
370.08	4.135
370.43	4.220
370.78	4.216
371.14	4.221
371.49	4.209
371.85	4.208
372.20	4.289
372.56	4.311
372.91	4.279
373.26	4.309
373.62	4.310
373.97	4.364
374.33	4.294
374.68	4.315
375.03	4.314
375.39	4.296
375.74	4.370
376.10	4.335
376.45	4.352
376.80	4.405
377.16	4.360
377.51	4.331
377.87	4.364
378.22	4.396
378.57	4.367
378.93	4.398
379.28	4.483
379.63	4.468
379.99	4.488
380.34	4.489
380.70	4.534
381.05	4.586
381.40	4.602
381.76	4.595
382.11	4.606
382.46	4.667
382.82	4.641
383.17	4.631
383.52	4.640
383.88	4.651
384.23	4.663
384.58	4.585
384.94	4.619
385.29	4.695
385.64	4.676
385.99	4.707
386.35	4.708
386.70	4.706
387.05	4.676
387.41	4.667
387.76	4.642
388.11	4.637
388.47	4.670
388.82	4.681
389.17	4.653
389.52	4.655
389.88	4.673
390.23	4.673
390.58	4.685
390.93	4.722
391.29	4.793
391.64	4.858
391.99	4.862
392.34	4.903
392.70	4.899
393.05	4.877
393.40	4.929
393.75	4.895
394.11	4.906
394.46	4.911
394.81	4.924
395.16	4.879
395.52	4.880
395.87	4.873
396.22	4.867
396.57	4.864
396.92	4.881
397.28	4.809
397.63	4.842
397.98	4.857
398.33	4.906
398.68	4.902
399.04	4.908
399.39	4.872
399.74	4.899
400.09	4.896
400.44	4.883
400.80	4.921
401.15	4.962
401.50	4.990
401.85	4.966
402.20	4.933
402.55	4.923
402.90	4.943
403.26	4.966
403.61	4.968
403.96	4.955
404.31	4.980
404.66	4.948
405.01	4.960
405.36	4.934
405.72	4.943
406.07	4.942
406.42	4.958
406.77	4.933
407.12	4.934
407.47	4.933
407.82	4.950
408.17	4.926
408.53	4.944
408.88	4.972
409.23	4.946
409.58	4.970
409.93	4.994
410.28	4.997
410.63	5.024
410.98	5.016
411.33	5.019
411.68	5.011
412.03	5.003
412.38	4.968
412.73	4.920
413.09	4.906
413.44	4.865
413.79	4.871
414.14	4.863
414.49	4.823
414.84	4.802
415.19	4.767
415.54	4.758
415.89	4.739
416.24	4.740
416.59	4.719
416.94	4.746
417.29	4.730
417.64	4.695
417.99	4.677
418.34	4.657
418.69	4.621
419.04	4.595
419.39	4.584
419.74	4.586
420.09	4.566
420.44	4.572
420.79	4.533
421.14	4.524
421.49	4.522
421.84	4.504
422.19	4.505
422.54	4.528
422.89	4.535
423.24	4.521
423.59	4.508
423.94	4.519
424.29	4.495
424.64	4.498
424.99	4.532
425.34	4.539
425.68	4.549
426.03	4.562
426.38	4.558
426.73	4.583
427.08	4.581
427.43	4.584
427.78	4.559
428.13	4.570
428.48	4.599
428.83	4.571
429.18	4.554
429.53	4.567
429.87	4.569
430.22	4.569
430.57	4.563
430.92	4.561
431.27	4.566
431.62	4.583
431.97	4.593
432.32	4.574
432.67	4.561
433.01	4.577
433.36	4.566
433.71	4.563
434.06	4.566
434.41	4.565
434.76	4.581
435.11	4.612
435.45	4.599
435.80	4.589
436.15	4.607
436.50	4.599
436.85	4.593
437.20	4.571
437.54	4.551
437.89	4.544
438.24	4.527
438.59	4.525
438.94	4.481
439.29	4.504
439.63	4.486
439.98	4.460
440.33	4.454
440.68	4.441
441.03	4.447
441.37	4.433
441.72	4.428
442.07	4.436
442.42	4.411
442.76	4.406
443.11	4.370
443.46	4.362
443.81	4.359
444.16	4.356
444.50	4.351
444.85	4.353
445.20	4.363
445.55	4.351
445.89	4.321
446.24	4.325
446.59	4.327
446.94	4.319
447.28	4.317
447.63	4.298
447.98	4.299
448.32	4.278
448.67	4.252
449.02	4.233
449.37	4.235
449.71	4.250
450.06	4.257
450.41	4.251
450.75	4.262
451.10	4.272
451.45	4.266
451.79	4.270
452.14	4.279
452.49	4.287
452.84	4.285
453.18	4.284
453.53	4.282
453.88	4.276
454.22	4.270
454.57	4.253
454.92	4.249
455.26	4.260
455.61	4.240
455.95	4.247
456.30	4.243
456.65	4.246
456.99	4.245
457.34	4.256
457.69	4.263
458.03	4.271
458.38	4.289
458.73	4.310
459.07	4.322
459.42	4.346
459.76	4.360
460.11	4.391
460.46	4.410
460.80	4.412
461.15	4.423
461.49	4.433
461.84	4.466
462.19	4.497
462.53	4.499
462.88	4.510
463.22	4.534
463.57	4.561
463.91	4.572
464.26	4.594
464.61	4.629
464.95	4.658
465.30	4.685
465.64	4.691
465.99	4.689
466.33	4.718
466.68	4.720
467.02	4.738
467.37	4.742
467.71	4.750
468.06	4.753
468.41	4.750
468.75	4.759
469.10	4.768
469.44	4.786
469.79	4.805
470.13	4.799
470.48	4.827
470.82	4.835
471.17	4.838
471.51	4.841
471.86	4.863
472.20	4.866
472.55	4.864
472.89	4.851
473.23	4.821
473.58	4.810
473.92	4.788
474.27	4.767
474.61	4.752
474.96	4.741
475.30	4.736
475.65	4.725
475.99	4.734
476.34	4.721
476.68	4.721
477.02	4.739
477.37	4.728
477.71	4.744
478.06	4.763
478.40	4.757
478.75	4.772
479.09	4.783
479.43	4.813
479.78	4.843
480.12	4.884
480.47	4.935
480.81	4.981
481.15	5.036
481.50	5.094
481.84	5.156
482.19	5.228
482.53	5.279
482.87	5.304
483.22	5.281
483.56	5.228
483.90	5.165
484.25	5.117
484.59	5.093
484.94	5.060
485.28	5.023
485.62	4.973
485.97	4.911
486.31	4.861
486.65	4.842
487.00	4.868
487.34	4.936
487.68	5.016
488.03	5.067
488.37	5.081
488.71	5.112
489.06	5.130
489.40	5.148
489.74	5.169
490.09	5.204
490.43	5.241
490.77	5.278
491.11	5.319
491.46	5.348
491.80	5.377
492.14	5.426
492.49	5.461
492.83	5.500
493.17	5.554
493.51	5.619
493.86	5.685
494.20	5.747
494.54	5.822
494.88	5.889
495.23	5.946
495.57	6.029
495.91	6.111
496.25	6.196
496.60	6.295
496.94	6.412
497.28	6.506
497.62	6.590
497.97	6.702
498.31	6.813
498.65	6.930
498.99	7.101
499.33	7.252
499.68	7.380
500.02	7.527
500.36	7.677
500.70	7.803
501.04	7.963
501.39	8.148
501.73	8.317
502.07	8.482
502.41	8.670
502.75	8.845
503.09	9.029
503.44	9.247
503.78	9.438
504.12	9.655
504.46	9.886
504.80	10.113
505.14	10.349
505.49	10.608
505.83	10.858
506.17	11.104
506.51	11.340
506.85	11.580
507.19	11.842
507.53	12.116
507.87	12.374
508.22	12.653
508.56	12.948
508.90	13.224
509.24	13.474
509.58	13.759
509.92	14.056
510.26	14.332
510.60	14.640
510.94	14.938
511.28	15.264
511.63	15.619
511.97	15.951
512.31	16.282
512.65	16.646
512.99	17.045
513.33	17.443
513.67	17.822
514.01	18.248
514.35	18.651
514.69	19.032
515.03	19.388
515.37	19.697
515.71	20.010
516.05	20.333
516.39	20.640
516.73	20.929
517.07	21.231
517.41	21.526
517.75	21.822
518.09	22.125
518.43	22.443
518.77	22.763
519.11	23.101
519.45	23.453
519.79	23.817
520.13	24.191
520.47	24.603
520.81	24.995
521.15	25.389
521.49	25.747
521.83	26.086
522.17	26.402
522.51	26.710
522.85	27.049
523.19	27.410
523.53	27.816
523.87	28.234
524.21	28.620
524.55	29.013
524.89	29.363
525.23	29.746
525.57	30.085
525.91	30.379
526.25	30.665
526.58	30.941
526.92	31.195
527.26	31.417
527.60	31.607
527.94	31.774
528.28	31.926
528.62	32.088
528.96	32.230
529.30	32.370
529.64	32.552
529.97	32.723
530.31	32.881
530.65	33.029
530.99	33.197
531.33	33.390
531.67	33.600
532.01	33.789
532.35	33.994
532.68	34.157
533.02	34.340
533.36	34.470
533.70	34.617
534.04	34.779
534.38	34.985
534.71	35.149
535.05	35.290
535.39	35.428
535.73	35.593
536.07	35.713
536.41	35.880
536.74	36.004
537.08	36.139
537.42	36.308
537.76	36.488
538.10	36.600
538.43	36.753
538.77	36.888
539.11	37.035
539.45	37.132
539.79	37.251
540.12	37.332
540.46	37.417
540.80	37.490
541.14	37.565
541.47	37.603
541.81	37.683
542.15	37.742
542.49	37.823
542.82	37.859
543.16	37.942
543.50	38.038
543.84	38.093
544.17	38.190
544.51	38.325
544.85	38.406
545.18	38.494
545.52	38.589
545.86	38.667
546.20	38.751
546.53	38.887
546.87	38.972
547.21	39.015
547.54	39.147
547.88	39.279
548.22	39.372
548.55	39.444
548.89	39.519
549.23	39.592
549.56	39.659
549.90	39.687
550.24	39.708
550.57	39.750
550.91	39.801
551.25	39.854
551.58	39.878
551.92	39.910
552.26	40.014
552.59	40.096
552.93	40.184
553.27	40.233
553.60	40.298
553.94	40.361
554.27	40.438
554.61	40.528
554.95	40.579
555.28	40.587
555.62	40.606
555.95	40.604
556.29	40.634
556.63	40.621
556.96	40.657
557.30	40.661
557.63	40.644
557.97	40.658
558.31	40.640
558.64	40.627
558.98	40.651
559.31	40.655
559.65	40.627
559.98	40.596
560.32	40.576
560.65	40.531
560.99	40.505
561.33	40.490
561.66	40.409
562.00	40.387
562.33	40.321
562.67	40.291
563.00	40.259
563.34	40.209
563.67	40.177
564.01	40.123
564.34	40.073
564.68	40.065
565.01	40.047
565.35	40.052
565.68	40.018
566.02	39.984
566.35	39.979
566.69	39.928
567.02	39.886
567.36	39.888
567.69	39.864
568.03	39.839
568.36	39.793
568.69	39.762
569.03	39.742
569.36	39.692
569.70	39.709
570.03	39.652
570.37	39.613
570.70	39.605
571.04	39.530
571.37	39.489
571.70	39.489
572.04	39.467
572.37	39.467
572.71	39.427
573.04	39.438
573.37	39.397
573.71	39.402
574.04	39.482
574.38	39.504
574.71	39.541
575.04	39.595
575.38	39.630
575.71	39.651
576.05	39.662
576.38	39.677
576.71	39.680
577.05	39.728
577.38	39.724
577.71	39.682
578.05	39.706
578.38	39.684
578.71	39.633
579.05	39.593
579.38	39.610
579.71	39.602
580.05	39.671
580.38	39.664
580.71	39.629
581.05	39.631
581.38	39.618
581.71	39.575
582.05	39.524
582.38	39.493
582.71	39.480
583.04	39.469
583.38	39.403
583.71	39.275
584.04	39.220
584.38	39.187
584.71	39.112
585.04	39.010
585.37	38.959
585.71	38.934
586.04	38.874
586.37	38.806
586.70	38.690
587.04	38.661
587.37	38.618
587.70	38.570
588.03	38.439
588.37	38.404
588.70	38.396
589.03	38.325
589.36	38.274
589.69	38.192
590.03	38.116
590.36	38.074
590.69	37.971
591.02	37.904
591.35	37.812
591.69	37.792
592.02	37.675
592.35	37.554
592.68	37.435
593.01	37.295
593.35	37.217
593.68	37.117
594.01	37.026
594.34	36.934
594.67	36.877
595.00	36.801
595.34	36.741
595.67	36.712
596.00	36.696
596.33	36.698
596.66	36.731
596.99	36.722
597.32	36.735
597.65	36.699
597.99	36.686
598.32	36.682
598.65	36.647
598.98	36.549
599.31	36.453
599.64	36.331
599.97	36.271
600.30	36.134
600.63	36.070
600.96	35.968
601.30	35.896
601.63	35.815
601.96	35.709
602.29	35.643
602.62	35.631
602.95	35.596
603.28	35.556
603.61	35.456
603.94	35.423
604.27	35.388
604.60	35.352
604.93	35.342
605.26	35.287
605.59	35.223
605.92	35.187
606.25	35.149
606.58	35.086
606.91	35.011
607.24	35.006
607.57	34.955
607.90	34.900
608.23	34.873
608.56	34.780
608.89	34.769
609.22	34.745
609.55	34.769
609.88	34.739
610.21	34.750
610.54	34.793
610.87	34.751
611.20	34.783
611.53	34.815
611.86	34.851
612.19	34.911
612.52	34.863
612.85	34.873
613.18	34.804
613.51	34.757
613.84	34.716
614.17	34.677
614.49	34.599
614.82	34.553
615.15	34.463
615.48	34.403
615.81	34.373
616.14	34.373
616.47	34.303
616.80	34.261
617.13	34.182
617.46	34.111
617.78	34.059
618.11	34.092
618.44	34.053
618.77	33.988
619.10	33.915
619.43	33.869
619.76	33.809
620.09	33.762
620.41	33.694
620.74	33.667
621.07	33.670
621.40	33.663
621.73	33.604
622.06	33.550
622.38	33.534
622.71	33.398
623.04	33.264
623.37	33.191
623.70	33.121
624.02	33.049
624.35	33.001
624.68	32.927
625.01	32.806
625.34	32.756
625.66	32.684
625.99	32.623
626.32	32.635
626.65	32.642
626.98	32.623
627.30	32.599
627.63	32.584
627.96	32.564
628.29	32.594
628.61	32.598
628.94	32.556
629.27	32.560
629.60	32.517
629.92	32.486
630.25	32.393
630.58	32.348
630.91	32.307
631.23	32.292
631.56	32.235
631.89	32.095
632.21	32.066
632.54	32.000
632.87	31.919
633.19	31.903
633.52	31.817
633.85	31.864
634.18	31.853
634.50	31.870
634.83	31.829
635.16	31.827
635.48	31.852
635.81	31.855
636.14	31.863
636.46	31.864
636.79	31.796
637.11	31.826
637.44	31.779
637.77	31.789
638.09	31.726
638.42	31.687
638.75	31.692
639.07	31.618
639.40	31.484
639.73	31.448
640.05	31.386
640.38	31.365
640.70	31.343
641.03	31.267
641.36	31.191
641.68	31.104
642.01	31.103
642.33	31.019
642.66	31.033
642.98	31.019
643.31	30.931
643.64	30.961
643.96	30.950
644.29	30.929
644.61	30.888
644.94	30.852
645.26	30.879
645.59	30.839
645.91	30.809
646.24	30.764
646.56	30.725
646.89	30.781
647.22	30.732
647.54	30.640
647.87	30.577
648.19	30.550
648.52	30.476
648.84	30.364
649.17	30.301
649.49	30.235
649.82	30.200
650.14	30.208
650.47	30.133
650.79	30.075
651.11	30.052
651.44	29.976
651.76	29.957
652.09	29.967
652.41	30.001
652.74	29.968
653.06	29.925
653.39	29.917
653.71	29.893
654.04	29.861
654.36	29.820
654.68	29.790
655.01	29.758
655.33	29.708
655.66	29.657
655.98	29.531
656.30	29.421
656.63	29.389
656.95	29.289
657.28	29.156
657.60	29.085
657.92	28.989
658.25	28.930
658.57	28.886
658.90	28.818
659.22	28.780
659.54	28.700
659.87	28.702
660.19	28.651
660.51	28.581
660.84	28.545
661.16	28.523
661.48	28.558
661.81	28.538
662.13	28.511
662.45	28.527
662.78	28.506
663.10	28.610
663.42	28.620
663.75	28.610
664.07	28.611
664.39	28.649
664.72	28.614
665.04	28.578
665.36	28.592
665.69	28.554
666.01	28.489
666.33	28.420
666.65	28.338
666.98	28.298
667.30	28.287
667.62	28.305
667.94	28.312
668.27	28.284
668.59	28.219
668.91	28.203
669.23	28.212
669.56	28.185
669.88	28.125
670.20	28.099
670.52	28.090
670.85	28.025
671.17	27.986
671.49	27.953
671.81	27.883
672.13	27.835
672.46	27.726
672.78	27.702
673.10	27.709
673.42	27.701
673.74	27.776
674.07	27.738
674.39	27.751
674.71	27.636
675.03	27.526
675.35	27.457
675.67	27.378
676.00	27.385
676.32	27.357
676.64	27.250
676.96	27.284
677.28	27.248
677.60	27.137
677.92	27.135
678.25	27.193
678.57	27.278
678.89	27.339
679.21	27.398
679.53	27.369
679.85	27.352
680.17	27.443
680.49	27.381
680.81	27.342
681.13	27.436
681.46	27.350
681.78	27.308
682.10	27.285
682.42	27.295
682.74	27.316
683.06	27.358
683.38	27.374
683.70	27.342
684.02	27.349
684.34	27.343
684.66	27.328
684.98	27.377
685.30	27.403
685.62	27.463
685.94	27.453
686.26	27.388
686.58	27.401
686.90	27.243
687.22	27.195
687.54	27.171
687.86	27.065
688.18	27.082
688.50	27.003
688.82	27.014
689.14	26.876
689.46	26.760
689.78	26.748
690.10	26.661
690.42	26.727
690.74	26.613
691.06	26.564
691.38	26.603
691.70	26.484
692.02	26.453
692.34	26.364
692.66	26.283
692.98	26.271
693.30	26.288
693.62	26.186
693.94	26.190
694.26	26.216
694.57	26.189
694.89	26.167
695.21	26.162
695.53	26.191
695.85	26.118
696.17	26.111
696.49	26.130
696.81	26.097
697.13	26.161
697.44	26.082
697.76	26.115
698.08	26.057
698.40	26.003
698.72	25.884
699.04	25.769
699.36	25.731
699.67	25.670
699.99	25.565
700.31	25.465
700.63	25.380
700.95	25.371
701.27	25.251
701.58	25.220
701.90	25.156
702.22	25.223
702.54	25.248
702.86	25.123
703.17	25.115
703.49	25.077
703.81	25.095
704.13	25.004
704.45	24.935
704.76	24.891
705.08	24.908
705.40	24.833
705.72	24.809
706.03	24.871
706.35	24.974
706.67	25.016
706.99	25.080
707.30	24.950
707.62	25.015
707.94	25.135
708.26	25.155
708.57	25.163
708.89	25.283
709.21	25.337
709.53	25.284
709.84	25.389
710.16	25.331
710.48	25.392
710.79	25.448
711.11	25.395
711.43	25.323
711.74	25.291
712.06	25.254
712.38	25.235
712.69	25.219
713.01	25.225
713.33	25.137
713.64	25.196
713.96	25.108
714.28	25.219
714.59	25.306
714.91	25.354
715.23	25.451
715.54	25.427
715.86	25.449
716.17	25.465
716.49	25.375
716.81	25.323
717.12	25.246
717.44	25.275
717.76	25.231
718.07	25.129
718.39	25.029
718.70	24.929
719.02	24.992
719.33	24.951
719.65	24.926
719.97	24.914
720.28	24.969
720.60	24.941
720.91	24.883
721.23	24.754
721.54	24.781
721.86	24.900
722.17	24.932
722.49	25.012
722.81	25.065
723.12	25.097
723.44	25.220
723.75	25.214
724.07	25.321
724.38	25.311
724.70	25.268
725.01	25.205
725.33	25.170
725.64	25.174
725.96	25.097
726.27	24.971
726.59	24.902
726.90	24.746
727.22	24.804
727.53	24.663
727.84	24.505
728.16	24.553
728.47	24.634
728.79	24.520
729.10	24.368
729.42	24.285
729.73	24.242
730.05	24.066
730.36	24.034
730.67	23.804
730.99	23.788
731.30	23.822
731.62	23.916
731.93	23.764
732.24	23.569
732.56	23.625
732.87	23.571
733.19	23.496
733.50	23.486
733.81	23.498
734.13	23.495
734.44	23.371
734.76	23.430
735.07	23.116
735.38	23.075
735.70	23.137
736.01	23.091
736.32	23.040
736.64	22.964
736.95	22.846
737.26	22.774
737.58	22.740
737.89	22.808
738.20	22.536
738.52	22.531
738.83	22.440
739.14	22.349
739.45	22.262
739.77	22.165
740.08	22.186
740.39	22.182
740.71	22.088
741.02	21.876
741.33	21.715
741.64	21.837
741.96	21.772
742.27	21.788
742.58	21.712
742.90	21.627
743.21	21.614
743.52	21.655
743.83	21.642
744.14	21.560
744.46	21.717
744.77	21.776
745.08	21.781
745.39	21.750
745.71	21.804
746.02	21.955
746.33	21.945
746.64	22.141
746.95	22.128
747.27	22.005
747.58	21.997
747.89	22.140
748.20	22.076
748.51	22.030
748.82	22.023
749.14	21.813
749.45	21.976
749.76	21.923
750.07	21.709
750.38	21.493
750.69	21.659
751.01	21.786
751.32	21.633
751.63	21.492
751.94	21.605
752.25	21.686
752.56	21.678
752.87	21.545
753.18	21.461
753.49	21.472
753.81	21.663
754.12	21.700
754.43	21.706
754.74	21.693
755.05	22.039
755.36	21.951
755.67	22.037
755.98	22.371
756.29	22.442
756.60	22.771
756.91	22.971
757.22	23.321
757.53	23.533
757.84	23.570
758.15	23.944
758.46	24.078
758.77	24.399
759.09	24.614
759.40	24.698
759.71	24.797
760.02	24.914
760.33	24.956
760.64	24.868
760.95	24.927
761.26	24.962
761.57	24.901
761.88	24.886
762.18	24.708
762.49	24.627
762.80	24.473
763.11	24.555
763.42	24.460
763.73	24.302
764.04	24.079
764.35	23.909
764.66	23.739
764.97	23.417
765.28	23.093
765.59	22.923
765.90	22.696
766.21	22.601
766.52	21.949
766.83	21.490
767.14	21.281
767.44	21.067
767.75	20.886
768.06	20.893
768.37	20.728
768.68	20.580
768.99	20.393
769.30	20.114
769.61	19.888
769.91	19.930
770.22	19.884
770.53	19.786
770.84	19.882
771.15	19.581
771.46	19.516
771.77	19.719
772.07	19.647
772.38	19.626
772.69	19.641
773.00	19.370
773.31	19.467
773.61	19.380
773.92	19.524
774.23	19.366
774.54	19.211
774.85	19.034
775.15	18.922
775.46	18.845
775.77	18.807
776.08	18.648
776.39	18.746
776.69	18.549
777.00	18.612
777.31	18.375
777.62	18.434
777.92	18.800
778.23	18.807
778.54	18.758
778.85	18.993
779.15	19.099
779.46	19.305
779.77	19.362
780.07	19.514
780.38	19.629
780.69	19.465
781.00	19.431
781.30	19.410
781.61	19.293
781.92	19.175
782.22	19.108
782.53	19.090
782.84	19.114
783.14	19.258
783.45	19.335
783.76	19.424
784.06	19.705
784.37	19.976
784.68	20.026
784.98	20.241
785.29	20.548
785.60	20.765
785.90	20.985
786.21	21.084
786.51	21.089
786.82	21.185
787.13	21.341
787.43	21.575
787.74	21.431
788.04	21.412
788.35	21.480
788.66	21.443
788.96	21.449
789.27	21.156
789.57	21.223
789.88	21.295
790.19	21.390
790.49	21.291
790.80	21.120
791.10	21.331
791.41	21.225
791.71	21.033
792.02	21.075
792.32	20.824
792.63	21.194
792.93	21.099
793.24	20.928
793.54	20.576
793.85	20.811
794.15	21.076
794.46	21.286
794.76	21.459
795.07	21.389
795.37	21.343
795.68	21.484
795.98	21.529
796.29	21.655
796.59	21.558
796.90	21.811
797.20	21.389
797.51	21.172
797.81	20.711
798.12	20.539
798.42	21.059
798.72	21.101
799.03	21.191
799.33	20.894
799.64	20.878
799.94	20.927
800.25	20.782
800.55	21.082
800.85	20.895
801.16	20.894
801.46	20.800
801.77	20.602
802.07	20.735
802.37	20.426
802.68	20.696
802.98	20.812
803.28	20.909
803.59	21.202
803.89	21.259
804.20	21.756
804.50	21.849
804.80	21.747
805.11	21.405
805.41	21.038
805.71	21.388
806.02	21.079
806.32	20.611
806.62	20.803
806.93	20.586
807.23	20.263
807.53	20.299
807.83	20.456
808.14	20.615
808.44	21.011
808.74	21.192
809.05	21.219
809.35	21.253
809.65	21.456
809.95	21.523
810.26	21.748
810.56	22.112
810.86	21.844
811.16	21.808
811.47	22.160
811.77	22.069
812.07	22.423
812.37	22.247
812.68	22.991
812.98	23.241
813.28	23.393
813.58	23.509
813.88	23.363
814.19	23.980
814.49	24.225
814.79	24.692
815.09	24.939
815.39	24.824
815.70	25.464
816.00	25.446
816.30	25.598
816.60	25.510
816.90	25.298
817.20	25.305
817.50	24.815
817.81	24.800
818.11	24.730
818.41	24.847
818.71	25.007
819.01	24.890
819.31	24.830
819.61	25.008
819.92	25.216
820.22	25.353
820.52	25.394
820.82	25.487
821.12	25.536
821.42	25.460
821.72	25.428
822.02	25.429
822.32	25.457
822.62	25.510
822.92	25.392
823.22	25.283
823.52	25.291
823.83	25.322
824.13	25.268
824.43	25.184
824.73	25.260
825.03	25.268
825.33	25.259
825.63	25.186
825.93	25.112
826.23	25.077
826.53	25.110
826.83	24.987
827.13	24.885
827.43	24.805
827.73	24.815
828.03	24.806
828.33	24.923
828.63	24.691
828.93	24.748
829.23	24.632
829.53	24.660
829.83	24.632
830.13	24.596
830.42	24.381
830.72	24.441
831.02	24.294
831.32	24.265
831.62	23.954
831.92	24.065
832.22	23.924
832.52	23.867
832.82	24.089
833.12	23.733
833.42	23.696
833.72	23.908
834.01	23.819
834.31	23.839
834.61	23.769
834.91	23.794
835.21	23.558
835.51	23.460
835.81	23.326
836.11	23.033
836.40	23.332
836.70	22.820
837.00	22.420
837.30	22.871
837.60	23.044
837.90	22.948
838.19	22.802
838.49	23.079
838.79	23.331
839.09	23.504
839.39	23.451
839.68	23.213
839.98	23.404
840.28	23.470
840.58	23.105
840.88	22.709
841.17	22.496
841.47	22.645
841.77	21.956
842.07	21.624
842.36	21.469
842.66	20.932
842.96	20.946
843.26	20.576
843.55	20.280
843.85	19.456
844.15	19.203
844.45	19.357
844.74	19.944
845.04	21.164
845.34	20.144
845.63	20.063
845.93	20.962
846.23	20.934
846.53	21.600
846.82	20.709
847.12	20.547
847.42	19.623
847.71	19.853
848.01	17.996
848.31	18.133
848.60	20.159
848.90	20.262
849.19	20.120
849.49	18.994
849.79	18.181
850.08	19.067
850.38	19.167
850.68	20.182
850.97	20.155
851.27	20.924
851.56	19.557
851.86	17.673
852.16	17.777
852.45	17.176
852.75	19.407
853.04	19.355
853.34	19.254
853.64	19.523
853.93	19.666
854.23	19.454
854.52	19.925
854.82	20.617
855.11	21.992
855.41	20.925
855.70	21.186
856.00	19.951
856.30	20.682
856.59	20.315
856.89	19.504
857.18	19.514
857.48	18.849
857.77	18.428
858.07	20.004
858.36	19.343
858.66	20.420
858.95	18.661
859.25	19.092
859.54	18.782
859.84	19.210
860.13	20.387
860.42	20.759
860.72	21.558
861.01	20.740
861.31	19.928
861.60	21.529
861.90	21.481
862.19	22.880
862.49	22.076
862.78	22.676
863.07	21.995
863.37	22.100
863.66	22.017
863.96	20.854
864.25	22.004
864.54	22.289
864.84	20.330
865.13	19.843
865.43	18.893
865.72	24.878
866.01	27.666
866.31	13.113
866.60	14.332
866.89	7.908
