180.30	0.000
180.67	0.000
181.03	-65.821
181.40	116.339
181.77	-593.879
182.14	3.965
182.51	-48.012
182.88	125.980
183.25	-77.208
183.62	44.379
183.99	203.449
184.36	-12.583
184.73	119.077
185.10	-1169.769
185.46	293.544
185.83	6943.528
186.20	-101.681
186.57	-7366.613
186.94	142.784
187.31	15.565
187.68	303.725
188.05	-41.984
188.42	23.171
188.78	153.398
189.15	81.233
189.52	12.412
189.89	66.344
190.26	12.004
190.63	10.428
191.00	0.874
191.37	1.680
191.73	-42.372
192.10	-52.929
192.47	-39.531
192.84	-15.608
193.21	-9.254
193.58	10.579
193.94	1.330
194.31	-13.586
194.68	-16.074
195.05	-12.787
195.42	-35.798
195.79	-46.993
196.15	-32.833
196.52	-22.502
196.89	-52.376
197.26	-71.898
197.63	-64.549
198.00	-107.102
198.36	-80.945
198.73	-125.433
199.10	-69.117
199.47	4.806
199.84	4.451
200.20	-39.728
200.57	-109.259
200.94	-96.510
201.31	-65.949
201.68	-101.397
202.04	-47.753
202.41	-46.215
202.78	-21.917
203.15	-63.844
203.51	-29.773
203.88	-14.481
204.25	-2.638
204.62	3.119
204.98	8.864
205.35	-3.417
205.72	12.855
206.09	20.367
206.46	9.921
206.82	-0.833
207.19	12.184
207.56	-13.108
207.92	8.553
208.29	19.589
208.66	33.536
209.03	32.881
209.39	27.111
209.76	23.322
210.13	3.779
210.50	10.714
210.86	22.958
211.23	27.057
211.60	52.316
211.96	33.178
212.33	26.575
212.70	31.608
213.07	54.421
213.43	69.655
213.80	29.801
214.17	54.292
214.53	34.564
214.90	18.514
215.27	29.758
215.63	7.436
216.00	-11.961
216.37	-14.361
216.74	1.259
217.10	-14.367
217.47	-29.440
217.84	-9.329
218.20	-22.390
218.57	-4.310
218.94	-21.357
219.30	-29.908
219.67	-12.135
220.04	4.254
220.40	19.083
220.77	13.725
221.13	10.996
221.50	0.724
221.87	0.418
222.23	4.613
222.60	-7.367
222.97	3.369
223.33	4.743
223.70	11.228
224.07	11.987
224.43	2.808
224.80	-2.227
225.16	1.661
225.53	5.960
225.90	3.533
226.26	-0.689
226.63	0.728
226.99	-0.716
227.36	-0.600
227.73	-1.499
228.09	0.025
228.46	3.311
228.82	4.858
229.19	2.196
229.56	2.995
229.92	5.589
230.29	8.559
230.65	11.034
231.02	14.897
231.38	12.175
231.75	13.482
232.12	12.927
232.48	8.970
232.85	9.014
233.21	9.010
233.58	8.166
233.94	6.356
234.31	7.103
234.68	6.190
235.04	6.114
235.41	10.851
235.77	8.298
236.14	6.176
236.50	4.927
236.87	4.030
237.23	5.054
237.60	5.014
237.96	5.267
238.33	2.933
238.69	2.851
239.06	2.903
239.42	2.059
239.79	1.722
240.15	2.772
240.52	4.961
240.88	5.212
241.25	4.644
241.61	4.265
241.98	4.479
242.34	4.960
242.71	4.637
243.07	4.866
243.44	4.849
243.80	5.226
244.17	5.271
244.53	4.724
244.90	4.727
245.26	4.512
245.63	4.635
245.99	4.291
246.36	4.164
246.72	4.092
247.09	3.489
247.45	3.838
247.81	3.948
248.18	3.849
248.54	3.765
248.91	3.998
249.27	4.176
249.64	4.188
250.00	4.556
250.36	5.019
250.73	5.659
251.09	6.101
251.46	5.525
251.82	5.550
252.19	4.773
252.55	5.127
252.91	4.106
253.28	4.120
253.64	3.913
254.01	3.581
254.37	3.848
254.73	2.867
255.10	2.619
255.46	2.455
255.83	2.136
256.19	2.853
256.55	3.057
256.92	3.670
257.28	4.211
257.65	4.051
258.01	4.061
258.37	3.864
258.74	4.196
259.10	4.338
259.46	4.415
259.83	4.354
260.19	4.121
260.55	3.850
260.92	3.731
261.28	3.071
261.64	3.570
262.01	3.726
262.37	4.001
262.73	4.147
263.10	4.380
263.46	4.732
263.82	4.949
264.19	5.308
264.55	5.422
264.91	5.462
265.28	5.782
265.64	5.485
266.00	5.156
266.37	4.656
266.73	4.128
267.09	3.526
267.46	3.171
267.82	3.218
268.18	3.242
268.54	3.305
268.91	3.137
269.27	3.229
269.63	3.225
270.00	3.290
270.36	3.424
270.72	3.621
271.08	3.740
271.45	3.554
271.81	3.698
272.17	3.516
272.53	3.464
272.90	3.577
273.26	3.659
273.62	3.506
273.98	3.408
274.35	3.279
274.71	3.268
275.07	3.582
275.43	4.149
275.80	4.313
276.16	4.432
276.52	4.382
276.88	4.212
277.25	3.760
277.61	3.600
277.97	3.659
278.33	4.020
278.69	3.973
279.06	3.651
279.42	3.501
279.78	3.392
280.14	3.544
280.50	3.579
280.87	3.502
281.23	3.901
281.59	4.253
281.95	4.495
282.31	4.386
282.68	4.226
283.04	4.347
283.40	4.333
283.76	4.201
284.12	4.211
284.48	4.120
284.85	4.201
285.21	3.943
285.57	3.780
285.93	3.714
286.29	3.539
286.65	3.873
287.02	3.890
287.38	4.058
287.74	4.049
288.10	3.897
288.46	3.966
288.82	3.916
289.18	4.243
289.54	4.287
289.91	4.302
290.27	4.292
290.63	4.069
290.99	3.960
291.35	3.459
291.71	3.600
292.07	3.678
292.43	3.624
292.79	3.501
293.16	3.076
293.52	3.134
293.88	3.135
294.24	3.402
294.60	3.317
294.96	3.360
295.32	3.439
295.68	3.291
296.04	3.014
296.40	3.184
296.76	3.464
297.12	3.672
297.49	3.617
297.85	3.578
298.21	3.486
298.57	3.788
298.93	3.774
299.29	3.885
299.65	3.969
300.01	4.163
300.37	4.045
300.73	3.858
301.09	3.765
301.45	3.814
301.81	3.716
302.17	3.779
302.53	3.540
302.89	3.497
303.25	3.591
303.61	3.665
303.97	3.749
304.33	3.775
304.69	3.793
305.05	3.775
305.41	3.576
305.77	3.544
306.13	3.426
306.49	3.286
306.85	3.358
307.21	3.537
307.57	3.538
307.93	3.302
308.29	3.315
308.65	3.177
309.01	3.122
309.37	3.244
309.73	3.228
310.09	3.276
310.45	3.309
310.81	3.256
311.17	2.918
311.53	2.781
311.89	2.954
312.25	2.818
312.61	2.958
312.96	3.025
313.32	2.981
313.68	2.860
314.04	2.765
314.40	2.921
314.76	2.921
315.12	3.060
315.48	2.984
315.84	2.857
316.20	3.155
316.56	3.062
316.92	3.033
317.27	2.990
317.63	2.997
317.99	3.073
318.35	3.053
318.71	3.056
319.07	2.977
319.43	2.941
319.79	2.989
320.15	2.729
320.50	2.920
320.86	2.825
321.22	2.848
321.58	2.982
321.94	2.942
322.30	2.989
322.66	2.973
323.01	2.927
323.37	3.198
323.73	3.240
324.09	3.165
324.45	2.867
324.81	2.927
325.17	2.803
325.52	2.753
325.88	2.690
326.24	2.547
326.60	2.502
326.96	2.568
327.31	2.425
327.67	2.318
328.03	2.375
328.39	2.570
328.75	2.497
329.11	2.705
329.46	2.716
329.82	2.798
330.18	2.789
330.54	2.899
330.90	2.734
331.25	2.776
331.61	2.870
331.97	2.875
332.33	2.864
332.68	2.989
333.04	3.049
333.40	3.104
333.76	3.118
334.11	3.161
334.47	3.146
334.83	3.331
335.19	3.332
335.54	3.409
335.90	3.609
336.26	3.695
336.62	3.589
336.97	3.443
337.33	3.460
337.69	3.322
338.05	3.422
338.40	3.436
338.76	3.433
339.12	3.392
339.48	3.378
339.83	3.178
340.19	3.146
340.55	3.283
340.90	3.358
341.26	3.416
341.62	3.623
341.97	3.528
342.33	3.460
342.69	3.409
343.04	3.419
343.40	3.378
343.76	3.433
344.12	3.409
344.47	3.414
344.83	3.297
345.19	3.250
345.54	3.129
345.90	3.163
346.26	3.173
346.61	3.297
346.97	3.238
347.32	3.208
347.68	3.192
348.04	3.162
348.39	3.094
348.75	3.152
349.11	3.073
349.46	3.050
349.82	3.054
350.18	3.092
350.53	2.920
350.89	2.923
351.24	2.954
351.60	2.976
351.96	2.984
352.31	3.006
352.67	3.125
353.02	3.191
353.38	3.293
353.74	3.220
354.09	3.187
354.45	3.219
354.80	3.323
355.16	3.318
355.52	3.312
355.87	3.232
356.23	3.223
356.58	3.175
356.94	3.233
357.29	3.211
357.65	3.354
358.00	3.408
358.36	3.531
358.72	3.511
359.07	3.516
359.43	3.525
359.78	3.539
360.14	3.598
360.49	3.628
360.85	3.606
361.20	3.575
361.56	3.475
361.91	3.443
362.27	3.464
362.62	3.457
362.98	3.511
363.33	3.541
363.69	3.625
364.04	3.538
364.40	3.483
364.75	3.455
365.11	3.467
365.46	3.497
365.82	3.494
366.17	3.452
366.53	3.475
366.88	3.465
367.24	3.478
367.59	3.476
367.95	3.626
368.30	3.617
368.66	3.669
369.01	3.639
369.37	3.714
369.72	3.791
370.08	3.762
370.43	3.817
370.78	3.805
371.14	3.850
371.49	3.876
371.85	3.826
372.20	3.892
372.56	3.924
372.91	3.982
373.26	3.974
373.62	4.018
373.97	4.038
374.33	3.985
374.68	3.944
375.03	3.878
375.39	3.861
375.74	3.868
376.10	3.856
376.45	3.882
376.80	3.968
377.16	3.967
377.51	3.925
377.87	3.976
378.22	4.066
378.57	4.178
378.93	4.226
379.28	4.337
379.63	4.392
379.99	4.456
380.34	4.559
380.70	4.550
381.05	4.648
381.40	4.718
381.76	4.796
382.11	4.871
382.46	4.923
382.82	4.984
383.17	4.965
383.52	4.907
383.88	4.931
384.23	4.817
384.58	4.814
384.94	4.707
385.29	4.712
385.64	4.702
385.99	4.638
386.35	4.597
386.70	4.572
387.05	4.587
387.41	4.629
387.76	4.605
388.11	4.703
388.47	4.709
388.82	4.744
389.17	4.773
389.52	4.794
389.88	4.797
390.23	4.845
390.58	4.866
390.93	4.896
391.29	4.966
391.64	5.070
391.99	5.054
392.34	5.125
392.70	5.115
393.05	5.081
393.40	5.056
393.75	5.042
394.11	5.008
394.46	5.004
394.81	4.980
395.16	4.918
395.52	4.804
395.87	4.739
396.22	4.655
396.57	4.643
396.92	4.578
397.28	4.500
397.63	4.462
397.98	4.391
398.33	4.329
398.68	4.239
399.04	4.184
399.39	4.186
399.74	4.177
400.09	4.183
400.44	4.161
400.80	4.172
401.15	4.220
401.50	4.250
401.85	4.301
402.20	4.336
402.55	4.372
402.90	4.418
403.26	4.384
403.61	4.387
403.96	4.374
404.31	4.418
404.66	4.428
405.01	4.421
405.36	4.403
405.72	4.380
406.07	4.325
406.42	4.335
406.77	4.271
407.12	4.293
407.47	4.307
407.82	4.276
408.17	4.242
408.53	4.222
408.88	4.182
409.23	4.166
409.58	4.156
409.93	4.161
410.28	4.143
410.63	4.190
410.98	4.195
411.33	4.179
411.68	4.218
412.03	4.218
412.38	4.248
412.73	4.330
413.09	4.366
413.44	4.423
413.79	4.487
414.14	4.562
414.49	4.618
414.84	4.672
415.19	4.749
415.54	4.798
415.89	4.877
416.24	4.976
416.59	5.041
416.94	5.133
417.29	5.172
417.64	5.243
417.99	5.260
418.34	5.284
418.69	5.339
419.04	5.356
419.39	5.385
419.74	5.443
420.09	5.432
420.44	5.431
420.79	5.402
421.14	5.432
421.49	5.428
421.84	5.423
422.19	5.412
422.54	5.390
422.89	5.394
423.24	5.394
423.59	5.338
423.94	5.310
424.29	5.266
424.64	5.230
424.99	5.187
425.34	5.149
425.68	5.133
426.03	5.116
426.38	5.122
426.73	5.088
427.08	5.062
427.43	5.075
427.78	5.077
428.13	5.110
428.48	5.155
428.83	5.150
429.18	5.171
429.53	5.168
429.87	5.210
430.22	5.197
430.57	5.220
430.92	5.231
431.27	5.207
431.62	5.204
431.97	5.194
432.32	5.191
432.67	5.162
433.01	5.139
433.36	5.143
433.71	5.117
434.06	5.092
434.41	5.060
434.76	5.049
435.11	5.044
435.45	5.068
435.80	5.064
436.15	5.061
436.50	5.106
436.85	5.111
437.20	5.129
437.54	5.138
437.89	5.129
438.24	5.133
438.59	5.139
438.94	5.150
439.29	5.129
439.63	5.133
439.98	5.128
440.33	5.100
440.68	5.135
441.03	5.141
441.37	5.140
441.72	5.188
442.07	5.244
442.42	5.264
442.76	5.297
443.11	5.326
443.46	5.332
443.81	5.350
444.16	5.370
444.50	5.366
444.85	5.362
445.20	5.367
445.55	5.339
445.89	5.288
446.24	5.268
446.59	5.224
446.94	5.173
447.28	5.108
447.63	5.048
447.98	4.999
448.32	4.930
448.67	4.888
449.02	4.846
449.37	4.814
449.71	4.799
450.06	4.752
450.41	4.741
450.75	4.756
451.10	4.776
451.45	4.796
451.79	4.789
452.14	4.792
452.49	4.773
452.84	4.760
453.18	4.742
453.53	4.747
453.88	4.752
454.22	4.809
454.57	4.850
454.92	4.907
455.26	4.961
455.61	5.049
455.95	5.091
456.30	5.141
456.65	5.183
456.99	5.255
457.34	5.317
457.69	5.363
458.03	5.355
458.38	5.348
458.73	5.342
459.07	5.318
459.42	5.269
459.76	5.238
460.11	5.204
460.46	5.169
460.80	5.125
461.15	5.059
461.49	5.031
461.84	5.026
462.19	5.023
462.53	5.024
462.88	5.015
463.22	5.054
463.57	5.091
463.91	5.127
464.26	5.173
464.61	5.166
464.95	5.196
465.30	5.219
465.64	5.231
465.99	5.247
466.33	5.268
466.68	5.283
467.02	5.273
467.37	5.281
467.71	5.286
468.06	5.268
468.41	5.265
468.75	5.235
469.10	5.224
469.44	5.183
469.79	5.164
470.13	5.166
470.48	5.143
470.82	5.113
471.17	5.092
471.51	5.074
471.86	5.058
472.20	5.065
472.55	5.068
472.89	5.059
473.23	5.062
473.58	5.062
473.92	5.032
474.27	5.058
474.61	5.073
474.96	5.075
475.30	5.059
475.65	5.055
475.99	5.064
476.34	5.081
476.68	5.071
477.02	5.100
477.37	5.127
477.71	5.168
478.06	5.253
478.40	5.400
478.75	5.603
479.09	5.829
479.43	6.034
479.78	6.217
480.12	6.374
480.47	6.532
480.81	6.680
481.15	6.808
481.50	6.917
481.84	7.014
482.19	7.098
482.53	7.139
482.87	7.146
483.22	7.151
483.56	7.144
483.90	7.132
484.25	7.104
484.59	7.049
484.94	6.998
485.28	6.937
485.62	6.854
485.97	6.768
486.31	6.713
486.65	6.681
487.00	6.643
487.34	6.611
487.68	6.583
488.03	6.555
488.37	6.536
488.71	6.516
489.06	6.517
489.40	6.517
489.74	6.501
490.09	6.483
490.43	6.437
490.77	6.392
491.11	6.337
491.46	6.271
491.80	6.225
492.14	6.177
492.49	6.109
492.83	6.038
493.17	5.958
493.51	5.897
493.86	5.811
494.20	5.805
494.54	5.816
494.88	5.840
495.23	5.875
495.57	5.891
495.91	5.895
496.25	5.925
496.60	5.938
496.94	5.964
497.28	5.973
497.62	5.985
497.97	5.961
498.31	5.962
498.65	5.982
498.99	6.006
499.33	6.022
499.68	6.070
500.02	6.085
500.36	6.126
500.70	6.160
501.04	6.203
501.39	6.252
501.73	6.305
502.07	6.341
502.41	6.382
502.75	6.411
503.09	6.448
503.44	6.493
503.78	6.530
504.12	6.565
504.46	6.624
504.80	6.678
505.14	6.760
505.49	6.812
505.83	6.860
506.17	6.918
506.51	6.961
506.85	6.991
507.19	7.033
507.53	7.076
507.87	7.119
508.22	7.137
508.56	7.154
508.90	7.139
509.24	7.153
509.58	7.166
509.92	7.145
510.26	7.156
510.60	7.179
510.94	7.193
511.28	7.203
511.63	7.235
511.97	7.256
512.31	7.287
512.65	7.352
512.99	7.405
513.33	7.485
513.67	7.572
514.01	7.653
514.35	7.764
514.69	7.856
515.03	7.958
515.37	8.040
515.71	8.126
516.05	8.194
516.39	8.239
516.73	8.281
517.07	8.289
517.41	8.298
517.75	8.288
518.09	8.233
518.43	8.177
518.77	8.118
519.11	8.028
519.45	7.936
519.79	7.873
520.13	7.826
520.47	7.793
520.81	7.777
521.15	7.780
521.49	7.825
521.83	7.902
522.17	7.977
522.51	8.078
522.85	8.222
523.19	8.443
523.53	8.682
523.87	8.944
524.21	9.187
524.55	9.401
524.89	9.595
525.23	9.765
525.57	9.908
525.91	10.047
526.25	10.155
526.58	10.247
526.92	10.307
527.26	10.327
527.60	10.315
527.94	10.282
528.28	10.226
528.62	10.176
528.96	10.095
529.30	10.030
529.64	9.933
529.97	9.864
530.31	9.783
530.65	9.694
530.99	9.625
531.33	9.593
531.67	9.569
532.01	9.570
532.35	9.535
532.68	9.506
533.02	9.462
533.36	9.435
533.70	9.383
534.04	9.321
534.38	9.242
534.71	9.185
535.05	9.085
535.39	9.012
535.73	8.971
536.07	8.984
536.41	9.045
536.74	9.146
537.08	9.251
537.42	9.370
537.76	9.513
538.10	9.659
538.43	9.791
538.77	9.910
539.11	10.025
539.45	10.107
539.79	10.166
540.12	10.212
540.46	10.197
540.80	10.177
541.14	10.118
541.47	10.073
541.81	10.009
542.15	9.936
542.49	9.850
542.82	9.736
543.16	9.618
543.50	9.489
543.84	9.363
544.17	9.282
544.51	9.215
544.85	9.183
545.18	9.086
545.52	9.010
545.86	8.905
546.20	8.807
546.53	8.719
546.87	8.637
547.21	8.553
547.54	8.454
547.88	8.374
548.22	8.303
548.55	8.216
548.89	8.197
549.23	8.206
549.56	8.211
549.90	8.228
550.24	8.242
550.57	8.256
550.91	8.275
551.25	8.306
551.58	8.310
551.92	8.305
552.26	8.292
552.59	8.286
552.93	8.259
553.27	8.248
553.60	8.219
553.94	8.206
554.27	8.183
554.61	8.159
554.95	8.149
555.28	8.148
555.62	8.162
555.95	8.235
556.29	8.244
556.63	8.220
556.96	8.194
557.30	8.240
557.63	8.250
557.97	8.295
558.31	8.323
558.64	8.326
558.98	8.343
559.31	8.367
559.65	8.332
559.98	8.347
560.32	8.411
560.65	8.486
560.99	8.546
561.33	8.623
561.66	8.696
562.00	8.780
562.33	8.867
562.67	8.939
563.00	9.028
563.34	9.108
563.67	9.194
564.01	9.269
564.34	9.301
564.68	9.360
565.01	9.405
565.35	9.442
565.68	9.455
566.02	9.482
566.35	9.530
566.69	9.537
567.02	9.589
567.36	9.594
567.69	9.601
568.03	9.645
568.36	9.660
568.69	9.705
569.03	9.714
569.36	9.772
569.70	9.796
570.03	9.830
570.37	9.868
570.70	9.881
571.04	9.906
571.37	9.945
571.70	9.972
572.04	9.950
572.37	9.929
572.71	9.918
573.04	9.915
573.37	9.912
573.71	9.869
574.04	9.835
574.38	9.786
574.71	9.760
575.04	9.704
575.38	9.632
575.71	9.606
576.05	9.568
576.38	9.555
576.71	9.489
577.05	9.433
577.38	9.392
577.71	9.368
578.05	9.343
578.38	9.313
578.71	9.295
579.05	9.293
579.38	9.273
579.71	9.249
580.05	9.227
580.38	9.199
580.71	9.218
581.05	9.229
581.38	9.212
581.71	9.199
582.05	9.232
582.38	9.240
582.71	9.241
583.04	9.270
583.38	9.295
583.71	9.323
584.04	9.367
584.38	9.401
584.71	9.468
585.04	9.537
585.37	9.648
585.71	9.717
586.04	9.808
586.37	9.938
586.70	10.032
587.04	10.078
587.37	10.117
587.70	10.219
588.03	10.228
588.37	10.224
588.70	10.249
589.03	10.207
589.36	10.156
589.69	10.113
590.03	10.080
590.36	10.019
590.69	9.979
591.02	9.970
591.35	9.926
591.69	9.930
592.02	9.959
592.35	9.972
592.68	10.035
593.01	10.054
593.35	10.072
593.68	10.049
594.01	10.077
594.34	10.113
594.67	10.089
595.00	10.061
595.34	10.051
595.67	10.025
596.00	9.972
596.33	9.868
596.66	9.786
596.99	9.708
597.32	9.607
597.65	9.537
597.99	9.430
598.32	9.383
598.65	9.338
598.98	9.317
599.31	9.283
599.64	9.267
599.97	9.273
600.30	9.340
600.63	9.356
600.96	9.457
601.30	9.465
601.63	9.535
601.96	9.593
602.29	9.586
602.62	9.575
602.95	9.537
603.28	9.542
603.61	9.545
603.94	9.511
604.27	9.543
604.60	9.476
604.93	9.455
605.26	9.404
605.59	9.329
605.92	9.292
606.25	9.284
606.58	9.282
606.91	9.260
607.24	9.276
607.57	9.254
607.90	9.197
608.23	9.174
608.56	9.135
608.89	9.072
609.22	9.034
609.55	8.991
609.88	8.940
610.21	8.903
610.54	8.801
610.87	8.731
611.20	8.669
611.53	8.583
611.86	8.552
612.19	8.513
612.52	8.521
612.85	8.476
613.18	8.468
613.51	8.432
613.84	8.371
614.17	8.402
614.49	8.333
614.82	8.310
615.15	8.269
615.48	8.251
615.81	8.232
616.14	8.192
616.47	8.211
616.80	8.211
617.13	8.198
617.46	8.185
617.78	8.101
618.11	8.124
618.44	8.095
618.77	8.089
619.10	8.069
619.43	8.071
619.76	8.103
620.09	8.045
620.41	8.021
620.74	8.003
621.07	8.059
621.40	8.081
621.73	8.058
622.06	8.124
622.38	8.158
622.71	8.162
623.04	8.175
623.37	8.170
623.70	8.212
624.02	8.257
624.35	8.307
624.68	8.300
625.01	8.336
625.34	8.401
625.66	8.399
625.99	8.404
626.32	8.419
626.65	8.381
626.98	8.354
627.30	8.322
627.63	8.267
627.96	8.216
628.29	8.173
628.61	8.124
628.94	8.079
629.27	8.006
629.60	7.965
629.92	7.894
630.25	7.877
630.58	7.898
630.91	7.904
631.23	7.895
631.56	7.889
631.89	7.855
632.21	7.829
632.54	7.773
632.87	7.730
633.19	7.721
633.52	7.698
633.85	7.680
634.18	7.608
634.50	7.534
634.83	7.530
635.16	7.466
635.48	7.394
635.81	7.402
636.14	7.329
636.46	7.310
636.79	7.253
637.11	7.237
637.44	7.197
637.77	7.156
638.09	7.146
638.42	7.100
638.75	7.072
639.07	7.071
639.40	7.010
639.73	6.980
640.05	6.978
640.38	6.981
640.70	6.976
641.03	6.967
641.36	6.997
641.68	7.009
642.01	7.031
642.33	7.063
642.66	7.128
642.98	7.158
643.31	7.264
643.64	7.308
643.96	7.355
644.29	7.369
644.61	7.445
644.94	7.514
645.26	7.568
645.59	7.568
645.91	7.580
646.24	7.576
646.56	7.596
646.89	7.564
647.22	7.540
647.54	7.555
647.87	7.554
648.19	7.543
648.52	7.445
648.84	7.448
649.17	7.412
649.49	7.406
649.82	7.411
650.14	7.376
650.47	7.412
650.79	7.408
651.11	7.388
651.44	7.417
651.76	7.437
652.09	7.483
652.41	7.494
652.74	7.527
653.06	7.516
653.39	7.499
653.71	7.520
654.04	7.518
654.36	7.557
654.68	7.515
655.01	7.475
655.33	7.403
655.66	7.354
655.98	7.327
656.30	7.316
656.63	7.329
656.95	7.346
657.28	7.326
657.60	7.267
657.92	7.211
658.25	7.184
658.57	7.162
658.90	7.094
659.22	7.055
659.54	6.959
659.87	6.877
660.19	6.796
660.51	6.699
660.84	6.670
661.16	6.624
661.48	6.595
661.81	6.542
662.13	6.502
662.45	6.516
662.78	6.503
663.10	6.530
663.42	6.526
663.75	6.487
664.07	6.495
664.39	6.441
664.72	6.439
665.04	6.472
665.36	6.525
665.69	6.496
666.01	6.473
666.33	6.498
666.65	6.519
666.98	6.526
667.30	6.547
667.62	6.568
667.94	6.574
668.27	6.495
668.59	6.453
668.91	6.445
669.23	6.468
669.56	6.485
669.88	6.467
670.20	6.402
670.52	6.364
670.85	6.347
671.17	6.269
671.49	6.239
671.81	6.305
672.13	6.210
672.46	6.210
672.78	6.194
673.10	6.212
673.42	6.238
673.74	6.243
674.07	6.245
674.39	6.276
674.71	6.420
675.03	6.495
675.35	6.547
675.67	6.710
676.00	6.756
676.32	6.731
676.64	6.727
676.96	6.752
677.28	6.819
677.60	6.909
677.92	6.925
678.25	6.926
678.57	6.904
678.89	6.887
679.21	6.823
679.53	6.742
679.85	6.781
680.17	6.804
680.49	6.818
680.81	6.789
681.13	6.728
681.46	6.732
681.78	6.709
682.10	6.749
682.42	6.757
682.74	6.769
683.06	6.879
683.38	6.989
683.70	7.027
684.02	7.073
684.34	7.180
684.66	7.308
684.98	7.383
685.30	7.421
685.62	7.441
685.94	7.445
686.26	7.437
686.58	7.384
686.90	7.297
687.22	7.291
687.54	7.200
687.86	7.135
688.18	6.995
688.50	6.907
688.82	6.875
689.14	6.821
689.46	6.823
689.78	6.830
690.10	6.805
690.42	6.758
690.74	6.634
691.06	6.571
691.38	6.433
691.70	6.415
692.02	6.350
692.34	6.241
692.66	6.184
692.98	6.099
693.30	6.038
693.62	6.016
693.94	5.962
694.26	6.017
694.57	6.136
694.89	6.184
695.21	6.228
695.53	6.259
695.85	6.277
696.17	6.341
696.49	6.413
696.81	6.445
697.13	6.429
697.44	6.452
697.76	6.420
698.08	6.301
698.40	6.181
698.72	5.962
699.04	5.772
699.36	5.588
699.67	5.293
699.99	4.950
700.31	4.630
700.63	4.230
700.95	3.905
701.27	3.580
701.58	3.298
701.90	3.115
702.22	3.045
702.54	2.950
702.86	2.674
703.17	2.545
703.49	2.458
703.81	2.297
704.13	2.282
704.45	2.115
704.76	1.999
705.08	1.939
705.40	1.882
705.72	1.778
706.03	1.630
706.35	1.644
706.67	1.512
706.99	1.430
707.30	1.437
707.62	1.383
707.94	1.305
708.26	1.190
708.57	1.157
708.89	1.006
709.21	0.888
709.53	0.878
709.84	0.788
710.16	0.711
710.48	0.601
710.79	0.509
711.11	0.483
711.43	0.601
711.74	0.658
712.06	0.604
712.38	0.753
712.69	0.870
713.01	0.999
713.33	1.099
713.64	1.373
713.96	1.668
714.28	2.024
714.59	2.218
714.91	2.366
715.23	2.582
715.54	2.759
715.86	2.810
716.17	2.908
716.49	2.967
716.81	3.022
717.12	2.907
717.44	2.718
717.76	2.332
718.07	2.101
718.39	1.729
718.70	1.443
719.02	0.957
719.33	0.579
719.65	0.163
719.97	-0.330
720.28	-0.688
720.60	-0.901
720.91	-1.177
721.23	-1.235
721.54	-1.397
721.86	-1.327
722.17	-1.409
722.49	-1.244
722.81	-1.170
723.12	-1.064
723.44	-0.825
723.75	-0.779
724.07	-0.784
724.38	-0.699
724.70	-0.682
725.01	-0.597
725.33	-0.591
725.64	-0.620
725.96	-0.629
726.27	-0.699
726.59	-0.738
726.90	-1.003
727.22	-1.020
727.53	-1.248
727.84	-1.465
728.16	-1.739
728.47	-2.028
728.79	-2.322
729.10	-2.722
729.42	-3.151
729.73	-3.603
730.05	-4.261
730.36	-4.764
730.67	-5.402
730.99	-5.895
731.30	-6.592
731.62	-7.236
731.93	-7.952
732.24	-8.840
732.56	-9.523
732.87	-10.169
733.19	-10.892
733.50	-11.476
733.81	-11.973
734.13	-12.549
734.44	-13.114
734.76	-13.441
735.07	-14.158
735.38	-14.959
735.70	-15.310
736.01	-15.533
736.32	-16.322
736.64	-16.804
736.95	-17.119
737.26	-17.644
737.58	-18.072
737.89	-18.730
738.20	-19.404
738.52	-19.749
738.83	-20.038
739.14	-20.755
739.45	-21.889
739.77	-22.321
740.08	-23.228
740.39	-24.251
740.71	-25.050
741.02	-26.113
741.33	-27.222
741.64	-28.086
741.96	-29.152
742.27	-29.724
742.58	-30.546
742.90	-30.894
743.21	-31.604
743.52	-32.399
743.83	-32.747
744.14	-33.409
744.46	-33.785
744.77	-33.976
745.08	-34.311
745.39	-34.675
745.71	-35.233
746.02	-35.283
746.33	-35.539
746.64	-35.279
746.95	-34.747
747.27	-35.183
747.58	-35.159
747.89	-35.094
748.20	-35.266
748.51	-35.157
748.82	-34.975
749.14	-34.945
749.45	-35.091
749.76	-35.130
750.07	-35.363
750.38	-35.770
750.69	-35.645
751.01	-36.044
751.32	-36.474
751.63	-36.221
751.94	-36.557
752.25	-36.645
752.56	-36.498
752.87	-36.531
753.18	-36.659
753.49	-37.020
753.81	-36.584
754.12	-35.881
754.43	-34.952
754.74	-33.424
755.05	-31.515
755.36	-29.330
755.67	-27.200
755.98	-24.686
756.29	-22.150
756.60	-19.311
756.91	-16.310
757.22	-13.436
757.53	-10.780
757.84	-8.315
758.15	-6.131
758.46	-4.570
758.77	-2.747
759.09	-1.236
759.40	-0.078
759.71	0.805
760.02	1.460
760.33	1.914
760.64	2.127
760.95	2.062
761.26	2.002
761.57	1.747
761.88	1.540
762.18	1.000
762.49	0.474
762.80	-0.372
763.11	-1.191
763.42	-2.340
763.73	-3.670
764.04	-5.181
764.35	-6.914
764.66	-8.882
764.97	-11.057
765.28	-13.425
765.59	-16.410
765.90	-19.714
766.21	-22.918
766.52	-25.865
766.83	-29.078
767.14	-32.063
767.44	-34.985
767.75	-37.552
768.06	-40.139
768.37	-42.458
768.68	-44.665
768.99	-46.078
769.30	-47.850
769.61	-49.688
769.91	-51.608
770.22	-52.173
770.53	-53.510
770.84	-54.481
771.15	-55.846
771.46	-56.868
771.77	-57.757
772.07	-59.284
772.38	-60.411
772.69	-60.522
773.00	-60.761
773.31	-61.201
773.61	-62.214
773.92	-62.240
774.23	-62.778
774.54	-62.356
774.85	-62.127
775.15	-61.831
775.46	-60.953
775.77	-60.884
776.08	-61.665
776.39	-61.096
776.69	-60.872
777.00	-60.729
777.31	-60.763
777.62	-60.311
777.92	-60.137
778.23	-59.964
778.54	-60.069
778.85	-60.111
779.15	-60.430
779.46	-59.413
779.77	-60.142
780.07	-60.388
780.38	-60.719
780.69	-59.874
781.00	-60.764
781.30	-60.529
781.61	-60.559
781.92	-59.690
782.22	-59.521
782.53	-57.896
782.84	-57.302
783.14	-56.248
783.45	-54.345
783.76	-52.055
784.06	-50.893
784.37	-48.024
784.68	-46.138
784.98	-44.246
785.29	-41.936
785.60	-40.306
785.90	-38.431
786.21	-36.986
786.51	-35.425
786.82	-34.216
787.13	-33.207
787.43	-32.108
787.74	-31.460
788.04	-30.990
788.35	-30.522
788.66	-30.966
788.96	-30.774
789.27	-31.804
789.57	-31.932
789.88	-32.640
790.19	-33.542
790.49	-34.540
790.80	-35.823
791.10	-36.383
791.41	-36.386
791.71	-36.584
792.02	-36.736
792.32	-36.933
792.63	-36.432
792.93	-35.826
793.24	-34.569
793.54	-34.336
793.85	-32.977
794.15	-31.657
794.46	-30.930
794.76	-30.718
795.07	-30.076
795.37	-28.946
795.68	-28.450
795.98	-27.913
796.29	-27.761
796.59	-27.757
796.90	-27.296
797.20	-27.656
797.51	-27.358
797.81	-27.332
798.12	-27.356
798.42	-26.879
798.72	-26.885
799.03	-26.448
799.33	-26.135
799.64	-26.272
799.94	-26.724
800.25	-26.660
800.55	-25.999
800.85	-26.059
801.16	-26.501
801.46	-26.419
801.77	-27.093
802.07	-27.773
802.37	-28.392
802.68	-29.050
802.98	-28.858
803.28	-28.989
803.59	-29.278
803.89	-30.137
804.20	-30.714
804.50	-30.250
804.80	-30.490
805.11	-30.248
805.41	-30.595
805.71	-30.180
806.02	-30.360
806.32	-30.298
806.62	-29.851
806.93	-29.471
807.23	-28.893
807.53	-27.792
807.83	-28.137
808.14	-27.591
808.44	-27.849
808.74	-26.940
809.05	-26.642
809.35	-25.523
809.65	-25.203
809.95	-23.779
810.26	-22.455
810.56	-21.621
810.86	-21.009
811.16	-18.957
811.47	-17.984
811.77	-16.473
812.07	-15.278
812.37	-13.411
812.68	-12.237
812.98	-11.239
813.28	-10.506
813.58	-10.322
813.88	-9.297
814.19	-8.308
814.49	-8.345
814.79	-7.025
815.09	-6.246
815.39	-5.634
815.70	-4.948
816.00	-4.745
816.30	-4.354
816.60	-3.507
816.90	-2.321
817.20	-1.752
817.50	-0.343
817.81	1.499
818.11	2.741
818.41	3.989
818.71	5.212
819.01	5.846
819.31	6.625
819.61	7.280
819.92	7.617
820.22	7.924
820.52	8.261
820.82	8.451
821.12	8.582
821.42	8.671
821.72	8.751
822.02	8.722
822.32	8.708
822.62	8.654
822.92	8.548
823.22	8.482
823.52	8.349
823.83	8.177
824.13	7.979
824.43	7.741
824.73	7.588
825.03	7.325
825.33	7.113
825.63	7.010
825.93	6.881
826.23	6.771
826.53	6.538
826.83	6.488
827.13	6.321
827.43	6.040
827.73	5.933
828.03	5.655
828.33	5.224
828.63	4.696
828.93	4.014
829.23	3.332
829.53	2.527
829.83	1.740
830.13	0.962
830.42	0.538
830.72	0.437
831.02	0.318
831.32	0.162
831.62	0.393
831.92	0.792
832.22	0.989
832.52	1.303
832.82	1.530
833.12	1.875
833.42	1.772
833.72	1.495
834.01	1.294
834.31	1.048
834.61	0.487
834.91	-0.132
835.21	-0.822
835.51	-1.450
835.81	-2.289
836.11	-3.454
836.40	-4.957
836.70	-6.073
837.00	-7.035
837.30	-8.632
837.60	-10.300
837.90	-11.062
838.19	-11.528
838.49	-12.468
838.79	-13.102
839.09	-13.606
839.39	-13.791
839.68	-14.209
839.98	-14.579
840.28	-14.691
840.58	-14.617
840.88	-15.596
841.17	-17.100
841.47	-18.677
841.77	-20.639
842.07	-22.993
842.36	-26.059
842.66	-28.767
842.96	-30.462
843.26	-33.216
843.55	-39.566
843.85	-45.297
844.15	-48.776
844.45	-50.312
844.74	-53.115
845.04	-55.293
845.34	-56.235
845.63	-59.054
845.93	-59.895
846.23	-62.627
846.53	-65.221
846.82	-62.980
847.12	-66.309
847.42	-65.842
847.71	-66.333
848.01	-69.153
848.31	-66.779
848.60	-69.366
848.90	-65.255
849.19	-68.182
849.49	-67.317
849.79	-66.681
850.08	-65.613
850.38	-59.129
850.68	-57.567
850.97	-54.709
851.27	-51.617
851.56	-52.644
851.86	-49.616
852.16	-52.340
852.45	-50.695
852.75	-54.749
853.04	-52.492
853.34	-53.091
853.64	-51.990
853.93	-53.109
854.23	-57.834
854.52	-58.804
854.82	-59.053
855.11	-60.142
855.41	-57.800
855.70	-58.539
856.00	-52.104
856.30	-55.897
856.59	-55.929
856.89	-61.226
857.18	-61.947
857.48	-57.505
857.77	-54.518
858.07	-55.799
858.36	-56.446
858.66	-56.925
858.95	-55.503
859.25	-57.250
859.54	-56.752
859.84	-57.295
860.13	-55.778
860.42	-49.385
860.72	-52.727
861.01	-56.123
861.31	-54.373
861.60	-55.023
861.90	-54.967
862.19	-57.160
862.49	-56.969
862.78	-51.726
863.07	-50.169
863.37	-49.377
863.66	-52.028
863.96	-49.421
864.25	-46.110
864.54	-46.241
864.84	-43.658
865.13	-42.987
865.43	-40.882
865.72	-32.906
866.01	-44.023
866.31	-38.984
866.60	-45.757
866.89	-44.264
