180.30	0.000
180.67	0.000
181.03	-54.527
181.40	123.073
181.77	130.151
182.14	-11.742
182.51	262.977
182.88	107.555
183.25	76.741
183.62	108.054
183.99	1.871
184.36	89.191
184.73	-209.406
185.10	2209.903
185.46	-163.741
185.83	98.128
186.20	21.331
186.57	455.656
186.94	129.492
187.31	-136.669
187.68	481.585
188.05	202.736
188.42	215.045
188.78	53.926
189.15	69.175
189.52	51.631
189.89	22.359
190.26	21.447
190.63	30.430
191.00	19.691
191.37	19.213
191.73	25.764
192.10	13.401
192.47	-11.599
192.84	-166.334
193.21	-360.577
193.58	-405.313
193.94	-269.197
194.31	-90.695
194.68	-50.804
195.05	-55.813
195.42	-86.188
195.79	-100.210
196.15	-77.889
196.52	-32.182
196.89	-33.105
197.26	-19.479
197.63	-14.521
198.00	11.061
198.36	-36.142
198.73	-15.608
199.10	30.968
199.47	50.244
199.84	59.227
200.20	71.528
200.57	34.943
200.94	55.621
201.31	48.497
201.68	30.158
202.04	30.805
202.41	23.321
202.78	17.492
203.15	9.336
203.51	2.639
203.88	-11.005
204.25	-25.147
204.62	-25.156
204.98	-32.788
205.35	-63.612
205.72	-87.249
206.09	-182.984
206.46	-109.232
206.82	-147.919
207.19	-122.644
207.56	-116.669
207.92	-131.733
208.29	-63.435
208.66	-36.930
209.03	-23.160
209.39	1.720
209.76	19.562
210.13	38.926
210.50	54.977
210.86	56.868
211.23	44.855
211.60	12.998
211.96	-12.634
212.33	-70.897
212.70	4078.563
213.07	422.502
213.43	367.994
213.80	1531.630
214.17	337.153
214.53	1885.850
214.90	-223.279
215.27	-86.134
215.63	-143.685
216.00	-69.708
216.37	-16.461
216.74	-6.102
217.10	-4.306
217.47	1.845
217.84	9.346
218.20	9.920
218.57	15.118
218.94	0.378
219.30	-12.336
219.67	-2.628
220.04	0.030
220.40	-6.254
220.77	0.036
221.13	0.888
221.50	3.215
221.87	-5.721
222.23	-2.049
222.60	-5.664
222.97	-3.812
223.33	-11.362
223.70	-11.770
224.07	-8.870
224.43	-9.011
224.80	-5.758
225.16	-7.005
225.53	-5.438
225.90	-2.455
226.26	-1.868
226.63	-1.285
226.99	0.713
227.36	2.381
227.73	3.482
228.09	3.464
228.46	5.795
228.82	3.736
229.19	5.083
229.56	2.738
229.92	3.024
230.29	2.463
230.65	2.091
231.02	-0.852
231.38	-1.696
231.75	-3.210
232.12	-3.205
232.48	-5.870
232.85	-3.289
233.21	-2.947
233.58	-0.960
233.94	-1.419
234.31	-0.952
234.68	-0.692
235.04	2.656
235.41	3.732
235.77	3.378
236.14	2.967
236.50	6.507
236.87	7.178
237.23	6.735
237.60	6.202
237.96	6.056
238.33	6.300
238.69	7.084
239.06	5.695
239.42	5.305
239.79	5.326
240.15	5.655
240.52	4.734
240.88	4.030
241.25	3.476
241.61	3.328
241.98	3.706
242.34	3.492
242.71	3.185
243.07	3.412
243.44	3.758
243.80	3.768
244.17	2.879
244.53	2.658
244.90	2.698
245.26	3.058
245.63	3.090
245.99	2.951
246.36	2.902
246.72	2.986
247.09	2.776
247.45	2.900
247.81	3.018
248.18	3.503
248.54	3.465
248.91	3.472
249.27	3.225
249.64	4.043
250.00	4.471
250.36	4.590
250.73	4.253
251.09	4.271
251.46	4.066
251.82	4.579
252.19	4.683
252.55	5.110
252.91	5.307
253.28	5.120
253.64	4.243
254.01	4.062
254.37	4.545
254.73	4.424
255.10	4.335
255.46	4.733
255.83	4.221
256.19	4.218
256.55	4.365
256.92	4.241
257.28	4.268
257.65	4.352
258.01	4.164
258.37	4.120
258.74	4.186
259.10	4.466
259.46	4.201
259.83	4.266
260.19	4.408
260.55	4.022
260.92	3.858
261.28	3.844
261.64	3.756
262.01	3.600
262.37	3.263
262.73	3.374
263.10	2.772
263.46	2.910
263.82	2.838
264.19	2.257
264.55	2.667
264.91	3.015
265.28	3.177
265.64	3.287
266.00	3.554
266.37	4.129
266.73	4.311
267.09	4.495
267.46	3.942
267.82	3.920
268.18	4.410
268.54	4.444
268.91	4.480
269.27	4.249
269.63	4.087
270.00	3.771
270.36	3.514
270.72	3.398
271.08	3.431
271.45	3.717
271.81	3.785
272.17	3.663
272.53	3.680
272.90	3.636
273.26	3.866
273.62	3.967
273.98	4.371
274.35	4.112
274.71	3.998
275.07	4.119
275.43	4.240
275.80	4.273
276.16	4.557
276.52	4.459
276.88	4.481
277.25	4.021
277.61	4.185
277.97	3.872
278.33	3.936
278.69	3.985
279.06	3.931
279.42	3.928
279.78	3.858
280.14	3.578
280.50	3.640
280.87	3.598
281.23	3.884
281.59	3.801
281.95	3.965
282.31	4.071
282.68	4.198
283.04	3.940
283.40	3.789
283.76	3.801
284.12	3.829
284.48	3.705
284.85	3.691
285.21	3.686
285.57	3.626
285.93	3.685
286.29	3.609
286.65	3.454
287.02	3.695
287.38	3.878
287.74	3.807
288.10	3.786
288.46	3.742
288.82	3.699
289.18	3.421
289.54	3.210
289.91	3.086
290.27	3.254
290.63	3.287
290.99	3.138
291.35	3.043
291.71	2.878
292.07	2.855
292.43	3.019
292.79	3.102
293.16	3.360
293.52	3.820
293.88	3.904
294.24	3.702
294.60	3.809
294.96	3.869
295.32	3.857
295.68	3.965
296.04	3.943
296.40	3.828
296.76	3.693
297.12	3.778
297.49	3.575
297.85	3.666
298.21	3.771
298.57	3.717
298.93	3.728
299.29	3.716
299.65	3.905
300.01	3.858
300.37	4.013
300.73	4.108
301.09	4.010
301.45	3.994
301.81	3.888
302.17	3.885
302.53	3.655
302.89	3.664
303.25	3.735
303.61	3.618
303.97	3.800
304.33	3.907
304.69	4.188
305.05	4.409
305.41	4.469
305.77	4.420
306.13	4.582
306.49	4.876
306.85	4.978
307.21	4.960
307.57	4.930
307.93	4.867
308.29	4.748
308.65	4.503
309.01	4.297
309.37	4.271
309.73	4.445
310.09	4.437
310.45	4.494
310.81	4.448
311.17	4.498
311.53	4.615
311.89	4.703
312.25	4.781
312.61	4.945
312.96	5.109
313.32	5.154
313.68	4.960
314.04	5.060
314.40	4.916
314.76	5.020
315.12	5.018
315.48	4.991
315.84	4.690
316.20	4.581
316.56	4.578
316.92	4.501
317.27	4.535
317.63	4.562
317.99	4.371
318.35	4.549
318.71	4.632
319.07	4.635
319.43	4.566
319.79	4.792
320.15	4.932
320.50	5.007
320.86	5.078
321.22	5.193
321.58	5.224
321.94	5.225
322.30	5.374
322.66	5.332
323.01	5.348
323.37	5.570
323.73	5.517
324.09	5.610
324.45	5.540
324.81	5.598
325.17	5.530
325.52	5.575
325.88	5.563
326.24	5.283
326.60	5.378
326.96	5.491
327.31	5.333
327.67	5.447
328.03	5.373
328.39	5.284
328.75	5.297
329.11	5.442
329.46	5.444
329.82	5.567
330.18	5.726
330.54	5.667
330.90	5.618
331.25	5.648
331.61	5.573
331.97	5.670
332.33	5.805
332.68	5.924
333.04	5.775
333.40	5.841
333.76	5.859
334.11	5.831
334.47	5.882
334.83	5.825
335.19	5.770
335.54	5.765
335.90	5.622
336.26	5.589
336.62	5.474
336.97	5.479
337.33	5.521
337.69	5.538
338.05	5.631
338.40	5.641
338.76	5.686
339.12	5.620
339.48	5.630
339.83	5.720
340.19	5.849
340.55	5.868
340.90	5.963
341.26	5.917
341.62	5.814
341.97	5.745
342.33	5.682
342.69	5.773
343.04	5.884
343.40	5.970
343.76	5.955
344.12	5.821
344.47	5.839
344.83	5.888
345.19	5.893
345.54	5.967
345.90	5.856
346.26	5.803
346.61	5.651
346.97	5.765
347.32	5.798
347.68	5.841
348.04	5.868
348.39	5.808
348.75	5.718
349.11	5.696
349.46	5.718
349.82	5.767
350.18	5.821
350.53	5.972
350.89	5.880
351.24	5.868
351.60	5.811
351.96	5.892
352.31	5.946
352.67	5.941
353.02	5.985
353.38	6.003
353.74	6.062
354.09	6.107
354.45	6.030
354.80	6.031
355.16	5.987
355.52	6.005
355.87	5.930
356.23	5.915
356.58	5.956
356.94	5.950
357.29	5.941
357.65	5.908
358.00	5.829
358.36	5.845
358.72	5.744
359.07	5.714
359.43	5.696
359.78	5.761
360.14	5.783
360.49	5.819
360.85	5.747
361.20	5.660
361.56	5.673
361.91	5.718
362.27	5.751
362.62	5.855
362.98	5.867
363.33	5.992
363.69	5.965
364.04	5.962
364.40	5.941
364.75	5.972
365.11	6.020
365.46	5.974
365.82	5.951
366.17	5.908
366.53	5.928
366.88	5.962
367.24	5.917
367.59	5.950
367.95	5.996
368.30	6.026
368.66	6.089
369.01	6.110
369.37	6.201
369.72	6.251
370.08	6.318
370.43	6.284
370.78	6.290
371.14	6.299
371.49	6.249
371.85	6.193
372.20	6.190
372.56	6.166
372.91	6.218
373.26	6.247
373.62	6.245
373.97	6.260
374.33	6.279
374.68	6.309
375.03	6.288
375.39	6.318
375.74	6.351
376.10	6.360
376.45	6.410
376.80	6.376
377.16	6.334
377.51	6.345
377.87	6.354
378.22	6.445
378.57	6.480
378.93	6.474
379.28	6.485
379.63	6.516
379.99	6.526
380.34	6.551
380.70	6.636
381.05	6.656
381.40	6.678
381.76	6.708
382.11	6.711
382.46	6.672
382.82	6.686
383.17	6.715
383.52	6.772
383.88	6.816
384.23	6.852
384.58	6.839
384.94	6.890
385.29	6.928
385.64	6.902
385.99	6.842
386.35	6.896
386.70	6.930
387.05	6.933
387.41	6.936
387.76	6.931
388.11	6.921
388.47	6.903
388.82	6.914
389.17	6.897
389.52	6.912
389.88	6.991
390.23	7.022
390.58	7.026
390.93	7.060
391.29	7.087
391.64	7.102
391.99	7.097
392.34	7.151
392.70	7.183
393.05	7.188
393.40	7.198
393.75	7.183
394.11	7.188
394.46	7.196
394.81	7.229
395.16	7.213
395.52	7.223
395.87	7.255
396.22	7.257
396.57	7.233
396.92	7.232
397.28	7.250
397.63	7.276
397.98	7.272
398.33	7.317
398.68	7.344
399.04	7.345
399.39	7.332
399.74	7.331
400.09	7.336
400.44	7.355
400.80	7.393
401.15	7.363
401.50	7.369
401.85	7.373
402.20	7.371
402.55	7.354
402.90	7.355
403.26	7.368
403.61	7.381
403.96	7.398
404.31	7.424
404.66	7.439
405.01	7.491
405.36	7.486
405.72	7.485
406.07	7.466
406.42	7.489
406.77	7.543
407.12	7.584
407.47	7.585
407.82	7.570
408.17	7.532
408.53	7.532
408.88	7.527
409.23	7.528
409.58	7.550
409.93	7.595
410.28	7.594
410.63	7.568
410.98	7.525
411.33	7.492
411.68	7.512
412.03	7.534
412.38	7.532
412.73	7.528
413.09	7.498
413.44	7.457
413.79	7.450
414.14	7.439
414.49	7.406
414.84	7.404
415.19	7.407
415.54	7.367
415.89	7.295
416.24	7.255
416.59	7.213
416.94	7.201
417.29	7.178
417.64	7.120
417.99	7.082
418.34	7.055
418.69	7.013
419.04	6.970
419.39	6.965
419.74	6.961
420.09	6.937
420.44	6.909
420.79	6.890
421.14	6.873
421.49	6.874
421.84	6.845
422.19	6.817
422.54	6.807
422.89	6.799
423.24	6.757
423.59	6.761
423.94	6.751
424.29	6.761
424.64	6.736
424.99	6.749
425.34	6.733
425.68	6.742
426.03	6.763
426.38	6.770
426.73	6.766
427.08	6.775
427.43	6.751
427.78	6.776
428.13	6.792
428.48	6.835
428.83	6.822
429.18	6.829
429.53	6.844
429.87	6.857
430.22	6.862
430.57	6.880
430.92	6.873
431.27	6.886
431.62	6.871
431.97	6.857
432.32	6.828
432.67	6.832
433.01	6.839
433.36	6.827
433.71	6.829
434.06	6.829
434.41	6.828
434.76	6.853
435.11	6.878
435.45	6.896
435.80	6.884
436.15	6.908
436.50	6.884
436.85	6.888
437.20	6.876
437.54	6.824
437.89	6.816
438.24	6.793
438.59	6.772
438.94	6.715
439.29	6.684
439.63	6.657
439.98	6.627
440.33	6.592
440.68	6.545
441.03	6.525
441.37	6.510
441.72	6.479
442.07	6.469
442.42	6.438
442.76	6.443
443.11	6.419
443.46	6.399
443.81	6.365
444.16	6.362
444.50	6.345
444.85	6.326
445.20	6.333
445.55	6.318
445.89	6.291
446.24	6.270
446.59	6.250
446.94	6.211
447.28	6.212
447.63	6.201
447.98	6.179
448.32	6.149
448.67	6.122
449.02	6.091
449.37	6.072
449.71	6.050
450.06	6.061
450.41	6.049
450.75	6.083
451.10	6.082
451.45	6.086
451.79	6.114
452.14	6.125
452.49	6.135
452.84	6.125
453.18	6.121
453.53	6.141
453.88	6.147
454.22	6.138
454.57	6.130
454.92	6.130
455.26	6.128
455.61	6.098
455.95	6.111
456.30	6.123
456.65	6.134
456.99	6.147
457.34	6.139
457.69	6.144
458.03	6.151
458.38	6.169
458.73	6.189
459.07	6.205
459.42	6.228
459.76	6.249
460.11	6.280
460.46	6.312
460.80	6.326
461.15	6.369
461.49	6.388
461.84	6.430
462.19	6.467
462.53	6.498
462.88	6.541
463.22	6.580
463.57	6.632
463.91	6.656
464.26	6.691
464.61	6.723
464.95	6.791
465.30	6.819
465.64	6.857
465.99	6.864
466.33	6.873
466.68	6.874
467.02	6.902
467.37	6.924
467.71	6.929
468.06	6.919
468.41	6.937
468.75	6.917
469.10	6.929
469.44	6.926
469.79	6.952
470.13	6.961
470.48	7.005
470.82	7.022
471.17	7.015
471.51	7.029
471.86	7.045
472.20	7.038
472.55	7.010
472.89	7.013
473.23	6.988
473.58	6.953
473.92	6.930
474.27	6.888
474.61	6.854
474.96	6.815
475.30	6.787
475.65	6.765
475.99	6.757
476.34	6.751
476.68	6.710
477.02	6.716
477.37	6.703
477.71	6.696
478.06	6.696
478.40	6.704
478.75	6.720
479.09	6.751
479.43	6.801
479.78	6.846
480.12	6.894
480.47	6.973
480.81	7.028
481.15	7.106
481.50	7.180
481.84	7.268
482.19	7.360
482.53	7.432
482.87	7.450
483.22	7.412
483.56	7.331
483.90	7.244
484.25	7.171
484.59	7.152
484.94	7.108
485.28	7.057
485.62	6.980
485.97	6.895
486.31	6.832
486.65	6.827
487.00	6.883
487.34	6.996
487.68	7.116
488.03	7.209
488.37	7.234
488.71	7.276
489.06	7.315
489.40	7.369
489.74	7.413
490.09	7.468
490.43	7.514
490.77	7.552
491.11	7.601
491.46	7.670
491.80	7.716
492.14	7.785
492.49	7.855
492.83	7.935
493.17	8.014
493.51	8.122
493.86	8.241
494.20	8.364
494.54	8.495
494.88	8.625
495.23	8.726
495.57	8.842
495.91	8.981
496.25	9.116
496.60	9.272
496.94	9.420
497.28	9.576
497.62	9.725
497.97	9.904
498.31	10.089
498.65	10.281
498.99	10.516
499.33	10.759
499.68	10.955
500.02	11.206
500.36	11.436
500.70	11.705
501.04	11.953
501.39	12.235
501.73	12.474
502.07	12.730
502.41	13.015
502.75	13.269
503.09	13.540
503.44	13.849
503.78	14.124
504.12	14.434
504.46	14.731
504.80	15.051
505.14	15.356
505.49	15.688
505.83	16.023
506.17	16.342
506.51	16.663
506.85	16.983
507.19	17.316
507.53	17.658
507.87	17.983
508.22	18.313
508.56	18.656
508.90	18.996
509.24	19.354
509.58	19.693
509.92	20.021
510.26	20.388
510.60	20.785
510.94	21.133
511.28	21.493
511.63	21.881
511.97	22.235
512.31	22.613
512.65	23.030
512.99	23.396
513.33	23.811
513.67	24.239
514.01	24.646
514.35	25.019
514.69	25.432
515.03	25.803
515.37	26.127
515.71	26.460
516.05	26.771
516.39	27.054
516.73	27.353
517.07	27.625
517.41	27.892
517.75	28.171
518.09	28.455
518.43	28.705
518.77	29.000
519.11	29.269
519.45	29.563
519.79	29.853
520.13	30.169
520.47	30.510
520.81	30.854
521.15	31.202
521.49	31.513
521.83	31.768
522.17	32.060
522.51	32.309
522.85	32.622
523.19	33.004
523.53	33.379
523.87	33.756
524.21	34.124
524.55	34.497
524.89	34.810
525.23	35.119
525.57	35.430
525.91	35.695
526.25	35.975
526.58	36.201
526.92	36.385
527.26	36.567
527.60	36.692
527.94	36.799
528.28	36.894
528.62	36.967
528.96	37.067
529.30	37.158
529.64	37.257
529.97	37.314
530.31	37.399
530.65	37.485
530.99	37.590
531.33	37.742
531.67	37.866
532.01	37.996
532.35	38.148
532.68	38.270
533.02	38.371
533.36	38.435
533.70	38.522
534.04	38.635
534.38	38.736
534.71	38.805
535.05	38.883
535.39	38.980
535.73	39.065
536.07	39.134
536.41	39.237
536.74	39.341
537.08	39.511
537.42	39.668
537.76	39.833
538.10	40.003
538.43	40.159
538.77	40.299
539.11	40.433
539.45	40.547
539.79	40.649
540.12	40.730
540.46	40.803
540.80	40.830
541.14	40.874
541.47	40.890
541.81	40.887
542.15	40.896
542.49	40.887
542.82	40.902
543.16	40.909
543.50	40.970
543.84	40.975
544.17	41.048
544.51	41.107
544.85	41.170
545.18	41.203
545.52	41.281
545.86	41.331
546.20	41.418
546.53	41.495
546.87	41.571
547.21	41.629
547.54	41.717
547.88	41.766
548.22	41.840
548.55	41.886
548.89	41.956
549.23	41.996
549.56	42.045
549.90	42.046
550.24	42.052
550.57	42.049
550.91	42.071
551.25	42.123
551.58	42.138
551.92	42.188
552.26	42.248
552.59	42.274
552.93	42.336
553.27	42.407
553.60	42.473
553.94	42.522
554.27	42.574
554.61	42.596
554.95	42.645
555.28	42.687
555.62	42.677
555.95	42.694
556.29	42.758
556.63	42.775
556.96	42.786
557.30	42.818
557.63	42.852
557.97	42.844
558.31	42.844
558.64	42.839
558.98	42.838
559.31	42.900
559.65	42.860
559.98	42.822
560.32	42.800
560.65	42.784
560.99	42.735
561.33	42.678
561.66	42.655
562.00	42.641
562.33	42.605
562.67	42.597
563.00	42.540
563.34	42.543
563.67	42.544
564.01	42.532
564.34	42.509
564.68	42.514
565.01	42.536
565.35	42.560
565.68	42.558
566.02	42.514
566.35	42.505
566.69	42.484
567.02	42.450
567.36	42.436
567.69	42.364
568.03	42.337
568.36	42.277
568.69	42.296
569.03	42.280
569.36	42.262
569.70	42.284
570.03	42.251
570.37	42.245
570.70	42.244
571.04	42.193
571.37	42.231
571.70	42.249
572.04	42.240
572.37	42.199
572.71	42.183
573.04	42.195
573.37	42.167
573.71	42.163
574.04	42.141
574.38	42.175
574.71	42.223
575.04	42.256
575.38	42.236
575.71	42.286
576.05	42.307
576.38	42.339
576.71	42.315
577.05	42.365
577.38	42.385
577.71	42.435
578.05	42.416
578.38	42.402
578.71	42.344
579.05	42.344
579.38	42.320
579.71	42.293
580.05	42.289
580.38	42.268
580.71	42.182
581.05	42.130
581.38	42.103
581.71	42.082
582.05	42.053
582.38	41.988
582.71	41.949
583.04	41.941
583.38	41.881
583.71	41.805
584.04	41.798
584.38	41.810
584.71	41.768
585.04	41.710
585.37	41.644
585.71	41.572
586.04	41.549
586.37	41.498
586.70	41.376
587.04	41.314
587.37	41.275
587.70	41.160
588.03	41.072
588.37	41.017
588.70	40.948
589.03	40.892
589.36	40.863
589.69	40.844
590.03	40.797
590.36	40.790
590.69	40.713
591.02	40.623
591.35	40.579
591.69	40.529
592.02	40.456
592.35	40.355
592.68	40.241
593.01	40.110
593.35	40.000
593.68	39.871
594.01	39.760
594.34	39.716
594.67	39.639
595.00	39.545
595.34	39.466
595.67	39.353
596.00	39.303
596.33	39.288
596.66	39.308
596.99	39.271
597.32	39.268
597.65	39.242
597.99	39.185
598.32	39.132
598.65	39.104
598.98	39.040
599.31	39.018
599.64	38.936
599.97	38.798
600.30	38.681
600.63	38.588
600.96	38.506
601.30	38.436
601.63	38.346
601.96	38.271
602.29	38.210
602.62	38.144
602.95	38.093
603.28	38.079
603.61	38.006
603.94	37.918
604.27	37.854
604.60	37.761
604.93	37.685
605.26	37.621
605.59	37.549
605.92	37.478
606.25	37.401
606.58	37.299
606.91	37.176
607.24	37.130
607.57	37.096
607.90	37.045
608.23	37.010
608.56	36.917
608.89	36.874
609.22	36.816
609.55	36.738
609.88	36.715
610.21	36.704
610.54	36.671
610.87	36.679
611.20	36.613
611.53	36.554
611.86	36.549
612.19	36.526
612.52	36.439
612.85	36.398
613.18	36.340
613.51	36.210
613.84	36.105
614.17	36.049
614.49	35.913
614.82	35.823
615.15	35.759
615.48	35.619
615.81	35.577
616.14	35.498
616.47	35.407
616.80	35.373
617.13	35.368
617.46	35.315
617.78	35.173
618.11	35.150
618.44	35.084
618.77	34.993
619.10	34.921
619.43	34.875
619.76	34.786
620.09	34.693
620.41	34.625
620.74	34.545
621.07	34.475
621.40	34.504
621.73	34.385
622.06	34.357
622.38	34.305
622.71	34.218
623.04	34.079
623.37	34.059
623.70	34.029
624.02	33.930
624.35	33.854
624.68	33.816
625.01	33.675
625.34	33.633
625.66	33.537
625.99	33.492
626.32	33.457
626.65	33.486
626.98	33.389
627.30	33.339
627.63	33.314
627.96	33.235
628.29	33.170
628.61	33.163
628.94	33.095
629.27	33.017
629.60	32.917
629.92	32.875
630.25	32.740
630.58	32.662
630.91	32.568
631.23	32.459
631.56	32.406
631.89	32.296
632.21	32.229
632.54	32.152
632.87	32.115
633.19	32.040
633.52	31.929
633.85	31.877
634.18	31.808
634.50	31.746
634.83	31.711
635.16	31.650
635.48	31.594
635.81	31.510
636.14	31.472
636.46	31.433
636.79	31.372
637.11	31.321
637.44	31.234
637.77	31.191
638.09	31.144
638.42	31.053
638.75	31.019
639.07	31.000
639.40	30.953
639.73	30.927
640.05	30.812
640.38	30.753
640.70	30.682
641.03	30.659
641.36	30.647
641.68	30.569
642.01	30.610
642.33	30.543
642.66	30.448
642.98	30.413
643.31	30.309
643.64	30.302
643.96	30.276
644.29	30.243
644.61	30.154
644.94	30.118
645.26	30.096
645.59	29.972
645.91	29.914
646.24	29.859
646.56	29.759
646.89	29.735
647.22	29.651
647.54	29.544
647.87	29.508
648.19	29.469
648.52	29.425
648.84	29.375
649.17	29.307
649.49	29.237
649.82	29.225
650.14	29.185
650.47	29.119
650.79	29.096
651.11	29.044
651.44	28.966
651.76	28.943
652.09	28.876
652.41	28.861
652.74	28.821
653.06	28.724
653.39	28.644
653.71	28.586
654.04	28.565
654.36	28.424
654.68	28.413
655.01	28.362
655.33	28.318
655.66	28.259
655.98	28.175
656.30	28.128
656.63	28.119
656.95	28.062
657.28	28.036
657.60	27.951
657.92	27.909
658.25	27.850
658.57	27.809
658.90	27.716
659.22	27.675
659.54	27.546
659.87	27.469
660.19	27.347
660.51	27.325
660.84	27.197
661.16	27.131
661.48	27.160
661.81	27.072
662.13	27.000
662.45	26.949
662.78	26.838
663.10	26.835
663.42	26.826
663.75	26.874
664.07	26.824
664.39	26.873
664.72	26.860
665.04	26.822
665.36	26.829
665.69	26.841
666.01	26.811
666.33	26.787
666.65	26.781
666.98	26.746
667.30	26.692
667.62	26.658
667.94	26.600
668.27	26.476
668.59	26.374
668.91	26.369
669.23	26.326
669.56	26.286
669.88	26.214
670.20	26.129
670.52	26.124
670.85	26.127
671.17	26.032
671.49	25.922
671.81	25.925
672.13	25.884
672.46	25.810
672.78	25.753
673.10	25.728
673.42	25.734
673.74	25.719
674.07	25.657
674.39	25.540
674.71	25.447
675.03	25.452
675.35	25.427
675.67	25.405
676.00	25.374
676.32	25.264
676.64	25.200
676.96	25.220
677.28	25.211
677.60	25.112
677.92	25.076
678.25	25.103
678.57	25.130
678.89	25.125
679.21	25.163
679.53	25.096
679.85	25.141
680.17	25.184
680.49	25.094
680.81	25.075
681.13	25.078
681.46	25.006
681.78	25.030
682.10	24.980
682.42	24.954
682.74	24.866
683.06	24.956
683.38	24.907
683.70	24.819
684.02	24.796
684.34	24.776
684.66	24.786
684.98	24.895
685.30	24.944
685.62	25.005
685.94	25.007
686.26	24.991
686.58	24.899
686.90	24.845
687.22	24.889
687.54	24.879
687.86	24.874
688.18	24.912
688.50	24.827
688.82	24.710
689.14	24.546
689.46	24.449
689.78	24.423
690.10	24.376
690.42	24.381
690.74	24.233
691.06	24.203
691.38	24.131
691.70	24.023
692.02	23.877
692.34	23.808
692.66	23.716
692.98	23.601
693.30	23.536
693.62	23.459
693.94	23.426
694.26	23.386
694.57	23.428
694.89	23.372
695.21	23.356
695.53	23.456
695.85	23.400
696.17	23.428
696.49	23.504
696.81	23.536
697.13	23.574
697.44	23.564
697.76	23.610
698.08	23.503
698.40	23.479
698.72	23.389
699.04	23.262
699.36	23.209
699.67	23.131
699.99	22.996
700.31	22.864
700.63	22.726
700.95	22.556
701.27	22.361
701.58	22.271
701.90	22.176
702.22	22.099
702.54	22.123
702.86	22.122
703.17	22.031
703.49	21.976
703.81	21.886
704.13	21.796
704.45	21.754
704.76	21.782
705.08	21.703
705.40	21.728
705.72	21.787
706.03	21.745
706.35	21.798
706.67	21.844
706.99	21.857
707.30	21.899
707.62	22.025
707.94	22.082
708.26	22.074
708.57	22.074
708.89	22.067
709.21	22.006
709.53	22.027
709.84	21.969
710.16	21.949
710.48	21.951
710.79	21.899
711.11	21.743
711.43	21.713
711.74	21.713
712.06	21.730
712.38	21.742
712.69	21.719
713.01	21.718
713.33	21.695
713.64	21.733
713.96	21.763
714.28	21.869
714.59	21.972
714.91	22.087
715.23	22.127
715.54	22.102
715.86	22.155
716.17	22.221
716.49	22.089
716.81	22.064
717.12	22.080
717.44	22.100
717.76	22.030
718.07	21.899
718.39	21.696
718.70	21.619
719.02	21.563
719.33	21.310
719.65	21.210
719.97	21.246
720.28	21.206
720.60	21.103
720.91	20.928
721.23	20.831
721.54	20.846
721.86	20.924
722.17	20.969
722.49	21.098
722.81	21.231
723.12	21.231
723.44	21.390
723.75	21.324
724.07	21.280
724.38	21.373
724.70	21.346
725.01	21.356
725.33	21.420
725.64	21.252
725.96	21.147
726.27	21.144
726.59	21.163
726.90	20.951
727.22	21.095
727.53	21.064
727.84	20.966
728.16	20.954
728.47	20.971
728.79	20.831
729.10	20.843
729.42	20.900
729.73	20.846
730.05	20.654
730.36	20.627
730.67	20.480
730.99	20.495
731.30	20.373
731.62	20.424
731.93	20.321
732.24	20.144
732.56	20.146
732.87	19.957
733.19	19.860
733.50	19.890
733.81	19.796
734.13	19.740
734.44	19.621
734.76	19.744
735.07	19.497
735.38	19.487
735.70	19.441
736.01	19.391
736.32	19.356
736.64	19.268
736.95	19.161
737.26	19.169
737.58	19.026
737.89	19.027
738.20	18.936
738.52	18.840
738.83	18.661
739.14	18.717
739.45	18.657
739.77	18.476
740.08	18.312
740.39	18.254
740.71	18.111
741.02	17.975
741.33	17.730
741.64	17.424
741.96	17.376
742.27	17.431
742.58	17.304
742.90	17.118
743.21	17.064
743.52	17.118
743.83	16.951
744.14	16.935
744.46	16.875
744.77	16.970
745.08	17.176
745.39	17.200
745.71	17.150
746.02	17.070
746.33	17.125
746.64	17.197
746.95	17.086
747.27	17.165
747.58	17.175
747.89	17.409
748.20	17.254
748.51	17.036
748.82	17.018
749.14	17.038
749.45	17.065
749.76	16.975
750.07	17.139
750.38	17.090
750.69	17.202
751.01	17.151
751.32	16.922
751.63	16.876
751.94	17.114
752.25	17.090
752.56	16.886
752.87	16.833
753.18	16.654
753.49	16.353
753.81	16.383
754.12	16.278
754.43	16.405
754.74	16.401
755.05	16.702
755.36	16.574
755.67	16.757
755.98	17.169
756.29	17.488
756.60	17.844
756.91	18.271
757.22	18.658
757.53	18.945
757.84	19.145
758.15	19.467
758.46	19.619
758.77	20.012
759.09	20.152
759.40	20.223
759.71	20.354
760.02	20.472
760.33	20.425
760.64	20.381
760.95	20.517
761.26	20.426
761.57	20.297
761.88	20.178
762.18	20.056
762.49	20.069
762.80	19.934
763.11	19.786
763.42	19.654
763.73	19.504
764.04	19.367
764.35	19.054
764.66	18.883
764.97	18.807
765.28	18.575
765.59	18.317
765.90	17.938
766.21	17.730
766.52	17.329
766.83	17.036
767.14	16.739
767.44	16.527
767.75	16.295
768.06	16.074
768.37	15.839
768.68	15.643
768.99	15.606
769.30	15.315
769.61	14.918
769.91	14.664
770.22	14.541
770.53	14.664
770.84	14.183
771.15	14.266
771.46	14.222
771.77	14.021
772.07	13.982
772.38	13.879
772.69	13.852
773.00	13.777
773.31	14.079
773.61	13.997
773.92	14.075
774.23	14.337
774.54	14.071
774.85	14.112
775.15	14.101
775.46	14.095
775.77	13.939
776.08	14.197
776.39	14.389
776.69	14.265
777.00	14.231
777.31	13.782
777.62	13.662
777.92	13.961
778.23	13.858
778.54	14.008
778.85	14.154
779.15	14.255
779.46	14.121
779.77	14.160
780.07	14.290
780.38	14.409
780.69	14.615
781.00	14.666
781.30	14.225
781.61	13.914
781.92	13.735
782.22	13.510
782.53	13.186
782.84	13.069
783.14	12.948
783.45	12.885
783.76	13.161
784.06	13.476
784.37	13.616
784.68	13.843
784.98	14.331
785.29	14.552
785.60	14.642
785.90	15.070
786.21	15.138
786.51	15.460
786.82	15.376
787.13	15.142
787.43	14.789
787.74	14.948
788.04	15.192
788.35	15.106
788.66	15.082
788.96	15.078
789.27	14.805
789.57	14.853
789.88	14.670
790.19	14.779
790.49	14.938
790.80	15.016
791.10	14.958
791.41	14.591
791.71	14.604
792.02	14.687
792.32	14.961
792.63	15.049
792.93	14.923
793.24	14.843
793.54	14.994
793.85	14.835
794.15	15.092
794.46	15.093
794.76	15.176
795.07	14.965
795.37	14.827
795.68	14.805
795.98	14.979
796.29	15.165
796.59	15.227
796.90	15.265
797.20	15.238
797.51	15.153
797.81	15.094
798.12	15.200
798.42	15.499
798.72	15.646
799.03	15.464
799.33	15.351
799.64	15.391
799.94	15.329
800.25	15.095
800.55	15.214
800.85	14.960
801.16	14.942
801.46	15.086
801.77	15.028
802.07	15.274
802.37	15.263
802.68	15.369
802.98	15.667
803.28	15.789
803.59	15.963
803.89	15.851
804.20	16.231
804.50	16.205
804.80	15.970
805.11	15.706
805.41	15.347
805.71	15.533
806.02	15.088
806.32	14.347
806.62	13.917
806.93	13.954
807.23	14.026
807.53	14.084
807.83	14.446
808.14	14.672
808.44	14.984
808.74	15.292
809.05	15.072
809.35	15.413
809.65	15.831
809.95	16.342
810.26	16.270
810.56	16.532
810.86	16.443
811.16	16.017
811.47	16.187
811.77	16.482
812.07	16.550
812.37	16.993
812.68	17.274
812.98	17.522
813.28	17.493
813.58	17.931
813.88	17.700
814.19	18.075
814.49	18.517
814.79	18.540
815.09	18.359
815.39	18.337
815.70	18.418
816.00	18.325
816.30	18.517
816.60	18.493
816.90	18.337
817.20	18.832
817.50	18.412
817.81	18.572
818.11	18.586
818.41	18.868
818.71	19.119
819.01	19.171
819.31	19.313
819.61	19.428
819.92	19.586
820.22	19.728
820.52	19.707
820.82	19.926
821.12	19.986
821.42	20.004
821.72	20.034
822.02	20.053
822.32	20.088
822.62	20.067
822.92	20.031
823.22	19.956
823.52	19.950
823.83	20.001
824.13	19.859
824.43	19.780
824.73	19.863
825.03	19.830
825.33	19.788
825.63	19.665
825.93	19.643
826.23	19.595
826.53	19.672
826.83	19.577
827.13	19.378
827.43	19.420
827.73	19.365
828.03	19.297
828.33	19.368
828.63	19.120
828.93	19.219
829.23	19.191
829.53	19.190
829.83	19.176
830.13	18.883
830.42	18.967
830.72	18.714
831.02	18.702
831.32	18.356
831.62	17.947
831.92	18.049
832.22	18.191
832.52	18.159
832.82	18.344
833.12	18.238
833.42	18.320
833.72	18.147
834.01	18.089
834.31	18.078
834.61	18.339
834.91	18.127
835.21	17.835
835.51	17.396
835.81	17.002
836.11	16.551
836.40	16.586
836.70	16.297
837.00	16.160
837.30	16.388
837.60	16.121
837.90	15.633
838.19	16.064
838.49	16.686
838.79	17.107
839.09	17.483
839.39	17.566
839.68	17.001
839.98	16.891
840.28	17.449
840.58	17.422
840.88	17.572
841.17	17.476
841.47	17.996
841.77	17.637
842.07	17.555
842.36	17.452
842.66	17.026
842.96	16.559
843.26	16.664
843.55	15.824
843.85	14.950
844.15	13.471
844.45	13.135
844.74	11.901
845.04	12.621
845.34	12.164
845.63	11.668
845.93	11.524
846.23	13.190
846.53	13.740
846.82	13.322
847.12	13.611
847.42	13.830
847.71	14.979
848.01	14.331
848.31	14.096
848.60	14.397
848.90	14.615
849.19	15.078
849.49	13.371
849.79	12.149
850.08	12.710
850.38	12.683
850.68	13.651
850.97	12.943
851.27	13.458
851.56	12.559
851.86	10.415
852.16	11.332
852.45	11.561
852.75	12.801
853.04	12.696
853.34	13.150
853.64	12.562
853.93	12.258
854.23	12.250
854.52	12.603
854.82	11.797
855.11	13.911
855.41	11.940
855.70	11.268
856.00	9.654
856.30	9.600
856.59	7.688
856.89	7.848
857.18	8.390
857.48	8.202
857.77	8.486
858.07	9.509
858.36	9.085
858.66	11.649
858.95	11.609
859.25	12.400
859.54	12.818
859.84	13.075
860.13	13.315
860.42	14.067
860.72	15.026
861.01	13.994
861.31	14.400
861.60	15.225
861.90	14.182
862.19	14.057
862.49	14.442
862.78	15.418
863.07	15.182
863.37	16.662
863.66	16.140
863.96	14.508
864.25	14.820
864.54	14.343
864.84	13.800
865.13	14.582
865.43	14.628
865.72	9.746
866.01	13.228
866.31	17.894
866.60	18.789
866.89	12.174
