180.30	0.000
180.67	0.000
181.03	206.598
181.40	-191.365
181.77	15531.467
182.14	181.577
182.51	84.751
182.88	1496.769
183.25	-26.836
183.62	-10.363
183.99	27.348
184.36	243.907
184.73	71.796
185.10	122.449
185.46	-9.346
185.83	149.262
186.20	29.632
186.57	753.494
186.94	-31.222
187.31	218.415
187.68	-302.408
188.05	-52.542
188.42	-26.911
188.78	-23.152
189.15	-27.320
189.52	-14.649
189.89	-17.888
190.26	-25.123
190.63	-3.040
191.00	-1.536
191.37	12.405
191.73	20.283
192.10	13.709
192.47	6.878
192.84	14.882
193.21	14.764
193.58	12.968
193.94	16.523
194.31	15.705
194.68	9.372
195.05	10.345
195.42	-9.174
195.79	-4.567
196.15	4.574
196.52	2.762
196.89	-3.335
197.26	3.670
197.63	-2.076
198.00	-7.004
198.36	-5.675
198.73	-5.159
199.10	1.066
199.47	10.088
199.84	4.470
200.20	14.693
200.57	14.529
200.94	8.926
201.31	4.479
201.68	14.825
202.04	0.566
202.41	3.090
202.78	1.990
203.15	-7.441
203.51	-27.951
203.88	-27.316
204.25	-50.976
204.62	-39.354
204.98	-30.160
205.35	-21.562
205.72	-7.679
206.09	17.473
206.46	21.607
206.82	24.812
207.19	26.091
207.56	32.503
207.92	29.106
208.29	39.322
208.66	52.470
209.03	55.471
209.39	42.468
209.76	17.351
210.13	6.569
210.50	-2.309
210.86	6.334
211.23	19.407
211.60	18.572
211.96	21.607
212.33	14.293
212.70	18.836
213.07	4.055
213.43	5.997
213.80	15.148
214.17	5.093
214.53	6.354
214.90	-4.252
215.27	-13.367
215.63	-19.660
216.00	-22.407
216.37	-13.169
216.74	-27.885
217.10	-19.632
217.47	-12.435
217.84	-11.823
218.20	8.055
218.57	12.873
218.94	16.097
219.30	17.361
219.67	23.462
220.04	21.875
220.40	17.301
220.77	19.685
221.13	13.000
221.50	7.296
221.87	6.127
222.23	3.820
222.60	4.400
222.97	1.084
223.33	-4.681
223.70	-5.906
224.07	-0.513
224.43	3.964
224.80	6.357
225.16	7.639
225.53	10.351
225.90	7.449
226.26	5.260
226.63	2.815
226.99	5.786
227.36	6.258
227.73	5.504
228.09	1.604
228.46	1.092
228.82	1.298
229.19	1.596
229.56	-1.249
229.92	0.803
230.29	3.625
230.65	4.370
231.02	2.821
231.38	3.081
231.75	4.951
232.12	7.670
232.48	9.000
232.85	9.747
233.21	12.524
233.58	14.094
233.94	13.486
234.31	10.719
234.68	9.323
235.04	7.781
235.41	7.089
235.77	6.379
236.14	6.005
236.50	2.488
236.87	1.512
237.23	-0.894
237.60	-0.616
237.96	-1.320
238.33	0.385
238.69	2.167
239.06	3.119
239.42	3.230
239.79	2.846
240.15	2.850
240.52	3.396
240.88	3.260
241.25	3.631
241.61	3.416
241.98	4.668
242.34	4.500
242.71	4.758
243.07	4.598
243.44	4.846
243.80	5.057
244.17	5.236
244.53	5.447
244.90	5.212
245.26	5.366
245.63	5.449
245.99	5.212
246.36	5.316
246.72	4.859
247.09	4.959
247.45	4.885
247.81	4.663
248.18	4.486
248.54	4.239
248.91	4.377
249.27	4.665
249.64	4.619
250.00	4.307
250.36	4.420
250.73	4.841
251.09	4.863
251.46	5.173
251.82	5.898
252.19	6.402
252.55	6.623
252.91	6.838
253.28	5.819
253.64	5.848
254.01	6.030
254.37	5.591
254.73	5.645
255.10	5.827
255.46	5.370
255.83	4.811
256.19	4.508
256.55	4.520
256.92	4.428
257.28	4.608
257.65	4.433
258.01	4.433
258.37	4.319
258.74	4.181
259.10	3.974
259.46	4.202
259.83	4.279
260.19	4.190
260.55	4.065
260.92	3.964
261.28	3.913
261.64	4.051
262.01	3.904
262.37	3.827
262.73	3.376
263.10	3.474
263.46	3.383
263.82	3.269
264.19	3.143
264.55	3.398
264.91	3.768
265.28	3.868
265.64	3.781
266.00	3.586
266.37	3.904
266.73	4.415
267.09	4.412
267.46	4.326
267.82	4.381
268.18	4.528
268.54	4.223
268.91	4.210
269.27	3.963
269.63	3.891
270.00	4.117
270.36	3.809
270.72	3.438
271.08	3.162
271.45	3.026
271.81	3.315
272.17	3.566
272.53	3.510
272.90	3.258
273.26	3.180
273.62	3.229
273.98	3.112
274.35	3.126
274.71	3.694
275.07	3.940
275.43	4.327
275.80	4.150
276.16	4.145
276.52	4.079
276.88	4.176
277.25	4.367
277.61	4.425
277.97	4.312
278.33	4.162
278.69	3.781
279.06	3.837
279.42	3.458
279.78	3.370
280.14	3.260
280.50	3.551
280.87	3.714
281.23	3.811
281.59	3.723
281.95	3.910
282.31	4.294
282.68	4.529
283.04	4.546
283.40	4.607
283.76	4.587
284.12	4.527
284.48	4.491
284.85	4.261
285.21	4.037
285.57	4.223
285.93	4.204
286.29	4.042
286.65	3.850
287.02	3.761
287.38	3.694
287.74	3.809
288.10	3.756
288.46	3.608
288.82	3.583
289.18	3.759
289.54	3.660
289.91	3.722
290.27	3.640
290.63	3.600
290.99	3.482
291.35	3.589
291.71	3.677
292.07	3.740
292.43	3.977
292.79	4.129
293.16	4.123
293.52	3.967
293.88	3.999
294.24	4.105
294.60	4.009
294.96	4.159
295.32	4.218
295.68	4.070
296.04	4.086
296.40	4.040
296.76	3.981
297.12	4.006
297.49	4.066
297.85	4.156
298.21	4.204
298.57	4.409
298.93	4.346
299.29	4.192
299.65	4.109
300.01	4.070
300.37	3.985
300.73	4.256
301.09	4.296
301.45	4.369
301.81	4.214
302.17	4.153
302.53	4.170
302.89	4.199
303.25	4.249
303.61	4.415
303.97	4.426
304.33	4.465
304.69	4.286
305.05	4.215
305.41	4.210
305.77	4.145
306.13	4.025
306.49	3.988
306.85	4.014
307.21	4.221
307.57	4.066
307.93	4.147
308.29	4.129
308.65	4.076
309.01	4.061
309.37	4.110
309.73	4.205
310.09	4.279
310.45	4.337
310.81	4.388
311.17	4.163
311.53	4.156
311.89	4.162
312.25	4.113
312.61	4.136
312.96	4.215
313.32	4.165
313.68	4.038
314.04	4.013
314.40	3.937
314.76	3.897
315.12	4.048
315.48	4.317
315.84	4.211
316.20	4.364
316.56	4.488
316.92	4.439
317.27	4.392
317.63	4.460
317.99	4.565
318.35	4.517
318.71	4.473
319.07	4.500
319.43	4.433
319.79	4.472
320.15	4.284
320.50	4.065
320.86	4.069
321.22	4.094
321.58	4.099
321.94	3.985
322.30	4.022
322.66	4.181
323.01	4.149
323.37	4.079
323.73	4.103
324.09	4.261
324.45	4.513
324.81	4.556
325.17	4.669
325.52	4.744
325.88	4.768
326.24	4.801
326.60	4.803
326.96	4.947
327.31	4.999
327.67	5.035
328.03	5.048
328.39	4.937
328.75	5.000
329.11	5.007
329.46	5.041
329.82	5.150
330.18	5.276
330.54	5.329
330.90	5.314
331.25	5.361
331.61	5.320
331.97	5.299
332.33	5.341
332.68	5.234
333.04	5.173
333.40	5.242
333.76	5.256
334.11	5.109
334.47	4.969
334.83	4.854
335.19	4.933
335.54	5.046
335.90	5.088
336.26	5.089
336.62	5.207
336.97	5.197
337.33	5.099
337.69	5.082
338.05	5.156
338.40	5.203
338.76	5.350
339.12	5.250
339.48	5.328
339.83	5.325
340.19	5.309
340.55	5.182
340.90	5.212
341.26	5.191
341.62	5.217
341.97	5.315
342.33	5.442
342.69	5.395
343.04	5.396
343.40	5.304
343.76	5.326
344.12	5.342
344.47	5.517
344.83	5.499
345.19	5.506
345.54	5.525
345.90	5.579
346.26	5.457
346.61	5.468
346.97	5.447
347.32	5.477
347.68	5.463
348.04	5.478
348.39	5.413
348.75	5.509
349.11	5.527
349.46	5.466
349.82	5.315
350.18	5.368
350.53	5.250
350.89	5.318
351.24	5.302
351.60	5.299
351.96	5.274
352.31	5.277
352.67	5.241
353.02	5.219
353.38	5.192
353.74	5.188
354.09	5.159
354.45	5.335
354.80	5.318
355.16	5.299
355.52	5.355
355.87	5.389
356.23	5.379
356.58	5.449
356.94	5.457
357.29	5.517
357.65	5.533
358.00	5.557
358.36	5.479
358.72	5.500
359.07	5.532
359.43	5.516
359.78	5.550
360.14	5.535
360.49	5.470
360.85	5.453
361.20	5.478
361.56	5.554
361.91	5.512
362.27	5.502
362.62	5.476
362.98	5.444
363.33	5.474
363.69	5.392
364.04	5.385
364.40	5.392
364.75	5.413
365.11	5.437
365.46	5.401
365.82	5.480
366.17	5.507
366.53	5.580
366.88	5.611
367.24	5.646
367.59	5.746
367.95	5.823
368.30	5.836
368.66	5.915
369.01	5.940
369.37	5.999
369.72	5.992
370.08	6.080
370.43	6.056
370.78	6.025
371.14	5.952
371.49	5.954
371.85	5.965
372.20	6.015
372.56	6.045
372.91	6.008
373.26	5.988
373.62	5.986
373.97	5.970
374.33	6.031
374.68	6.076
375.03	6.147
375.39	6.141
375.74	6.153
376.10	6.124
376.45	6.146
376.80	6.233
377.16	6.259
377.51	6.268
377.87	6.228
378.22	6.223
378.57	6.317
378.93	6.332
379.28	6.418
379.63	6.455
379.99	6.520
380.34	6.540
380.70	6.547
381.05	6.636
381.40	6.683
381.76	6.745
382.11	6.813
382.46	6.807
382.82	6.859
383.17	6.904
383.52	6.916
383.88	6.932
384.23	6.976
384.58	6.982
384.94	6.978
385.29	7.006
385.64	7.086
385.99	7.100
386.35	7.159
386.70	7.165
387.05	7.101
387.41	7.146
387.76	7.187
388.11	7.154
388.47	7.248
388.82	7.285
389.17	7.325
389.52	7.328
389.88	7.320
390.23	7.322
390.58	7.358
390.93	7.443
391.29	7.461
391.64	7.477
391.99	7.492
392.34	7.444
392.70	7.436
393.05	7.451
393.40	7.469
393.75	7.483
394.11	7.475
394.46	7.470
394.81	7.436
395.16	7.394
395.52	7.414
395.87	7.409
396.22	7.406
396.57	7.391
396.92	7.386
397.28	7.395
397.63	7.390
397.98	7.407
398.33	7.435
398.68	7.485
399.04	7.539
399.39	7.539
399.74	7.589
400.09	7.629
400.44	7.667
400.80	7.656
401.15	7.653
401.50	7.663
401.85	7.719
402.20	7.712
402.55	7.705
402.90	7.709
403.26	7.741
403.61	7.735
403.96	7.725
404.31	7.718
404.66	7.764
405.01	7.761
405.36	7.812
405.72	7.767
406.07	7.783
406.42	7.779
406.77	7.771
407.12	7.761
407.47	7.785
407.82	7.802
408.17	7.807
408.53	7.803
408.88	7.825
409.23	7.803
409.58	7.814
409.93	7.816
410.28	7.843
410.63	7.879
410.98	7.897
411.33	7.869
411.68	7.868
412.03	7.882
412.38	7.879
412.73	7.839
413.09	7.831
413.44	7.815
413.79	7.825
414.14	7.813
414.49	7.783
414.84	7.736
415.19	7.750
415.54	7.735
415.89	7.690
416.24	7.675
416.59	7.670
416.94	7.662
417.29	7.637
417.64	7.595
417.99	7.581
418.34	7.579
418.69	7.572
419.04	7.551
419.39	7.549
419.74	7.538
420.09	7.530
420.44	7.524
420.79	7.499
421.14	7.480
421.49	7.470
421.84	7.464
422.19	7.440
422.54	7.448
422.89	7.435
423.24	7.407
423.59	7.404
423.94	7.397
424.29	7.372
424.64	7.358
424.99	7.376
425.34	7.401
425.68	7.387
426.03	7.387
426.38	7.361
426.73	7.345
427.08	7.343
427.43	7.337
427.78	7.308
428.13	7.325
428.48	7.344
428.83	7.343
429.18	7.316
429.53	7.303
429.87	7.326
430.22	7.305
430.57	7.327
430.92	7.320
431.27	7.323
431.62	7.326
431.97	7.316
432.32	7.332
432.67	7.327
433.01	7.334
433.36	7.338
433.71	7.321
434.06	7.342
434.41	7.332
434.76	7.351
435.11	7.350
435.45	7.342
435.80	7.344
436.15	7.308
436.50	7.314
436.85	7.307
437.20	7.305
437.54	7.303
437.89	7.283
438.24	7.297
438.59	7.287
438.94	7.293
439.29	7.308
439.63	7.291
439.98	7.303
440.33	7.278
440.68	7.267
441.03	7.246
441.37	7.204
441.72	7.196
442.07	7.150
442.42	7.122
442.76	7.078
443.11	7.044
443.46	7.035
443.81	7.010
444.16	6.990
444.50	6.958
444.85	6.949
445.20	6.945
445.55	6.919
445.89	6.889
446.24	6.845
446.59	6.827
446.94	6.800
447.28	6.770
447.63	6.739
447.98	6.714
448.32	6.714
448.67	6.665
449.02	6.627
449.37	6.609
449.71	6.594
450.06	6.590
450.41	6.575
450.75	6.556
451.10	6.537
451.45	6.518
451.79	6.499
452.14	6.476
452.49	6.482
452.84	6.482
453.18	6.465
453.53	6.459
453.88	6.477
454.22	6.467
454.57	6.490
454.92	6.501
455.26	6.510
455.61	6.533
455.95	6.556
456.30	6.581
456.65	6.609
456.99	6.632
457.34	6.660
457.69	6.692
458.03	6.720
458.38	6.725
458.73	6.749
459.07	6.782
459.42	6.800
459.76	6.815
460.11	6.820
460.46	6.818
460.80	6.856
461.15	6.881
461.49	6.879
461.84	6.905
462.19	6.960
462.53	6.996
462.88	6.989
463.22	7.017
463.57	7.047
463.91	7.096
464.26	7.153
464.61	7.181
464.95	7.214
465.30	7.255
465.64	7.300
465.99	7.314
466.33	7.323
466.68	7.391
467.02	7.425
467.37	7.456
467.71	7.481
468.06	7.505
468.41	7.522
468.75	7.550
469.10	7.566
469.44	7.583
469.79	7.597
470.13	7.640
470.48	7.620
470.82	7.625
471.17	7.632
471.51	7.624
471.86	7.612
472.20	7.628
472.55	7.640
472.89	7.646
473.23	7.630
473.58	7.630
473.92	7.602
474.27	7.620
474.61	7.625
474.96	7.614
475.30	7.599
475.65	7.596
475.99	7.572
476.34	7.571
476.68	7.569
477.02	7.562
477.37	7.554
477.71	7.550
478.06	7.540
478.40	7.554
478.75	7.590
479.09	7.676
479.43	7.742
479.78	7.832
480.12	7.922
480.47	8.035
480.81	8.168
481.15	8.298
481.50	8.444
481.84	8.611
482.19	8.783
482.53	8.934
482.87	9.008
483.22	9.014
483.56	8.953
483.90	8.834
484.25	8.687
484.59	8.542
484.94	8.432
485.28	8.324
485.62	8.186
485.97	8.036
486.31	7.902
486.65	7.836
487.00	7.851
487.34	7.926
487.68	8.044
488.03	8.177
488.37	8.294
488.71	8.354
489.06	8.396
489.40	8.438
489.74	8.469
490.09	8.517
490.43	8.545
490.77	8.578
491.11	8.612
491.46	8.668
491.80	8.734
492.14	8.791
492.49	8.866
492.83	8.939
493.17	9.016
493.51	9.122
493.86	9.238
494.20	9.355
494.54	9.474
494.88	9.607
495.23	9.723
495.57	9.845
495.91	9.992
496.25	10.132
496.60	10.271
496.94	10.439
497.28	10.603
497.62	10.773
497.97	10.956
498.31	11.154
498.65	11.328
498.99	11.545
499.33	11.748
499.68	11.984
500.02	12.211
500.36	12.452
500.70	12.688
501.04	12.938
501.39	13.163
501.73	13.445
502.07	13.711
502.41	13.998
502.75	14.254
503.09	14.552
503.44	14.831
503.78	15.131
504.12	15.438
504.46	15.763
504.80	16.072
505.14	16.397
505.49	16.686
505.83	17.000
506.17	17.330
506.51	17.651
506.85	17.968
507.19	18.296
507.53	18.646
507.87	18.990
508.22	19.318
508.56	19.662
508.90	20.032
509.24	20.390
509.58	20.775
509.92	21.130
510.26	21.496
510.60	21.877
510.94	22.235
511.28	22.606
511.63	22.988
511.97	23.361
512.31	23.759
512.65	24.128
512.99	24.540
513.33	24.940
513.67	25.361
514.01	25.814
514.35	26.227
514.69	26.642
515.03	27.007
515.37	27.360
515.71	27.717
516.05	28.028
516.39	28.346
516.73	28.658
517.07	28.955
517.41	29.223
517.75	29.493
518.09	29.766
518.43	30.028
518.77	30.312
519.11	30.600
519.45	30.876
519.79	31.185
520.13	31.529
520.47	31.843
520.81	32.182
521.15	32.531
521.49	32.873
521.83	33.170
522.17	33.497
522.51	33.818
522.85	34.168
523.19	34.571
523.53	35.015
523.87	35.478
524.21	35.933
524.55	36.355
524.89	36.740
525.23	37.095
525.57	37.447
525.91	37.748
526.25	38.030
526.58	38.261
526.92	38.455
527.26	38.593
527.60	38.695
527.94	38.774
528.28	38.838
528.62	38.905
528.96	38.950
529.30	38.992
529.64	39.022
529.97	39.049
530.31	39.105
530.65	39.180
530.99	39.290
531.33	39.382
531.67	39.516
532.01	39.631
532.35	39.738
532.68	39.809
533.02	39.885
533.36	39.992
533.70	40.070
534.04	40.144
534.38	40.222
534.71	40.319
535.05	40.407
535.39	40.466
535.73	40.548
536.07	40.624
536.41	40.802
536.74	40.952
537.08	41.072
537.42	41.240
537.76	41.411
538.10	41.537
538.43	41.659
538.77	41.807
539.11	41.929
539.45	42.051
539.79	42.147
540.12	42.204
540.46	42.235
540.80	42.267
541.14	42.274
541.47	42.274
541.81	42.306
542.15	42.329
542.49	42.308
542.82	42.312
543.16	42.303
543.50	42.316
543.84	42.326
544.17	42.352
544.51	42.396
544.85	42.444
545.18	42.457
545.52	42.481
545.86	42.504
546.20	42.531
546.53	42.522
546.87	42.528
547.21	42.544
547.54	42.578
547.88	42.634
548.22	42.668
548.55	42.712
548.89	42.782
549.23	42.830
549.56	42.813
549.90	42.866
550.24	42.925
550.57	42.958
550.91	42.947
551.25	42.951
551.58	42.959
551.92	42.978
552.26	42.980
552.59	43.007
552.93	43.027
553.27	43.074
553.60	43.068
553.94	43.133
554.27	43.165
554.61	43.219
554.95	43.238
555.28	43.277
555.62	43.335
555.95	43.385
556.29	43.415
556.63	43.423
556.96	43.427
557.30	43.470
557.63	43.480
557.97	43.508
558.31	43.505
558.64	43.573
558.98	43.593
559.31	43.573
559.65	43.557
559.98	43.536
560.32	43.536
560.65	43.530
560.99	43.537
561.33	43.536
561.66	43.525
562.00	43.574
562.33	43.545
562.67	43.524
563.00	43.532
563.34	43.550
563.67	43.555
564.01	43.548
564.34	43.571
564.68	43.595
565.01	43.571
565.35	43.569
565.68	43.557
566.02	43.558
566.35	43.577
566.69	43.566
567.02	43.522
567.36	43.533
567.69	43.517
568.03	43.533
568.36	43.494
568.69	43.468
569.03	43.482
569.36	43.492
569.70	43.474
570.03	43.439
570.37	43.443
570.70	43.479
571.04	43.453
571.37	43.435
571.70	43.404
572.04	43.383
572.37	43.377
572.71	43.349
573.04	43.349
573.37	43.360
573.71	43.369
574.04	43.364
574.38	43.345
574.71	43.370
575.04	43.399
575.38	43.376
575.71	43.393
576.05	43.406
576.38	43.443
576.71	43.434
577.05	43.383
577.38	43.380
577.71	43.364
578.05	43.317
578.38	43.221
578.71	43.185
579.05	43.157
579.38	43.123
579.71	43.085
580.05	43.027
580.38	42.965
580.71	42.981
581.05	42.949
581.38	42.902
581.71	42.903
582.05	42.913
582.38	42.848
582.71	42.832
583.04	42.783
583.38	42.781
583.71	42.744
584.04	42.711
584.38	42.650
584.71	42.569
585.04	42.522
585.37	42.456
585.71	42.416
586.04	42.426
586.37	42.386
586.70	42.350
587.04	42.268
587.37	42.212
587.70	42.139
588.03	42.074
588.37	42.068
588.70	42.030
589.03	41.994
589.36	41.972
589.69	41.908
590.03	41.856
590.36	41.806
590.69	41.783
591.02	41.755
591.35	41.683
591.69	41.607
592.02	41.518
592.35	41.408
592.68	41.349
593.01	41.263
593.35	41.207
593.68	41.137
594.01	41.063
594.34	40.999
594.67	40.876
595.00	40.863
595.34	40.796
595.67	40.731
596.00	40.702
596.33	40.619
596.66	40.559
596.99	40.519
597.32	40.446
597.65	40.394
597.99	40.330
598.32	40.270
598.65	40.181
598.98	40.142
599.31	40.051
599.64	39.978
599.97	39.933
600.30	39.854
600.63	39.773
600.96	39.703
601.30	39.610
601.63	39.515
601.96	39.451
602.29	39.413
602.62	39.370
602.95	39.326
603.28	39.261
603.61	39.196
603.94	39.110
604.27	39.019
604.60	38.943
604.93	38.893
605.26	38.803
605.59	38.766
605.92	38.677
606.25	38.587
606.58	38.530
606.91	38.460
607.24	38.371
607.57	38.288
607.90	38.226
608.23	38.141
608.56	38.077
608.89	38.028
609.22	37.943
609.55	37.842
609.88	37.751
610.21	37.672
610.54	37.618
610.87	37.581
611.20	37.559
611.53	37.498
611.86	37.456
612.19	37.382
612.52	37.311
612.85	37.269
613.18	37.261
613.51	37.184
613.84	37.111
614.17	37.030
614.49	36.932
614.82	36.828
615.15	36.727
615.48	36.683
615.81	36.608
616.14	36.541
616.47	36.439
616.80	36.317
617.13	36.247
617.46	36.130
617.78	36.062
618.11	35.996
618.44	35.933
618.77	35.831
619.10	35.748
619.43	35.710
619.76	35.604
620.09	35.517
620.41	35.461
620.74	35.375
621.07	35.314
621.40	35.214
621.73	35.146
622.06	35.050
622.38	35.013
622.71	34.902
623.04	34.780
623.37	34.734
623.70	34.664
624.02	34.588
624.35	34.535
624.68	34.455
625.01	34.390
625.34	34.324
625.66	34.292
625.99	34.248
626.32	34.218
626.65	34.199
626.98	34.129
627.30	34.083
627.63	34.039
627.96	34.002
628.29	33.964
628.61	33.956
628.94	33.864
629.27	33.770
629.60	33.670
629.92	33.556
630.25	33.455
630.58	33.403
630.91	33.323
631.23	33.212
631.56	33.126
631.89	33.102
632.21	32.989
632.54	32.939
632.87	32.916
633.19	32.889
633.52	32.858
633.85	32.817
634.18	32.747
634.50	32.679
634.83	32.650
635.16	32.650
635.48	32.553
635.81	32.466
636.14	32.416
636.46	32.349
636.79	32.332
637.11	32.268
637.44	32.207
637.77	32.151
638.09	32.048
638.42	31.950
638.75	31.829
639.07	31.768
639.40	31.734
639.73	31.676
640.05	31.593
640.38	31.462
640.70	31.424
641.03	31.364
641.36	31.296
641.68	31.337
642.01	31.310
642.33	31.278
642.66	31.250
642.98	31.167
643.31	31.104
643.64	31.012
643.96	30.895
644.29	30.820
644.61	30.757
644.94	30.734
645.26	30.593
645.59	30.566
645.91	30.480
646.24	30.411
646.56	30.323
646.89	30.270
647.22	30.278
647.54	30.280
647.87	30.192
648.19	30.146
648.52	30.076
648.84	30.093
649.17	30.032
649.49	30.016
649.82	29.926
650.14	29.911
650.47	29.793
650.79	29.723
651.11	29.653
651.44	29.654
651.76	29.587
652.09	29.488
652.41	29.430
652.74	29.282
653.06	29.184
653.39	29.200
653.71	29.157
654.04	29.168
654.36	29.113
654.68	29.030
655.01	28.989
655.33	28.980
655.66	28.935
655.98	28.818
656.30	28.790
656.63	28.727
656.95	28.625
657.28	28.527
657.60	28.470
657.92	28.359
658.25	28.324
658.57	28.230
658.90	28.154
659.22	28.101
659.54	28.110
659.87	28.030
660.19	27.950
660.51	27.938
660.84	27.940
661.16	27.897
661.48	27.880
661.81	27.815
662.13	27.773
662.45	27.672
662.78	27.666
663.10	27.586
663.42	27.644
663.75	27.632
664.07	27.554
664.39	27.464
664.72	27.401
665.04	27.363
665.36	27.294
665.69	27.265
666.01	27.213
666.33	27.185
666.65	27.085
666.98	26.975
667.30	26.895
667.62	26.829
667.94	26.825
668.27	26.789
668.59	26.718
668.91	26.734
669.23	26.704
669.56	26.666
669.88	26.641
670.20	26.633
670.52	26.578
670.85	26.598
671.17	26.567
671.49	26.506
671.81	26.425
672.13	26.388
672.46	26.375
672.78	26.230
673.10	26.176
673.42	26.073
673.74	26.061
674.07	26.050
674.39	25.958
674.71	25.964
675.03	25.965
675.35	25.897
675.67	25.873
676.00	25.812
676.32	25.807
676.64	25.807
676.96	25.806
677.28	25.759
677.60	25.751
677.92	25.763
678.25	25.712
678.57	25.696
678.89	25.688
679.21	25.612
679.53	25.586
679.85	25.536
680.17	25.484
680.49	25.393
680.81	25.326
681.13	25.328
681.46	25.332
681.78	25.341
682.10	25.209
682.42	25.192
682.74	25.200
683.06	25.129
683.38	25.129
683.70	25.098
684.02	25.078
684.34	25.050
684.66	24.958
684.98	24.842
685.30	24.822
685.62	24.799
685.94	24.704
686.26	24.669
686.58	24.649
686.90	24.686
687.22	24.639
687.54	24.595
687.86	24.542
688.18	24.458
688.50	24.401
688.82	24.255
689.14	24.265
689.46	24.247
689.78	24.200
690.10	24.151
690.42	24.006
690.74	23.941
691.06	23.887
691.38	23.865
691.70	23.872
692.02	23.875
692.34	23.869
692.66	23.828
692.98	23.813
693.30	23.841
693.62	23.791
693.94	23.815
694.26	23.881
694.57	23.867
694.89	23.817
695.21	23.810
695.53	23.736
695.85	23.721
696.17	23.699
696.49	23.698
696.81	23.639
697.13	23.620
697.44	23.607
697.76	23.558
698.08	23.559
698.40	23.579
698.72	23.482
699.04	23.431
699.36	23.331
699.67	23.265
699.99	23.107
700.31	22.993
700.63	22.893
700.95	22.814
701.27	22.670
701.58	22.518
701.90	22.338
702.22	22.244
702.54	22.167
702.86	22.112
703.17	21.923
703.49	21.961
703.81	21.944
704.13	21.867
704.45	21.744
704.76	21.697
705.08	21.729
705.40	21.711
705.72	21.678
706.03	21.624
706.35	21.606
706.67	21.611
706.99	21.572
707.30	21.543
707.62	21.568
707.94	21.560
708.26	21.517
708.57	21.446
708.89	21.505
709.21	21.499
709.53	21.491
709.84	21.421
710.16	21.424
710.48	21.456
710.79	21.426
711.11	21.458
711.43	21.385
711.74	21.316
712.06	21.371
712.38	21.335
712.69	21.314
713.01	21.297
713.33	21.311
713.64	21.323
713.96	21.389
714.28	21.459
714.59	21.445
714.91	21.602
715.23	21.744
715.54	21.713
715.86	21.764
716.17	21.849
716.49	21.948
716.81	22.021
717.12	22.011
717.44	21.848
717.76	21.794
718.07	21.723
718.39	21.554
718.70	21.446
719.02	21.334
719.33	21.203
719.65	21.078
719.97	21.029
720.28	20.960
720.60	20.947
720.91	21.007
721.23	20.898
721.54	20.856
721.86	20.953
722.17	20.809
722.49	20.835
722.81	20.762
723.12	20.679
723.44	20.654
723.75	20.585
724.07	20.549
724.38	20.497
724.70	20.492
725.01	20.525
725.33	20.470
725.64	20.622
725.96	20.556
726.27	20.617
726.59	20.656
726.90	20.657
727.22	20.604
727.53	20.552
727.84	20.395
728.16	20.255
728.47	20.106
728.79	20.093
729.10	20.042
729.42	19.962
729.73	19.885
730.05	19.919
730.36	19.874
730.67	19.853
730.99	19.817
731.30	19.741
731.62	19.779
731.93	19.752
732.24	19.653
732.56	19.494
732.87	19.431
733.19	19.248
733.50	19.141
733.81	18.917
734.13	18.884
734.44	18.812
734.76	18.937
735.07	18.949
735.38	18.899
735.70	18.766
736.01	18.840
736.32	18.892
736.64	19.006
736.95	18.901
737.26	18.958
737.58	18.848
737.89	18.824
738.20	18.585
738.52	18.362
738.83	18.350
739.14	18.428
739.45	18.348
739.77	18.302
740.08	18.266
740.39	18.167
740.71	18.106
741.02	18.190
741.33	18.233
741.64	18.177
741.96	18.101
742.27	17.834
742.58	17.530
742.90	17.395
743.21	17.318
743.52	17.196
743.83	17.372
744.14	17.311
744.46	17.101
744.77	16.892
745.08	16.963
745.39	17.028
745.71	17.108
746.02	17.105
746.33	17.032
746.64	16.981
746.95	16.882
747.27	16.859
747.58	16.819
747.89	16.678
748.20	16.700
748.51	16.652
748.82	16.754
749.14	16.739
749.45	16.735
749.76	16.883
750.07	16.841
750.38	16.785
750.69	16.825
751.01	16.817
751.32	16.872
751.63	16.811
751.94	16.775
752.25	16.709
752.56	16.685
752.87	16.785
753.18	16.586
753.49	16.677
753.81	16.701
754.12	16.572
754.43	16.534
754.74	16.705
755.05	16.756
755.36	16.908
755.67	17.000
755.98	17.266
756.29	17.594
756.60	17.704
756.91	17.770
757.22	18.156
757.53	18.312
757.84	18.763
758.15	18.967
758.46	19.301
758.77	19.486
759.09	19.653
759.40	19.739
759.71	19.790
760.02	19.925
760.33	20.061
760.64	19.976
760.95	19.968
761.26	19.753
761.57	19.727
761.88	19.703
762.18	19.608
762.49	19.547
762.80	19.395
763.11	19.167
763.42	19.129
763.73	19.042
764.04	18.818
764.35	18.525
764.66	18.427
764.97	18.083
765.28	17.811
765.59	17.527
765.90	17.291
766.21	17.297
766.52	16.968
766.83	16.706
767.14	16.476
767.44	16.355
767.75	16.488
768.06	16.280
768.37	16.278
768.68	16.095
768.99	16.018
769.30	15.639
769.61	15.185
769.91	15.097
770.22	14.923
770.53	14.650
770.84	14.813
771.15	14.672
771.46	14.762
771.77	14.610
772.07	14.641
772.38	14.379
772.69	14.542
773.00	14.766
773.31	15.134
773.61	14.871
773.92	14.810
774.23	14.691
774.54	14.716
774.85	14.509
775.15	14.501
775.46	14.238
775.77	14.482
776.08	14.459
776.39	14.214
776.69	14.137
777.00	14.532
777.31	14.572
777.62	14.572
777.92	14.458
778.23	14.612
778.54	14.509
778.85	14.635
779.15	14.684
779.46	14.695
779.77	14.760
780.07	14.724
780.38	14.392
780.69	14.355
781.00	14.135
781.30	14.005
781.61	13.733
781.92	14.214
782.22	14.120
782.53	14.089
782.84	14.052
783.14	14.178
783.45	14.171
783.76	14.467
784.06	14.658
784.37	14.995
784.68	15.133
784.98	15.544
785.29	15.351
785.60	15.726
785.90	15.957
786.21	15.913
786.51	15.948
786.82	15.858
787.13	16.128
787.43	16.147
787.74	15.985
788.04	16.139
788.35	15.712
788.66	15.709
788.96	15.643
789.27	15.845
789.57	16.106
789.88	16.294
790.19	16.371
790.49	16.180
790.80	16.103
791.10	16.232
791.41	16.200
791.71	16.592
792.02	16.645
792.32	16.227
792.63	16.049
792.93	15.990
793.24	15.439
793.54	15.179
793.85	15.204
794.15	15.066
794.46	14.957
794.76	15.171
795.07	15.154
795.37	15.277
795.68	15.763
795.98	15.642
796.29	15.773
796.59	16.102
796.90	16.187
797.20	16.295
797.51	16.520
797.81	16.576
798.12	16.368
798.42	16.164
798.72	16.067
799.03	16.072
799.33	16.172
799.64	15.912
799.94	15.786
800.25	16.164
800.55	16.137
800.85	16.079
801.16	15.893
801.46	15.827
801.77	16.038
802.07	15.745
802.37	15.126
802.68	15.046
802.98	15.061
803.28	15.231
803.59	15.006
803.89	15.051
804.20	15.165
804.50	15.316
804.80	15.046
805.11	14.939
805.41	14.992
805.71	15.526
806.02	15.489
806.32	15.879
806.62	15.578
806.93	15.757
807.23	15.544
807.53	15.360
807.83	15.394
808.14	15.810
808.44	15.912
808.74	16.409
809.05	16.258
809.35	16.575
809.65	16.284
809.95	16.548
810.26	16.510
810.56	16.328
810.86	16.337
811.16	15.997
811.47	16.239
811.77	16.722
812.07	16.475
812.37	16.245
812.68	15.965
812.98	16.471
813.28	16.498
813.58	16.108
813.88	16.039
814.19	16.473
814.49	16.866
814.79	16.469
815.09	16.062
815.39	16.318
815.70	16.983
816.00	16.999
816.30	16.582
816.60	16.739
816.90	17.308
817.20	17.730
817.50	17.929
817.81	18.155
818.11	18.359
818.41	18.594
818.71	18.741
819.01	18.712
819.31	18.810
819.61	18.842
819.92	18.949
820.22	18.991
820.52	19.069
820.82	19.081
821.12	19.101
821.42	19.186
821.72	19.222
822.02	19.158
822.32	19.130
822.62	19.094
822.92	19.104
823.22	19.078
823.52	19.085
823.83	19.023
824.13	18.957
824.43	18.874
824.73	18.744
825.03	18.569
825.33	18.540
825.63	18.702
825.93	18.749
826.23	18.714
826.53	18.585
826.83	18.608
827.13	18.622
827.43	18.648
827.73	18.932
828.03	18.896
828.33	18.919
828.63	18.917
828.93	18.662
829.23	18.584
829.53	18.517
829.83	18.791
830.13	18.311
830.42	18.175
830.72	18.074
831.02	17.867
831.32	17.905
831.62	17.955
831.92	18.217
832.22	18.305
832.52	18.326
832.82	18.643
833.12	18.639
833.42	18.748
833.72	19.068
834.01	19.116
834.31	19.131
834.61	19.166
834.91	19.262
835.21	19.079
835.51	18.839
835.81	18.834
836.11	18.382
836.40	17.820
836.70	18.172
837.00	17.618
837.30	17.548
837.60	17.333
837.90	17.079
838.19	16.783
838.49	16.685
838.79	16.902
839.09	16.764
839.39	17.159
839.68	17.369
839.98	16.282
840.28	15.732
840.58	15.815
840.88	15.489
841.17	15.740
841.47	15.776
841.77	15.717
842.07	15.532
842.36	15.305
842.66	14.596
842.96	14.939
843.26	15.068
843.55	13.537
843.85	13.260
844.15	12.227
844.45	12.149
844.74	11.803
845.04	11.681
845.34	11.196
845.63	9.998
845.93	10.681
846.23	10.541
846.53	11.507
846.82	13.287
847.12	12.156
847.42	11.552
847.71	10.057
848.01	10.880
848.31	11.732
848.60	11.155
848.90	11.184
849.19	10.154
849.49	9.528
849.79	8.969
850.08	10.700
850.38	11.498
850.68	11.864
850.97	13.124
851.27	12.729
851.56	10.159
851.86	9.857
852.16	10.668
852.45	11.046
852.75	10.486
853.04	9.573
853.34	8.373
853.64	7.741
853.93	10.028
854.23	9.382
854.52	9.173
854.82	11.454
855.11	11.449
855.41	12.099
855.70	12.315
856.00	12.978
856.30	13.066
856.59	11.941
856.89	11.543
857.18	10.617
857.48	9.895
857.77	8.238
858.07	7.636
858.36	8.078
858.66	6.730
858.95	7.950
859.25	7.633
859.54	7.659
859.84	8.846
860.13	10.345
860.42	10.900
860.72	11.521
861.01	11.596
861.31	10.796
861.60	11.127
861.90	10.548
862.19	9.644
862.49	8.337
862.78	10.463
863.07	9.881
863.37	9.665
863.66	8.800
863.96	9.717
864.25	11.563
864.54	12.920
864.84	11.749
865.13	11.673
865.43	9.539
865.72	18.747
866.01	21.558
866.31	-2.611
866.60	-4.703
866.89	-8.816
