180.30	0.000
180.67	0.000
181.03	51.632
181.40	-32.857
181.77	-3341.131
182.14	-0.531
182.51	-719.126
182.88	-135.461
183.25	102.729
183.62	55.557
183.99	-13.588
184.36	23.861
184.73	213.681
185.10	-45.317
185.46	-298.145
185.83	-611.548
186.20	259.271
186.57	123.132
186.94	111.115
187.31	34.048
187.68	132.128
188.05	47.344
188.42	99.415
188.78	182.523
189.15	858.790
189.52	-192.464
189.89	-46.283
190.26	-44.406
190.63	-18.490
191.00	9.052
191.37	8.417
191.73	17.445
192.10	20.176
192.47	29.936
192.84	31.826
193.21	41.890
193.58	33.827
193.94	34.036
194.31	36.049
194.68	29.983
195.05	19.407
195.42	24.161
195.79	15.370
196.15	12.860
196.52	4.855
196.89	3.372
197.26	-2.473
197.63	23.790
198.00	36.726
198.36	53.681
198.73	53.658
199.10	43.213
199.47	56.298
199.84	59.119
200.20	49.182
200.57	51.119
200.94	51.007
201.31	54.266
201.68	22.344
202.04	5.133
202.41	5.568
202.78	23.171
203.15	33.829
203.51	20.241
203.88	13.134
204.25	5.357
204.62	-5.365
204.98	-32.879
205.35	-29.066
205.72	-16.693
206.09	-16.365
206.46	-66.778
206.82	-81.187
207.19	-80.667
207.56	-133.840
207.92	-103.805
208.29	-128.560
208.66	-102.048
209.03	-83.790
209.39	-52.810
209.76	-46.290
210.13	-66.295
210.50	-37.536
210.86	-24.556
211.23	-21.474
211.60	11.146
211.96	6.364
212.33	24.729
212.70	27.394
213.07	23.582
213.43	-19.198
213.80	-45.463
214.17	-28.915
214.53	-24.118
214.90	-28.354
215.27	-32.943
215.63	-46.239
216.00	-37.212
216.37	-41.330
216.74	-52.160
217.10	-43.040
217.47	-26.843
217.84	-11.354
218.20	-8.436
218.57	-5.323
218.94	4.988
219.30	3.680
219.67	0.654
220.04	-1.486
220.40	-0.543
220.77	2.277
221.13	10.801
221.50	11.425
221.87	13.527
222.23	12.328
222.60	8.175
222.97	-0.308
223.33	1.077
223.70	1.546
224.07	-0.582
224.43	0.026
224.80	2.850
225.16	-1.106
225.53	-0.633
225.90	-3.826
226.26	0.063
226.63	1.550
226.99	2.728
227.36	2.858
227.73	4.650
228.09	5.699
228.46	6.425
228.82	6.634
229.19	8.320
229.56	8.798
229.92	10.474
230.29	9.592
230.65	9.750
231.02	7.968
231.38	5.915
231.75	3.271
232.12	1.271
232.48	-0.918
232.85	-2.004
233.21	-4.575
233.58	-7.896
233.94	-7.938
234.31	-8.258
234.68	-7.985
235.04	-6.384
235.41	-3.683
235.77	-1.579
236.14	-0.878
236.50	0.341
236.87	0.078
237.23	1.699
237.60	2.500
237.96	2.363
238.33	1.236
238.69	0.707
239.06	0.211
239.42	-0.017
239.79	-1.265
240.15	-1.214
240.52	-1.130
240.88	-0.353
241.25	-0.522
241.61	-0.591
241.98	-0.888
242.34	-0.924
242.71	-0.549
243.07	0.033
243.44	0.204
243.80	0.702
244.17	0.600
244.53	0.175
244.90	-0.030
245.26	-0.158
245.63	-0.042
245.99	0.051
246.36	0.117
246.72	-0.021
247.09	-0.643
247.45	-0.547
247.81	-0.464
248.18	-0.410
248.54	0.108
248.91	0.197
249.27	0.570
249.64	0.991
250.00	0.955
250.36	0.718
250.73	0.799
251.09	1.446
251.46	1.211
251.82	0.917
252.19	0.900
252.55	0.269
252.91	-0.101
253.28	-0.668
253.64	-1.813
254.01	-1.764
254.37	-1.297
254.73	-0.768
255.10	-0.376
255.46	0.029
255.83	0.243
256.19	0.226
256.55	0.255
256.92	0.417
257.28	0.402
257.65	0.698
258.01	0.741
258.37	0.691
258.74	0.477
259.10	0.215
259.46	0.052
259.83	-0.078
260.19	-0.064
260.55	-0.096
260.92	-0.107
261.28	-0.045
261.64	0.139
262.01	0.387
262.37	0.338
262.73	0.356
263.10	0.518
263.46	0.510
263.82	0.293
264.19	0.343
264.55	0.300
264.91	0.363
265.28	0.122
265.64	-0.155
266.00	-0.289
266.37	-0.106
266.73	-0.293
267.09	-0.254
267.46	-0.202
267.82	-0.274
268.18	-0.130
268.54	0.136
268.91	-0.024
269.27	0.119
269.63	0.366
270.00	0.257
270.36	0.272
270.72	0.774
271.08	0.784
271.45	0.627
271.81	0.779
272.17	0.652
272.53	0.548
272.90	0.711
273.26	0.822
273.62	0.565
273.98	0.485
274.35	0.360
274.71	0.383
275.07	0.623
275.43	0.828
275.80	0.835
276.16	0.686
276.52	0.482
276.88	0.270
277.25	0.071
277.61	0.014
277.97	-0.067
278.33	0.014
278.69	-0.463
279.06	-0.720
279.42	-0.818
279.78	-0.839
280.14	-0.757
280.50	-0.494
280.87	-0.360
281.23	-0.282
281.59	-0.132
281.95	0.087
282.31	0.200
282.68	0.155
283.04	0.067
283.40	0.165
283.76	0.402
284.12	0.560
284.48	0.493
284.85	0.438
285.21	0.531
285.57	0.397
285.93	0.393
286.29	0.117
286.65	0.255
287.02	0.630
287.38	0.640
287.74	0.455
288.10	0.300
288.46	0.298
288.82	0.244
289.18	0.126
289.54	0.276
289.91	0.248
290.27	0.384
290.63	0.600
290.99	0.279
291.35	0.219
291.71	0.298
292.07	0.366
292.43	0.282
292.79	0.345
293.16	0.349
293.52	0.472
293.88	0.655
294.24	0.657
294.60	0.460
294.96	0.415
295.32	0.370
295.68	0.273
296.04	0.229
296.40	0.297
296.76	0.359
297.12	0.359
297.49	0.123
297.85	-0.149
298.21	-0.095
298.57	-0.232
298.93	-0.161
299.29	-0.118
299.65	-0.012
300.01	-0.112
300.37	-0.190
300.73	-0.136
301.09	-0.172
301.45	-0.111
301.81	0.052
302.17	0.134
302.53	0.144
302.89	0.117
303.25	0.020
303.61	-0.007
303.97	0.043
304.33	0.162
304.69	0.149
305.05	0.084
305.41	-0.033
305.77	-0.117
306.13	-0.212
306.49	-0.077
306.85	0.004
307.21	0.147
307.57	0.248
307.93	0.345
308.29	0.503
308.65	0.459
309.01	0.505
309.37	0.634
309.73	0.698
310.09	0.817
310.45	0.815
310.81	0.751
311.17	0.618
311.53	0.513
311.89	0.517
312.25	0.359
312.61	0.380
312.96	0.488
313.32	0.516
313.68	0.455
314.04	0.268
314.40	0.371
314.76	0.412
315.12	0.616
315.48	0.736
315.84	0.725
316.20	0.745
316.56	0.741
316.92	0.717
317.27	0.706
317.63	0.756
317.99	0.796
318.35	0.674
318.71	0.744
319.07	0.710
319.43	0.677
319.79	0.746
320.15	0.724
320.50	0.749
320.86	0.781
321.22	0.710
321.58	0.682
321.94	0.641
322.30	0.614
322.66	0.501
323.01	0.382
323.37	0.265
323.73	0.201
324.09	0.084
324.45	0.070
324.81	0.008
325.17	0.006
325.52	-0.039
325.88	-0.058
326.24	-0.024
326.60	0.017
326.96	0.093
327.31	0.124
327.67	0.067
328.03	0.231
328.39	0.174
328.75	0.263
329.11	0.398
329.46	0.463
329.82	0.468
330.18	0.411
330.54	0.411
330.90	0.411
331.25	0.415
331.61	0.502
331.97	0.403
332.33	0.438
332.68	0.366
333.04	0.261
333.40	0.159
333.76	0.165
334.11	0.204
334.47	0.239
334.83	0.168
335.19	0.161
335.54	0.096
335.90	0.108
336.26	0.146
336.62	0.130
336.97	0.095
337.33	0.106
337.69	0.126
338.05	0.060
338.40	0.012
338.76	0.019
339.12	0.074
339.48	0.084
339.83	0.142
340.19	0.100
340.55	0.148
340.90	0.145
341.26	0.124
341.62	0.096
341.97	0.126
342.33	0.172
342.69	0.254
343.04	0.182
343.40	0.062
343.76	-0.063
344.12	-0.141
344.47	-0.149
344.83	-0.096
345.19	0.012
345.54	0.057
345.90	0.113
346.26	0.134
346.61	0.108
346.97	0.171
347.32	0.317
347.68	0.423
348.04	0.446
348.39	0.401
348.75	0.446
349.11	0.378
349.46	0.356
349.82	0.323
350.18	0.236
350.53	0.211
350.89	0.200
351.24	0.150
351.60	0.130
351.96	0.241
352.31	0.248
352.67	0.233
353.02	0.233
353.38	0.277
353.74	0.326
354.09	0.371
354.45	0.422
354.80	0.455
355.16	0.532
355.52	0.588
355.87	0.548
356.23	0.632
356.58	0.705
356.94	0.795
357.29	0.824
357.65	0.837
358.00	0.850
358.36	0.833
358.72	0.850
359.07	0.857
359.43	0.860
359.78	0.946
360.14	0.942
360.49	0.918
360.85	0.920
361.20	0.925
361.56	0.936
361.91	0.985
362.27	1.073
362.62	1.072
362.98	1.129
363.33	1.151
363.69	1.121
364.04	1.142
364.40	1.209
364.75	1.236
365.11	1.242
365.46	1.220
365.82	1.249
366.17	1.258
366.53	1.334
366.88	1.334
367.24	1.396
367.59	1.450
367.95	1.556
368.30	1.596
368.66	1.597
369.01	1.604
369.37	1.672
369.72	1.728
370.08	1.744
370.43	1.769
370.78	1.811
371.14	1.796
371.49	1.841
371.85	1.796
372.20	1.792
372.56	1.882
372.91	1.974
373.26	2.023
373.62	1.951
373.97	2.009
374.33	2.000
374.68	1.994
375.03	2.085
375.39	2.042
375.74	2.054
376.10	2.082
376.45	2.087
376.80	2.099
377.16	2.077
377.51	2.180
377.87	2.194
378.22	2.208
378.57	2.236
378.93	2.219
379.28	2.294
379.63	2.313
379.99	2.307
380.34	2.303
380.70	2.345
381.05	2.427
381.40	2.437
381.76	2.477
382.11	2.514
382.46	2.583
382.82	2.613
383.17	2.571
383.52	2.606
383.88	2.658
384.23	2.685
384.58	2.664
384.94	2.628
385.29	2.623
385.64	2.612
385.99	2.660
386.35	2.648
386.70	2.643
387.05	2.658
387.41	2.633
387.76	2.635
388.11	2.650
388.47	2.658
388.82	2.706
389.17	2.719
389.52	2.746
389.88	2.743
390.23	2.741
390.58	2.769
390.93	2.804
391.29	2.848
391.64	2.874
391.99	2.939
392.34	2.985
392.70	3.002
393.05	3.007
393.40	2.987
393.75	2.978
394.11	2.958
394.46	2.937
394.81	2.963
395.16	2.922
395.52	2.890
395.87	2.818
396.22	2.809
396.57	2.763
396.92	2.772
397.28	2.742
397.63	2.731
397.98	2.735
398.33	2.729
398.68	2.727
399.04	2.754
399.39	2.754
399.74	2.754
400.09	2.732
400.44	2.740
400.80	2.729
401.15	2.719
401.50	2.708
401.85	2.719
402.20	2.707
402.55	2.700
402.90	2.700
403.26	2.675
403.61	2.657
403.96	2.650
404.31	2.656
404.66	2.660
405.01	2.651
405.36	2.658
405.72	2.628
406.07	2.642
406.42	2.627
406.77	2.630
407.12	2.647
407.47	2.691
407.82	2.685
408.17	2.668
408.53	2.653
408.88	2.659
409.23	2.638
409.58	2.642
409.93	2.662
410.28	2.648
410.63	2.606
410.98	2.570
411.33	2.558
411.68	2.586
412.03	2.614
412.38	2.636
412.73	2.669
413.09	2.699
413.44	2.731
413.79	2.725
414.14	2.740
414.49	2.782
414.84	2.839
415.19	2.850
415.54	2.854
415.89	2.860
416.24	2.890
416.59	2.902
416.94	2.912
417.29	2.922
417.64	2.914
417.99	2.926
418.34	2.940
418.69	2.930
419.04	2.929
419.39	2.922
419.74	2.931
420.09	2.926
420.44	2.925
420.79	2.935
421.14	2.929
421.49	2.951
421.84	2.955
422.19	2.965
422.54	2.966
422.89	2.948
423.24	2.961
423.59	2.944
423.94	2.918
424.29	2.919
424.64	2.906
424.99	2.903
425.34	2.884
425.68	2.871
426.03	2.826
426.38	2.818
426.73	2.831
427.08	2.802
427.43	2.814
427.78	2.839
428.13	2.830
428.48	2.830
428.83	2.828
429.18	2.831
429.53	2.819
429.87	2.817
430.22	2.810
430.57	2.823
430.92	2.832
431.27	2.844
431.62	2.830
431.97	2.832
432.32	2.826
432.67	2.820
433.01	2.818
433.36	2.828
433.71	2.824
434.06	2.830
434.41	2.817
434.76	2.838
435.11	2.828
435.45	2.832
435.80	2.840
436.15	2.839
436.50	2.854
436.85	2.861
437.20	2.863
437.54	2.868
437.89	2.874
438.24	2.895
438.59	2.887
438.94	2.873
439.29	2.860
439.63	2.856
439.98	2.859
440.33	2.845
440.68	2.862
441.03	2.868
441.37	2.894
441.72	2.896
442.07	2.892
442.42	2.886
442.76	2.922
443.11	2.957
443.46	2.976
443.81	2.997
444.16	3.021
444.50	3.018
444.85	3.021
445.20	3.023
445.55	3.034
445.89	3.034
446.24	3.044
446.59	3.021
446.94	3.007
447.28	2.995
447.63	2.995
447.98	3.000
448.32	2.995
448.67	2.996
449.02	2.990
449.37	2.990
449.71	3.003
450.06	3.013
450.41	3.028
450.75	3.031
451.10	3.037
451.45	3.029
451.79	3.002
452.14	2.996
452.49	3.017
452.84	3.026
453.18	3.027
453.53	3.010
453.88	3.008
454.22	3.016
454.57	3.045
454.92	3.050
455.26	3.064
455.61	3.105
455.95	3.134
456.30	3.138
456.65	3.168
456.99	3.189
457.34	3.217
457.69	3.236
458.03	3.256
458.38	3.261
458.73	3.262
459.07	3.258
459.42	3.245
459.76	3.227
460.11	3.203
460.46	3.164
460.80	3.139
461.15	3.131
461.49	3.095
461.84	3.083
462.19	3.061
462.53	3.068
462.88	3.074
463.22	3.072
463.57	3.085
463.91	3.112
464.26	3.134
464.61	3.139
464.95	3.124
465.30	3.130
465.64	3.122
465.99	3.127
466.33	3.131
466.68	3.125
467.02	3.124
467.37	3.110
467.71	3.078
468.06	3.068
468.41	3.053
468.75	3.053
469.10	3.070
469.44	3.067
469.79	3.049
470.13	3.002
470.48	2.987
470.82	2.970
471.17	2.970
471.51	2.971
471.86	2.970
472.20	2.971
472.55	2.959
472.89	2.944
473.23	2.913
473.58	2.912
473.92	2.936
474.27	2.933
474.61	2.931
474.96	2.923
475.30	2.935
475.65	2.915
475.99	2.916
476.34	2.926
476.68	2.925
477.02	2.940
477.37	2.945
477.71	2.977
478.06	3.005
478.40	3.079
478.75	3.157
479.09	3.242
479.43	3.348
479.78	3.448
480.12	3.556
480.47	3.662
480.81	3.769
481.15	3.865
481.50	3.962
481.84	4.076
482.19	4.175
482.53	4.263
482.87	4.312
483.22	4.315
483.56	4.280
483.90	4.200
484.25	4.108
484.59	4.014
484.94	3.925
485.28	3.835
485.62	3.733
485.97	3.624
486.31	3.533
486.65	3.474
487.00	3.454
487.34	3.457
487.68	3.487
488.03	3.526
488.37	3.557
488.71	3.578
489.06	3.586
489.40	3.595
489.74	3.602
490.09	3.601
490.43	3.587
490.77	3.565
491.11	3.551
491.46	3.540
491.80	3.521
492.14	3.499
492.49	3.505
492.83	3.488
493.17	3.463
493.51	3.449
493.86	3.438
494.20	3.443
494.54	3.454
494.88	3.477
495.23	3.502
495.57	3.530
495.91	3.576
496.25	3.602
496.60	3.637
496.94	3.669
497.28	3.701
497.62	3.730
497.97	3.772
498.31	3.807
498.65	3.833
498.99	3.874
499.33	3.937
499.68	3.974
500.02	4.006
500.36	4.057
500.70	4.101
501.04	4.159
501.39	4.203
501.73	4.258
502.07	4.333
502.41	4.392
502.75	4.460
503.09	4.506
503.44	4.574
503.78	4.642
504.12	4.704
504.46	4.784
504.80	4.856
505.14	4.953
505.49	5.042
505.83	5.104
506.17	5.202
506.51	5.265
506.85	5.347
507.19	5.427
507.53	5.513
507.87	5.589
508.22	5.660
508.56	5.730
508.90	5.790
509.24	5.851
509.58	5.924
509.92	5.994
510.26	6.086
510.60	6.156
510.94	6.238
511.28	6.310
511.63	6.406
511.97	6.495
512.31	6.599
512.65	6.696
512.99	6.813
513.33	6.970
513.67	7.110
514.01	7.239
514.35	7.379
514.69	7.508
515.03	7.649
515.37	7.776
515.71	7.909
516.05	8.028
516.39	8.139
516.73	8.248
517.07	8.310
517.41	8.376
517.75	8.451
518.09	8.549
518.43	8.629
518.77	8.686
519.11	8.751
519.45	8.810
519.79	8.883
520.13	8.956
520.47	9.039
520.81	9.146
521.15	9.268
521.49	9.381
521.83	9.472
522.17	9.569
522.51	9.721
522.85	9.852
523.19	10.029
523.53	10.218
523.87	10.426
524.21	10.610
524.55	10.785
524.89	10.933
525.23	11.084
525.57	11.219
525.91	11.356
526.25	11.459
526.58	11.576
526.92	11.658
527.26	11.698
527.60	11.723
527.94	11.739
528.28	11.749
528.62	11.758
528.96	11.754
529.30	11.752
529.64	11.743
529.97	11.739
530.31	11.711
530.65	11.702
530.99	11.724
531.33	11.749
531.67	11.781
532.01	11.808
532.35	11.836
532.68	11.854
533.02	11.845
533.36	11.848
533.70	11.849
534.04	11.864
534.38	11.865
534.71	11.871
535.05	11.864
535.39	11.873
535.73	11.878
536.07	11.896
536.41	11.916
536.74	11.972
537.08	12.012
537.42	12.069
537.76	12.137
538.10	12.192
538.43	12.247
538.77	12.311
539.11	12.365
539.45	12.412
539.79	12.456
540.12	12.487
540.46	12.503
540.80	12.503
541.14	12.493
541.47	12.449
541.81	12.431
542.15	12.405
542.49	12.378
542.82	12.340
543.16	12.308
543.50	12.261
543.84	12.225
544.17	12.208
544.51	12.231
544.85	12.219
545.18	12.232
545.52	12.231
545.86	12.234
546.20	12.235
546.53	12.221
546.87	12.213
547.21	12.213
547.54	12.214
547.88	12.204
548.22	12.175
548.55	12.192
548.89	12.207
549.23	12.205
549.56	12.201
549.90	12.202
550.24	12.221
550.57	12.234
550.91	12.238
551.25	12.254
551.58	12.252
551.92	12.254
552.26	12.221
552.59	12.214
552.93	12.202
553.27	12.196
553.60	12.182
553.94	12.147
554.27	12.110
554.61	12.101
554.95	12.069
555.28	12.062
555.62	12.022
555.95	12.025
556.29	12.003
556.63	11.971
556.96	11.956
557.30	11.913
557.63	11.891
557.97	11.862
558.31	11.804
558.64	11.766
558.98	11.743
559.31	11.725
559.65	11.691
559.98	11.645
560.32	11.640
560.65	11.585
560.99	11.562
561.33	11.524
561.66	11.495
562.00	11.475
562.33	11.451
562.67	11.403
563.00	11.376
563.34	11.336
563.67	11.317
564.01	11.268
564.34	11.212
564.68	11.178
565.01	11.150
565.35	11.104
565.68	11.034
566.02	10.981
566.35	10.925
566.69	10.845
567.02	10.811
567.36	10.735
567.69	10.685
568.03	10.658
568.36	10.604
568.69	10.529
569.03	10.477
569.36	10.455
569.70	10.403
570.03	10.370
570.37	10.351
570.70	10.285
571.04	10.242
571.37	10.182
571.70	10.140
572.04	10.094
572.37	10.050
572.71	9.994
573.04	9.942
573.37	9.907
573.71	9.854
574.04	9.783
574.38	9.724
574.71	9.677
575.04	9.624
575.38	9.551
575.71	9.480
576.05	9.443
576.38	9.415
576.71	9.356
577.05	9.305
577.38	9.236
577.71	9.182
578.05	9.139
578.38	9.101
578.71	9.066
579.05	9.021
579.38	8.982
579.71	8.928
580.05	8.872
580.38	8.829
580.71	8.780
581.05	8.754
581.38	8.735
581.71	8.711
582.05	8.659
582.38	8.641
582.71	8.613
583.04	8.599
583.38	8.588
583.71	8.567
584.04	8.557
584.38	8.538
584.71	8.517
585.04	8.530
585.37	8.523
585.71	8.543
586.04	8.525
586.37	8.527
586.70	8.532
587.04	8.514
587.37	8.528
587.70	8.515
588.03	8.520
588.37	8.539
588.70	8.498
589.03	8.466
589.36	8.443
589.69	8.414
590.03	8.389
590.36	8.357
590.69	8.334
591.02	8.271
591.35	8.240
591.69	8.213
592.02	8.172
592.35	8.167
592.68	8.171
593.01	8.140
593.35	8.132
593.68	8.134
594.01	8.132
594.34	8.118
594.67	8.118
595.00	8.095
595.34	8.050
595.67	7.996
596.00	7.951
596.33	7.892
596.66	7.852
596.99	7.794
597.32	7.726
597.65	7.666
597.99	7.608
598.32	7.560
598.65	7.519
598.98	7.493
599.31	7.485
599.64	7.486
599.97	7.475
600.30	7.461
600.63	7.481
600.96	7.470
601.30	7.470
601.63	7.484
601.96	7.495
602.29	7.512
602.62	7.497
602.95	7.471
603.28	7.434
603.61	7.401
603.94	7.373
604.27	7.343
604.60	7.316
604.93	7.303
605.26	7.250
605.59	7.213
605.92	7.147
606.25	7.123
606.58	7.116
606.91	7.082
607.24	7.077
607.57	7.079
607.90	7.048
608.23	7.006
608.56	6.924
608.89	6.888
609.22	6.828
609.55	6.790
609.88	6.749
610.21	6.683
610.54	6.616
610.87	6.544
611.20	6.469
611.53	6.405
611.86	6.369
612.19	6.325
612.52	6.294
612.85	6.249
613.18	6.232
613.51	6.173
613.84	6.123
614.17	6.116
614.49	6.091
614.82	6.031
615.15	6.001
615.48	5.984
615.81	5.967
616.14	5.927
616.47	5.924
616.80	5.864
617.13	5.836
617.46	5.813
617.78	5.786
618.11	5.768
618.44	5.760
618.77	5.743
619.10	5.728
619.43	5.720
619.76	5.661
620.09	5.634
620.41	5.630
620.74	5.629
621.07	5.659
621.40	5.641
621.73	5.622
622.06	5.628
622.38	5.635
622.71	5.642
623.04	5.639
623.37	5.697
623.70	5.720
624.02	5.760
624.35	5.779
624.68	5.785
625.01	5.821
625.34	5.851
625.66	5.873
625.99	5.876
626.32	5.861
626.65	5.883
626.98	5.887
627.30	5.878
627.63	5.854
627.96	5.830
628.29	5.799
628.61	5.761
628.94	5.732
629.27	5.692
629.60	5.643
629.92	5.628
630.25	5.588
630.58	5.540
630.91	5.495
631.23	5.485
631.56	5.457
631.89	5.388
632.21	5.393
632.54	5.371
632.87	5.322
633.19	5.274
633.52	5.230
633.85	5.210
634.18	5.148
634.50	5.085
634.83	4.999
635.16	4.932
635.48	4.899
635.81	4.794
636.14	4.705
636.46	4.660
636.79	4.620
637.11	4.538
637.44	4.377
637.77	4.315
638.09	4.242
638.42	4.165
638.75	4.106
639.07	4.053
639.40	4.005
639.73	3.944
640.05	3.871
640.38	3.821
640.70	3.777
641.03	3.779
641.36	3.753
641.68	3.735
642.01	3.712
642.33	3.655
642.66	3.621
642.98	3.575
643.31	3.531
643.64	3.524
643.96	3.498
644.29	3.493
644.61	3.479
644.94	3.445
645.26	3.449
645.59	3.480
645.91	3.498
646.24	3.485
646.56	3.498
646.89	3.544
647.22	3.513
647.54	3.476
647.87	3.485
648.19	3.455
648.52	3.433
648.84	3.437
649.17	3.364
649.49	3.361
649.82	3.350
650.14	3.329
650.47	3.293
650.79	3.292
651.11	3.321
651.44	3.283
651.76	3.301
652.09	3.341
652.41	3.340
652.74	3.376
653.06	3.376
653.39	3.411
653.71	3.452
654.04	3.441
654.36	3.476
654.68	3.513
655.01	3.553
655.33	3.587
655.66	3.581
655.98	3.572
656.30	3.567
656.63	3.573
656.95	3.545
657.28	3.500
657.60	3.508
657.92	3.478
658.25	3.454
658.57	3.442
658.90	3.408
659.22	3.384
659.54	3.383
659.87	3.372
660.19	3.318
660.51	3.319
660.84	3.257
661.16	3.225
661.48	3.216
661.81	3.177
662.13	3.125
662.45	3.136
662.78	3.147
663.10	3.136
663.42	3.162
663.75	3.247
664.07	3.234
664.39	3.284
664.72	3.310
665.04	3.356
665.36	3.427
665.69	3.479
666.01	3.523
666.33	3.627
666.65	3.661
666.98	3.713
667.30	3.767
667.62	3.841
667.94	3.938
668.27	4.020
668.59	4.111
668.91	4.187
669.23	4.312
669.56	4.441
669.88	4.551
670.20	4.663
670.52	4.781
670.85	4.849
671.17	5.024
671.49	5.164
671.81	5.331
672.13	5.433
672.46	5.554
672.78	5.665
673.10	5.785
673.42	5.890
673.74	6.027
674.07	6.143
674.39	6.381
674.71	6.469
675.03	6.670
675.35	6.785
675.67	6.937
676.00	7.105
676.32	7.223
676.64	7.349
676.96	7.505
677.28	7.645
677.60	7.819
677.92	7.888
678.25	8.032
678.57	8.139
678.89	8.250
679.21	8.397
679.53	8.535
679.85	8.741
680.17	8.889
680.49	9.014
680.81	9.201
681.13	9.339
681.46	9.534
681.78	9.759
682.10	9.938
682.42	10.164
682.74	10.348
683.06	10.494
683.38	10.683
683.70	10.880
684.02	11.078
684.34	11.294
684.66	11.498
684.98	11.709
685.30	11.841
685.62	12.001
685.94	12.150
686.26	12.268
686.58	12.439
686.90	12.550
687.22	12.642
687.54	12.736
687.86	12.778
688.18	12.832
688.50	12.914
688.82	12.986
689.14	13.073
689.46	13.241
689.78	13.309
690.10	13.436
690.42	13.552
690.74	13.742
691.06	13.857
691.38	14.048
691.70	14.268
692.02	14.360
692.34	14.600
692.66	14.747
692.98	14.852
693.30	15.117
693.62	15.223
693.94	15.331
694.26	15.398
694.57	15.553
694.89	15.668
695.21	15.781
695.53	15.913
695.85	15.948
696.17	16.116
696.49	16.266
696.81	16.378
697.13	16.564
697.44	16.692
697.76	16.865
698.08	17.068
698.40	17.252
698.72	17.431
699.04	17.711
699.36	18.069
699.67	18.294
699.99	18.453
700.31	18.797
700.63	19.063
700.95	19.439
701.27	19.802
701.58	20.043
701.90	20.271
702.22	20.569
702.54	20.788
702.86	20.955
703.17	21.065
703.49	21.368
703.81	21.532
704.13	21.656
704.45	21.852
704.76	22.006
705.08	22.208
705.40	22.388
705.72	22.543
706.03	22.712
706.35	22.867
706.67	23.181
706.99	23.367
707.30	23.540
707.62	23.762
707.94	23.910
708.26	24.089
708.57	24.184
708.89	24.434
709.21	24.587
709.53	24.745
709.84	24.882
710.16	25.136
710.48	25.293
710.79	25.542
711.11	25.745
711.43	25.904
711.74	26.097
712.06	26.399
712.38	26.512
712.69	26.711
713.01	26.969
713.33	27.218
713.64	27.401
713.96	27.667
714.28	27.849
714.59	28.178
714.91	28.473
715.23	28.670
715.54	28.906
715.86	29.245
716.17	29.634
716.49	29.917
716.81	30.231
717.12	30.455
717.44	30.691
717.76	30.945
718.07	31.062
718.39	31.341
718.70	31.703
719.02	31.942
719.33	32.113
719.65	32.302
719.97	32.440
720.28	32.605
720.60	32.852
720.91	33.199
721.23	33.442
721.54	33.791
721.86	34.049
722.17	34.144
722.49	34.420
722.81	34.671
723.12	34.877
723.44	35.118
723.75	35.469
724.07	35.591
724.38	35.719
724.70	35.825
725.01	35.946
725.33	36.065
725.64	36.246
725.96	36.425
726.27	36.404
726.59	36.598
726.90	36.790
727.22	36.610
727.53	36.756
727.84	36.869
728.16	36.986
728.47	37.095
728.79	37.236
729.10	37.387
729.42	37.374
729.73	37.641
730.05	37.671
730.36	37.710
730.67	38.033
730.99	38.079
731.30	38.235
731.62	38.287
731.93	38.331
732.24	38.381
732.56	38.564
732.87	38.794
733.19	38.992
733.50	39.050
733.81	39.215
734.13	39.321
734.44	39.604
734.76	39.633
735.07	39.981
735.38	40.260
735.70	40.612
736.01	40.702
736.32	40.798
736.64	41.023
736.95	41.240
737.26	41.263
737.58	41.424
737.89	41.575
738.20	41.766
738.52	41.906
738.83	41.895
739.14	41.766
739.45	41.794
739.77	41.917
740.08	41.806
740.39	41.997
740.71	42.232
741.02	42.220
741.33	42.233
741.64	42.316
741.96	42.282
742.27	42.384
742.58	42.738
742.90	42.919
743.21	42.939
743.52	43.142
743.83	43.035
744.14	43.159
744.46	43.350
744.77	43.460
745.08	43.490
745.39	43.399
745.71	43.468
746.02	43.126
746.33	43.137
746.64	43.103
746.95	42.994
747.27	43.087
747.58	42.979
747.89	42.932
748.20	42.788
748.51	42.753
748.82	42.803
749.14	42.868
749.45	42.883
749.76	42.848
750.07	42.776
750.38	42.864
750.69	42.789
751.01	42.809
751.32	42.759
751.63	42.846
751.94	42.806
752.25	42.712
752.56	42.562
752.87	42.644
753.18	42.755
753.49	42.777
753.81	42.776
754.12	42.616
754.43	42.547
754.74	42.537
755.05	42.441
755.36	42.600
755.67	42.874
755.98	43.070
756.29	43.303
756.60	43.384
756.91	43.637
757.22	43.826
757.53	44.170
757.84	44.465
758.15	44.887
758.46	45.186
758.77	45.222
759.09	45.270
759.40	45.255
759.71	45.346
760.02	45.176
760.33	45.136
760.64	45.098
760.95	45.094
761.26	44.887
761.57	44.609
761.88	44.440
762.18	44.345
762.49	44.205
762.80	44.183
763.11	43.971
763.42	43.907
763.73	43.833
764.04	43.685
764.35	43.466
764.66	43.331
764.97	43.244
765.28	43.214
765.59	42.988
765.90	42.874
766.21	42.412
766.52	42.225
766.83	42.135
767.14	41.858
767.44	41.579
767.75	41.385
768.06	41.307
768.37	40.886
768.68	40.663
768.99	40.614
769.30	40.407
769.61	40.455
769.91	40.409
770.22	40.225
770.53	39.948
770.84	39.861
771.15	39.870
771.46	39.558
771.77	39.785
772.07	39.525
772.38	39.434
772.69	39.242
773.00	39.249
773.31	38.985
773.61	38.918
773.92	38.987
774.23	38.845
774.54	38.711
774.85	38.650
775.15	38.561
775.46	38.703
775.77	38.812
776.08	38.982
776.39	38.999
776.69	39.074
777.00	39.054
777.31	39.203
777.62	39.317
777.92	39.098
778.23	39.269
778.54	39.361
778.85	39.233
779.15	39.111
779.46	39.088
779.77	39.058
780.07	39.063
780.38	39.226
780.69	38.886
781.00	38.809
781.30	38.726
781.61	38.523
781.92	38.267
782.22	38.357
782.53	38.353
782.84	38.296
783.14	38.625
783.45	38.470
783.76	38.742
784.06	38.931
784.37	39.022
784.68	39.219
784.98	39.469
785.29	39.625
785.60	39.667
785.90	39.676
786.21	39.735
786.51	39.503
786.82	39.666
787.13	39.736
787.43	39.945
787.74	40.181
788.04	40.478
788.35	40.721
788.66	40.722
788.96	40.559
789.27	40.679
789.57	40.618
789.88	40.492
790.19	40.388
790.49	40.002
790.80	39.795
791.10	39.283
791.41	39.145
791.71	38.813
792.02	38.667
792.32	38.627
792.63	38.403
792.93	38.366
793.24	38.421
793.54	38.605
793.85	38.766
794.15	38.921
794.46	39.341
794.76	39.025
795.07	39.103
795.37	39.303
795.68	39.630
795.98	40.015
796.29	40.426
796.59	40.489
796.90	40.451
797.20	40.254
797.51	39.964
797.81	39.688
798.12	40.159
798.42	40.183
798.72	40.404
799.03	40.331
799.33	39.907
799.64	39.752
799.94	39.920
800.25	39.908
800.55	40.127
800.85	40.628
801.16	41.039
801.46	40.477
801.77	40.336
802.07	40.184
802.37	39.967
802.68	40.138
802.98	39.831
803.28	39.829
803.59	40.226
803.89	40.143
804.20	40.059
804.50	39.552
804.80	39.867
805.11	40.131
805.41	39.970
805.71	40.126
806.02	40.379
806.32	40.448
806.62	40.355
806.93	40.221
807.23	40.513
807.53	40.398
807.83	40.852
808.14	41.272
808.44	41.446
808.74	41.585
809.05	41.403
809.35	41.070
809.65	41.345
809.95	41.625
810.26	40.969
810.56	41.136
810.86	41.113
811.16	41.336
811.47	41.598
811.77	42.194
812.07	42.361
812.37	42.454
812.68	43.029
812.98	42.759
813.28	42.621
813.58	43.517
813.88	42.913
814.19	43.500
814.49	43.563
814.79	43.453
815.09	42.829
815.39	42.517
815.70	43.157
816.00	42.770
816.30	42.874
816.60	43.100
816.90	43.154
817.20	43.736
817.50	43.940
817.81	43.892
818.11	43.993
818.41	44.250
818.71	44.428
819.01	44.387
819.31	44.709
819.61	45.041
819.92	45.270
820.22	45.493
820.52	45.514
820.82	45.626
821.12	45.903
821.42	45.999
821.72	46.057
822.02	46.350
822.32	46.557
822.62	46.642
822.92	46.641
823.22	46.611
823.52	46.601
823.83	46.644
824.13	46.594
824.43	46.393
824.73	46.456
825.03	46.441
825.33	46.250
825.63	46.128
825.93	45.918
826.23	45.884
826.53	45.829
826.83	45.623
827.13	45.651
827.43	45.504
827.73	45.483
828.03	45.280
828.33	45.267
828.63	45.069
828.93	44.856
829.23	44.744
829.53	44.578
829.83	44.611
830.13	44.813
830.42	44.593
830.72	44.410
831.02	44.492
831.32	44.447
831.62	44.416
831.92	44.291
832.22	44.364
832.52	44.296
832.82	44.301
833.12	44.323
833.42	44.007
833.72	44.094
834.01	44.456
834.31	44.459
834.61	44.633
834.91	44.861
835.21	45.306
835.51	45.468
835.81	45.560
836.11	45.884
836.40	45.792
836.70	46.278
837.00	46.493
837.30	46.000
837.60	46.253
837.90	45.823
838.19	44.949
838.49	44.349
838.79	44.471
839.09	44.625
839.39	44.288
839.68	44.100
839.98	43.037
840.28	41.958
840.58	42.431
840.88	41.858
841.17	41.618
841.47	42.530
841.77	42.507
842.07	42.617
842.36	42.704
842.66	42.096
842.96	41.595
843.26	42.418
843.55	42.314
843.85	41.714
844.15	40.230
844.45	39.836
844.74	39.545
845.04	39.424
845.34	37.356
845.63	37.153
845.93	37.133
846.23	38.448
846.53	39.176
846.82	40.121
847.12	41.138
847.42	41.028
847.71	41.114
848.01	40.567
848.31	40.663
848.60	40.765
848.90	40.393
849.19	40.352
849.49	39.342
849.79	38.390
850.08	38.892
850.38	37.551
850.68	40.131
850.97	41.089
851.27	40.461
851.56	40.427
851.86	40.907
852.16	40.618
852.45	40.246
852.75	40.339
853.04	42.193
853.34	41.842
853.64	41.633
853.93	39.804
854.23	39.655
854.52	40.603
854.82	40.468
855.11	40.632
855.41	42.432
855.70	42.371
856.00	42.485
856.30	41.926
856.59	41.982
856.89	43.363
857.18	44.155
857.48	44.064
857.77	43.263
858.07	43.087
858.36	41.486
858.66	40.308
858.95	41.608
859.25	41.857
859.54	39.997
859.84	40.836
860.13	38.766
860.42	39.053
860.72	38.602
861.01	38.712
861.31	39.920
861.60	42.424
861.90	43.753
862.19	42.434
862.49	41.946
862.78	42.700
863.07	41.640
863.37	42.690
863.66	41.354
863.96	42.669
864.25	43.037
864.54	43.062
864.84	41.920
865.13	40.569
865.43	41.995
865.72	44.958
866.01	56.158
866.31	41.575
866.60	36.755
866.89	47.996
