180.30	0.000
180.67	0.000
181.03	-46.783
181.40	472.190
181.77	679.969
182.14	22.882
182.51	-509.306
182.88	-230.299
183.25	-10.557
183.62	62.830
183.99	292.262
184.36	80.505
184.73	213.354
185.10	44.004
185.46	332.652
185.83	-178.808
186.20	368.932
186.57	82.153
186.94	80.009
187.31	59.147
187.68	105.216
188.05	51.351
188.42	46.358
188.78	115.080
189.15	320.649
189.52	-32.566
189.89	13.003
190.26	21.360
190.63	24.152
191.00	25.591
191.37	23.905
191.73	36.257
192.10	22.830
192.47	19.250
192.84	22.376
193.21	20.873
193.58	14.026
193.94	6.627
194.31	6.063
194.68	3.801
195.05	1.567
195.42	-1.801
195.79	-24.365
196.15	-36.230
196.52	-42.079
196.89	-65.301
197.26	-70.779
197.63	-35.718
198.00	-8.319
198.36	5.247
198.73	-13.345
199.10	-32.340
199.47	-33.428
199.84	-13.637
200.20	-11.510
200.57	-16.302
200.94	-18.747
201.31	-11.967
201.68	-35.694
202.04	-34.765
202.41	-31.842
202.78	-29.109
203.15	-27.300
203.51	-23.145
203.88	-19.747
204.25	-4.202
204.62	-8.503
204.98	6.305
205.35	2.367
205.72	19.229
206.09	6.897
206.46	-15.439
206.82	-25.941
207.19	-12.816
207.56	-21.152
207.92	-56.039
208.29	-68.272
208.66	-45.156
209.03	-43.200
209.39	-30.514
209.76	-28.868
210.13	-70.347
210.50	-54.236
210.86	-39.520
211.23	-49.743
211.60	-45.616
211.96	-24.779
212.33	-23.008
212.70	-20.453
213.07	-32.291
213.43	-77.044
213.80	-75.701
214.17	-40.410
214.53	-24.669
214.90	-18.606
215.27	-20.230
215.63	-26.145
216.00	-24.837
216.37	-25.145
216.74	-43.846
217.10	-31.786
217.47	-21.954
217.84	-18.748
218.20	-19.235
218.57	-18.490
218.94	-22.797
219.30	-21.673
219.67	-20.016
220.04	-14.077
220.40	-12.091
220.77	-10.684
221.13	-7.439
221.50	-3.701
221.87	2.035
222.23	-1.309
222.60	-3.928
222.97	-0.256
223.33	3.231
223.70	3.857
224.07	-1.507
224.43	-2.071
224.80	2.318
225.16	-0.761
225.53	-0.334
225.90	-4.063
226.26	-0.615
226.63	0.028
226.99	0.635
227.36	0.202
227.73	1.310
228.09	1.671
228.46	2.604
228.82	2.576
229.19	3.136
229.56	2.450
229.92	3.700
230.29	3.702
230.65	2.550
231.02	-0.253
231.38	-2.672
231.75	-4.250
232.12	-4.896
232.48	-7.729
232.85	-8.794
233.21	-8.434
233.58	-9.597
233.94	-9.788
234.31	-10.821
234.68	-10.765
235.04	-9.214
235.41	-6.643
235.77	-4.309
236.14	-3.691
236.50	-2.872
236.87	-2.196
237.23	-2.070
237.60	-2.833
237.96	-2.353
238.33	-3.136
238.69	-3.427
239.06	-3.167
239.42	-3.634
239.79	-4.307
240.15	-4.019
240.52	-3.199
240.88	-2.417
241.25	-2.447
241.61	-1.691
241.98	-1.696
242.34	-1.316
242.71	-0.706
243.07	-0.352
243.44	-0.437
243.80	-0.698
244.17	-0.822
244.53	-1.151
244.90	-1.396
245.26	-1.352
245.63	-1.437
245.99	-1.511
246.36	-1.571
246.72	-1.434
247.09	-1.841
247.45	-1.611
247.81	-1.185
248.18	-1.247
248.54	-1.002
248.91	-1.181
249.27	-0.895
249.64	-0.518
250.00	-0.333
250.36	-0.559
250.73	-0.858
251.09	-0.679
251.46	-0.846
251.82	-1.157
252.19	-1.139
252.55	-1.308
252.91	-0.848
253.28	-1.137
253.64	-1.757
254.01	-1.632
254.37	-0.827
254.73	-0.399
255.10	-0.163
255.46	0.412
255.83	0.452
256.19	0.817
256.55	0.722
256.92	0.739
257.28	0.710
257.65	1.039
258.01	1.066
258.37	1.005
258.74	0.826
259.10	0.714
259.46	0.623
259.83	0.675
260.19	0.461
260.55	0.624
260.92	0.500
261.28	0.474
261.64	0.389
262.01	0.491
262.37	0.616
262.73	0.785
263.10	1.101
263.46	0.964
263.82	0.667
264.19	0.838
264.55	0.460
264.91	0.441
265.28	0.125
265.64	-0.005
266.00	-0.301
266.37	-0.716
266.73	-0.907
267.09	-1.012
267.46	-1.204
267.82	-1.253
268.18	-1.207
268.54	-0.818
268.91	-0.796
269.27	-0.402
269.63	-0.264
270.00	-0.243
270.36	-0.255
270.72	-0.074
271.08	-0.135
271.45	-0.039
271.81	0.072
272.17	-0.142
272.53	-0.346
272.90	-0.262
273.26	-0.306
273.62	-0.454
273.98	-0.579
274.35	-0.521
274.71	-0.620
275.07	-0.441
275.43	-0.449
275.80	-0.418
276.16	-0.436
276.52	-0.556
276.88	-0.777
277.25	-0.983
277.61	-1.102
277.97	-1.067
278.33	-0.934
278.69	-1.147
279.06	-1.345
279.42	-1.176
279.78	-1.145
280.14	-0.889
280.50	-0.880
280.87	-0.912
281.23	-0.847
281.59	-0.582
281.95	-0.312
282.31	-0.207
282.68	-0.142
283.04	-0.091
283.40	-0.024
283.76	0.115
284.12	0.136
284.48	0.336
284.85	0.464
285.21	0.532
285.57	0.431
285.93	0.344
286.29	0.227
286.65	0.339
287.02	0.648
287.38	0.590
287.74	0.473
288.10	0.257
288.46	0.195
288.82	0.200
289.18	0.217
289.54	0.241
289.91	0.167
290.27	0.228
290.63	0.339
290.99	0.119
291.35	0.116
291.71	0.148
292.07	0.115
292.43	-0.068
292.79	-0.088
293.16	-0.224
293.52	-0.152
293.88	-0.028
294.24	-0.103
294.60	-0.270
294.96	-0.389
295.32	-0.369
295.68	-0.307
296.04	-0.163
296.40	-0.041
296.76	-0.046
297.12	-0.013
297.49	-0.136
297.85	-0.268
298.21	-0.239
298.57	-0.277
298.93	-0.278
299.29	-0.531
299.65	-0.460
300.01	-0.498
300.37	-0.577
300.73	-0.352
301.09	-0.179
301.45	-0.046
301.81	0.100
302.17	0.127
302.53	0.168
302.89	0.157
303.25	0.453
303.61	0.388
303.97	0.383
304.33	0.547
304.69	0.425
305.05	0.319
305.41	0.251
305.77	0.186
306.13	0.163
306.49	0.164
306.85	0.210
307.21	0.101
307.57	0.023
307.93	-0.005
308.29	-0.014
308.65	-0.064
309.01	-0.095
309.37	-0.148
309.73	-0.110
310.09	0.126
310.45	0.185
310.81	0.219
311.17	0.230
311.53	0.219
311.89	0.255
312.25	0.208
312.61	0.220
312.96	0.277
313.32	0.377
313.68	0.315
314.04	0.095
314.40	0.125
314.76	0.082
315.12	0.041
315.48	0.056
315.84	0.041
316.20	0.101
316.56	0.092
316.92	-0.009
317.27	-0.075
317.63	-0.072
317.99	-0.164
318.35	-0.230
318.71	-0.263
319.07	-0.196
319.43	-0.203
319.79	-0.094
320.15	-0.193
320.50	-0.195
320.86	-0.117
321.22	-0.190
321.58	-0.243
321.94	-0.146
322.30	-0.169
322.66	-0.114
323.01	-0.142
323.37	-0.117
323.73	-0.188
324.09	-0.158
324.45	-0.073
324.81	-0.103
325.17	0.033
325.52	0.072
325.88	-0.020
326.24	-0.060
326.60	-0.036
326.96	-0.002
327.31	-0.015
327.67	-0.157
328.03	-0.181
328.39	-0.286
328.75	-0.240
329.11	-0.226
329.46	-0.137
329.82	-0.023
330.18	0.054
330.54	-0.038
330.90	-0.076
331.25	-0.146
331.61	0.032
331.97	0.090
332.33	0.142
332.68	0.177
333.04	0.159
333.40	0.028
333.76	-0.023
334.11	-0.093
334.47	-0.113
334.83	-0.158
335.19	-0.206
335.54	-0.193
335.90	-0.199
336.26	-0.248
336.62	-0.304
336.97	-0.297
337.33	-0.293
337.69	-0.303
338.05	-0.340
338.40	-0.309
338.76	-0.237
339.12	-0.082
339.48	-0.131
339.83	-0.181
340.19	-0.202
340.55	-0.195
340.90	-0.245
341.26	-0.229
341.62	-0.232
341.97	-0.179
342.33	-0.142
342.69	-0.131
343.04	-0.176
343.40	-0.258
343.76	-0.286
344.12	-0.212
344.47	-0.204
344.83	-0.151
345.19	-0.065
345.54	0.022
345.90	0.071
346.26	0.138
346.61	0.113
346.97	0.106
347.32	0.165
347.68	0.218
348.04	0.167
348.39	0.153
348.75	0.132
349.11	0.118
349.46	0.075
349.82	0.106
350.18	0.049
350.53	0.090
350.89	0.088
351.24	0.071
351.60	0.105
351.96	0.195
352.31	0.217
352.67	0.304
353.02	0.317
353.38	0.335
353.74	0.364
354.09	0.378
354.45	0.412
354.80	0.508
355.16	0.637
355.52	0.678
355.87	0.662
356.23	0.719
356.58	0.736
356.94	0.780
357.29	0.870
357.65	0.934
358.00	1.018
358.36	1.047
358.72	1.049
359.07	1.072
359.43	1.119
359.78	1.194
360.14	1.226
360.49	1.215
360.85	1.237
361.20	1.226
361.56	1.215
361.91	1.247
362.27	1.290
362.62	1.351
362.98	1.413
363.33	1.459
363.69	1.480
364.04	1.523
364.40	1.564
364.75	1.589
365.11	1.564
365.46	1.586
365.82	1.651
366.17	1.699
366.53	1.731
366.88	1.746
367.24	1.767
367.59	1.775
367.95	1.862
368.30	1.893
368.66	1.946
369.01	1.990
369.37	2.025
369.72	2.046
370.08	2.100
370.43	2.130
370.78	2.155
371.14	2.177
371.49	2.223
371.85	2.203
372.20	2.264
372.56	2.314
372.91	2.386
373.26	2.466
373.62	2.426
373.97	2.438
374.33	2.422
374.68	2.438
375.03	2.457
375.39	2.424
375.74	2.415
376.10	2.414
376.45	2.439
376.80	2.483
377.16	2.451
377.51	2.526
377.87	2.557
378.22	2.581
378.57	2.578
378.93	2.619
379.28	2.737
379.63	2.778
379.99	2.819
380.34	2.821
380.70	2.794
381.05	2.836
381.40	2.866
381.76	2.856
382.11	2.874
382.46	2.955
382.82	2.973
383.17	2.915
383.52	2.914
383.88	2.905
384.23	2.957
384.58	3.025
384.94	3.029
385.29	3.056
385.64	3.124
385.99	3.182
386.35	3.152
386.70	3.159
387.05	3.180
387.41	3.235
387.76	3.221
388.11	3.200
388.47	3.177
388.82	3.208
389.17	3.206
389.52	3.199
389.88	3.204
390.23	3.248
390.58	3.303
390.93	3.366
391.29	3.394
391.64	3.454
391.99	3.512
392.34	3.585
392.70	3.593
393.05	3.615
393.40	3.623
393.75	3.644
394.11	3.677
394.46	3.659
394.81	3.649
395.16	3.622
395.52	3.622
395.87	3.615
396.22	3.629
396.57	3.628
396.92	3.607
397.28	3.623
397.63	3.649
397.98	3.652
398.33	3.657
398.68	3.669
399.04	3.696
399.39	3.715
399.74	3.708
400.09	3.687
400.44	3.706
400.80	3.742
401.15	3.718
401.50	3.702
401.85	3.697
402.20	3.700
402.55	3.707
402.90	3.696
403.26	3.680
403.61	3.669
403.96	3.635
404.31	3.628
404.66	3.614
405.01	3.621
405.36	3.645
405.72	3.631
406.07	3.648
406.42	3.629
406.77	3.620
407.12	3.644
407.47	3.665
407.82	3.699
408.17	3.691
408.53	3.695
408.88	3.670
409.23	3.636
409.58	3.610
409.93	3.626
410.28	3.667
410.63	3.662
410.98	3.658
411.33	3.654
411.68	3.665
412.03	3.715
412.38	3.678
412.73	3.739
413.09	3.782
413.44	3.816
413.79	3.791
414.14	3.787
414.49	3.826
414.84	3.863
415.19	3.873
415.54	3.908
415.89	3.903
416.24	3.951
416.59	3.954
416.94	3.957
417.29	3.972
417.64	3.983
417.99	4.006
418.34	4.015
418.69	4.026
419.04	4.037
419.39	4.034
419.74	4.043
420.09	4.054
420.44	4.058
420.79	4.069
421.14	4.083
421.49	4.100
421.84	4.092
422.19	4.107
422.54	4.094
422.89	4.090
423.24	4.076
423.59	4.066
423.94	4.046
424.29	4.043
424.64	4.027
424.99	3.997
425.34	3.979
425.68	3.990
426.03	3.939
426.38	3.943
426.73	3.937
427.08	3.938
427.43	3.969
427.78	3.981
428.13	3.961
428.48	3.979
428.83	3.988
429.18	3.997
429.53	3.966
429.87	3.991
430.22	3.976
430.57	4.005
430.92	4.005
431.27	3.984
431.62	3.967
431.97	3.984
432.32	3.961
432.67	3.963
433.01	3.939
433.36	3.934
433.71	3.936
434.06	3.933
434.41	3.901
434.76	3.902
435.11	3.920
435.45	3.939
435.80	3.943
436.15	3.965
436.50	3.982
436.85	4.006
437.20	4.010
437.54	3.993
437.89	3.995
438.24	4.001
438.59	4.008
438.94	3.999
439.29	3.987
439.63	4.006
439.98	3.995
440.33	3.985
440.68	3.988
441.03	4.014
441.37	4.053
441.72	4.085
442.07	4.093
442.42	4.103
442.76	4.118
443.11	4.130
443.46	4.133
443.81	4.150
444.16	4.172
444.50	4.176
444.85	4.179
445.20	4.181
445.55	4.174
445.89	4.203
446.24	4.217
446.59	4.221
446.94	4.233
447.28	4.231
447.63	4.245
447.98	4.248
448.32	4.267
448.67	4.268
449.02	4.263
449.37	4.266
449.71	4.274
450.06	4.271
450.41	4.291
450.75	4.299
451.10	4.314
451.45	4.306
451.79	4.313
452.14	4.301
452.49	4.320
452.84	4.325
453.18	4.341
453.53	4.308
453.88	4.312
454.22	4.296
454.57	4.312
454.92	4.308
455.26	4.330
455.61	4.361
455.95	4.404
456.30	4.416
456.65	4.446
456.99	4.463
457.34	4.505
457.69	4.524
458.03	4.537
458.38	4.561
458.73	4.582
459.07	4.572
459.42	4.552
459.76	4.521
460.11	4.509
460.46	4.493
460.80	4.471
461.15	4.441
461.49	4.417
461.84	4.431
462.19	4.390
462.53	4.379
462.88	4.392
463.22	4.388
463.57	4.387
463.91	4.388
464.26	4.391
464.61	4.388
464.95	4.379
465.30	4.382
465.64	4.369
465.99	4.382
466.33	4.380
466.68	4.380
467.02	4.382
467.37	4.386
467.71	4.378
468.06	4.368
468.41	4.370
468.75	4.374
469.10	4.380
469.44	4.370
469.79	4.345
470.13	4.320
470.48	4.298
470.82	4.292
471.17	4.299
471.51	4.288
471.86	4.288
472.20	4.283
472.55	4.291
472.89	4.286
473.23	4.267
473.58	4.271
473.92	4.274
474.27	4.265
474.61	4.258
474.96	4.252
475.30	4.265
475.65	4.250
475.99	4.240
476.34	4.223
476.68	4.221
477.02	4.231
477.37	4.237
477.71	4.271
478.06	4.306
478.40	4.374
478.75	4.442
479.09	4.526
479.43	4.629
479.78	4.753
480.12	4.883
480.47	5.008
480.81	5.130
481.15	5.251
481.50	5.364
481.84	5.498
482.19	5.619
482.53	5.736
482.87	5.808
483.22	5.814
483.56	5.758
483.90	5.663
484.25	5.554
484.59	5.429
484.94	5.322
485.28	5.218
485.62	5.094
485.97	4.961
486.31	4.848
486.65	4.767
487.00	4.748
487.34	4.772
487.68	4.811
488.03	4.856
488.37	4.908
488.71	4.934
489.06	4.946
489.40	4.956
489.74	4.968
490.09	4.967
490.43	4.970
490.77	4.951
491.11	4.929
491.46	4.929
491.80	4.912
492.14	4.896
492.49	4.887
492.83	4.871
493.17	4.856
493.51	4.854
493.86	4.841
494.20	4.836
494.54	4.850
494.88	4.881
495.23	4.896
495.57	4.942
495.91	4.993
496.25	5.042
496.60	5.096
496.94	5.140
497.28	5.180
497.62	5.236
497.97	5.288
498.31	5.349
498.65	5.395
498.99	5.438
499.33	5.506
499.68	5.571
500.02	5.630
500.36	5.687
500.70	5.758
501.04	5.817
501.39	5.872
501.73	5.939
502.07	6.022
502.41	6.104
502.75	6.213
503.09	6.288
503.44	6.368
503.78	6.458
504.12	6.546
504.46	6.632
504.80	6.733
505.14	6.834
505.49	6.932
505.83	7.005
506.17	7.106
506.51	7.186
506.85	7.287
507.19	7.375
507.53	7.452
507.87	7.552
508.22	7.635
508.56	7.714
508.90	7.793
509.24	7.883
509.58	7.993
509.92	8.090
510.26	8.194
510.60	8.282
510.94	8.401
511.28	8.500
511.63	8.609
511.97	8.724
512.31	8.871
512.65	9.009
512.99	9.138
513.33	9.290
513.67	9.445
514.01	9.606
514.35	9.765
514.69	9.908
515.03	10.064
515.37	10.212
515.71	10.356
516.05	10.472
516.39	10.582
516.73	10.705
517.07	10.798
517.41	10.887
517.75	10.963
518.09	11.040
518.43	11.135
518.77	11.229
519.11	11.313
519.45	11.402
519.79	11.511
520.13	11.628
520.47	11.738
520.81	11.859
521.15	11.999
521.49	12.146
521.83	12.293
522.17	12.402
522.51	12.544
522.85	12.700
523.19	12.877
523.53	13.049
523.87	13.260
524.21	13.469
524.55	13.681
524.89	13.862
525.23	14.049
525.57	14.185
525.91	14.333
526.25	14.457
526.58	14.591
526.92	14.691
527.26	14.774
527.60	14.809
527.94	14.832
528.28	14.825
528.62	14.814
528.96	14.794
529.30	14.791
529.64	14.772
529.97	14.754
530.31	14.717
530.65	14.702
530.99	14.700
531.33	14.728
531.67	14.741
532.01	14.768
532.35	14.798
532.68	14.806
533.02	14.803
533.36	14.800
533.70	14.822
534.04	14.806
534.38	14.800
534.71	14.784
535.05	14.787
535.39	14.806
535.73	14.821
536.07	14.827
536.41	14.863
536.74	14.915
537.08	14.959
537.42	15.003
537.76	15.058
538.10	15.112
538.43	15.188
538.77	15.241
539.11	15.301
539.45	15.341
539.79	15.403
540.12	15.433
540.46	15.455
540.80	15.475
541.14	15.467
541.47	15.447
541.81	15.424
542.15	15.395
542.49	15.346
542.82	15.289
543.16	15.253
543.50	15.212
543.84	15.176
544.17	15.144
544.51	15.148
544.85	15.131
545.18	15.153
545.52	15.164
545.86	15.154
546.20	15.175
546.53	15.187
546.87	15.189
547.21	15.174
547.54	15.162
547.88	15.171
548.22	15.139
548.55	15.134
548.89	15.130
549.23	15.117
549.56	15.108
549.90	15.115
550.24	15.128
550.57	15.133
550.91	15.116
551.25	15.119
551.58	15.124
551.92	15.126
552.26	15.115
552.59	15.104
552.93	15.093
553.27	15.098
553.60	15.080
553.94	15.035
554.27	15.020
554.61	15.035
554.95	15.011
555.28	14.983
555.62	14.954
555.95	14.956
556.29	14.918
556.63	14.903
556.96	14.862
557.30	14.797
557.63	14.768
557.97	14.718
558.31	14.650
558.64	14.617
558.98	14.576
559.31	14.557
559.65	14.484
559.98	14.450
560.32	14.417
560.65	14.366
560.99	14.331
561.33	14.304
561.66	14.253
562.00	14.211
562.33	14.147
562.67	14.089
563.00	13.996
563.34	13.987
563.67	13.946
564.01	13.891
564.34	13.841
564.68	13.793
565.01	13.720
565.35	13.678
565.68	13.612
566.02	13.549
566.35	13.487
566.69	13.433
567.02	13.338
567.36	13.253
567.69	13.178
568.03	13.117
568.36	13.023
568.69	12.933
569.03	12.883
569.36	12.821
569.70	12.756
570.03	12.697
570.37	12.636
570.70	12.578
571.04	12.519
571.37	12.473
571.70	12.399
572.04	12.352
572.37	12.322
572.71	12.246
573.04	12.194
573.37	12.158
573.71	12.109
574.04	12.053
574.38	12.000
574.71	11.950
575.04	11.883
575.38	11.843
575.71	11.791
576.05	11.704
576.38	11.649
576.71	11.566
577.05	11.493
577.38	11.425
577.71	11.365
578.05	11.303
578.38	11.255
578.71	11.186
579.05	11.140
579.38	11.075
579.71	11.048
580.05	10.971
580.38	10.947
580.71	10.903
581.05	10.873
581.38	10.839
581.71	10.811
582.05	10.770
582.38	10.742
582.71	10.678
583.04	10.681
583.38	10.637
583.71	10.644
584.04	10.617
584.38	10.607
584.71	10.571
585.04	10.543
585.37	10.506
585.71	10.473
586.04	10.444
586.37	10.455
586.70	10.419
587.04	10.411
587.37	10.376
587.70	10.338
588.03	10.292
588.37	10.269
588.70	10.256
589.03	10.230
589.36	10.215
589.69	10.184
590.03	10.151
590.36	10.133
590.69	10.099
591.02	10.046
591.35	10.038
591.69	9.999
592.02	9.977
592.35	9.942
592.68	9.932
593.01	9.907
593.35	9.884
593.68	9.862
594.01	9.836
594.34	9.809
594.67	9.798
595.00	9.754
595.34	9.730
595.67	9.693
596.00	9.654
596.33	9.603
596.66	9.579
596.99	9.528
597.32	9.456
597.65	9.414
597.99	9.366
598.32	9.335
598.65	9.292
598.98	9.272
599.31	9.238
599.64	9.250
599.97	9.216
600.30	9.171
600.63	9.163
600.96	9.157
601.30	9.134
601.63	9.138
601.96	9.124
602.29	9.119
602.62	9.089
602.95	9.081
603.28	9.027
603.61	9.011
603.94	8.980
604.27	8.969
604.60	8.928
604.93	8.923
605.26	8.882
605.59	8.828
605.92	8.783
606.25	8.742
606.58	8.720
606.91	8.675
607.24	8.645
607.57	8.614
607.90	8.567
608.23	8.522
608.56	8.461
608.89	8.412
609.22	8.374
609.55	8.352
609.88	8.307
610.21	8.233
610.54	8.179
610.87	8.140
611.20	8.085
611.53	8.020
611.86	7.977
612.19	7.901
612.52	7.842
612.85	7.813
613.18	7.770
613.51	7.726
613.84	7.660
614.17	7.640
614.49	7.615
614.82	7.560
615.15	7.520
615.48	7.506
615.81	7.468
616.14	7.477
616.47	7.429
616.80	7.349
617.13	7.338
617.46	7.312
617.78	7.280
618.11	7.214
618.44	7.181
618.77	7.154
619.10	7.102
619.43	7.086
619.76	7.007
620.09	6.997
620.41	6.982
620.74	6.949
621.07	6.975
621.40	6.990
621.73	7.015
622.06	7.048
622.38	7.058
622.71	7.079
623.04	7.080
623.37	7.142
623.70	7.152
624.02	7.194
624.35	7.227
624.68	7.212
625.01	7.201
625.34	7.223
625.66	7.228
625.99	7.251
626.32	7.230
626.65	7.263
626.98	7.235
627.30	7.213
627.63	7.188
627.96	7.141
628.29	7.080
628.61	7.013
628.94	6.931
629.27	6.861
629.60	6.788
629.92	6.798
630.25	6.730
630.58	6.706
630.91	6.685
631.23	6.664
631.56	6.667
631.89	6.639
632.21	6.634
632.54	6.602
632.87	6.570
633.19	6.520
633.52	6.454
633.85	6.429
634.18	6.345
634.50	6.277
634.83	6.218
635.16	6.117
635.48	6.073
635.81	6.010
636.14	5.944
636.46	5.870
636.79	5.839
637.11	5.751
637.44	5.615
637.77	5.531
638.09	5.455
638.42	5.330
638.75	5.259
639.07	5.189
639.40	5.099
639.73	5.047
640.05	4.995
640.38	4.916
640.70	4.846
641.03	4.835
641.36	4.798
641.68	4.742
642.01	4.727
642.33	4.684
642.66	4.664
642.98	4.612
643.31	4.540
643.64	4.518
643.96	4.499
644.29	4.476
644.61	4.435
644.94	4.407
645.26	4.405
645.59	4.397
645.91	4.374
646.24	4.359
646.56	4.365
646.89	4.367
647.22	4.344
647.54	4.328
647.87	4.333
648.19	4.306
648.52	4.289
648.84	4.258
649.17	4.219
649.49	4.205
649.82	4.170
650.14	4.138
650.47	4.132
650.79	4.124
651.11	4.079
651.44	4.055
651.76	4.065
652.09	4.065
652.41	4.102
652.74	4.101
653.06	4.087
653.39	4.154
653.71	4.208
654.04	4.182
654.36	4.180
654.68	4.233
655.01	4.272
655.33	4.290
655.66	4.301
655.98	4.290
656.30	4.272
656.63	4.308
656.95	4.279
657.28	4.220
657.60	4.240
657.92	4.230
658.25	4.189
658.57	4.149
658.90	4.116
659.22	4.099
659.54	4.065
659.87	4.089
660.19	4.035
660.51	4.002
660.84	4.004
661.16	3.971
661.48	3.960
661.81	3.903
662.13	3.868
662.45	3.910
662.78	3.933
663.10	3.947
663.42	3.959
663.75	4.007
664.07	3.997
664.39	4.022
664.72	4.045
665.04	4.061
665.36	4.178
665.69	4.263
666.01	4.294
666.33	4.345
666.65	4.368
666.98	4.472
667.30	4.558
667.62	4.678
667.94	4.743
668.27	4.847
668.59	4.942
668.91	5.034
669.23	5.147
669.56	5.240
669.88	5.353
670.20	5.492
670.52	5.564
670.85	5.633
671.17	5.728
671.49	5.903
671.81	6.015
672.13	6.171
672.46	6.358
672.78	6.512
673.10	6.682
673.42	6.823
673.74	6.985
674.07	7.144
674.39	7.376
674.71	7.515
675.03	7.698
675.35	7.919
675.67	8.050
676.00	8.167
676.32	8.308
676.64	8.415
676.96	8.552
677.28	8.709
677.60	8.864
677.92	8.972
678.25	9.144
678.57	9.265
678.89	9.364
679.21	9.549
679.53	9.717
679.85	9.868
680.17	10.070
680.49	10.282
680.81	10.450
681.13	10.616
681.46	10.901
681.78	11.179
682.10	11.404
682.42	11.646
682.74	11.933
683.06	12.168
683.38	12.405
683.70	12.685
684.02	12.935
684.34	13.194
684.66	13.456
684.98	13.609
685.30	13.763
685.62	13.939
685.94	14.170
686.26	14.330
686.58	14.458
686.90	14.642
687.22	14.717
687.54	14.840
687.86	14.948
688.18	15.073
688.50	15.209
688.82	15.348
689.14	15.507
689.46	15.680
689.78	15.763
690.10	15.960
690.42	16.106
690.74	16.372
691.06	16.556
691.38	16.694
691.70	16.903
692.02	17.095
692.34	17.275
692.66	17.505
692.98	17.631
693.30	17.827
693.62	17.991
693.94	18.148
694.26	18.199
694.57	18.232
694.89	18.412
695.21	18.453
695.53	18.556
695.85	18.626
696.17	18.678
696.49	18.805
696.81	18.942
697.13	19.039
697.44	19.167
697.76	19.352
698.08	19.671
698.40	19.906
698.72	20.186
699.04	20.465
699.36	20.804
699.67	21.142
699.99	21.486
700.31	21.814
700.63	22.182
700.95	22.633
701.27	22.993
701.58	23.248
701.90	23.543
702.22	23.877
702.54	24.040
702.86	24.292
703.17	24.497
703.49	24.686
703.81	24.929
704.13	25.126
704.45	25.267
704.76	25.403
705.08	25.576
705.40	25.729
705.72	25.882
706.03	26.036
706.35	26.112
706.67	26.376
706.99	26.468
707.30	26.627
707.62	26.829
707.94	27.017
708.26	27.195
708.57	27.337
708.89	27.467
709.21	27.620
709.53	27.866
709.84	28.106
710.16	28.199
710.48	28.441
710.79	28.644
711.11	28.782
711.43	28.898
711.74	29.099
712.06	29.330
712.38	29.598
712.69	29.719
713.01	29.958
713.33	30.208
713.64	30.510
713.96	30.760
714.28	31.087
714.59	31.360
714.91	31.678
715.23	31.987
715.54	32.247
715.86	32.505
716.17	32.890
716.49	33.201
716.81	33.471
717.12	33.727
717.44	34.028
717.76	34.226
718.07	34.534
718.39	34.811
718.70	35.006
719.02	35.196
719.33	35.418
719.65	35.525
719.97	35.633
720.28	35.843
720.60	36.031
720.91	36.260
721.23	36.494
721.54	36.701
721.86	36.862
722.17	37.185
722.49	37.440
722.81	37.647
723.12	38.016
723.44	38.269
723.75	38.434
724.07	38.651
724.38	38.859
724.70	38.987
725.01	39.079
725.33	39.169
725.64	39.200
725.96	39.352
726.27	39.380
726.59	39.531
726.90	39.720
727.22	39.743
727.53	39.879
727.84	40.032
728.16	40.122
728.47	40.262
728.79	40.434
729.10	40.623
729.42	40.703
729.73	40.863
730.05	40.920
730.36	41.021
730.67	41.326
730.99	41.448
731.30	41.457
731.62	41.666
731.93	41.836
732.24	41.962
732.56	42.039
732.87	42.286
733.19	42.518
733.50	42.605
733.81	42.668
734.13	42.780
734.44	42.888
734.76	43.047
735.07	43.177
735.38	43.419
735.70	43.718
736.01	43.868
736.32	43.937
736.64	44.270
736.95	44.480
737.26	44.593
737.58	44.601
737.89	44.779
738.20	44.870
738.52	45.033
738.83	45.045
739.14	44.963
739.45	45.051
739.77	45.173
740.08	45.133
740.39	45.396
740.71	45.503
741.02	45.669
741.33	45.535
741.64	45.642
741.96	45.576
742.27	45.557
742.58	45.750
742.90	45.817
743.21	45.779
743.52	45.654
743.83	45.464
744.14	45.533
744.46	45.604
744.77	45.851
745.08	45.697
745.39	45.840
745.71	45.937
746.02	45.899
746.33	45.985
746.64	46.042
746.95	46.207
747.27	46.318
747.58	46.301
747.89	46.172
748.20	46.081
748.51	46.269
748.82	46.124
749.14	46.068
749.45	46.128
749.76	46.160
750.07	46.140
750.38	46.078
750.69	45.880
751.01	45.852
751.32	45.900
751.63	45.989
751.94	45.824
752.25	45.780
752.56	45.672
752.87	45.527
753.18	45.452
753.49	45.375
753.81	45.447
754.12	45.486
754.43	45.501
754.74	45.511
755.05	45.462
755.36	45.451
755.67	45.546
755.98	45.947
756.29	46.024
756.60	46.156
756.91	46.450
757.22	46.442
757.53	46.679
757.84	46.947
758.15	47.195
758.46	47.456
758.77	47.557
759.09	47.542
759.40	47.376
759.71	47.481
760.02	47.386
760.33	47.265
760.64	47.103
760.95	47.003
761.26	46.898
761.57	46.751
761.88	46.526
762.18	46.535
762.49	46.522
762.80	46.347
763.11	46.194
763.42	46.105
763.73	45.966
764.04	46.017
764.35	45.959
764.66	45.796
764.97	45.614
765.28	45.462
765.59	45.249
765.90	44.890
766.21	44.757
766.52	44.549
766.83	44.273
767.14	44.082
767.44	43.800
767.75	43.383
768.06	43.165
768.37	43.004
768.68	42.938
768.99	42.752
769.30	42.700
769.61	42.495
769.91	42.451
770.22	42.112
770.53	41.977
770.84	41.871
771.15	41.776
771.46	41.453
771.77	41.515
772.07	41.315
772.38	41.365
772.69	41.347
773.00	41.693
773.31	41.573
773.61	41.847
773.92	41.857
774.23	41.831
774.54	41.897
774.85	41.992
775.15	41.701
775.46	41.801
775.77	41.745
776.08	41.750
776.39	41.180
776.69	41.220
777.00	41.126
777.31	41.411
777.62	41.347
777.92	41.324
778.23	41.598
778.54	41.577
778.85	41.518
779.15	41.209
779.46	41.082
779.77	41.417
780.07	41.400
780.38	41.700
780.69	41.300
781.00	41.214
781.30	41.082
781.61	40.689
781.92	40.733
782.22	40.858
782.53	40.994
782.84	41.314
783.14	41.261
783.45	41.228
783.76	41.318
784.06	41.480
784.37	41.547
784.68	41.543
784.98	41.668
785.29	41.720
785.60	41.530
785.90	41.853
786.21	41.490
786.51	41.583
786.82	41.514
787.13	41.502
787.43	41.378
787.74	41.452
788.04	41.908
788.35	42.135
788.66	42.401
788.96	42.726
789.27	42.506
789.57	42.407
789.88	42.295
790.19	42.160
790.49	41.871
790.80	42.017
791.10	41.936
791.41	41.494
791.71	41.449
792.02	40.888
792.32	40.511
792.63	40.517
792.93	40.882
793.24	40.801
793.54	41.125
793.85	41.210
794.15	41.219
794.46	41.436
794.76	41.573
795.07	41.535
795.37	41.848
795.68	41.871
795.98	42.097
796.29	42.627
796.59	42.605
796.90	42.684
797.20	42.852
797.51	42.694
797.81	42.215
798.12	42.126
798.42	41.969
798.72	42.128
799.03	42.215
799.33	42.292
799.64	41.798
799.94	42.269
800.25	41.734
800.55	41.481
800.85	41.698
801.16	42.086
801.46	42.062
801.77	41.949
802.07	42.236
802.37	42.293
802.68	41.805
802.98	41.774
803.28	41.520
803.59	41.935
803.89	42.106
804.20	42.039
804.50	41.967
804.80	42.185
805.11	42.745
805.41	42.090
805.71	42.097
806.02	42.121
806.32	42.012
806.62	42.376
806.93	42.592
807.23	42.933
807.53	43.051
807.83	43.389
808.14	43.444
808.44	43.190
808.74	43.217
809.05	42.757
809.35	43.164
809.65	43.708
809.95	43.622
810.26	43.434
810.56	42.920
810.86	42.971
811.16	43.024
811.47	43.468
811.77	43.973
812.07	43.915
812.37	44.444
812.68	44.664
812.98	44.605
813.28	44.788
813.58	45.721
813.88	45.659
814.19	46.058
814.49	46.365
814.79	46.098
815.09	45.877
815.39	46.290
815.70	46.512
816.00	46.495
816.30	46.392
816.60	45.988
816.90	45.483
817.20	45.690
817.50	45.939
817.81	45.518
818.11	45.569
818.41	45.722
818.71	45.819
819.01	45.946
819.31	46.152
819.61	46.363
819.92	46.700
820.22	47.001
820.52	47.238
820.82	47.418
821.12	47.716
821.42	47.997
821.72	48.147
822.02	48.448
822.32	48.759
822.62	48.931
822.92	49.169
823.22	49.329
823.52	49.436
823.83	49.572
824.13	49.471
824.43	49.421
824.73	49.387
825.03	49.288
825.33	49.202
825.63	49.010
825.93	48.956
826.23	48.628
826.53	48.491
826.83	48.410
827.13	48.535
827.43	48.723
827.73	49.030
828.03	49.178
828.33	49.558
828.63	49.518
828.93	49.646
829.23	49.604
829.53	49.807
829.83	49.691
830.13	49.292
830.42	48.816
830.72	48.442
831.02	47.817
831.32	47.432
831.62	47.632
831.92	47.496
832.22	47.517
832.52	47.449
832.82	47.414
833.12	47.269
833.42	47.343
833.72	47.379
834.01	47.524
834.31	47.704
834.61	47.826
834.91	47.829
835.21	48.008
835.51	47.730
835.81	47.726
836.11	47.801
836.40	48.093
836.70	48.090
837.00	47.721
837.30	47.582
837.60	47.780
837.90	47.599
838.19	46.896
838.49	47.349
838.79	46.974
839.09	47.163
839.39	47.150
839.68	46.903
839.98	46.948
840.28	46.734
840.58	46.889
840.88	46.957
841.17	47.600
841.47	47.789
841.77	47.133
842.07	47.562
842.36	47.191
842.66	46.666
842.96	46.137
843.26	45.499
843.55	46.080
843.85	45.829
844.15	44.948
844.45	43.719
844.74	43.844
845.04	42.345
845.34	40.867
845.63	40.539
845.93	41.791
846.23	43.312
846.53	44.492
846.82	44.870
847.12	45.055
847.42	45.943
847.71	45.475
848.01	44.434
848.31	45.432
848.60	47.101
848.90	47.020
849.19	45.794
849.49	44.722
849.79	44.667
850.08	43.984
850.38	42.866
850.68	41.330
850.97	43.873
851.27	45.117
851.56	46.406
851.86	46.889
852.16	48.619
852.45	48.740
852.75	48.891
853.04	48.761
853.34	48.804
853.64	50.226
853.93	51.015
854.23	49.055
854.52	48.035
854.82	46.450
855.11	45.548
855.41	44.486
855.70	44.044
856.00	43.368
856.30	42.901
856.59	42.640
856.89	42.550
857.18	44.497
857.48	43.741
857.77	43.032
858.07	42.935
858.36	41.578
858.66	40.945
858.95	40.845
859.25	41.942
859.54	41.740
859.84	40.996
860.13	40.297
860.42	38.984
860.72	37.931
861.01	38.720
861.31	39.855
861.60	41.419
861.90	41.942
862.19	43.004
862.49	42.596
862.78	44.053
863.07	44.625
863.37	45.050
863.66	44.330
863.96	48.278
864.25	48.894
864.54	49.000
864.84	49.516
865.13	48.200
865.43	47.119
865.72	52.054
866.01	51.978
866.31	52.887
866.60	30.807
866.89	33.514
