180.30	0.000
180.67	0.000
181.03	-12.709
181.40	226.571
181.77	-5914.602
182.14	33.277
182.51	-952.341
182.88	-81.465
183.25	74.856
183.62	75.415
183.99	161.266
184.36	-8.388
184.73	151.330
185.10	24.346
185.46	-373.494
185.83	-569.111
186.20	1655.322
186.57	-3.660
186.94	115.519
187.31	-3.093
187.68	45.926
188.05	-21.277
188.42	33.465
188.78	51.020
189.15	113.941
189.52	-43.894
189.89	17.748
190.26	35.129
190.63	39.786
191.00	40.831
191.37	44.207
191.73	42.926
192.10	35.544
192.47	38.906
192.84	50.248
193.21	49.603
193.58	48.775
193.94	49.521
194.31	45.074
194.68	37.752
195.05	33.071
195.42	33.000
195.79	27.074
196.15	24.689
196.52	32.885
196.89	14.675
197.26	6.486
197.63	28.805
198.00	20.367
198.36	27.197
198.73	39.669
199.10	33.213
199.47	39.754
199.84	40.949
200.20	39.175
200.57	36.500
200.94	30.992
201.31	30.553
201.68	7.632
202.04	0.855
202.41	5.413
202.78	4.443
203.15	4.007
203.51	-1.977
203.88	-0.077
204.25	-2.809
204.62	-9.984
204.98	-16.645
205.35	-11.549
205.72	-7.981
206.09	3.215
206.46	-57.630
206.82	-51.403
207.19	-37.154
207.56	-72.525
207.92	-63.393
208.29	-67.338
208.66	-33.753
209.03	-12.210
209.39	2.745
209.76	8.119
210.13	0.126
210.50	27.671
210.86	38.252
211.23	38.588
211.60	36.500
211.96	49.078
212.33	47.885
212.70	30.538
213.07	21.399
213.43	-5.775
213.80	-17.692
214.17	5.745
214.53	6.169
214.90	3.936
215.27	-3.117
215.63	-8.048
216.00	-2.749
216.37	-0.044
216.74	-5.254
217.10	-1.105
217.47	0.528
217.84	9.181
218.20	4.376
218.57	9.889
218.94	2.421
219.30	1.179
219.67	3.843
220.04	-2.712
220.40	-9.683
220.77	-10.069
221.13	-5.450
221.50	0.318
221.87	-3.570
222.23	-5.994
222.60	-14.003
222.97	-2.835
223.33	7.916
223.70	4.780
224.07	0.733
224.43	0.197
224.80	3.316
225.16	1.274
225.53	0.439
225.90	-1.546
226.26	-1.483
226.63	-1.442
226.99	-1.902
227.36	-3.121
227.73	-1.416
228.09	-1.408
228.46	0.885
228.82	1.750
229.19	1.305
229.56	0.830
229.92	3.653
230.29	5.126
230.65	5.348
231.02	3.971
231.38	0.009
231.75	-2.961
232.12	-3.434
232.48	-5.903
232.85	-7.203
233.21	-8.367
233.58	-9.049
233.94	-9.135
234.31	-9.194
234.68	-8.775
235.04	-7.090
235.41	-3.521
235.77	-0.848
236.14	1.285
236.50	2.777
236.87	2.971
237.23	3.846
237.60	3.141
237.96	1.742
238.33	0.587
238.69	0.141
239.06	-0.168
239.42	-0.074
239.79	-0.474
240.15	-0.682
240.52	-0.553
240.88	-0.244
241.25	-0.382
241.61	0.416
241.98	0.758
242.34	0.520
242.71	0.964
243.07	1.014
243.44	0.844
243.80	0.749
244.17	0.685
244.53	0.217
244.90	-0.033
245.26	-0.105
245.63	-0.442
245.99	-0.549
246.36	-0.261
246.72	-0.319
247.09	-0.796
247.45	-0.971
247.81	-0.853
248.18	-0.888
248.54	-0.620
248.91	-0.725
249.27	-0.217
249.64	0.206
250.00	0.189
250.36	-0.196
250.73	-0.366
251.09	0.465
251.46	0.590
251.82	0.222
252.19	0.297
252.55	0.232
252.91	0.413
253.28	-0.549
253.64	-1.108
254.01	-0.513
254.37	0.121
254.73	0.461
255.10	0.777
255.46	1.219
255.83	1.290
256.19	0.886
256.55	0.731
256.92	0.860
257.28	1.048
257.65	1.209
258.01	1.000
258.37	0.757
258.74	0.584
259.10	0.140
259.46	-0.184
259.83	-0.291
260.19	-0.077
260.55	0.058
260.92	-0.219
261.28	-0.206
261.64	-0.111
262.01	-0.115
262.37	-0.200
262.73	-0.157
263.10	0.241
263.46	0.098
263.82	0.047
264.19	-0.206
264.55	-0.598
264.91	-0.414
265.28	-0.604
265.64	-0.679
266.00	-0.712
266.37	-0.482
266.73	-0.309
267.09	-0.316
267.46	-0.137
267.82	-0.307
268.18	-0.225
268.54	0.014
268.91	-0.204
269.27	-0.223
269.63	-0.171
270.00	-0.225
270.36	-0.307
270.72	-0.487
271.08	-0.496
271.45	-0.390
271.81	-0.230
272.17	-0.160
272.53	-0.047
272.90	0.212
273.26	0.368
273.62	-0.047
273.98	-0.088
274.35	-0.087
274.71	-0.001
275.07	-0.102
275.43	-0.195
275.80	-0.115
276.16	-0.169
276.52	-0.320
276.88	-0.564
277.25	-0.939
277.61	-0.818
277.97	-0.987
278.33	-0.889
278.69	-1.154
279.06	-1.195
279.42	-0.997
279.78	-0.853
280.14	-0.906
280.50	-0.787
280.87	-0.636
281.23	-0.284
281.59	-0.107
281.95	0.190
282.31	0.307
282.68	0.297
283.04	0.310
283.40	0.232
283.76	0.221
284.12	0.375
284.48	0.340
284.85	0.288
285.21	0.198
285.57	0.156
285.93	0.067
286.29	-0.183
286.65	-0.099
287.02	0.301
287.38	0.348
287.74	0.248
288.10	0.296
288.46	0.262
288.82	0.187
289.18	0.259
289.54	0.245
289.91	0.320
290.27	0.454
290.63	0.878
290.99	0.709
291.35	0.673
291.71	0.635
292.07	0.365
292.43	0.259
292.79	0.443
293.16	0.363
293.52	0.539
293.88	0.659
294.24	0.720
294.60	0.307
294.96	0.053
295.32	0.068
295.68	0.124
296.04	0.190
296.40	0.441
296.76	0.464
297.12	0.365
297.49	0.179
297.85	-0.008
298.21	-0.190
298.57	-0.326
298.93	-0.306
299.29	-0.383
299.65	-0.328
300.01	-0.404
300.37	-0.550
300.73	-0.573
301.09	-0.425
301.45	-0.303
301.81	-0.307
302.17	-0.173
302.53	-0.061
302.89	-0.016
303.25	-0.022
303.61	-0.170
303.97	-0.223
304.33	-0.315
304.69	-0.335
305.05	-0.484
305.41	-0.574
305.77	-0.398
306.13	-0.446
306.49	-0.387
306.85	-0.369
307.21	-0.412
307.57	-0.418
307.93	-0.282
308.29	-0.079
308.65	-0.078
309.01	0.024
309.37	0.017
309.73	-0.091
310.09	0.039
310.45	0.018
310.81	0.057
311.17	0.105
311.53	0.200
311.89	0.198
312.25	0.048
312.61	0.031
312.96	0.050
313.32	0.165
313.68	0.230
314.04	0.117
314.40	0.253
314.76	0.169
315.12	0.142
315.48	0.169
315.84	0.193
316.20	0.246
316.56	0.238
316.92	0.219
317.27	0.147
317.63	0.166
317.99	0.139
318.35	0.095
318.71	0.100
319.07	0.107
319.43	0.099
319.79	0.154
320.15	0.085
320.50	0.049
320.86	-0.078
321.22	-0.105
321.58	-0.175
321.94	-0.241
322.30	-0.256
322.66	-0.274
323.01	-0.332
323.37	-0.371
323.73	-0.456
324.09	-0.538
324.45	-0.418
324.81	-0.318
325.17	-0.334
325.52	-0.412
325.88	-0.386
326.24	-0.380
326.60	-0.414
326.96	-0.324
327.31	-0.332
327.67	-0.385
328.03	-0.306
328.39	-0.465
328.75	-0.450
329.11	-0.320
329.46	-0.181
329.82	-0.105
330.18	-0.127
330.54	-0.094
330.90	-0.151
331.25	-0.221
331.61	-0.133
331.97	-0.126
332.33	-0.036
332.68	-0.005
333.04	-0.084
333.40	-0.205
333.76	-0.209
334.11	-0.196
334.47	-0.177
334.83	-0.189
335.19	-0.179
335.54	-0.159
335.90	-0.122
336.26	-0.111
336.62	-0.157
336.97	-0.198
337.33	-0.225
337.69	-0.260
338.05	-0.251
338.40	-0.294
338.76	-0.247
339.12	-0.187
339.48	-0.247
339.83	-0.297
340.19	-0.364
340.55	-0.343
340.90	-0.344
341.26	-0.298
341.62	-0.309
341.97	-0.354
342.33	-0.303
342.69	-0.316
343.04	-0.330
343.40	-0.413
343.76	-0.475
344.12	-0.401
344.47	-0.331
344.83	-0.255
345.19	-0.219
345.54	-0.175
345.90	-0.140
346.26	-0.131
346.61	-0.135
346.97	-0.103
347.32	0.011
347.68	0.019
348.04	-0.019
348.39	-0.128
348.75	-0.135
349.11	-0.126
349.46	-0.193
349.82	-0.180
350.18	-0.191
350.53	-0.150
350.89	-0.208
351.24	-0.249
351.60	-0.205
351.96	-0.192
352.31	-0.152
352.67	-0.186
353.02	-0.219
353.38	-0.168
353.74	-0.177
354.09	-0.167
354.45	-0.196
354.80	-0.184
355.16	-0.162
355.52	-0.160
355.87	-0.203
356.23	-0.218
356.58	-0.200
356.94	-0.154
357.29	-0.117
357.65	-0.061
358.00	-0.078
358.36	-0.074
358.72	-0.023
359.07	-0.003
359.43	0.081
359.78	0.159
360.14	0.189
360.49	0.158
360.85	0.146
361.20	0.101
361.56	0.072
361.91	0.133
362.27	0.168
362.62	0.140
362.98	0.134
363.33	0.063
363.69	0.040
364.04	0.096
364.40	0.188
364.75	0.183
365.11	0.204
365.46	0.202
365.82	0.233
366.17	0.223
366.53	0.271
366.88	0.305
367.24	0.376
367.59	0.374
367.95	0.353
368.30	0.289
368.66	0.313
369.01	0.316
369.37	0.347
369.72	0.382
370.08	0.471
370.43	0.471
370.78	0.491
371.14	0.482
371.49	0.533
371.85	0.575
372.20	0.658
372.56	0.684
372.91	0.730
373.26	0.760
373.62	0.731
373.97	0.742
374.33	0.798
374.68	0.837
375.03	0.885
375.39	0.875
375.74	0.864
376.10	0.875
376.45	0.932
376.80	0.965
377.16	0.980
377.51	1.050
377.87	1.075
378.22	1.072
378.57	1.119
378.93	1.199
379.28	1.322
379.63	1.409
379.99	1.497
380.34	1.552
380.70	1.615
381.05	1.702
381.40	1.737
381.76	1.815
382.11	1.921
382.46	2.023
382.82	2.078
383.17	2.118
383.52	2.142
383.88	2.193
384.23	2.274
384.58	2.382
384.94	2.462
385.29	2.564
385.64	2.675
385.99	2.781
386.35	2.866
386.70	2.978
387.05	3.084
387.41	3.226
387.76	3.299
388.11	3.386
388.47	3.481
388.82	3.590
389.17	3.702
389.52	3.789
389.88	3.918
390.23	4.011
390.58	4.143
390.93	4.265
391.29	4.352
391.64	4.471
391.99	4.615
392.34	4.749
392.70	4.884
393.05	5.003
393.40	5.132
393.75	5.224
394.11	5.360
394.46	5.428
394.81	5.555
395.16	5.670
395.52	5.820
395.87	5.915
396.22	6.034
396.57	6.110
396.92	6.149
397.28	6.217
397.63	6.295
397.98	6.364
398.33	6.450
398.68	6.512
399.04	6.591
399.39	6.623
399.74	6.652
400.09	6.707
400.44	6.783
400.80	6.874
401.15	6.942
401.50	6.997
401.85	7.047
402.20	7.095
402.55	7.142
402.90	7.179
403.26	7.220
403.61	7.241
403.96	7.270
404.31	7.281
404.66	7.328
405.01	7.324
405.36	7.381
405.72	7.406
406.07	7.434
406.42	7.419
406.77	7.450
407.12	7.480
407.47	7.571
407.82	7.564
408.17	7.595
408.53	7.599
408.88	7.621
409.23	7.577
409.58	7.570
409.93	7.588
410.28	7.629
410.63	7.625
410.98	7.641
411.33	7.626
411.68	7.664
412.03	7.697
412.38	7.671
412.73	7.722
413.09	7.779
413.44	7.777
413.79	7.769
414.14	7.781
414.49	7.821
414.84	7.830
415.19	7.846
415.54	7.858
415.89	7.837
416.24	7.869
416.59	7.855
416.94	7.837
417.29	7.875
417.64	7.879
417.99	7.910
418.34	7.912
418.69	7.924
419.04	7.918
419.39	7.933
419.74	7.933
420.09	7.939
420.44	7.951
420.79	7.968
421.14	7.947
421.49	7.965
421.84	7.939
422.19	7.938
422.54	7.934
422.89	7.947
423.24	7.933
423.59	7.946
423.94	7.937
424.29	7.952
424.64	7.941
424.99	7.961
425.34	7.937
425.68	7.946
426.03	7.939
426.38	7.925
426.73	7.924
427.08	7.890
427.43	7.878
427.78	7.882
428.13	7.837
428.48	7.843
428.83	7.799
429.18	7.787
429.53	7.765
429.87	7.743
430.22	7.712
430.57	7.703
430.92	7.706
431.27	7.713
431.62	7.705
431.97	7.713
432.32	7.701
432.67	7.706
433.01	7.715
433.36	7.712
433.71	7.719
434.06	7.716
434.41	7.689
434.76	7.700
435.11	7.712
435.45	7.710
435.80	7.698
436.15	7.709
436.50	7.737
436.85	7.758
437.20	7.760
437.54	7.761
437.89	7.815
438.24	7.876
438.59	7.900
438.94	7.903
439.29	7.913
439.63	7.967
439.98	8.000
440.33	8.032
440.68	8.068
441.03	8.137
441.37	8.207
441.72	8.257
442.07	8.279
442.42	8.330
442.76	8.401
443.11	8.482
443.46	8.536
443.81	8.596
444.16	8.662
444.50	8.708
444.85	8.755
445.20	8.797
445.55	8.833
445.89	8.886
446.24	8.939
446.59	8.975
446.94	9.017
447.28	9.068
447.63	9.120
447.98	9.170
448.32	9.233
448.67	9.302
449.02	9.353
449.37	9.415
449.71	9.472
450.06	9.515
450.41	9.562
450.75	9.613
451.10	9.640
451.45	9.675
451.79	9.697
452.14	9.740
452.49	9.766
452.84	9.809
453.18	9.840
453.53	9.859
453.88	9.899
454.22	9.941
454.57	9.967
454.92	9.979
455.26	9.989
455.61	10.048
455.95	10.084
456.30	10.113
456.65	10.162
456.99	10.199
457.34	10.242
457.69	10.253
458.03	10.269
458.38	10.305
458.73	10.347
459.07	10.393
459.42	10.379
459.76	10.359
460.11	10.336
460.46	10.306
460.80	10.296
461.15	10.281
461.49	10.287
461.84	10.281
462.19	10.253
462.53	10.238
462.88	10.218
463.22	10.216
463.57	10.240
463.91	10.247
464.26	10.263
464.61	10.274
464.95	10.277
465.30	10.266
465.64	10.285
465.99	10.291
466.33	10.289
466.68	10.294
467.02	10.294
467.37	10.265
467.71	10.261
468.06	10.257
468.41	10.222
468.75	10.205
469.10	10.206
469.44	10.186
469.79	10.181
470.13	10.186
470.48	10.167
470.82	10.164
471.17	10.164
471.51	10.170
471.86	10.155
472.20	10.188
472.55	10.189
472.89	10.194
473.23	10.197
473.58	10.200
473.92	10.192
474.27	10.208
474.61	10.225
474.96	10.230
475.30	10.245
475.65	10.250
475.99	10.255
476.34	10.299
476.68	10.308
477.02	10.317
477.37	10.334
477.71	10.369
478.06	10.381
478.40	10.428
478.75	10.522
479.09	10.668
479.43	10.831
479.78	11.035
480.12	11.236
480.47	11.476
480.81	11.701
481.15	11.927
481.50	12.170
481.84	12.447
482.19	12.736
482.53	12.985
482.87	13.135
483.22	13.168
483.56	13.061
483.90	12.871
484.25	12.628
484.59	12.373
484.94	12.145
485.28	11.938
485.62	11.700
485.97	11.439
486.31	11.221
486.65	11.074
487.00	11.034
487.34	11.100
487.68	11.232
488.03	11.382
488.37	11.559
488.71	11.685
489.06	11.739
489.40	11.796
489.74	11.847
490.09	11.890
490.43	11.936
490.77	11.983
491.11	12.014
491.46	12.050
491.80	12.083
492.14	12.113
492.49	12.156
492.83	12.209
493.17	12.260
493.51	12.311
493.86	12.389
494.20	12.451
494.54	12.518
494.88	12.613
495.23	12.716
495.57	12.816
495.91	12.907
496.25	13.026
496.60	13.142
496.94	13.252
497.28	13.383
497.62	13.498
497.97	13.628
498.31	13.777
498.65	13.908
498.99	14.024
499.33	14.181
499.68	14.341
500.02	14.485
500.36	14.624
500.70	14.756
501.04	14.874
501.39	15.016
501.73	15.157
502.07	15.300
502.41	15.453
502.75	15.646
503.09	15.793
503.44	15.954
503.78	16.106
504.12	16.277
504.46	16.460
504.80	16.646
505.14	16.830
505.49	17.007
505.83	17.170
506.17	17.362
506.51	17.510
506.85	17.684
507.19	17.853
507.53	18.028
507.87	18.195
508.22	18.350
508.56	18.514
508.90	18.661
509.24	18.834
509.58	19.004
509.92	19.144
510.26	19.294
510.60	19.460
510.94	19.626
511.28	19.765
511.63	19.929
511.97	20.119
512.31	20.298
512.65	20.500
512.99	20.676
513.33	20.912
513.67	21.141
514.01	21.380
514.35	21.603
514.69	21.802
515.03	22.008
515.37	22.217
515.71	22.408
516.05	22.585
516.39	22.725
516.73	22.892
517.07	23.010
517.41	23.128
517.75	23.248
518.09	23.377
518.43	23.499
518.77	23.608
519.11	23.706
519.45	23.810
519.79	23.950
520.13	24.109
520.47	24.253
520.81	24.392
521.15	24.559
521.49	24.708
521.83	24.844
522.17	24.979
522.51	25.163
522.85	25.341
523.19	25.532
523.53	25.753
523.87	25.987
524.21	26.271
524.55	26.553
524.89	26.784
525.23	27.049
525.57	27.277
525.91	27.517
526.25	27.721
526.58	27.928
526.92	28.088
527.26	28.200
527.60	28.257
527.94	28.281
528.28	28.287
528.62	28.281
528.96	28.232
529.30	28.191
529.64	28.115
529.97	28.047
530.31	27.935
530.65	27.854
530.99	27.811
531.33	27.824
531.67	27.810
532.01	27.816
532.35	27.833
532.68	27.840
533.02	27.842
533.36	27.830
533.70	27.799
534.04	27.803
534.38	27.802
534.71	27.786
535.05	27.764
535.39	27.752
535.73	27.725
536.07	27.714
536.41	27.702
536.74	27.698
537.08	27.733
537.42	27.793
537.76	27.845
538.10	27.933
538.43	28.007
538.77	28.084
539.11	28.161
539.45	28.236
539.79	28.302
540.12	28.379
540.46	28.416
540.80	28.438
541.14	28.431
541.47	28.407
541.81	28.359
542.15	28.320
542.49	28.259
542.82	28.187
543.16	28.095
543.50	28.027
543.84	27.958
544.17	27.923
544.51	27.883
544.85	27.857
545.18	27.867
545.52	27.877
545.86	27.852
546.20	27.868
546.53	27.897
546.87	27.936
547.21	27.914
547.54	27.880
547.88	27.858
548.22	27.852
548.55	27.854
548.89	27.835
549.23	27.801
549.56	27.810
549.90	27.824
550.24	27.792
550.57	27.792
550.91	27.776
551.25	27.801
551.58	27.818
551.92	27.809
552.26	27.805
552.59	27.815
552.93	27.832
553.27	27.818
553.60	27.783
553.94	27.745
554.27	27.727
554.61	27.735
554.95	27.719
555.28	27.693
555.62	27.679
555.95	27.690
556.29	27.668
556.63	27.661
556.96	27.636
557.30	27.616
557.63	27.610
557.97	27.570
558.31	27.509
558.64	27.451
558.98	27.426
559.31	27.447
559.65	27.397
559.98	27.350
560.32	27.287
560.65	27.269
560.99	27.211
561.33	27.212
561.66	27.177
562.00	27.174
562.33	27.153
562.67	27.127
563.00	27.048
563.34	26.995
563.67	26.968
564.01	26.952
564.34	26.895
564.68	26.871
565.01	26.801
565.35	26.761
565.68	26.709
566.02	26.633
566.35	26.581
566.69	26.508
567.02	26.455
567.36	26.381
567.69	26.310
568.03	26.267
568.36	26.181
568.69	26.137
569.03	26.073
569.36	26.007
569.70	25.988
570.03	25.949
570.37	25.922
570.70	25.900
571.04	25.856
571.37	25.817
571.70	25.763
572.04	25.712
572.37	25.642
572.71	25.591
573.04	25.567
573.37	25.534
573.71	25.465
574.04	25.410
574.38	25.350
574.71	25.306
575.04	25.248
575.38	25.213
575.71	25.181
576.05	25.176
576.38	25.148
576.71	25.098
577.05	25.039
577.38	24.984
577.71	24.949
578.05	24.913
578.38	24.858
578.71	24.799
579.05	24.725
579.38	24.716
579.71	24.636
580.05	24.592
580.38	24.555
580.71	24.497
581.05	24.496
581.38	24.460
581.71	24.409
582.05	24.391
582.38	24.357
582.71	24.349
583.04	24.301
583.38	24.268
583.71	24.233
584.04	24.215
584.38	24.199
584.71	24.119
585.04	24.105
585.37	24.112
585.71	24.108
586.04	24.078
586.37	24.055
586.70	24.039
587.04	24.053
587.37	24.008
587.70	23.964
588.03	23.945
588.37	23.968
588.70	23.926
589.03	23.866
589.36	23.829
589.69	23.811
590.03	23.785
590.36	23.753
590.69	23.699
591.02	23.709
591.35	23.692
591.69	23.662
592.02	23.630
592.35	23.614
592.68	23.595
593.01	23.541
593.35	23.543
593.68	23.527
594.01	23.505
594.34	23.477
594.67	23.441
595.00	23.400
595.34	23.353
595.67	23.292
596.00	23.281
596.33	23.252
596.66	23.242
596.99	23.189
597.32	23.156
597.65	23.097
597.99	23.040
598.32	22.983
598.65	22.950
598.98	22.932
599.31	22.927
599.64	22.870
599.97	22.809
600.30	22.783
600.63	22.774
600.96	22.731
601.30	22.722
601.63	22.746
601.96	22.739
602.29	22.712
602.62	22.673
602.95	22.645
603.28	22.641
603.61	22.632
603.94	22.597
604.27	22.546
604.60	22.515
604.93	22.481
605.26	22.428
605.59	22.373
605.92	22.324
606.25	22.307
606.58	22.263
606.91	22.161
607.24	22.124
607.57	22.079
607.90	22.041
608.23	22.004
608.56	21.930
608.89	21.882
609.22	21.859
609.55	21.826
609.88	21.760
610.21	21.683
610.54	21.661
610.87	21.586
611.20	21.515
611.53	21.434
611.86	21.321
612.19	21.267
612.52	21.155
612.85	21.121
613.18	21.049
613.51	20.973
613.84	20.885
614.17	20.826
614.49	20.774
614.82	20.721
615.15	20.704
615.48	20.703
615.81	20.665
616.14	20.654
616.47	20.510
616.80	20.467
617.13	20.414
617.46	20.380
617.78	20.298
618.11	20.280
618.44	20.258
618.77	20.190
619.10	20.143
619.43	20.099
619.76	20.031
620.09	20.033
620.41	20.004
620.74	19.980
621.07	19.999
621.40	20.025
621.73	19.978
622.06	19.937
622.38	19.919
622.71	19.877
623.04	19.879
623.37	19.918
623.70	19.946
624.02	19.964
624.35	19.982
624.68	19.960
625.01	19.938
625.34	19.964
625.66	19.968
625.99	19.979
626.32	19.995
626.65	19.992
626.98	19.963
627.30	19.962
627.63	19.962
627.96	19.924
628.29	19.911
628.61	19.886
628.94	19.826
629.27	19.783
629.60	19.705
629.92	19.665
630.25	19.617
630.58	19.592
630.91	19.514
631.23	19.442
631.56	19.397
631.89	19.317
632.21	19.288
632.54	19.253
632.87	19.214
633.19	19.218
633.52	19.181
633.85	19.128
634.18	19.025
634.50	18.976
634.83	18.914
635.16	18.866
635.48	18.796
635.81	18.691
636.14	18.614
636.46	18.544
636.79	18.407
637.11	18.287
637.44	18.154
637.77	18.064
638.09	17.923
638.42	17.811
638.75	17.661
639.07	17.569
639.40	17.453
639.73	17.295
640.05	17.157
640.38	17.073
640.70	16.908
641.03	16.818
641.36	16.715
641.68	16.598
642.01	16.447
642.33	16.356
642.66	16.260
642.98	16.159
643.31	16.070
643.64	15.954
643.96	15.862
644.29	15.820
644.61	15.736
644.94	15.663
645.26	15.619
645.59	15.592
645.91	15.534
646.24	15.449
646.56	15.415
646.89	15.382
647.22	15.323
647.54	15.280
647.87	15.221
648.19	15.121
648.52	15.047
648.84	14.947
649.17	14.822
649.49	14.781
649.82	14.763
650.14	14.699
650.47	14.636
650.79	14.593
651.11	14.512
651.44	14.471
651.76	14.444
652.09	14.442
652.41	14.436
652.74	14.460
653.06	14.405
653.39	14.375
653.71	14.341
654.04	14.264
654.36	14.238
654.68	14.239
655.01	14.215
655.33	14.182
655.66	14.091
655.98	14.076
656.30	13.961
656.63	13.913
656.95	13.812
657.28	13.720
657.60	13.666
657.92	13.557
658.25	13.408
658.57	13.343
658.90	13.270
659.22	13.203
659.54	13.112
659.87	13.071
660.19	12.958
660.51	12.838
660.84	12.736
661.16	12.624
661.48	12.546
661.81	12.478
662.13	12.334
662.45	12.245
662.78	12.175
663.10	12.049
663.42	11.976
663.75	11.899
664.07	11.844
664.39	11.738
664.72	11.692
665.04	11.680
665.36	11.684
665.69	11.656
666.01	11.632
666.33	11.604
666.65	11.575
666.98	11.594
667.30	11.645
667.62	11.645
667.94	11.740
668.27	11.784
668.59	11.805
668.91	11.845
669.23	11.905
669.56	11.949
669.88	12.031
670.20	12.103
670.52	12.181
670.85	12.237
671.17	12.355
671.49	12.430
671.81	12.511
672.13	12.607
672.46	12.709
672.78	12.841
673.10	12.989
673.42	13.069
673.74	13.211
674.07	13.331
674.39	13.464
674.71	13.538
675.03	13.694
675.35	13.873
675.67	14.019
676.00	14.091
676.32	14.176
676.64	14.310
676.96	14.496
677.28	14.642
677.60	14.800
677.92	14.965
678.25	15.231
678.57	15.402
678.89	15.560
679.21	15.728
679.53	15.984
679.85	16.265
680.17	16.509
680.49	16.724
680.81	17.027
681.13	17.282
681.46	17.557
681.78	17.845
682.10	18.158
682.42	18.487
682.74	18.850
683.06	19.215
683.38	19.554
683.70	19.943
684.02	20.343
684.34	20.710
684.66	21.083
684.98	21.497
685.30	21.828
685.62	22.191
685.94	22.544
686.26	22.841
686.58	23.153
686.90	23.473
687.22	23.734
687.54	23.971
687.86	24.234
688.18	24.511
688.50	24.770
688.82	25.039
689.14	25.371
689.46	25.711
689.78	26.029
690.10	26.370
690.42	26.642
690.74	26.951
691.06	27.310
691.38	27.610
691.70	27.910
692.02	28.146
692.34	28.471
692.66	28.725
692.98	29.017
693.30	29.355
693.62	29.664
693.94	29.985
694.26	30.302
694.57	30.529
694.89	30.748
695.21	30.994
695.53	31.267
695.85	31.385
696.17	31.510
696.49	31.651
696.81	31.812
697.13	31.962
697.44	32.139
697.76	32.273
698.08	32.543
698.40	32.791
698.72	32.975
699.04	33.182
699.36	33.538
699.67	33.907
699.99	34.156
700.31	34.499
700.63	34.855
700.95	35.179
701.27	35.522
701.58	35.720
701.90	35.904
702.22	36.134
702.54	36.435
702.86	36.611
703.17	36.777
703.49	37.066
703.81	37.207
704.13	37.364
704.45	37.609
704.76	37.726
705.08	37.998
705.40	38.165
705.72	38.329
706.03	38.420
706.35	38.678
706.67	38.817
706.99	38.949
707.30	39.175
707.62	39.279
707.94	39.333
708.26	39.515
708.57	39.576
708.89	39.810
709.21	40.043
709.53	40.222
709.84	40.306
710.16	40.511
710.48	40.711
710.79	40.864
711.11	41.081
711.43	41.222
711.74	41.330
712.06	41.575
712.38	41.767
712.69	41.939
713.01	42.036
713.33	42.297
713.64	42.518
713.96	42.625
714.28	42.714
714.59	42.859
714.91	43.110
715.23	43.451
715.54	43.520
715.86	43.687
716.17	43.866
716.49	44.181
716.81	44.263
717.12	44.345
717.44	44.588
717.76	44.859
718.07	44.949
718.39	45.072
718.70	45.136
719.02	45.270
719.33	45.411
719.65	45.542
719.97	45.483
720.28	45.668
720.60	45.907
720.91	46.090
721.23	46.194
721.54	46.431
721.86	46.559
722.17	46.766
722.49	46.951
722.81	47.022
723.12	47.243
723.44	47.481
723.75	47.561
724.07	47.616
724.38	47.704
724.70	47.811
725.01	47.853
725.33	47.929
725.64	47.922
725.96	47.958
726.27	47.855
726.59	47.740
726.90	47.750
727.22	47.609
727.53	47.681
727.84	47.685
728.16	47.679
728.47	47.741
728.79	47.758
729.10	47.741
729.42	47.757
729.73	47.898
730.05	48.009
730.36	48.012
730.67	48.283
730.99	48.186
731.30	48.302
731.62	48.378
731.93	48.408
732.24	48.504
732.56	48.577
732.87	48.701
733.19	48.791
733.50	48.837
733.81	49.023
734.13	48.979
734.44	49.224
734.76	49.139
735.07	49.201
735.38	49.240
735.70	49.363
736.01	49.468
736.32	49.482
736.64	49.530
736.95	49.558
737.26	49.490
737.58	49.598
737.89	49.602
738.20	49.590
738.52	49.598
738.83	49.524
739.14	49.291
739.45	49.360
739.77	49.367
740.08	49.387
740.39	49.515
740.71	49.668
741.02	49.544
741.33	49.395
741.64	49.559
741.96	49.595
742.27	49.828
742.58	50.059
742.90	50.038
743.21	50.096
743.52	50.310
743.83	50.186
744.14	50.139
744.46	50.369
744.77	50.547
745.08	50.544
745.39	50.684
745.71	50.525
746.02	50.421
746.33	50.279
746.64	50.192
746.95	50.012
747.27	50.070
747.58	50.063
747.89	50.020
748.20	49.871
748.51	49.876
748.82	49.669
749.14	49.923
749.45	50.029
749.76	50.141
750.07	50.107
750.38	50.155
750.69	50.151
751.01	50.142
751.32	50.039
751.63	50.051
751.94	49.907
752.25	49.878
752.56	49.617
752.87	49.500
753.18	49.461
753.49	49.668
753.81	49.796
754.12	49.773
754.43	49.758
754.74	49.692
755.05	49.763
755.36	49.983
755.67	50.116
755.98	50.351
756.29	50.587
756.60	50.678
756.91	50.720
757.22	50.836
757.53	51.027
757.84	51.317
758.15	51.692
758.46	51.890
758.77	51.854
759.09	51.949
759.40	51.874
759.71	51.942
760.02	51.995
760.33	51.974
760.64	51.776
760.95	51.780
761.26	51.616
761.57	51.488
761.88	51.505
762.18	51.427
762.49	51.375
762.80	51.383
763.11	51.165
763.42	50.991
763.73	50.855
764.04	50.914
764.35	50.729
764.66	50.570
764.97	50.407
765.28	50.090
765.59	49.933
765.90	49.615
766.21	49.390
766.52	49.186
766.83	49.174
767.14	49.088
767.44	48.708
767.75	48.461
768.06	48.431
768.37	48.221
768.68	48.169
768.99	48.210
769.30	48.247
769.61	48.027
769.91	48.238
770.22	47.956
770.53	47.828
770.84	47.959
771.15	47.957
771.46	47.768
771.77	47.877
772.07	47.664
772.38	47.467
772.69	47.403
773.00	47.445
773.31	47.342
773.61	47.398
773.92	47.333
774.23	47.378
774.54	47.329
774.85	47.303
775.15	47.236
775.46	47.059
775.77	47.179
776.08	47.172
776.39	47.202
776.69	47.131
777.00	47.106
777.31	47.058
777.62	46.645
777.92	46.644
778.23	46.834
778.54	46.620
778.85	46.893
779.15	46.733
779.46	46.718
779.77	46.580
780.07	46.743
780.38	47.042
780.69	47.129
781.00	47.484
781.30	47.540
781.61	47.283
781.92	47.380
782.22	47.383
782.53	47.106
782.84	47.195
783.14	47.494
783.45	47.333
783.76	47.394
784.06	47.579
784.37	47.634
784.68	47.687
784.98	47.958
785.29	48.292
785.60	48.330
785.90	48.670
786.21	48.535
786.51	48.528
786.82	48.645
787.13	48.403
787.43	48.257
787.74	48.563
788.04	48.846
788.35	48.839
788.66	48.814
788.96	48.909
789.27	49.064
789.57	49.304
789.88	49.339
790.19	49.155
790.49	49.147
790.80	49.215
791.10	48.559
791.41	48.210
791.71	48.265
792.02	48.260
792.32	48.091
792.63	47.656
792.93	47.362
793.24	47.307
793.54	47.520
793.85	47.600
794.15	47.690
794.46	48.327
794.76	48.375
795.07	48.489
795.37	48.277
795.68	48.534
795.98	49.087
796.29	49.682
796.59	49.742
796.90	49.465
797.20	49.324
797.51	49.229
797.81	48.657
798.12	49.035
798.42	48.813
798.72	49.386
799.03	49.360
799.33	49.105
799.64	48.445
799.94	48.794
800.25	48.728
800.55	48.860
800.85	49.451
801.16	49.717
801.46	49.041
801.77	49.284
802.07	48.975
802.37	48.945
802.68	48.743
802.98	49.326
803.28	48.539
803.59	48.835
803.89	48.923
804.20	48.745
804.50	48.641
804.80	49.015
805.11	48.974
805.41	48.954
805.71	49.039
806.02	49.234
806.32	48.986
806.62	49.349
806.93	49.625
807.23	49.885
807.53	49.904
807.83	50.145
808.14	50.586
808.44	50.257
808.74	50.380
809.05	50.097
809.35	49.853
809.65	50.153
809.95	50.382
810.26	50.062
810.56	49.886
810.86	49.757
811.16	50.009
811.47	49.821
811.77	50.956
812.07	50.423
812.37	50.613
812.68	51.344
812.98	51.146
813.28	51.469
813.58	52.395
813.88	52.644
814.19	52.814
814.49	53.014
814.79	53.237
815.09	52.988
815.39	53.012
815.70	53.173
816.00	52.966
816.30	52.728
816.60	52.175
816.90	51.563
817.20	51.460
817.50	51.504
817.81	51.205
818.11	51.078
818.41	50.954
818.71	51.176
819.01	51.421
819.31	51.780
819.61	52.167
819.92	52.545
820.22	52.832
820.52	53.059
820.82	53.258
821.12	53.640
821.42	53.908
821.72	54.251
822.02	54.624
822.32	54.981
822.62	55.305
822.92	55.452
823.22	55.666
823.52	55.833
823.83	55.901
824.13	56.018
824.43	55.866
824.73	55.945
825.03	55.811
825.33	55.674
825.63	55.457
825.93	55.165
826.23	54.998
826.53	54.747
826.83	54.700
827.13	54.881
827.43	54.979
827.73	55.364
828.03	55.417
828.33	55.665
828.63	55.742
828.93	55.621
829.23	55.452
829.53	55.259
829.83	55.101
830.13	54.765
830.42	54.473
830.72	54.072
831.02	53.576
831.32	53.404
831.62	53.157
831.92	52.826
832.22	52.883
832.52	52.835
832.82	53.416
833.12	53.625
833.42	53.885
833.72	54.108
834.01	54.212
834.31	54.231
834.61	54.484
834.91	54.905
835.21	55.421
835.51	55.494
835.81	55.586
836.11	55.339
836.40	55.395
836.70	54.911
837.00	54.653
837.30	54.441
837.60	54.534
837.90	54.130
838.19	53.333
838.49	53.105
838.79	53.135
839.09	53.048
839.39	52.883
839.68	53.102
839.98	52.895
840.28	52.847
840.58	53.354
840.88	53.693
841.17	53.630
841.47	54.238
841.77	54.334
842.07	54.316
842.36	55.101
842.66	54.493
842.96	52.652
843.26	52.874
843.55	52.462
843.85	52.365
844.15	51.854
844.45	51.500
844.74	51.766
845.04	50.643
845.34	50.858
845.63	50.332
845.93	51.192
846.23	52.991
846.53	53.504
846.82	53.623
847.12	53.361
847.42	52.537
847.71	51.686
848.01	49.721
848.31	51.799
848.60	50.778
848.90	49.452
849.19	49.126
849.49	47.627
849.79	48.199
850.08	47.347
850.38	47.041
850.68	47.843
850.97	49.685
851.27	51.683
851.56	50.844
851.86	51.863
852.16	53.220
852.45	52.916
852.75	52.062
853.04	51.103
853.34	51.525
853.64	51.722
853.93	49.945
854.23	48.329
854.52	47.445
854.82	47.287
855.11	46.206
855.41	47.287
855.70	48.676
856.00	50.552
856.30	51.232
856.59	52.540
856.89	52.367
857.18	54.783
857.48	56.686
857.77	55.131
858.07	53.872
858.36	52.760
858.66	49.866
858.95	49.726
859.25	48.753
859.54	48.567
859.84	47.918
860.13	46.502
860.42	44.634
860.72	44.728
861.01	47.399
861.31	50.650
861.60	53.607
861.90	54.118
862.19	54.600
862.49	55.988
862.78	57.384
863.07	56.962
863.37	58.177
863.66	59.593
863.96	60.447
864.25	60.715
864.54	58.920
864.84	57.778
865.13	57.958
865.43	59.564
865.72	71.299
866.01	58.300
866.31	52.705
866.60	43.174
866.89	77.775
