180.30	0.000
180.67	0.000
181.03	78.111
181.40	-334880.952
181.77	-1038.056
182.14	637.575
182.51	-164.624
182.88	85.928
183.25	3.036
183.62	-24.331
183.99	80.389
184.36	-119.187
184.73	-75.455
185.10	-61.171
185.46	12.279
185.83	-335.981
186.20	86.913
186.57	89.518
186.94	-20.216
187.31	116.086
187.68	-52.274
188.05	-0.031
188.42	-20.157
188.78	-63.139
189.15	-32.240
189.52	1.945
189.89	-12.297
190.26	-31.444
190.63	-21.316
191.00	-9.957
191.37	-34.627
191.73	-24.870
192.10	-36.135
192.47	-7.789
192.84	13.555
193.21	5.703
193.58	9.705
193.94	21.864
194.31	20.442
194.68	15.369
195.05	6.192
195.42	14.746
195.79	17.181
196.15	26.313
196.52	16.945
196.89	-7.883
197.26	-0.227
197.63	1.450
198.00	-7.690
198.36	-18.328
198.73	-15.983
199.10	-11.757
199.47	-20.036
199.84	-19.703
200.20	-43.258
200.57	-81.117
200.94	-74.956
201.31	-30.019
201.68	-39.803
202.04	-40.834
202.41	-35.081
202.78	-31.957
203.15	-26.955
203.51	-30.643
203.88	-22.971
204.25	-18.595
204.62	-8.147
204.98	-0.003
205.35	-29.369
205.72	-25.097
206.09	-10.594
206.46	1.855
206.82	-21.611
207.19	-29.350
207.56	-16.935
207.92	-16.903
208.29	-41.823
208.66	-21.240
209.03	-4.547
209.39	8.230
209.76	16.458
210.13	7.585
210.50	2.020
210.86	14.941
211.23	15.542
211.60	13.995
211.96	8.245
212.33	14.738
212.70	13.446
213.07	7.618
213.43	-1.949
213.80	-3.857
214.17	14.293
214.53	13.568
214.90	6.478
215.27	-6.687
215.63	-15.954
216.00	-27.358
216.37	-17.120
216.74	-3.802
217.10	-11.811
217.47	-10.040
217.84	-35.345
218.20	-54.397
218.57	-48.492
218.94	-21.848
219.30	-9.565
219.67	-4.986
220.04	1.456
220.40	-6.233
220.77	-19.219
221.13	-10.820
221.50	-18.427
221.87	-3.822
222.23	-10.225
222.60	-2.852
222.97	-10.853
223.33	-9.940
223.70	-12.032
224.07	-12.680
224.43	-11.420
224.80	-10.566
225.16	-8.115
225.53	-4.488
225.90	-7.342
226.26	-5.577
226.63	-8.727
226.99	-6.064
227.36	-6.454
227.73	-5.612
228.09	-7.486
228.46	-7.253
228.82	-4.072
229.19	-5.314
229.56	-6.279
229.92	-4.646
230.29	-2.681
230.65	-1.454
231.02	-1.167
231.38	1.135
231.75	2.372
232.12	4.421
232.48	3.825
232.85	2.916
233.21	1.866
233.58	1.648
233.94	-2.029
234.31	-5.886
234.68	-6.871
235.04	-4.114
235.41	-2.787
235.77	-3.632
236.14	-3.141
236.50	-2.073
236.87	-2.905
237.23	-1.944
237.60	-3.508
237.96	-2.687
238.33	-0.657
238.69	-0.064
239.06	-1.193
239.42	-1.199
239.79	-1.235
240.15	-0.332
240.52	-0.326
240.88	0.167
241.25	-0.095
241.61	1.193
241.98	1.266
242.34	1.499
242.71	1.234
243.07	1.024
243.44	0.606
243.80	0.520
244.17	-0.178
244.53	0.023
244.90	-0.463
245.26	-0.184
245.63	-0.303
245.99	-0.369
246.36	-0.876
246.72	-0.662
247.09	-0.682
247.45	-0.717
247.81	-0.560
248.18	-0.465
248.54	-0.780
248.91	-0.737
249.27	-0.869
249.64	-0.571
250.00	-0.838
250.36	-0.356
250.73	-0.863
251.09	-0.998
251.46	-0.865
251.82	-0.650
252.19	-0.985
252.55	-0.718
252.91	-0.325
253.28	0.280
253.64	1.232
254.01	1.689
254.37	1.431
254.73	1.698
255.10	2.115
255.46	2.156
255.83	1.801
256.19	1.720
256.55	1.381
256.92	1.110
257.28	0.733
257.65	0.177
258.01	0.455
258.37	0.374
258.74	0.035
259.10	-0.026
259.46	0.127
259.83	0.161
260.19	0.289
260.55	0.411
260.92	0.476
261.28	0.756
261.64	0.938
262.01	0.984
262.37	1.376
262.73	1.705
263.10	0.995
263.46	0.702
263.82	0.587
264.19	0.894
264.55	0.954
264.91	1.198
265.28	1.032
265.64	0.932
266.00	0.402
266.37	0.528
266.73	0.568
267.09	1.021
267.46	1.109
267.82	1.304
268.18	1.431
268.54	0.724
268.91	0.173
269.27	0.064
269.63	0.245
270.00	0.629
270.36	0.477
270.72	0.505
271.08	0.598
271.45	0.353
271.81	0.054
272.17	-0.371
272.53	0.381
272.90	0.625
273.26	0.434
273.62	0.138
273.98	-0.021
274.35	-0.064
274.71	-0.006
275.07	-0.098
275.43	-0.120
275.80	0.098
276.16	-0.104
276.52	-0.376
276.88	-0.217
277.25	-0.000
277.61	-0.085
277.97	-0.110
278.33	-0.190
278.69	-0.076
279.06	-0.154
279.42	-0.132
279.78	-0.264
280.14	0.168
280.50	0.173
280.87	0.449
281.23	0.686
281.59	0.879
281.95	0.826
282.31	0.747
282.68	0.417
283.04	0.420
283.40	0.461
283.76	0.613
284.12	0.506
284.48	0.534
284.85	0.272
285.21	0.061
285.57	-0.055
285.93	0.174
286.29	0.284
286.65	0.362
287.02	0.382
287.38	0.355
287.74	0.207
288.10	0.289
288.46	0.514
288.82	0.533
289.18	0.502
289.54	0.677
289.91	0.357
290.27	0.377
290.63	0.285
290.99	0.490
291.35	0.711
291.71	0.713
292.07	0.564
292.43	0.274
292.79	0.479
293.16	0.603
293.52	0.475
293.88	0.526
294.24	0.428
294.60	0.678
294.96	0.401
295.32	0.366
295.68	0.483
296.04	0.524
296.40	0.456
296.76	0.212
297.12	-0.021
297.49	0.081
297.85	0.115
298.21	0.157
298.57	0.203
298.93	0.332
299.29	0.103
299.65	0.205
300.01	0.273
300.37	0.583
300.73	0.749
301.09	0.846
301.45	0.808
301.81	0.756
302.17	0.748
302.53	0.553
302.89	0.481
303.25	0.519
303.61	0.457
303.97	0.365
304.33	0.034
304.69	0.204
305.05	0.135
305.41	0.173
305.77	0.347
306.13	0.414
306.49	0.334
306.85	0.487
307.21	0.608
307.57	0.506
307.93	0.519
308.29	0.612
308.65	0.289
309.01	0.157
309.37	0.061
309.73	-0.104
310.09	-0.266
310.45	-0.263
310.81	-0.399
311.17	-0.528
311.53	-0.701
311.89	-0.864
312.25	-0.989
312.61	-1.040
312.96	-0.830
313.32	-1.024
313.68	-1.235
314.04	-1.074
314.40	-1.325
314.76	-1.385
315.12	-1.543
315.48	-1.623
315.84	-1.518
316.20	-1.412
316.56	-1.429
316.92	-1.502
317.27	-1.530
317.63	-1.359
317.99	-1.605
318.35	-1.378
318.71	-1.498
319.07	-1.433
319.43	-1.486
319.79	-1.615
320.15	-1.951
320.50	-1.904
320.86	-2.064
321.22	-2.071
321.58	-2.218
321.94	-2.220
322.30	-2.378
322.66	-2.364
323.01	-2.444
323.37	-2.326
323.73	-2.594
324.09	-2.554
324.45	-2.880
324.81	-2.828
325.17	-2.989
325.52	-3.031
325.88	-3.357
326.24	-3.414
326.60	-3.654
326.96	-3.679
327.31	-3.876
327.67	-3.701
328.03	-3.752
328.39	-3.657
328.75	-3.798
329.11	-3.790
329.46	-3.803
329.82	-3.491
330.18	-3.482
330.54	-3.487
330.90	-3.553
331.25	-3.406
331.61	-3.328
331.97	-3.281
332.33	-3.137
332.68	-3.005
333.04	-2.889
333.40	-2.890
333.76	-3.021
334.11	-3.063
334.47	-2.929
334.83	-2.913
335.19	-3.009
335.54	-3.098
335.90	-3.062
336.26	-3.124
336.62	-3.254
336.97	-3.423
337.33	-3.447
337.69	-3.480
338.05	-3.428
338.40	-3.452
338.76	-3.512
339.12	-3.483
339.48	-3.460
339.83	-3.534
340.19	-3.655
340.55	-3.639
340.90	-3.657
341.26	-3.599
341.62	-3.557
341.97	-3.608
342.33	-3.638
342.69	-3.665
343.04	-3.757
343.40	-3.823
343.76	-3.762
344.12	-3.712
344.47	-3.655
344.83	-3.583
345.19	-3.639
345.54	-3.648
345.90	-3.669
346.26	-3.648
346.61	-3.639
346.97	-3.595
347.32	-3.651
347.68	-3.862
348.04	-3.951
348.39	-4.056
348.75	-4.172
349.11	-4.301
349.46	-4.417
349.82	-4.426
350.18	-4.496
350.53	-4.522
350.89	-4.693
351.24	-4.569
351.60	-4.501
351.96	-4.469
352.31	-4.406
352.67	-4.312
353.02	-4.252
353.38	-4.093
353.74	-4.066
354.09	-3.989
354.45	-3.960
354.80	-3.852
355.16	-3.962
355.52	-3.861
355.87	-3.724
356.23	-3.686
356.58	-3.636
356.94	-3.612
357.29	-3.601
357.65	-3.512
358.00	-3.548
358.36	-3.536
358.72	-3.488
359.07	-3.471
359.43	-3.491
359.78	-3.548
360.14	-3.654
360.49	-3.732
360.85	-3.766
361.20	-3.942
361.56	-4.108
361.91	-4.202
362.27	-4.355
362.62	-4.395
362.98	-4.508
363.33	-4.612
363.69	-4.715
364.04	-4.757
364.40	-4.872
364.75	-4.934
365.11	-4.938
365.46	-4.955
365.82	-4.985
366.17	-5.002
366.53	-5.101
366.88	-5.094
367.24	-5.081
367.59	-5.086
367.95	-5.068
368.30	-4.985
368.66	-4.961
369.01	-4.871
369.37	-4.745
369.72	-4.671
370.08	-4.457
370.43	-4.360
370.78	-4.281
371.14	-4.184
371.49	-4.149
371.85	-4.087
372.20	-4.088
372.56	-4.089
372.91	-4.192
373.26	-4.343
373.62	-4.441
373.97	-4.573
374.33	-4.648
374.68	-4.682
375.03	-4.785
375.39	-4.792
375.74	-4.918
376.10	-4.940
376.45	-4.916
376.80	-4.869
377.16	-4.701
377.51	-4.543
377.87	-4.409
378.22	-4.271
378.57	-4.162
378.93	-4.061
379.28	-3.881
379.63	-3.595
379.99	-3.398
380.34	-3.252
380.70	-3.063
381.05	-2.969
381.40	-2.935
381.76	-2.949
382.11	-2.939
382.46	-2.857
382.82	-2.845
383.17	-2.916
383.52	-3.012
383.88	-3.071
384.23	-3.143
384.58	-3.260
384.94	-3.373
385.29	-3.411
385.64	-3.437
385.99	-3.521
386.35	-3.615
386.70	-3.625
387.05	-3.686
387.41	-3.708
387.76	-3.693
388.11	-3.662
388.47	-3.571
388.82	-3.502
389.17	-3.378
389.52	-3.283
389.88	-3.146
390.23	-3.034
390.58	-2.877
390.93	-2.693
391.29	-2.582
391.64	-2.513
391.99	-2.442
392.34	-2.430
392.70	-2.419
393.05	-2.464
393.40	-2.519
393.75	-2.586
394.11	-2.695
394.46	-2.844
394.81	-3.066
395.16	-3.227
395.52	-3.411
395.87	-3.670
396.22	-3.932
396.57	-4.166
396.92	-4.476
397.28	-4.682
397.63	-4.930
397.98	-5.123
398.33	-5.387
398.68	-5.487
399.04	-5.599
399.39	-5.731
399.74	-5.657
400.09	-5.609
400.44	-5.524
400.80	-5.387
401.15	-5.320
401.50	-5.162
401.85	-5.052
402.20	-4.866
402.55	-4.818
402.90	-4.761
403.26	-4.655
403.61	-4.699
403.96	-4.668
404.31	-4.680
404.66	-4.705
405.01	-4.689
405.36	-4.739
405.72	-4.804
406.07	-4.883
406.42	-4.913
406.77	-4.919
407.12	-4.937
407.47	-4.898
407.82	-4.901
408.17	-4.919
408.53	-4.909
408.88	-4.960
409.23	-4.987
409.58	-4.994
409.93	-4.994
410.28	-4.996
410.63	-5.021
410.98	-5.029
411.33	-5.021
411.68	-4.960
412.03	-4.880
412.38	-4.764
412.73	-4.533
413.09	-4.336
413.44	-4.090
413.79	-3.803
414.14	-3.464
414.49	-3.170
414.84	-2.829
415.19	-2.503
415.54	-2.192
415.89	-1.879
416.24	-1.602
416.59	-1.378
416.94	-1.138
417.29	-0.937
417.64	-0.747
417.99	-0.609
418.34	-0.460
418.69	-0.356
419.04	-0.250
419.39	-0.165
419.74	-0.082
420.09	0.001
420.44	0.064
420.79	0.101
421.14	0.126
421.49	0.120
421.84	0.113
422.19	0.083
422.54	0.036
422.89	-0.040
423.24	-0.151
423.59	-0.273
423.94	-0.459
424.29	-0.643
424.64	-0.817
424.99	-0.994
425.34	-1.158
425.68	-1.331
426.03	-1.492
426.38	-1.637
426.73	-1.747
427.08	-1.777
427.43	-1.799
427.78	-1.731
428.13	-1.673
428.48	-1.596
428.83	-1.553
429.18	-1.484
429.53	-1.432
429.87	-1.400
430.22	-1.355
430.57	-1.326
430.92	-1.340
431.27	-1.393
431.62	-1.459
431.97	-1.541
432.32	-1.647
432.67	-1.707
433.01	-1.808
433.36	-1.907
433.71	-1.991
434.06	-2.086
434.41	-2.139
434.76	-2.144
435.11	-2.079
435.45	-1.976
435.80	-1.844
436.15	-1.736
436.50	-1.634
436.85	-1.519
437.20	-1.437
437.54	-1.373
437.89	-1.316
438.24	-1.290
438.59	-1.291
438.94	-1.351
439.29	-1.454
439.63	-1.577
439.98	-1.651
440.33	-1.708
440.68	-1.775
441.03	-1.768
441.37	-1.723
441.72	-1.644
442.07	-1.533
442.42	-1.415
442.76	-1.252
443.11	-1.102
443.46	-0.955
443.81	-0.858
444.16	-0.792
444.50	-0.765
444.85	-0.761
445.20	-0.809
445.55	-0.932
445.89	-1.089
446.24	-1.284
446.59	-1.523
446.94	-1.757
447.28	-2.026
447.63	-2.296
447.98	-2.545
448.32	-2.757
448.67	-2.971
449.02	-3.109
449.37	-3.206
449.71	-3.227
450.06	-3.201
450.41	-3.170
450.75	-3.153
451.10	-3.118
451.45	-3.092
451.79	-3.102
452.14	-3.118
452.49	-3.155
452.84	-3.201
453.18	-3.234
453.53	-3.246
453.88	-3.287
454.22	-3.228
454.57	-3.085
454.92	-2.911
455.26	-2.707
455.61	-2.502
455.95	-2.290
456.30	-2.080
456.65	-1.882
456.99	-1.696
457.34	-1.566
457.69	-1.446
458.03	-1.387
458.38	-1.410
458.73	-1.483
459.07	-1.618
459.42	-1.769
459.76	-1.976
460.11	-2.201
460.46	-2.447
460.80	-2.734
461.15	-3.015
461.49	-3.249
461.84	-3.484
462.19	-3.645
462.53	-3.752
462.88	-3.788
463.22	-3.784
463.57	-3.747
463.91	-3.714
464.26	-3.652
464.61	-3.531
464.95	-3.446
465.30	-3.411
465.64	-3.386
465.99	-3.454
466.33	-3.486
466.68	-3.570
467.02	-3.645
467.37	-3.725
467.71	-3.802
468.06	-3.921
468.41	-4.051
468.75	-4.193
469.10	-4.353
469.44	-4.535
469.79	-4.630
470.13	-4.759
470.48	-4.853
470.82	-4.980
471.17	-5.071
471.51	-5.162
471.86	-5.256
472.20	-5.383
472.55	-5.488
472.89	-5.521
473.23	-5.544
473.58	-5.573
473.92	-5.575
474.27	-5.575
474.61	-5.576
474.96	-5.584
475.30	-5.602
475.65	-5.572
475.99	-5.520
476.34	-5.464
476.68	-5.418
477.02	-5.340
477.37	-5.227
477.71	-5.065
478.06	-4.795
478.40	-4.323
478.75	-3.671
479.09	-3.004
479.43	-2.402
479.78	-1.856
480.12	-1.364
480.47	-0.943
480.81	-0.572
481.15	-0.226
481.50	0.054
481.84	0.299
482.19	0.487
482.53	0.596
482.87	0.652
483.22	0.655
483.56	0.619
483.90	0.540
484.25	0.447
484.59	0.338
484.94	0.194
485.28	0.051
485.62	-0.122
485.97	-0.312
486.31	-0.495
486.65	-0.660
487.00	-0.808
487.34	-0.951
487.68	-1.080
488.03	-1.207
488.37	-1.328
488.71	-1.438
489.06	-1.544
489.40	-1.634
489.74	-1.741
490.09	-1.880
490.43	-2.049
490.77	-2.261
491.11	-2.509
491.46	-2.770
491.80	-3.054
492.14	-3.327
492.49	-3.637
492.83	-3.962
493.17	-4.287
493.51	-4.595
493.86	-4.860
494.20	-5.060
494.54	-5.152
494.88	-5.166
495.23	-5.138
495.57	-5.091
495.91	-5.088
496.25	-5.085
496.60	-5.086
496.94	-5.147
497.28	-5.203
497.62	-5.277
497.97	-5.377
498.31	-5.486
498.65	-5.592
498.99	-5.711
499.33	-5.809
499.68	-5.870
500.02	-5.942
500.36	-6.007
500.70	-6.032
501.04	-6.050
501.39	-6.068
501.73	-6.085
502.07	-6.082
502.41	-6.063
502.75	-6.054
503.09	-6.019
503.44	-5.977
503.78	-5.918
504.12	-5.851
504.46	-5.769
504.80	-5.690
505.14	-5.610
505.49	-5.496
505.83	-5.409
506.17	-5.336
506.51	-5.254
506.85	-5.206
507.19	-5.183
507.53	-5.122
507.87	-5.104
508.22	-5.099
508.56	-5.124
508.90	-5.158
509.24	-5.215
509.58	-5.259
509.92	-5.304
510.26	-5.361
510.60	-5.428
510.94	-5.506
511.28	-5.599
511.63	-5.666
511.97	-5.708
512.31	-5.708
512.65	-5.681
512.99	-5.603
513.33	-5.503
513.67	-5.374
514.01	-5.209
514.35	-5.006
514.69	-4.772
515.03	-4.549
515.37	-4.343
515.71	-4.178
516.05	-4.047
516.39	-3.955
516.73	-3.904
517.07	-3.885
517.41	-3.922
517.75	-3.999
518.09	-4.133
518.43	-4.316
518.77	-4.521
519.11	-4.728
519.45	-4.941
519.79	-5.160
520.13	-5.311
520.47	-5.437
520.81	-5.500
521.15	-5.487
521.49	-5.425
521.83	-5.288
522.17	-5.103
522.51	-4.879
522.85	-4.587
523.19	-4.183
523.53	-3.698
523.87	-3.227
524.21	-2.785
524.55	-2.420
524.89	-2.100
525.23	-1.814
525.57	-1.582
525.91	-1.365
526.25	-1.186
526.58	-1.045
526.92	-0.971
527.26	-0.944
527.60	-0.980
527.94	-1.049
528.28	-1.133
528.62	-1.246
528.96	-1.364
529.30	-1.481
529.64	-1.619
529.97	-1.767
530.31	-1.931
530.65	-2.082
530.99	-2.218
531.33	-2.311
531.67	-2.382
532.01	-2.433
532.35	-2.493
532.68	-2.595
533.02	-2.706
533.36	-2.835
533.70	-2.969
534.04	-3.088
534.38	-3.226
534.71	-3.379
535.05	-3.516
535.39	-3.665
535.73	-3.791
536.07	-3.834
536.41	-3.754
536.74	-3.615
537.08	-3.438
537.42	-3.233
537.76	-3.015
538.10	-2.773
538.43	-2.541
538.77	-2.344
539.11	-2.159
539.45	-2.001
539.79	-1.883
540.12	-1.841
540.46	-1.856
540.80	-1.902
541.14	-1.991
541.47	-2.118
541.81	-2.274
542.15	-2.448
542.49	-2.652
542.82	-2.871
543.16	-3.101
543.50	-3.352
543.84	-3.577
544.17	-3.747
544.51	-3.907
544.85	-4.041
545.18	-4.188
545.52	-4.358
545.86	-4.549
546.20	-4.767
546.53	-4.983
546.87	-5.210
547.21	-5.409
547.54	-5.610
547.88	-5.820
548.22	-5.980
548.55	-6.120
548.89	-6.194
549.23	-6.242
549.56	-6.235
549.90	-6.177
550.24	-6.156
550.57	-6.113
550.91	-6.079
551.25	-6.067
551.58	-6.047
551.92	-6.066
552.26	-6.093
552.59	-6.175
552.93	-6.248
553.27	-6.359
553.60	-6.446
553.94	-6.493
554.27	-6.561
554.61	-6.612
554.95	-6.641
555.28	-6.696
555.62	-6.659
555.95	-6.653
556.29	-6.609
556.63	-6.527
556.96	-6.469
557.30	-6.396
557.63	-6.348
557.97	-6.270
558.31	-6.195
558.64	-6.128
558.98	-6.090
559.31	-6.099
559.65	-6.064
559.98	-5.997
560.32	-5.981
560.65	-5.916
560.99	-5.842
561.33	-5.704
561.66	-5.590
562.00	-5.473
562.33	-5.346
562.67	-5.169
563.00	-4.986
563.34	-4.813
563.67	-4.685
564.01	-4.531
564.34	-4.398
564.68	-4.297
565.01	-4.257
565.35	-4.209
565.68	-4.194
566.02	-4.162
566.35	-4.144
566.69	-4.148
567.02	-4.113
567.36	-4.067
567.69	-3.998
568.03	-3.944
568.36	-3.853
568.69	-3.756
569.03	-3.651
569.36	-3.530
569.70	-3.419
570.03	-3.297
570.37	-3.186
570.70	-3.126
571.04	-3.058
571.37	-3.030
571.70	-2.988
572.04	-2.969
572.37	-2.944
572.71	-2.957
573.04	-2.944
573.37	-2.967
573.71	-3.034
574.04	-3.081
574.38	-3.117
574.71	-3.185
575.04	-3.273
575.38	-3.338
575.71	-3.429
576.05	-3.536
576.38	-3.604
576.71	-3.719
577.05	-3.824
577.38	-3.876
577.71	-3.953
578.05	-4.029
578.38	-4.092
578.71	-4.101
579.05	-4.148
579.38	-4.137
579.71	-4.111
580.05	-4.099
580.38	-4.084
580.71	-4.031
581.05	-4.006
581.38	-3.970
581.71	-3.909
582.05	-3.846
582.38	-3.788
582.71	-3.710
583.04	-3.666
583.38	-3.563
583.71	-3.431
584.04	-3.278
584.38	-3.159
584.71	-3.010
585.04	-2.812
585.37	-2.632
585.71	-2.377
586.04	-2.174
586.37	-1.956
586.70	-1.698
587.04	-1.535
587.37	-1.415
587.70	-1.256
588.03	-1.115
588.37	-0.990
588.70	-0.921
589.03	-0.891
589.36	-0.872
589.69	-0.820
590.03	-0.813
590.36	-0.833
590.69	-0.781
591.02	-0.710
591.35	-0.668
591.69	-0.539
592.02	-0.412
592.35	-0.249
592.68	-0.037
593.01	0.154
593.35	0.321
593.68	0.514
594.01	0.689
594.34	0.824
594.67	0.970
595.00	1.112
595.34	1.198
595.67	1.266
596.00	1.260
596.33	1.247
596.66	1.191
596.99	1.138
597.32	1.045
597.65	0.982
597.99	0.941
598.32	0.901
598.65	0.869
598.98	0.849
599.31	0.891
599.64	1.053
599.97	1.236
600.30	1.463
600.63	1.676
600.96	1.902
601.30	2.076
601.63	2.269
601.96	2.410
602.29	2.542
602.62	2.648
602.95	2.742
603.28	2.760
603.61	2.745
603.94	2.706
604.27	2.665
604.60	2.633
604.93	2.648
605.26	2.624
605.59	2.636
605.92	2.623
606.25	2.679
606.58	2.704
606.91	2.796
607.24	2.878
607.57	2.920
607.90	2.951
608.23	2.987
608.56	2.967
608.89	2.926
609.22	2.856
609.55	2.800
609.88	2.693
610.21	2.576
610.54	2.431
610.87	2.296
611.20	2.228
611.53	2.169
611.86	2.077
612.19	1.978
612.52	1.979
612.85	1.995
613.18	2.015
613.51	2.010
613.84	2.076
614.17	2.149
614.49	2.196
614.82	2.229
615.15	2.251
615.48	2.285
615.81	2.362
616.14	2.363
616.47	2.389
616.80	2.396
617.13	2.432
617.46	2.439
617.78	2.378
618.11	2.389
618.44	2.361
618.77	2.374
619.10	2.408
619.43	2.397
619.76	2.416
620.09	2.421
620.41	2.436
620.74	2.509
621.07	2.526
621.40	2.676
621.73	2.792
622.06	2.923
622.38	3.089
622.71	3.306
623.04	3.492
623.37	3.671
623.70	3.848
624.02	4.066
624.35	4.210
624.68	4.382
625.01	4.515
625.34	4.633
625.66	4.734
625.99	4.854
626.32	4.836
626.65	4.869
626.98	4.885
627.30	4.898
627.63	4.869
627.96	4.879
628.29	4.891
628.61	4.894
628.94	4.866
629.27	4.897
629.60	4.825
629.92	4.877
630.25	4.941
630.58	4.988
630.91	5.034
631.23	5.097
631.56	5.141
631.89	5.170
632.21	5.182
632.54	5.254
632.87	5.275
633.19	5.338
633.52	5.372
633.85	5.332
634.18	5.314
634.50	5.303
634.83	5.277
635.16	5.265
635.48	5.272
635.81	5.307
636.14	5.263
636.46	5.255
636.79	5.242
637.11	5.168
637.44	5.224
637.77	5.256
638.09	5.265
638.42	5.357
638.75	5.331
639.07	5.297
639.40	5.284
639.73	5.320
640.05	5.294
640.38	5.300
640.70	5.367
641.03	5.370
641.36	5.418
641.68	5.454
642.01	5.450
642.33	5.567
642.66	5.686
642.98	5.773
643.31	5.810
643.64	5.912
643.96	6.011
644.29	6.090
644.61	6.120
644.94	6.194
645.26	6.299
645.59	6.332
645.91	6.343
646.24	6.450
646.56	6.459
646.89	6.560
647.22	6.633
647.54	6.674
647.87	6.693
648.19	6.719
648.52	6.778
648.84	6.799
649.17	6.794
649.49	6.825
649.82	6.754
650.14	6.827
650.47	6.833
650.79	6.865
651.11	6.912
651.44	6.937
651.76	7.034
652.09	6.994
652.41	6.999
652.74	7.060
653.06	7.123
653.39	7.179
653.71	7.244
654.04	7.398
654.36	7.463
654.68	7.561
655.01	7.650
655.33	7.736
655.66	7.848
655.98	7.934
656.30	8.007
656.63	8.016
656.95	8.031
657.28	8.050
657.60	7.991
657.92	7.932
658.25	7.792
658.57	7.743
658.90	7.593
659.22	7.420
659.54	7.248
659.87	7.098
660.19	6.961
660.51	6.777
660.84	6.465
661.16	6.226
661.48	6.003
661.81	5.852
662.13	5.697
662.45	5.515
662.78	5.425
663.10	5.306
663.42	5.177
663.75	5.078
664.07	5.044
664.39	5.030
664.72	4.950
665.04	4.928
665.36	4.911
665.69	4.834
666.01	4.840
666.33	4.824
666.65	4.871
666.98	4.857
667.30	4.935
667.62	4.923
667.94	4.919
668.27	4.952
668.59	4.933
668.91	4.871
669.23	4.837
669.56	4.842
669.88	4.841
670.20	4.847
670.52	4.936
670.85	4.892
671.17	4.862
671.49	4.869
671.81	4.884
672.13	4.940
672.46	4.957
672.78	4.966
673.10	5.022
673.42	5.044
673.74	5.047
674.07	5.115
674.39	5.185
674.71	5.311
675.03	5.392
675.35	5.537
675.67	5.676
676.00	5.919
676.32	6.157
676.64	6.384
676.96	6.611
677.28	6.762
677.60	6.903
677.92	7.086
678.25	7.298
678.57	7.517
678.89	7.640
679.21	7.841
679.53	7.927
679.85	8.098
680.17	8.250
680.49	8.419
680.81	8.686
681.13	8.929
681.46	9.182
681.78	9.412
682.10	9.737
682.42	10.060
682.74	10.415
683.06	10.889
683.38	11.274
683.70	11.713
684.02	12.143
684.34	12.557
684.66	12.967
684.98	13.431
685.30	13.965
685.62	14.340
685.94	14.842
686.26	15.223
686.58	15.569
686.90	16.044
687.22	16.386
687.54	16.699
687.86	17.018
688.18	17.381
688.50	17.675
688.82	17.984
689.14	18.327
689.46	18.691
689.78	19.118
690.10	19.474
690.42	19.773
690.74	20.201
691.06	20.689
691.38	21.119
691.70	21.529
692.02	21.974
692.34	22.380
692.66	22.775
692.98	23.150
693.30	23.527
693.62	24.117
693.94	24.575
694.26	25.045
694.57	25.419
694.89	25.933
695.21	26.340
695.53	26.747
695.85	27.108
696.17	27.509
696.49	27.798
696.81	28.111
697.13	28.363
697.44	28.631
697.76	28.838
698.08	29.049
698.40	29.244
698.72	29.407
699.04	29.501
699.36	29.651
699.67	29.787
699.99	29.928
700.31	29.960
700.63	29.994
700.95	29.974
701.27	30.099
701.58	30.299
701.90	30.283
702.22	30.402
702.54	30.627
702.86	30.709
703.17	30.732
703.49	30.878
703.81	31.144
704.13	31.220
704.45	31.495
704.76	31.492
705.08	31.548
705.40	31.710
705.72	31.746
706.03	31.765
706.35	31.969
706.67	32.089
706.99	32.291
707.30	32.365
707.62	32.498
707.94	32.603
708.26	32.853
708.57	32.970
708.89	33.139
709.21	33.372
709.53	33.548
709.84	33.653
710.16	33.907
710.48	33.975
710.79	34.135
711.11	34.307
711.43	34.459
711.74	34.598
712.06	34.718
712.38	34.930
712.69	35.135
713.01	35.367
713.33	35.499
713.64	35.714
713.96	35.970
714.28	36.241
714.59	36.491
714.91	36.796
715.23	37.035
715.54	37.348
715.86	37.466
716.17	37.628
716.49	37.768
716.81	37.927
717.12	37.928
717.44	37.927
717.76	37.825
718.07	37.869
718.39	37.716
718.70	37.579
719.02	37.520
719.33	37.295
719.65	37.249
719.97	37.039
720.28	36.986
720.60	36.973
720.91	36.965
721.23	36.936
721.54	36.885
721.86	36.986
722.17	37.083
722.49	37.160
722.81	37.287
723.12	37.452
723.44	37.575
723.75	37.669
724.07	37.774
724.38	37.850
724.70	38.110
725.01	38.141
725.33	38.230
725.64	38.292
725.96	38.284
726.27	38.378
726.59	38.387
726.90	38.534
727.22	38.619
727.53	38.635
727.84	38.682
728.16	38.612
728.47	38.681
728.79	38.710
729.10	38.576
729.42	38.534
729.73	38.519
730.05	38.427
730.36	38.309
730.67	38.165
730.99	38.149
731.30	38.009
731.62	37.929
731.93	37.871
732.24	37.663
732.56	37.571
732.87	37.357
733.19	37.284
733.50	37.048
733.81	36.912
734.13	36.850
734.44	36.796
734.76	36.607
735.07	36.490
735.38	36.323
735.70	36.201
736.01	36.265
736.32	36.323
736.64	36.316
736.95	36.337
737.26	36.268
737.58	36.213
737.89	36.036
738.20	36.074
738.52	35.979
738.83	35.906
739.14	35.968
739.45	35.691
739.77	35.693
740.08	35.470
740.39	35.348
740.71	35.361
741.02	35.172
741.33	34.960
741.64	34.709
741.96	34.518
742.27	34.254
742.58	33.848
742.90	33.836
743.21	33.756
743.52	33.472
743.83	33.446
744.14	33.244
744.46	33.170
744.77	33.076
745.08	33.248
745.39	33.253
745.71	33.141
746.02	33.193
746.33	33.298
746.64	33.050
746.95	33.160
747.27	33.143
747.58	33.259
747.89	33.330
748.20	33.409
748.51	33.334
748.82	33.457
749.14	33.578
749.45	33.622
749.76	33.438
750.07	33.574
750.38	33.642
750.69	33.453
751.01	33.221
751.32	33.300
751.63	33.151
751.94	33.192
752.25	33.129
752.56	33.221
752.87	32.926
753.18	32.783
753.49	32.564
753.81	32.605
754.12	32.934
754.43	33.327
754.74	33.287
755.05	33.778
755.36	34.180
755.67	34.634
755.98	35.182
756.29	36.061
756.60	36.985
756.91	37.742
757.22	38.377
757.53	38.978
757.84	39.567
758.15	40.355
758.46	40.992
758.77	41.562
759.09	42.086
759.40	42.177
759.71	42.481
760.02	42.528
760.33	42.892
760.64	42.970
760.95	43.064
761.26	43.104
761.57	42.953
761.88	42.871
762.18	42.693
762.49	42.493
762.80	42.469
763.11	42.204
763.42	42.114
763.73	41.728
764.04	41.423
764.35	40.942
764.66	40.371
764.97	39.794
765.28	39.047
765.59	38.348
765.90	37.504
766.21	36.704
766.52	35.936
766.83	35.151
767.14	34.248
767.44	33.560
767.75	32.775
768.06	32.322
768.37	31.837
768.68	31.263
768.99	31.032
769.30	30.468
769.61	30.039
769.91	29.723
770.22	29.260
770.53	29.118
770.84	28.496
771.15	28.701
771.46	28.440
771.77	28.462
772.07	28.732
772.38	28.425
772.69	28.591
773.00	28.531
773.31	28.351
773.61	28.513
773.92	28.641
774.23	28.709
774.54	28.281
774.85	28.002
775.15	27.887
775.46	27.596
775.77	27.597
776.08	27.495
776.39	27.621
776.69	27.721
777.00	27.640
777.31	27.458
777.62	27.660
777.92	27.521
778.23	27.392
778.54	27.409
778.85	27.270
779.15	27.090
779.46	27.361
779.77	27.196
780.07	27.278
780.38	27.015
780.69	27.000
781.00	27.089
781.30	27.306
781.61	27.517
781.92	27.588
782.22	27.806
782.53	27.984
782.84	27.840
783.14	28.372
783.45	28.517
783.76	28.837
784.06	29.066
784.37	29.363
784.68	29.708
784.98	30.216
785.29	30.896
785.60	31.173
785.90	31.415
786.21	31.744
786.51	31.662
786.82	31.740
787.13	31.974
787.43	32.085
787.74	32.422
788.04	32.379
788.35	32.216
788.66	31.925
788.96	32.214
789.27	32.031
789.57	32.149
789.88	32.094
790.19	32.301
790.49	32.200
790.80	32.301
791.10	31.963
791.41	32.096
791.71	32.314
792.02	32.574
792.32	32.189
792.63	32.418
792.93	32.298
793.24	32.493
793.54	32.229
793.85	32.441
794.15	32.615
794.46	32.707
794.76	32.668
795.07	33.068
795.37	33.260
795.68	33.468
795.98	33.460
796.29	33.723
796.59	33.810
796.90	34.087
797.20	33.933
797.51	33.809
797.81	33.769
798.12	34.019
798.42	34.006
798.72	33.818
799.03	33.834
799.33	34.052
799.64	33.609
799.94	33.599
800.25	33.317
800.55	33.058
800.85	32.774
801.16	32.881
801.46	32.584
801.77	31.752
802.07	31.413
802.37	31.239
802.68	31.154
802.98	31.180
803.28	31.171
803.59	31.483
803.89	32.109
804.20	32.193
804.50	32.334
804.80	32.518
805.11	33.346
805.41	33.813
805.71	33.901
806.02	33.931
806.32	34.225
806.62	34.413
806.93	34.402
807.23	34.108
807.53	34.240
807.83	33.765
808.14	33.959
808.44	33.802
808.74	33.278
809.05	33.819
809.35	34.246
809.65	34.604
809.95	34.461
810.26	34.901
810.56	35.181
810.86	35.751
811.16	36.559
811.47	36.992
811.77	37.331
812.07	37.982
812.37	37.850
812.68	37.881
812.98	37.631
813.28	37.802
813.58	37.943
813.88	38.089
814.19	38.133
814.49	38.154
814.79	38.006
815.09	38.417
815.39	38.583
815.70	38.574
816.00	38.880
816.30	39.457
816.60	39.684
816.90	39.691
817.20	40.466
817.50	40.830
817.81	41.204
818.11	41.760
818.41	42.110
818.71	42.665
819.01	43.242
819.31	43.562
819.61	43.854
819.92	44.146
820.22	44.516
820.52	44.672
820.82	44.993
821.12	45.353
821.42	45.646
821.72	45.950
822.02	46.134
822.32	46.355
822.62	46.556
822.92	46.771
823.22	46.978
823.52	47.005
823.83	47.080
824.13	47.077
824.43	46.915
824.73	46.781
825.03	46.588
825.33	46.342
825.63	46.071
825.93	45.832
826.23	45.773
826.53	45.703
826.83	45.674
827.13	45.777
827.43	45.716
827.73	45.967
828.03	45.958
828.33	45.869
828.63	45.861
828.93	45.761
829.23	45.486
829.53	44.694
829.83	44.025
830.13	43.688
830.42	43.123
830.72	42.596
831.02	42.052
831.32	42.085
831.62	41.930
831.92	42.115
832.22	41.923
832.52	42.322
832.82	42.475
833.12	42.549
833.42	42.694
833.72	42.709
834.01	43.200
834.31	43.290
834.61	42.959
834.91	42.999
835.21	42.903
835.51	43.366
835.81	42.691
836.11	42.725
836.40	42.619
836.70	42.113
837.00	41.690
837.30	40.721
837.60	39.876
837.90	39.520
838.19	38.521
838.49	38.382
838.79	37.474
839.09	38.075
839.39	37.632
839.68	37.896
839.98	37.806
840.28	37.606
840.58	37.538
840.88	37.281
841.17	37.325
841.47	37.685
841.77	36.618
842.07	36.086
842.36	34.474
842.66	32.872
842.96	31.367
843.26	30.330
843.55	30.093
843.85	29.025
844.15	28.371
844.45	27.570
844.74	26.636
845.04	26.207
845.34	25.194
845.63	26.142
845.93	27.325
846.23	25.812
846.53	25.124
846.82	25.281
847.12	24.787
847.42	24.685
847.71	24.863
848.01	26.495
848.31	26.872
848.60	27.207
848.90	26.217
849.19	25.246
849.49	25.082
849.79	24.225
850.08	22.686
850.38	22.393
850.68	22.382
850.97	21.913
851.27	20.598
851.56	21.458
851.86	21.155
852.16	21.183
852.45	20.876
852.75	20.918
853.04	21.368
853.34	21.482
853.64	21.771
853.93	22.059
854.23	22.986
854.52	22.007
854.82	21.707
855.11	22.284
855.41	22.253
855.70	23.860
856.00	24.734
856.30	24.791
856.59	25.147
856.89	24.934
857.18	26.373
857.48	25.338
857.77	26.656
858.07	26.217
858.36	25.653
858.66	26.035
858.95	24.654
859.25	24.395
859.54	24.947
859.84	25.192
860.13	25.878
860.42	25.666
860.72	26.833
861.01	25.479
861.31	25.419
861.60	25.966
861.90	25.727
862.19	25.334
862.49	25.437
862.78	25.263
863.07	26.012
863.37	26.471
863.66	26.289
863.96	25.038
864.25	26.420
864.54	26.481
864.84	27.109
865.13	27.147
865.43	29.052
865.72	33.289
866.01	25.677
866.31	34.453
866.60	21.908
866.89	34.036
