180.30	0.000
180.67	0.000
181.03	154.374
181.40	598.670
181.77	-9058.563
182.14	72.216
182.51	107.347
182.88	-86.980
183.25	56.853
183.62	45.287
183.99	21.221
184.36	63.360
184.73	52.298
185.10	30.676
185.46	107.347
185.83	128.521
186.20	-1994.983
186.57	-35.295
186.94	155.344
187.31	99.110
187.68	35.679
188.05	83.353
188.42	58.528
188.78	59.354
189.15	396.713
189.52	-33.347
189.89	15.879
190.26	5.062
190.63	-2.765
191.00	10.560
191.37	12.108
191.73	19.548
192.10	15.924
192.47	26.829
192.84	27.462
193.21	29.316
193.58	33.680
193.94	22.992
194.31	22.809
194.68	35.316
195.05	13.718
195.42	23.336
195.79	0.745
196.15	1.508
196.52	-24.875
196.89	-47.010
197.26	-64.709
197.63	-45.849
198.00	-27.038
198.36	-17.531
198.73	-19.368
199.10	-19.543
199.47	-38.935
199.84	-18.248
200.20	-7.970
200.57	-3.134
200.94	10.248
201.31	16.555
201.68	-12.935
202.04	-9.820
202.41	-3.222
202.78	-23.153
203.15	-25.658
203.51	-15.043
203.88	-8.129
204.25	-14.992
204.62	-16.634
204.98	-32.965
205.35	-29.321
205.72	-8.696
206.09	-24.334
206.46	-86.715
206.82	-55.214
207.19	-32.208
207.56	-43.324
207.92	-39.071
208.29	-63.112
208.66	-36.613
209.03	-28.431
209.39	0.419
209.76	8.078
210.13	3.453
210.50	12.762
210.86	25.580
211.23	30.574
211.60	11.966
211.96	-0.109
212.33	15.262
212.70	-4.236
213.07	-6.688
213.43	-41.089
213.80	-48.682
214.17	-26.192
214.53	-25.388
214.90	-21.671
215.27	-19.268
215.63	-15.506
216.00	-10.376
216.37	-14.445
216.74	-22.131
217.10	-16.030
217.47	-13.326
217.84	-3.125
218.20	2.373
218.57	6.150
218.94	3.367
219.30	-2.873
219.67	-0.646
220.04	-1.963
220.40	-2.066
220.77	-0.417
221.13	-0.193
221.50	4.097
221.87	0.890
222.23	-6.360
222.60	-11.962
222.97	-13.731
223.33	-9.263
223.70	-9.629
224.07	-7.241
224.43	-8.325
224.80	-4.862
225.16	-4.361
225.53	-6.471
225.90	-7.315
226.26	-4.540
226.63	-3.291
226.99	-2.439
227.36	-1.079
227.73	-0.546
228.09	-1.412
228.46	-0.441
228.82	0.629
229.19	0.282
229.56	1.413
229.92	4.279
230.29	5.465
230.65	4.848
231.02	3.134
231.38	1.023
231.75	-1.133
232.12	-3.496
232.48	-5.184
232.85	-5.515
233.21	-5.823
233.58	-9.514
233.94	-12.673
234.31	-14.895
234.68	-12.730
235.04	-11.597
235.41	-10.192
235.77	-7.832
236.14	-5.014
236.50	-3.409
236.87	-3.607
237.23	-2.466
237.60	-1.372
237.96	-1.603
238.33	-1.975
238.69	-2.526
239.06	-2.894
239.42	-2.755
239.79	-3.233
240.15	-3.615
240.52	-3.050
240.88	-2.608
241.25	-2.926
241.61	-2.440
241.98	-2.283
242.34	-1.863
242.71	-1.244
243.07	-0.528
243.44	-0.546
243.80	-0.328
244.17	0.033
244.53	-0.258
244.90	-0.301
245.26	-0.159
245.63	-0.119
245.99	-0.051
246.36	-0.305
246.72	-0.358
247.09	-0.707
247.45	-0.549
247.81	-0.275
248.18	-0.512
248.54	-0.232
248.91	-0.569
249.27	-0.433
249.64	-0.705
250.00	-0.849
250.36	-0.761
250.73	-1.095
251.09	-0.822
251.46	-0.761
251.82	-1.185
252.19	-0.974
252.55	-1.134
252.91	-0.729
253.28	-1.063
253.64	-0.951
254.01	-0.580
254.37	0.095
254.73	0.976
255.10	1.555
255.46	1.779
255.83	1.892
256.19	1.776
256.55	1.589
256.92	1.647
257.28	1.601
257.65	1.630
258.01	1.792
258.37	1.699
258.74	1.447
259.10	1.121
259.46	0.772
259.83	0.694
260.19	0.685
260.55	0.668
260.92	0.350
261.28	0.420
261.64	0.384
262.01	0.226
262.37	0.059
262.73	-0.277
263.10	-0.099
263.46	0.008
263.82	0.095
264.19	0.342
264.55	0.077
264.91	0.207
265.28	-0.047
265.64	0.096
266.00	0.143
266.37	-0.036
266.73	0.110
267.09	0.158
267.46	0.297
267.82	0.087
268.18	0.275
268.54	0.639
268.91	0.607
269.27	0.726
269.63	0.897
270.00	0.864
270.36	0.986
270.72	1.145
271.08	1.126
271.45	0.867
271.81	0.948
272.17	0.674
272.53	0.615
272.90	0.710
273.26	0.808
273.62	0.625
273.98	0.482
274.35	0.472
274.71	0.533
275.07	0.391
275.43	0.696
275.80	0.705
276.16	0.593
276.52	0.455
276.88	0.344
277.25	0.031
277.61	-0.203
277.97	-0.291
278.33	-0.184
278.69	-0.391
279.06	-0.380
279.42	-0.563
279.78	-0.410
280.14	-0.316
280.50	-0.174
280.87	-0.162
281.23	-0.032
281.59	0.132
281.95	0.170
282.31	0.227
282.68	0.107
283.04	-0.022
283.40	0.111
283.76	0.063
284.12	0.216
284.48	0.335
284.85	0.403
285.21	0.465
285.57	0.329
285.93	0.417
286.29	0.257
286.65	0.413
287.02	0.695
287.38	0.639
287.74	0.589
288.10	0.420
288.46	0.296
288.82	0.252
289.18	0.231
289.54	0.384
289.91	0.338
290.27	0.550
290.63	0.700
290.99	0.863
291.35	1.014
291.71	1.083
292.07	1.039
292.43	0.918
292.79	0.859
293.16	0.984
293.52	1.139
293.88	1.262
294.24	1.174
294.60	1.010
294.96	0.827
295.32	0.668
295.68	0.675
296.04	0.789
296.40	0.925
296.76	0.858
297.12	0.686
297.49	0.419
297.85	0.254
298.21	0.156
298.57	0.015
298.93	0.098
299.29	-0.025
299.65	-0.084
300.01	-0.267
300.37	-0.352
300.73	-0.106
301.09	-0.077
301.45	0.063
301.81	0.201
302.17	0.406
302.53	0.299
302.89	0.061
303.25	0.289
303.61	0.308
303.97	0.235
304.33	0.314
304.69	0.362
305.05	0.362
305.41	0.421
305.77	0.375
306.13	0.234
306.49	0.351
306.85	0.579
307.21	0.597
307.57	0.673
307.93	0.743
308.29	0.776
308.65	0.677
309.01	0.698
309.37	0.621
309.73	0.635
310.09	0.821
310.45	0.940
310.81	0.824
311.17	0.774
311.53	0.676
311.89	0.780
312.25	0.650
312.61	0.602
312.96	0.756
313.32	0.851
313.68	0.773
314.04	0.616
314.40	0.707
314.76	0.821
315.12	0.803
315.48	0.820
315.84	0.756
316.20	0.809
316.56	0.791
316.92	0.652
317.27	0.448
317.63	0.545
317.99	0.508
318.35	0.414
318.71	0.352
319.07	0.378
319.43	0.471
319.79	0.506
320.15	0.479
320.50	0.598
320.86	0.499
321.22	0.615
321.58	0.541
321.94	0.445
322.30	0.329
322.66	0.227
323.01	0.193
323.37	0.074
323.73	0.021
324.09	-0.062
324.45	-0.060
324.81	-0.029
325.17	-0.022
325.52	-0.114
325.88	-0.069
326.24	-0.050
326.60	0.010
326.96	0.050
327.31	0.037
327.67	-0.099
328.03	-0.065
328.39	-0.163
328.75	-0.070
329.11	-0.045
329.46	0.058
329.82	0.129
330.18	0.099
330.54	-0.029
330.90	-0.125
331.25	-0.152
331.61	0.030
331.97	0.099
332.33	0.190
332.68	0.201
333.04	0.132
333.40	0.022
333.76	-0.078
334.11	0.002
334.47	0.090
334.83	0.064
335.19	0.061
335.54	-0.021
335.90	-0.010
336.26	-0.077
336.62	-0.199
336.97	-0.275
337.33	-0.248
337.69	-0.190
338.05	-0.233
338.40	-0.292
338.76	-0.261
339.12	-0.149
339.48	-0.146
339.83	-0.203
340.19	-0.156
340.55	-0.071
340.90	-0.051
341.26	-0.048
341.62	-0.055
341.97	-0.064
342.33	-0.037
342.69	0.014
343.04	-0.053
343.40	-0.114
343.76	-0.148
344.12	-0.149
344.47	-0.138
344.83	0.018
345.19	0.054
345.54	0.064
345.90	0.140
346.26	0.203
346.61	0.269
346.97	0.293
347.32	0.426
347.68	0.472
348.04	0.430
348.39	0.378
348.75	0.318
349.11	0.326
349.46	0.318
349.82	0.349
350.18	0.360
350.53	0.372
350.89	0.371
351.24	0.360
351.60	0.424
351.96	0.465
352.31	0.502
352.67	0.563
353.02	0.621
353.38	0.668
353.74	0.665
354.09	0.693
354.45	0.696
354.80	0.787
355.16	0.882
355.52	0.895
355.87	0.914
356.23	1.027
356.58	1.073
356.94	1.149
357.29	1.218
357.65	1.237
358.00	1.237
358.36	1.292
358.72	1.371
359.07	1.406
359.43	1.496
359.78	1.652
360.14	1.707
360.49	1.749
360.85	1.787
361.20	1.791
361.56	1.866
361.91	1.981
362.27	2.034
362.62	2.070
362.98	2.120
363.33	2.146
363.69	2.148
364.04	2.215
364.40	2.261
364.75	2.345
365.11	2.448
365.46	2.503
365.82	2.566
366.17	2.623
366.53	2.684
366.88	2.742
367.24	2.839
367.59	2.852
367.95	2.905
368.30	2.955
368.66	2.966
369.01	3.020
369.37	3.050
369.72	3.092
370.08	3.142
370.43	3.181
370.78	3.207
371.14	3.195
371.49	3.260
371.85	3.262
372.20	3.258
372.56	3.271
372.91	3.287
373.26	3.364
373.62	3.369
373.97	3.377
374.33	3.377
374.68	3.440
375.03	3.516
375.39	3.502
375.74	3.516
376.10	3.585
376.45	3.642
376.80	3.697
377.16	3.690
377.51	3.752
377.87	3.790
378.22	3.800
378.57	3.809
378.93	3.819
379.28	3.901
379.63	3.958
379.99	4.041
380.34	4.054
380.70	4.055
381.05	4.092
381.40	4.086
381.76	4.161
382.11	4.205
382.46	4.254
382.82	4.307
383.17	4.334
383.52	4.316
383.88	4.291
384.23	4.315
384.58	4.329
384.94	4.353
385.29	4.409
385.64	4.424
385.99	4.466
386.35	4.473
386.70	4.462
387.05	4.480
387.41	4.532
387.76	4.538
388.11	4.567
388.47	4.590
388.82	4.637
389.17	4.633
389.52	4.657
389.88	4.711
390.23	4.757
390.58	4.834
390.93	4.863
391.29	4.908
391.64	4.957
391.99	5.034
392.34	5.103
392.70	5.117
393.05	5.140
393.40	5.154
393.75	5.129
394.11	5.140
394.46	5.103
394.81	5.109
395.16	5.073
395.52	5.077
395.87	5.036
396.22	5.018
396.57	4.996
396.92	4.973
397.28	4.937
397.63	4.929
397.98	4.898
398.33	4.914
398.68	4.911
399.04	4.903
399.39	4.864
399.74	4.859
400.09	4.859
400.44	4.853
400.80	4.874
401.15	4.870
401.50	4.910
401.85	4.932
402.20	4.904
402.55	4.941
402.90	4.949
403.26	5.004
403.61	5.005
403.96	5.001
404.31	5.010
404.66	5.017
405.01	5.002
405.36	4.980
405.72	4.926
406.07	4.907
406.42	4.846
406.77	4.846
407.12	4.808
407.47	4.845
407.82	4.860
408.17	4.885
408.53	4.879
408.88	4.863
409.23	4.854
409.58	4.886
409.93	4.914
410.28	4.939
410.63	4.934
410.98	4.932
411.33	4.896
411.68	4.863
412.03	4.860
412.38	4.827
412.73	4.907
413.09	4.933
413.44	4.963
413.79	4.976
414.14	4.982
414.49	5.031
414.84	5.051
415.19	5.054
415.54	5.075
415.89	5.054
416.24	5.118
416.59	5.119
416.94	5.121
417.29	5.127
417.64	5.134
417.99	5.159
418.34	5.140
418.69	5.151
419.04	5.152
419.39	5.150
419.74	5.164
420.09	5.153
420.44	5.144
420.79	5.145
421.14	5.154
421.49	5.159
421.84	5.144
422.19	5.161
422.54	5.162
422.89	5.163
423.24	5.168
423.59	5.172
423.94	5.158
424.29	5.155
424.64	5.159
424.99	5.120
425.34	5.104
425.68	5.081
426.03	5.053
426.38	5.030
426.73	5.038
427.08	5.020
427.43	5.014
427.78	5.026
428.13	5.001
428.48	4.986
428.83	4.983
429.18	4.978
429.53	4.986
429.87	4.979
430.22	4.972
430.57	4.981
430.92	4.982
431.27	4.986
431.62	4.967
431.97	4.977
432.32	4.964
432.67	4.971
433.01	4.966
433.36	4.952
433.71	4.948
434.06	4.934
434.41	4.914
434.76	4.912
435.11	4.910
435.45	4.908
435.80	4.902
436.15	4.920
436.50	4.932
436.85	4.945
437.20	4.974
437.54	4.980
437.89	5.003
438.24	5.009
438.59	5.016
438.94	5.006
439.29	5.004
439.63	5.040
439.98	5.035
440.33	5.028
440.68	5.037
441.03	5.036
441.37	5.064
441.72	5.073
442.07	5.085
442.42	5.111
442.76	5.164
443.11	5.211
443.46	5.224
443.81	5.256
444.16	5.289
444.50	5.305
444.85	5.335
445.20	5.339
445.55	5.368
445.89	5.384
446.24	5.397
446.59	5.380
446.94	5.390
447.28	5.387
447.63	5.402
447.98	5.420
448.32	5.441
448.67	5.450
449.02	5.477
449.37	5.464
449.71	5.494
450.06	5.491
450.41	5.522
450.75	5.526
451.10	5.548
451.45	5.546
451.79	5.539
452.14	5.534
452.49	5.528
452.84	5.524
453.18	5.542
453.53	5.546
453.88	5.565
454.22	5.576
454.57	5.584
454.92	5.604
455.26	5.643
455.61	5.686
455.95	5.733
456.30	5.758
456.65	5.787
456.99	5.812
457.34	5.819
457.69	5.835
458.03	5.827
458.38	5.831
458.73	5.835
459.07	5.831
459.42	5.801
459.76	5.768
460.11	5.738
460.46	5.711
460.80	5.693
461.15	5.685
461.49	5.665
461.84	5.666
462.19	5.664
462.53	5.654
462.88	5.644
463.22	5.638
463.57	5.646
463.91	5.653
464.26	5.659
464.61	5.664
464.95	5.648
465.30	5.647
465.64	5.647
465.99	5.670
466.33	5.664
466.68	5.665
467.02	5.660
467.37	5.647
467.71	5.638
468.06	5.629
468.41	5.611
468.75	5.613
469.10	5.599
469.44	5.590
469.79	5.562
470.13	5.540
470.48	5.511
470.82	5.511
471.17	5.526
471.51	5.533
471.86	5.523
472.20	5.532
472.55	5.517
472.89	5.517
473.23	5.517
473.58	5.512
473.92	5.526
474.27	5.518
474.61	5.511
474.96	5.507
475.30	5.525
475.65	5.518
475.99	5.514
476.34	5.525
476.68	5.528
477.02	5.534
477.37	5.543
477.71	5.575
478.06	5.635
478.40	5.707
478.75	5.792
479.09	5.886
479.43	6.002
479.78	6.141
480.12	6.284
480.47	6.438
480.81	6.589
481.15	6.735
481.50	6.875
481.84	7.036
482.19	7.192
482.53	7.328
482.87	7.415
483.22	7.433
483.56	7.366
483.90	7.258
484.25	7.110
484.59	6.952
484.94	6.814
485.28	6.695
485.62	6.551
485.97	6.400
486.31	6.265
486.65	6.167
487.00	6.132
487.34	6.159
487.68	6.212
488.03	6.285
488.37	6.361
488.71	6.402
489.06	6.412
489.40	6.414
489.74	6.418
490.09	6.422
490.43	6.418
490.77	6.415
491.11	6.408
491.46	6.392
491.80	6.391
492.14	6.380
492.49	6.392
492.83	6.384
493.17	6.395
493.51	6.401
493.86	6.414
494.20	6.446
494.54	6.484
494.88	6.531
495.23	6.599
495.57	6.643
495.91	6.715
496.25	6.778
496.60	6.835
496.94	6.874
497.28	6.935
497.62	6.996
497.97	7.052
498.31	7.119
498.65	7.179
498.99	7.221
499.33	7.300
499.68	7.376
500.02	7.447
500.36	7.537
500.70	7.625
501.04	7.703
501.39	7.769
501.73	7.869
502.07	7.966
502.41	8.059
502.75	8.184
503.09	8.281
503.44	8.380
503.78	8.470
504.12	8.566
504.46	8.684
504.80	8.806
505.14	8.933
505.49	9.041
505.83	9.146
506.17	9.270
506.51	9.377
506.85	9.489
507.19	9.599
507.53	9.714
507.87	9.832
508.22	9.931
508.56	10.039
508.90	10.137
509.24	10.253
509.58	10.369
509.92	10.486
510.26	10.607
510.60	10.732
510.94	10.863
511.28	10.980
511.63	11.100
511.97	11.240
512.31	11.381
512.65	11.537
512.99	11.682
513.33	11.852
513.67	11.999
514.01	12.180
514.35	12.368
514.69	12.540
515.03	12.723
515.37	12.906
515.71	13.059
516.05	13.199
516.39	13.340
516.73	13.471
517.07	13.584
517.41	13.710
517.75	13.812
518.09	13.916
518.43	14.008
518.77	14.092
519.11	14.185
519.45	14.279
519.79	14.423
520.13	14.537
520.47	14.658
520.81	14.808
521.15	14.957
521.49	15.120
521.83	15.269
522.17	15.417
522.51	15.595
522.85	15.789
523.19	16.018
523.53	16.224
523.87	16.499
524.21	16.761
524.55	17.002
524.89	17.216
525.23	17.418
525.57	17.593
525.91	17.784
526.25	17.943
526.58	18.101
526.92	18.212
527.26	18.285
527.60	18.310
527.94	18.339
528.28	18.342
528.62	18.347
528.96	18.340
529.30	18.346
529.64	18.327
529.97	18.315
530.31	18.269
530.65	18.268
530.99	18.290
531.33	18.337
531.67	18.374
532.01	18.402
532.35	18.419
532.68	18.444
533.02	18.455
533.36	18.467
533.70	18.453
534.04	18.457
534.38	18.451
534.71	18.458
535.05	18.454
535.39	18.461
535.73	18.504
536.07	18.551
536.41	18.570
536.74	18.616
537.08	18.658
537.42	18.749
537.76	18.827
538.10	18.913
538.43	19.002
538.77	19.081
539.11	19.137
539.45	19.187
539.79	19.221
540.12	19.260
540.46	19.281
540.80	19.285
541.14	19.280
541.47	19.242
541.81	19.205
542.15	19.153
542.49	19.100
542.82	19.057
543.16	18.999
543.50	18.965
543.84	18.921
544.17	18.874
544.51	18.872
544.85	18.842
545.18	18.868
545.52	18.846
545.86	18.847
546.20	18.848
546.53	18.849
546.87	18.847
547.21	18.833
547.54	18.850
547.88	18.860
548.22	18.816
548.55	18.806
548.89	18.782
549.23	18.791
549.56	18.768
549.90	18.792
550.24	18.793
550.57	18.798
550.91	18.779
551.25	18.773
551.58	18.761
551.92	18.777
552.26	18.748
552.59	18.727
552.93	18.713
553.27	18.707
553.60	18.651
553.94	18.597
554.27	18.565
554.61	18.564
554.95	18.518
555.28	18.510
555.62	18.469
555.95	18.494
556.29	18.458
556.63	18.422
556.96	18.380
557.30	18.347
557.63	18.317
557.97	18.274
558.31	18.208
558.64	18.175
558.98	18.110
559.31	18.092
559.65	18.008
559.98	17.954
560.32	17.908
560.65	17.872
560.99	17.812
561.33	17.754
561.66	17.717
562.00	17.672
562.33	17.613
562.67	17.557
563.00	17.502
563.34	17.484
563.67	17.456
564.01	17.407
564.34	17.340
564.68	17.301
565.01	17.249
565.35	17.170
565.68	17.094
566.02	17.029
566.35	16.970
566.69	16.877
567.02	16.784
567.36	16.684
567.69	16.589
568.03	16.525
568.36	16.419
568.69	16.345
569.03	16.274
569.36	16.217
569.70	16.142
570.03	16.088
570.37	16.019
570.70	15.962
571.04	15.912
571.37	15.851
571.70	15.781
572.04	15.743
572.37	15.675
572.71	15.606
573.04	15.555
573.37	15.492
573.71	15.427
574.04	15.373
574.38	15.282
574.71	15.220
575.04	15.167
575.38	15.095
575.71	15.014
576.05	14.958
576.38	14.913
576.71	14.817
577.05	14.748
577.38	14.685
577.71	14.613
578.05	14.547
578.38	14.453
578.71	14.357
579.05	14.291
579.38	14.235
579.71	14.157
580.05	14.072
580.38	14.027
580.71	13.962
581.05	13.869
581.38	13.812
581.71	13.757
582.05	13.734
582.38	13.716
582.71	13.672
583.04	13.648
583.38	13.613
583.71	13.572
584.04	13.552
584.38	13.536
584.71	13.519
585.04	13.520
585.37	13.505
585.71	13.470
586.04	13.459
586.37	13.441
586.70	13.428
587.04	13.421
587.37	13.424
587.70	13.406
588.03	13.374
588.37	13.374
588.70	13.336
589.03	13.317
589.36	13.315
589.69	13.267
590.03	13.239
590.36	13.160
590.69	13.094
591.02	13.050
591.35	13.009
591.69	12.978
592.02	12.949
592.35	12.920
592.68	12.913
593.01	12.856
593.35	12.854
593.68	12.854
594.01	12.868
594.34	12.860
594.67	12.839
595.00	12.821
595.34	12.771
595.67	12.715
596.00	12.688
596.33	12.622
596.66	12.599
596.99	12.522
597.32	12.455
597.65	12.418
597.99	12.369
598.32	12.320
598.65	12.235
598.98	12.217
599.31	12.175
599.64	12.146
599.97	12.122
600.30	12.118
600.63	12.139
600.96	12.130
601.30	12.096
601.63	12.084
601.96	12.070
602.29	12.077
602.62	12.079
602.95	12.078
603.28	12.039
603.61	12.024
603.94	11.971
604.27	11.929
604.60	11.889
604.93	11.849
605.26	11.837
605.59	11.805
605.92	11.759
606.25	11.682
606.58	11.651
606.91	11.606
607.24	11.579
607.57	11.536
607.90	11.478
608.23	11.442
608.56	11.395
608.89	11.300
609.22	11.231
609.55	11.166
609.88	11.103
610.21	11.034
610.54	11.000
610.87	10.901
611.20	10.850
611.53	10.781
611.86	10.706
612.19	10.634
612.52	10.602
612.85	10.595
613.18	10.600
613.51	10.569
613.84	10.476
614.17	10.410
614.49	10.396
614.82	10.350
615.15	10.333
615.48	10.298
615.81	10.253
616.14	10.222
616.47	10.138
616.80	10.045
617.13	10.009
617.46	9.984
617.78	9.961
618.11	9.887
618.44	9.847
618.77	9.793
619.10	9.722
619.43	9.709
619.76	9.645
620.09	9.624
620.41	9.626
620.74	9.619
621.07	9.624
621.40	9.615
621.73	9.642
622.06	9.656
622.38	9.687
622.71	9.730
623.04	9.745
623.37	9.783
623.70	9.808
624.02	9.805
624.35	9.839
624.68	9.845
625.01	9.853
625.34	9.879
625.66	9.878
625.99	9.874
626.32	9.863
626.65	9.842
626.98	9.847
627.30	9.830
627.63	9.808
627.96	9.724
628.29	9.696
628.61	9.643
628.94	9.562
629.27	9.526
629.60	9.437
629.92	9.432
630.25	9.381
630.58	9.320
630.91	9.302
631.23	9.263
631.56	9.289
631.89	9.224
632.21	9.200
632.54	9.185
632.87	9.138
633.19	9.101
633.52	9.036
633.85	8.996
634.18	8.943
634.50	8.858
634.83	8.833
635.16	8.725
635.48	8.682
635.81	8.587
636.14	8.499
636.46	8.439
636.79	8.383
637.11	8.245
637.44	8.135
637.77	8.038
638.09	7.944
638.42	7.805
638.75	7.715
639.07	7.631
639.40	7.554
639.73	7.458
640.05	7.352
640.38	7.296
640.70	7.222
641.03	7.167
641.36	7.106
641.68	7.020
642.01	6.958
642.33	6.911
642.66	6.848
642.98	6.762
643.31	6.703
643.64	6.636
643.96	6.527
644.29	6.539
644.61	6.514
644.94	6.464
645.26	6.438
645.59	6.444
645.91	6.430
646.24	6.393
646.56	6.365
646.89	6.358
647.22	6.332
647.54	6.351
647.87	6.313
648.19	6.268
648.52	6.224
648.84	6.233
649.17	6.157
649.49	6.144
649.82	6.147
650.14	6.206
650.47	6.193
650.79	6.189
651.11	6.147
651.44	6.128
651.76	6.109
652.09	6.160
652.41	6.164
652.74	6.193
653.06	6.194
653.39	6.225
653.71	6.182
654.04	6.194
654.36	6.203
654.68	6.215
655.01	6.289
655.33	6.313
655.66	6.283
655.98	6.292
656.30	6.243
656.63	6.209
656.95	6.165
657.28	6.144
657.60	6.087
657.92	6.061
658.25	6.052
658.57	5.983
658.90	5.964
659.22	5.951
659.54	5.917
659.87	5.917
660.19	5.890
660.51	5.854
660.84	5.827
661.16	5.797
661.48	5.814
661.81	5.813
662.13	5.785
662.45	5.779
662.78	5.783
663.10	5.800
663.42	5.827
663.75	5.861
664.07	5.810
664.39	5.828
664.72	5.847
665.04	5.849
665.36	5.916
665.69	5.953
666.01	5.982
666.33	6.018
666.65	5.989
666.98	6.053
667.30	6.117
667.62	6.255
667.94	6.322
668.27	6.452
668.59	6.539
668.91	6.659
669.23	6.770
669.56	6.894
669.88	7.033
670.20	7.130
670.52	7.233
670.85	7.334
671.17	7.525
671.49	7.710
671.81	7.892
672.13	8.043
672.46	8.118
672.78	8.267
673.10	8.433
673.42	8.578
673.74	8.788
674.07	9.003
674.39	9.256
674.71	9.354
675.03	9.486
675.35	9.603
675.67	9.784
676.00	9.959
676.32	10.114
676.64	10.262
676.96	10.466
677.28	10.664
677.60	10.888
677.92	10.994
678.25	11.179
678.57	11.364
678.89	11.517
679.21	11.662
679.53	11.893
679.85	12.145
680.17	12.383
680.49	12.523
680.81	12.778
681.13	12.892
681.46	13.152
681.78	13.440
682.10	13.685
682.42	13.924
682.74	14.197
683.06	14.409
683.38	14.613
683.70	14.850
684.02	15.137
684.34	15.367
684.66	15.644
684.98	15.874
685.30	16.070
685.62	16.282
685.94	16.524
686.26	16.638
686.58	16.794
686.90	16.935
687.22	17.086
687.54	17.185
687.86	17.270
688.18	17.323
688.50	17.418
688.82	17.550
689.14	17.696
689.46	17.860
689.78	18.094
690.10	18.282
690.42	18.456
690.74	18.641
691.06	18.912
691.38	19.159
691.70	19.480
692.02	19.697
692.34	19.911
692.66	20.070
692.98	20.206
693.30	20.402
693.62	20.575
693.94	20.745
694.26	20.859
694.57	20.972
694.89	21.131
695.21	21.276
695.53	21.467
695.85	21.542
696.17	21.748
696.49	21.967
696.81	22.091
697.13	22.264
697.44	22.467
697.76	22.674
698.08	22.962
698.40	23.202
698.72	23.405
699.04	23.694
699.36	24.082
699.67	24.358
699.99	24.627
700.31	25.005
700.63	25.383
700.95	25.804
701.27	26.149
701.58	26.386
701.90	26.613
702.22	26.946
702.54	27.206
702.86	27.472
703.17	27.746
703.49	28.005
703.81	28.240
704.13	28.427
704.45	28.577
704.76	28.815
705.08	28.991
705.40	29.174
705.72	29.397
706.03	29.525
706.35	29.654
706.67	29.841
706.99	30.056
707.30	30.296
707.62	30.450
707.94	30.554
708.26	30.735
708.57	30.954
708.89	31.180
709.21	31.365
709.53	31.602
709.84	31.829
710.16	32.038
710.48	32.202
710.79	32.427
711.11	32.690
711.43	32.913
711.74	33.132
712.06	33.386
712.38	33.625
712.69	33.791
713.01	34.030
713.33	34.260
713.64	34.587
713.96	34.851
714.28	35.106
714.59	35.457
714.91	35.836
715.23	36.160
715.54	36.380
715.86	36.756
716.17	37.172
716.49	37.504
716.81	37.789
717.12	38.026
717.44	38.359
717.76	38.674
718.07	38.879
718.39	39.064
718.70	39.208
719.02	39.533
719.33	39.658
719.65	39.860
719.97	39.988
720.28	40.288
720.60	40.450
720.91	40.760
721.23	40.906
721.54	41.160
721.86	41.503
722.17	41.860
722.49	42.042
722.81	42.303
723.12	42.482
723.44	42.686
723.75	42.789
724.07	43.047
724.38	43.180
724.70	43.483
725.01	43.582
725.33	43.685
725.64	43.844
725.96	43.999
726.27	44.090
726.59	44.253
726.90	44.542
727.22	44.716
727.53	44.881
727.84	45.006
728.16	44.977
728.47	45.082
728.79	45.244
729.10	45.346
729.42	45.574
729.73	45.715
730.05	45.913
730.36	45.923
730.67	46.013
730.99	46.058
731.30	46.158
731.62	46.404
731.93	46.567
732.24	46.669
732.56	46.852
732.87	47.028
733.19	47.278
733.50	47.413
733.81	47.566
734.13	47.764
734.44	47.980
734.76	48.079
735.07	48.253
735.38	48.430
735.70	48.678
736.01	48.814
736.32	48.982
736.64	49.237
736.95	49.251
737.26	49.373
737.58	49.502
737.89	49.550
738.20	49.790
738.52	49.871
738.83	50.046
739.14	50.134
739.45	50.156
739.77	50.185
740.08	50.119
740.39	50.262
740.71	50.419
741.02	50.473
741.33	50.629
741.64	50.841
741.96	51.028
742.27	51.073
742.58	51.216
742.90	51.435
743.21	51.508
743.52	51.666
743.83	51.717
744.14	51.824
744.46	51.998
744.77	52.131
745.08	52.067
745.39	52.086
745.71	52.132
746.02	52.046
746.33	51.954
746.64	51.762
746.95	51.728
747.27	51.880
747.58	51.907
747.89	51.931
748.20	51.945
748.51	51.962
748.82	51.722
749.14	51.770
749.45	51.762
749.76	52.018
750.07	52.205
750.38	52.043
750.69	51.898
751.01	51.811
751.32	51.599
751.63	51.683
751.94	51.574
752.25	51.607
752.56	51.350
752.87	51.329
753.18	51.045
753.49	50.987
753.81	51.083
754.12	50.977
754.43	51.041
754.74	51.159
755.05	51.044
755.36	51.096
755.67	51.186
755.98	51.504
756.29	51.601
756.60	51.812
756.91	51.893
757.22	52.032
757.53	52.350
757.84	52.331
758.15	52.473
758.46	52.587
758.77	52.515
759.09	52.510
759.40	52.366
759.71	52.341
760.02	52.210
760.33	52.229
760.64	52.153
760.95	52.051
761.26	52.002
761.57	51.914
761.88	51.694
762.18	51.629
762.49	51.607
762.80	51.664
763.11	51.620
763.42	51.521
763.73	51.418
764.04	51.375
764.35	51.352
764.66	51.178
764.97	50.956
765.28	50.982
765.59	50.956
765.90	50.838
766.21	50.533
766.52	50.418
766.83	50.379
767.14	50.195
767.44	49.964
767.75	49.672
768.06	49.815
768.37	49.808
768.68	49.865
768.99	49.813
769.30	49.703
769.61	49.635
769.91	49.311
770.22	49.372
770.53	49.412
770.84	49.495
771.15	49.669
771.46	49.366
771.77	49.437
772.07	49.266
772.38	49.125
772.69	49.087
773.00	49.379
773.31	49.543
773.61	49.265
773.92	49.290
774.23	49.083
774.54	48.795
774.85	48.599
775.15	48.414
775.46	48.184
775.77	48.341
776.08	48.148
776.39	47.652
776.69	47.469
777.00	47.333
777.31	47.203
777.62	47.201
777.92	47.054
778.23	47.275
778.54	47.090
778.85	47.171
779.15	47.130
779.46	47.337
779.77	47.718
780.07	47.772
780.38	48.116
780.69	47.825
781.00	47.721
781.30	47.916
781.61	47.761
781.92	48.133
782.22	48.209
782.53	48.187
782.84	47.981
783.14	47.849
783.45	47.779
783.76	47.798
784.06	47.998
784.37	47.876
784.68	48.113
784.98	48.471
785.29	48.508
785.60	48.504
785.90	48.457
786.21	48.692
786.51	48.477
786.82	48.523
787.13	48.517
787.43	48.628
787.74	48.973
788.04	48.846
788.35	48.589
788.66	48.322
788.96	48.347
789.27	48.532
789.57	48.603
789.88	48.966
790.19	49.220
790.49	49.022
790.80	48.892
791.10	48.788
791.41	48.770
791.71	49.034
792.02	49.167
792.32	48.966
792.63	48.796
792.93	48.625
793.24	48.845
793.54	48.597
793.85	48.704
794.15	48.851
794.46	48.666
794.76	48.848
795.07	48.621
795.37	48.594
795.68	48.971
795.98	48.742
796.29	48.671
796.59	48.156
796.90	48.341
797.20	48.235
797.51	48.201
797.81	48.132
798.12	48.063
798.42	48.345
798.72	48.363
799.03	48.194
799.33	48.454
799.64	48.545
799.94	49.062
800.25	48.889
800.55	49.074
800.85	49.300
801.16	49.738
801.46	49.390
801.77	49.197
802.07	49.021
802.37	48.951
802.68	48.836
802.98	48.906
803.28	48.365
803.59	48.588
803.89	48.668
804.20	48.623
804.50	48.449
804.80	48.539
805.11	48.204
805.41	48.264
805.71	48.355
806.02	48.501
806.32	48.437
806.62	48.800
806.93	49.164
807.23	49.360
807.53	49.262
807.83	49.278
808.14	49.679
808.44	49.833
808.74	50.089
809.05	49.775
809.35	49.742
809.65	50.197
809.95	50.082
810.26	49.768
810.56	49.449
810.86	49.439
811.16	50.124
811.47	50.237
811.77	50.760
812.07	50.508
812.37	50.924
812.68	51.037
812.98	50.969
813.28	50.969
813.58	51.381
813.88	51.240
814.19	52.102
814.49	52.094
814.79	52.269
815.09	52.628
815.39	52.668
815.70	52.844
816.00	52.863
816.30	52.554
816.60	52.440
816.90	51.803
817.20	52.213
817.50	51.628
817.81	51.018
818.11	50.639
818.41	50.486
818.71	50.486
819.01	50.496
819.31	50.777
819.61	50.945
819.92	51.164
820.22	51.581
820.52	51.718
820.82	51.923
821.12	52.265
821.42	52.618
821.72	52.909
822.02	53.240
822.32	53.569
822.62	53.784
822.92	54.050
823.22	54.428
823.52	54.598
823.83	54.733
824.13	54.783
824.43	54.733
824.73	54.668
825.03	54.538
825.33	54.561
825.63	54.369
825.93	54.210
826.23	54.100
826.53	53.649
826.83	53.413
827.13	53.708
827.43	54.073
827.73	54.485
828.03	54.652
828.33	54.974
828.63	55.134
828.93	55.349
829.23	55.267
829.53	55.154
829.83	55.170
830.13	54.999
830.42	54.178
830.72	53.488
831.02	52.814
831.32	52.786
831.62	52.678
831.92	52.521
832.22	52.400
832.52	52.515
832.82	52.816
833.12	53.034
833.42	53.287
833.72	53.306
834.01	53.576
834.31	53.802
834.61	53.994
834.91	54.217
835.21	54.445
835.51	54.595
835.81	54.427
836.11	54.503
836.40	54.138
836.70	54.179
837.00	54.527
837.30	54.405
837.60	54.418
837.90	54.259
838.19	53.454
838.49	53.089
838.79	53.083
839.09	53.420
839.39	53.092
839.68	53.272
839.98	52.566
840.28	52.547
840.58	52.444
840.88	52.784
841.17	52.086
841.47	53.038
841.77	53.054
842.07	53.282
842.36	53.218
842.66	52.291
842.96	51.516
843.26	51.451
843.55	50.682
843.85	50.090
844.15	50.023
844.45	49.583
844.74	49.097
845.04	47.988
845.34	46.924
845.63	46.537
845.93	46.980
846.23	48.925
846.53	48.890
846.82	49.284
847.12	49.194
847.42	48.737
847.71	48.566
848.01	47.417
848.31	47.717
848.60	47.983
848.90	48.016
849.19	48.946
849.49	46.647
849.79	47.571
850.08	47.196
850.38	48.305
850.68	48.062
850.97	48.588
851.27	49.283
851.56	50.872
851.86	50.741
852.16	52.336
852.45	51.512
852.75	52.484
853.04	52.364
853.34	52.187
853.64	51.317
853.93	50.212
854.23	50.576
854.52	50.600
854.82	50.190
855.11	49.742
855.41	50.269
855.70	51.957
856.00	52.530
856.30	52.713
856.59	54.070
856.89	53.878
857.18	53.872
857.48	53.077
857.77	51.974
858.07	51.417
858.36	50.434
858.66	49.661
858.95	48.483
859.25	49.090
859.54	47.961
859.84	46.570
860.13	47.410
860.42	48.382
860.72	49.046
861.01	50.902
861.31	51.184
861.60	53.793
861.90	54.352
862.19	55.594
862.49	54.627
862.78	55.673
863.07	56.489
863.37	56.090
863.66	55.689
863.96	58.143
864.25	57.360
864.54	57.052
864.84	56.601
865.13	56.743
865.43	56.695
865.72	54.265
866.01	51.743
866.31	55.058
866.60	60.254
866.89	64.813
