180.30	0.000
180.67	0.000
181.03	121.086
181.40	620.832
181.77	-9422.630
182.14	74.463
182.51	-347.141
182.88	-136.892
183.25	27.692
183.62	76.107
183.99	-12.182
184.36	1.898
184.73	318.004
185.10	43.023
185.46	-505.010
185.83	-572.671
186.20	1599.864
186.57	25.344
186.94	57.388
187.31	42.778
187.68	77.452
188.05	68.348
188.42	141.270
188.78	233.805
189.15	549.917
189.52	-116.993
189.89	-1.757
190.26	-2.060
190.63	12.415
191.00	23.192
191.37	24.384
191.73	42.121
192.10	52.611
192.47	56.033
192.84	60.355
193.21	51.025
193.58	44.613
193.94	33.376
194.31	32.057
194.68	15.203
195.05	-4.818
195.42	-5.677
195.79	-33.060
196.15	-48.590
196.52	-70.641
196.89	-75.966
197.26	-53.986
197.63	-9.288
198.00	18.317
198.36	24.372
198.73	27.456
199.10	18.430
199.47	13.296
199.84	12.793
200.20	19.643
200.57	29.835
200.94	27.623
201.31	24.725
201.68	-3.406
202.04	-18.352
202.41	-18.749
202.78	-18.688
203.15	12.274
203.51	26.495
203.88	36.050
204.25	27.600
204.62	12.120
204.98	-8.275
205.35	0.019
205.72	14.539
206.09	17.619
206.46	-18.840
206.82	-28.760
207.19	-62.559
207.56	-113.974
207.92	-91.845
208.29	-98.671
208.66	-40.854
209.03	-31.323
209.39	-22.574
209.76	-15.451
210.13	-36.901
210.50	-12.865
210.86	3.603
211.23	1.158
211.60	5.851
211.96	-1.771
212.33	-3.459
212.70	-19.834
213.07	-27.903
213.43	-57.993
213.80	-74.718
214.17	-45.668
214.53	-36.932
214.90	-29.550
215.27	-17.097
215.63	-24.573
216.00	-23.750
216.37	-15.515
216.74	-16.755
217.10	-7.441
217.47	-6.493
217.84	0.008
218.20	-6.251
218.57	-2.886
218.94	-8.114
219.30	-9.270
219.67	-6.937
220.04	-3.059
220.40	-9.497
220.77	-11.893
221.13	-11.482
221.50	-3.443
221.87	-3.031
222.23	-1.047
222.60	-10.780
222.97	-10.874
223.33	-8.621
223.70	-7.573
224.07	-8.874
224.43	-9.360
224.80	-4.108
225.16	-6.911
225.53	-6.597
225.90	-6.144
226.26	-2.689
226.63	0.207
226.99	1.585
227.36	1.692
227.73	2.979
228.09	2.970
228.46	5.152
228.82	3.912
229.19	5.240
229.56	4.604
229.92	5.645
230.29	5.220
230.65	6.193
231.02	5.738
231.38	4.063
231.75	1.326
232.12	-0.548
232.48	-2.791
232.85	-4.061
233.21	-4.076
233.58	-5.980
233.94	-6.574
234.31	-6.572
234.68	-7.128
235.04	-7.137
235.41	-3.963
235.77	-2.175
236.14	-0.402
236.50	1.991
236.87	3.531
237.23	4.005
237.60	4.808
237.96	4.102
238.33	3.101
238.69	1.846
239.06	1.445
239.42	0.639
239.79	0.327
240.15	0.123
240.52	0.260
240.88	0.882
241.25	0.760
241.61	0.898
241.98	1.023
242.34	0.705
242.71	1.310
243.07	1.262
243.44	1.107
243.80	1.207
244.17	1.250
244.53	0.740
244.90	0.362
245.26	0.342
245.63	0.221
245.99	0.211
246.36	0.448
246.72	0.592
247.09	0.495
247.45	0.658
247.81	0.964
248.18	1.000
248.54	1.361
248.91	0.962
249.27	1.155
249.64	1.523
250.00	1.312
250.36	1.226
250.73	0.888
251.09	1.170
251.46	1.256
251.82	0.894
252.19	0.822
252.55	0.499
252.91	1.245
253.28	0.829
253.64	0.158
254.01	0.324
254.37	0.589
254.73	0.863
255.10	1.432
255.46	2.009
255.83	1.997
256.19	2.026
256.55	1.845
256.92	1.803
257.28	1.803
257.65	1.972
258.01	1.981
258.37	1.912
258.74	1.726
259.10	1.321
259.46	1.007
259.83	0.998
260.19	0.894
260.55	0.977
260.92	0.835
261.28	0.796
261.64	0.868
262.01	0.884
262.37	1.055
262.73	1.132
263.10	1.436
263.46	1.481
263.82	1.438
264.19	1.363
264.55	1.084
264.91	1.010
265.28	0.874
265.64	0.822
266.00	0.784
266.37	0.791
266.73	0.827
267.09	0.739
267.46	0.692
267.82	0.531
268.18	0.698
268.54	0.718
268.91	0.723
269.27	0.939
269.63	1.008
270.00	1.140
270.36	0.976
270.72	1.123
271.08	1.163
271.45	1.144
271.81	1.156
272.17	1.149
272.53	1.257
272.90	1.239
273.26	1.368
273.62	1.209
273.98	0.918
274.35	0.865
274.71	0.904
275.07	0.932
275.43	0.892
275.80	1.120
276.16	1.034
276.52	0.957
276.88	1.087
277.25	0.605
277.61	0.340
277.97	0.316
278.33	0.451
278.69	0.188
279.06	0.154
279.42	0.297
279.78	0.262
280.14	0.405
280.50	0.549
280.87	0.580
281.23	0.739
281.59	1.026
281.95	1.230
282.31	1.341
282.68	1.310
283.04	1.435
283.40	1.319
283.76	1.332
284.12	1.268
284.48	1.197
284.85	1.171
285.21	1.240
285.57	1.030
285.93	1.062
286.29	0.872
286.65	1.073
287.02	1.257
287.38	1.410
287.74	1.386
288.10	1.488
288.46	1.548
288.82	1.465
289.18	1.458
289.54	1.634
289.91	1.630
290.27	1.689
290.63	1.581
290.99	1.355
291.35	1.233
291.71	1.216
292.07	1.171
292.43	1.288
292.79	1.331
293.16	1.223
293.52	1.243
293.88	1.338
294.24	1.337
294.60	1.349
294.96	1.227
295.32	1.312
295.68	1.352
296.04	1.343
296.40	1.280
296.76	1.257
297.12	1.271
297.49	1.146
297.85	0.924
298.21	0.926
298.57	0.683
298.93	0.814
299.29	0.613
299.65	0.494
300.01	0.339
300.37	0.337
300.73	0.435
301.09	0.575
301.45	0.813
301.81	1.022
302.17	1.151
302.53	1.085
302.89	0.958
303.25	1.163
303.61	1.134
303.97	1.137
304.33	1.197
304.69	1.241
305.05	1.148
305.41	1.026
305.77	0.980
306.13	0.840
306.49	1.034
306.85	1.161
307.21	1.175
307.57	1.241
307.93	1.344
308.29	1.295
308.65	1.130
309.01	1.136
309.37	1.088
309.73	1.001
310.09	1.037
310.45	1.042
310.81	1.003
311.17	0.874
311.53	0.795
311.89	0.811
312.25	0.760
312.61	0.862
312.96	0.875
313.32	0.921
313.68	0.876
314.04	0.804
314.40	0.896
314.76	0.854
315.12	0.907
315.48	1.061
315.84	1.028
316.20	0.978
316.56	0.805
316.92	0.769
317.27	0.744
317.63	0.820
317.99	0.846
318.35	0.769
318.71	0.800
319.07	0.867
319.43	0.856
319.79	0.906
320.15	0.881
320.50	1.074
320.86	1.036
321.22	0.939
321.58	0.961
321.94	0.991
322.30	0.925
322.66	0.871
323.01	0.714
323.37	0.615
323.73	0.586
324.09	0.553
324.45	0.605
324.81	0.603
325.17	0.736
325.52	0.622
325.88	0.534
326.24	0.590
326.60	0.595
326.96	0.733
327.31	0.792
327.67	0.737
328.03	0.836
328.39	0.651
328.75	0.745
329.11	0.803
329.46	0.962
329.82	1.077
330.18	1.032
330.54	1.040
330.90	0.945
331.25	0.910
331.61	0.921
331.97	0.896
332.33	1.005
332.68	0.963
333.04	0.891
333.40	0.790
333.76	0.713
334.11	0.757
334.47	0.781
334.83	0.760
335.19	0.715
335.54	0.751
335.90	0.732
336.26	0.736
336.62	0.647
336.97	0.529
337.33	0.482
337.69	0.505
338.05	0.510
338.40	0.437
338.76	0.436
339.12	0.475
339.48	0.450
339.83	0.470
340.19	0.472
340.55	0.573
340.90	0.594
341.26	0.625
341.62	0.596
341.97	0.555
342.33	0.654
342.69	0.705
343.04	0.753
343.40	0.640
343.76	0.594
344.12	0.507
344.47	0.504
344.83	0.548
345.19	0.614
345.54	0.685
345.90	0.727
346.26	0.699
346.61	0.742
346.97	0.688
347.32	0.728
347.68	0.734
348.04	0.777
348.39	0.695
348.75	0.693
349.11	0.669
349.46	0.578
349.82	0.519
350.18	0.426
350.53	0.372
350.89	0.346
351.24	0.368
351.60	0.392
351.96	0.459
352.31	0.535
352.67	0.584
353.02	0.559
353.38	0.579
353.74	0.676
354.09	0.677
354.45	0.693
354.80	0.735
355.16	0.756
355.52	0.758
355.87	0.607
356.23	0.541
356.58	0.542
356.94	0.574
357.29	0.624
357.65	0.625
358.00	0.646
358.36	0.641
358.72	0.651
359.07	0.672
359.43	0.656
359.78	0.786
360.14	0.827
360.49	0.802
360.85	0.768
361.20	0.705
361.56	0.619
361.91	0.650
362.27	0.604
362.62	0.563
362.98	0.543
363.33	0.522
363.69	0.455
364.04	0.490
364.40	0.480
364.75	0.452
365.11	0.464
365.46	0.487
365.82	0.524
366.17	0.561
366.53	0.599
366.88	0.593
367.24	0.635
367.59	0.640
367.95	0.613
368.30	0.644
368.66	0.659
369.01	0.637
369.37	0.651
369.72	0.631
370.08	0.673
370.43	0.639
370.78	0.660
371.14	0.649
371.49	0.684
371.85	0.684
372.20	0.674
372.56	0.678
372.91	0.717
373.26	0.717
373.62	0.668
373.97	0.636
374.33	0.663
374.68	0.661
375.03	0.638
375.39	0.591
375.74	0.570
376.10	0.566
376.45	0.598
376.80	0.618
377.16	0.600
377.51	0.646
377.87	0.636
378.22	0.577
378.57	0.543
378.93	0.591
379.28	0.637
379.63	0.644
379.99	0.632
380.34	0.619
380.70	0.609
381.05	0.654
381.40	0.625
381.76	0.658
382.11	0.697
382.46	0.761
382.82	0.777
383.17	0.740
383.52	0.744
383.88	0.734
384.23	0.730
384.58	0.722
384.94	0.685
385.29	0.707
385.64	0.712
385.99	0.774
386.35	0.795
386.70	0.741
387.05	0.745
387.41	0.748
387.76	0.745
388.11	0.744
388.47	0.755
388.82	0.794
389.17	0.800
389.52	0.787
389.88	0.774
390.23	0.751
390.58	0.811
390.93	0.825
391.29	0.845
391.64	0.925
391.99	0.982
392.34	0.987
392.70	0.985
393.05	1.008
393.40	1.042
393.75	1.040
394.11	1.038
394.46	0.989
394.81	1.010
395.16	0.974
395.52	0.947
395.87	0.928
396.22	0.971
396.57	0.944
396.92	0.923
397.28	0.895
397.63	0.903
397.98	0.909
398.33	0.938
398.68	0.945
399.04	0.986
399.39	0.956
399.74	0.952
400.09	0.905
400.44	0.954
400.80	0.977
401.15	0.978
401.50	0.970
401.85	0.984
402.20	1.016
402.55	1.037
402.90	1.018
403.26	1.035
403.61	1.030
403.96	1.050
404.31	1.050
404.66	1.057
405.01	1.056
405.36	1.079
405.72	1.085
406.07	1.068
406.42	1.063
406.77	1.097
407.12	1.127
407.47	1.158
407.82	1.174
408.17	1.170
408.53	1.172
408.88	1.165
409.23	1.162
409.58	1.161
409.93	1.190
410.28	1.189
410.63	1.179
410.98	1.182
411.33	1.188
411.68	1.199
412.03	1.257
412.38	1.288
412.73	1.350
413.09	1.388
413.44	1.425
413.79	1.435
414.14	1.467
414.49	1.534
414.84	1.582
415.19	1.610
415.54	1.651
415.89	1.666
416.24	1.722
416.59	1.757
416.94	1.779
417.29	1.814
417.64	1.845
417.99	1.891
418.34	1.906
418.69	1.919
419.04	1.943
419.39	1.956
419.74	1.969
420.09	1.976
420.44	1.986
420.79	1.995
421.14	2.012
421.49	2.027
421.84	2.030
422.19	2.042
422.54	2.042
422.89	2.050
423.24	2.066
423.59	2.062
423.94	2.037
424.29	2.038
424.64	2.037
424.99	2.008
425.34	1.983
425.68	1.974
426.03	1.950
426.38	1.935
426.73	1.922
427.08	1.899
427.43	1.905
427.78	1.918
428.13	1.900
428.48	1.902
428.83	1.904
429.18	1.916
429.53	1.906
429.87	1.900
430.22	1.894
430.57	1.898
430.92	1.887
431.27	1.906
431.62	1.878
431.97	1.894
432.32	1.886
432.67	1.895
433.01	1.880
433.36	1.868
433.71	1.860
434.06	1.872
434.41	1.856
434.76	1.879
435.11	1.862
435.45	1.883
435.80	1.887
436.15	1.903
436.50	1.899
436.85	1.923
437.20	1.946
437.54	1.956
437.89	1.978
438.24	1.993
438.59	1.996
438.94	1.989
439.29	1.993
439.63	2.004
439.98	2.002
440.33	2.014
440.68	2.036
441.03	2.058
441.37	2.084
441.72	2.096
442.07	2.117
442.42	2.141
442.76	2.185
443.11	2.215
443.46	2.230
443.81	2.259
444.16	2.299
444.50	2.301
444.85	2.303
445.20	2.317
445.55	2.319
445.89	2.326
446.24	2.319
446.59	2.313
446.94	2.317
447.28	2.319
447.63	2.331
447.98	2.330
448.32	2.347
448.67	2.348
449.02	2.348
449.37	2.358
449.71	2.391
450.06	2.412
450.41	2.426
450.75	2.442
451.10	2.458
451.45	2.440
451.79	2.428
452.14	2.423
452.49	2.440
452.84	2.460
453.18	2.467
453.53	2.450
453.88	2.467
454.22	2.479
454.57	2.507
454.92	2.518
455.26	2.555
455.61	2.601
455.95	2.649
456.30	2.675
456.65	2.709
456.99	2.734
457.34	2.771
457.69	2.786
458.03	2.796
458.38	2.805
458.73	2.814
459.07	2.814
459.42	2.790
459.76	2.760
460.11	2.731
460.46	2.699
460.80	2.682
461.15	2.649
461.49	2.620
461.84	2.613
462.19	2.591
462.53	2.588
462.88	2.579
463.22	2.587
463.57	2.595
463.91	2.603
464.26	2.636
464.61	2.643
464.95	2.636
465.30	2.646
465.64	2.649
465.99	2.666
466.33	2.667
466.68	2.670
467.02	2.674
467.37	2.670
467.71	2.678
468.06	2.649
468.41	2.641
468.75	2.650
469.10	2.652
469.44	2.631
469.79	2.589
470.13	2.552
470.48	2.542
470.82	2.536
471.17	2.531
471.51	2.512
471.86	2.502
472.20	2.483
472.55	2.481
472.89	2.489
473.23	2.488
473.58	2.506
473.92	2.522
474.27	2.523
474.61	2.506
474.96	2.521
475.30	2.536
475.65	2.532
475.99	2.546
476.34	2.550
476.68	2.526
477.02	2.543
477.37	2.551
477.71	2.587
478.06	2.629
478.40	2.689
478.75	2.752
479.09	2.839
479.43	2.949
479.78	3.056
480.12	3.163
480.47	3.281
480.81	3.385
481.15	3.481
481.50	3.582
481.84	3.690
482.19	3.789
482.53	3.877
482.87	3.935
483.22	3.946
483.56	3.915
483.90	3.857
484.25	3.781
484.59	3.697
484.94	3.622
485.28	3.542
485.62	3.448
485.97	3.365
486.31	3.291
486.65	3.242
487.00	3.221
487.34	3.236
487.68	3.266
488.03	3.302
488.37	3.339
488.71	3.367
489.06	3.383
489.40	3.406
489.74	3.413
490.09	3.423
490.43	3.419
490.77	3.421
491.11	3.415
491.46	3.416
491.80	3.414
492.14	3.415
492.49	3.425
492.83	3.431
493.17	3.434
493.51	3.449
493.86	3.457
494.20	3.498
494.54	3.529
494.88	3.575
495.23	3.620
495.57	3.672
495.91	3.740
496.25	3.804
496.60	3.875
496.94	3.923
497.28	3.986
497.62	4.049
497.97	4.097
498.31	4.170
498.65	4.240
498.99	4.307
499.33	4.395
499.68	4.480
500.02	4.562
500.36	4.640
500.70	4.750
501.04	4.839
501.39	4.939
501.73	5.057
502.07	5.166
502.41	5.273
502.75	5.403
503.09	5.517
503.44	5.637
503.78	5.765
504.12	5.885
504.46	6.013
504.80	6.159
505.14	6.305
505.49	6.450
505.83	6.577
506.17	6.734
506.51	6.879
506.85	7.021
507.19	7.163
507.53	7.308
507.87	7.472
508.22	7.620
508.56	7.760
508.90	7.903
509.24	8.049
509.58	8.221
509.92	8.384
510.26	8.528
510.60	8.688
510.94	8.836
511.28	8.994
511.63	9.160
511.97	9.324
512.31	9.506
512.65	9.682
512.99	9.860
513.33	10.089
513.67	10.280
514.01	10.506
514.35	10.726
514.69	10.940
515.03	11.134
515.37	11.327
515.71	11.516
516.05	11.669
516.39	11.842
516.73	12.002
517.07	12.114
517.41	12.231
517.75	12.350
518.09	12.474
518.43	12.589
518.77	12.699
519.11	12.805
519.45	12.907
519.79	13.055
520.13	13.188
520.47	13.326
520.81	13.474
521.15	13.645
521.49	13.792
521.83	13.937
522.17	14.090
522.51	14.270
522.85	14.462
523.19	14.674
523.53	14.902
523.87	15.135
524.21	15.375
524.55	15.611
524.89	15.804
525.23	15.998
525.57	16.174
525.91	16.337
526.25	16.478
526.58	16.603
526.92	16.689
527.26	16.730
527.60	16.749
527.94	16.758
528.28	16.739
528.62	16.729
528.96	16.699
529.30	16.655
529.64	16.608
529.97	16.549
530.31	16.492
530.65	16.466
530.99	16.459
531.33	16.451
531.67	16.443
532.01	16.449
532.35	16.437
532.68	16.429
533.02	16.406
533.36	16.372
533.70	16.345
534.04	16.307
534.38	16.267
534.71	16.226
535.05	16.197
535.39	16.156
535.73	16.123
536.07	16.101
536.41	16.089
536.74	16.109
537.08	16.118
537.42	16.161
537.76	16.194
538.10	16.223
538.43	16.268
538.77	16.318
539.11	16.366
539.45	16.374
539.79	16.400
540.12	16.417
540.46	16.395
540.80	16.398
541.14	16.362
541.47	16.313
541.81	16.268
542.15	16.200
542.49	16.125
542.82	16.039
543.16	15.987
543.50	15.912
543.84	15.830
544.17	15.780
544.51	15.723
544.85	15.659
545.18	15.632
545.52	15.587
545.86	15.559
546.20	15.532
546.53	15.496
546.87	15.449
547.21	15.409
547.54	15.364
547.88	15.331
548.22	15.288
548.55	15.259
548.89	15.222
549.23	15.203
549.56	15.181
549.90	15.165
550.24	15.158
550.57	15.145
550.91	15.129
551.25	15.125
551.58	15.113
551.92	15.097
552.26	15.082
552.59	15.085
552.93	15.059
553.27	15.016
553.60	14.992
553.94	14.934
554.27	14.915
554.61	14.886
554.95	14.840
555.28	14.820
555.62	14.781
555.95	14.780
556.29	14.726
556.63	14.701
556.96	14.693
557.30	14.652
557.63	14.621
557.97	14.565
558.31	14.506
558.64	14.471
558.98	14.435
559.31	14.442
559.65	14.399
559.98	14.357
560.32	14.309
560.65	14.272
560.99	14.232
561.33	14.216
561.66	14.190
562.00	14.185
562.33	14.149
562.67	14.111
563.00	14.055
563.34	14.006
563.67	13.991
564.01	13.962
564.34	13.914
564.68	13.850
565.01	13.805
565.35	13.779
565.68	13.712
566.02	13.656
566.35	13.605
566.69	13.533
567.02	13.477
567.36	13.391
567.69	13.349
568.03	13.298
568.36	13.259
568.69	13.189
569.03	13.123
569.36	13.073
569.70	13.031
570.03	12.998
570.37	12.946
570.70	12.913
571.04	12.865
571.37	12.785
571.70	12.737
572.04	12.679
572.37	12.635
572.71	12.569
573.04	12.529
573.37	12.483
573.71	12.419
574.04	12.365
574.38	12.282
574.71	12.232
575.04	12.197
575.38	12.140
575.71	12.087
576.05	12.038
576.38	11.990
576.71	11.922
577.05	11.880
577.38	11.801
577.71	11.743
578.05	11.702
578.38	11.646
578.71	11.587
579.05	11.536
579.38	11.496
579.71	11.438
580.05	11.384
580.38	11.334
580.71	11.259
581.05	11.241
581.38	11.211
581.71	11.184
582.05	11.152
582.38	11.139
582.71	11.123
583.04	11.102
583.38	11.068
583.71	11.076
584.04	11.088
584.38	11.104
584.71	11.077
585.04	11.075
585.37	11.067
585.71	11.064
586.04	11.045
586.37	11.090
586.70	11.100
587.04	11.142
587.37	11.123
587.70	11.123
588.03	11.132
588.37	11.168
588.70	11.187
589.03	11.182
589.36	11.192
589.69	11.171
590.03	11.109
590.36	11.078
590.69	11.054
591.02	11.045
591.35	11.051
591.69	11.030
592.02	11.008
592.35	11.004
592.68	11.045
593.01	11.058
593.35	11.079
593.68	11.101
594.01	11.140
594.34	11.152
594.67	11.167
595.00	11.163
595.34	11.164
595.67	11.161
596.00	11.160
596.33	11.129
596.66	11.107
596.99	11.098
597.32	11.080
597.65	11.066
597.99	11.047
598.32	11.040
598.65	11.003
598.98	11.002
599.31	11.004
599.64	11.029
599.97	11.024
600.30	11.036
600.63	11.051
600.96	11.057
601.30	11.060
601.63	11.082
601.96	11.097
602.29	11.109
602.62	11.108
602.95	11.089
603.28	11.053
603.61	11.025
603.94	11.006
604.27	11.001
604.60	10.962
604.93	10.935
605.26	10.902
605.59	10.867
605.92	10.820
606.25	10.764
606.58	10.751
606.91	10.686
607.24	10.682
607.57	10.647
607.90	10.590
608.23	10.553
608.56	10.511
608.89	10.442
609.22	10.398
609.55	10.378
609.88	10.329
610.21	10.243
610.54	10.213
610.87	10.140
611.20	10.078
611.53	10.026
611.86	9.974
612.19	9.898
612.52	9.874
612.85	9.797
613.18	9.732
613.51	9.669
613.84	9.625
614.17	9.580
614.49	9.557
614.82	9.509
615.15	9.450
615.48	9.412
615.81	9.341
616.14	9.291
616.47	9.252
616.80	9.216
617.13	9.208
617.46	9.163
617.78	9.127
618.11	9.069
618.44	9.042
618.77	8.973
619.10	8.954
619.43	8.966
619.76	8.930
620.09	8.922
620.41	8.910
620.74	8.891
621.07	8.924
621.40	8.931
621.73	8.941
622.06	8.947
622.38	9.008
622.71	9.019
623.04	9.050
623.37	9.092
623.70	9.121
624.02	9.139
624.35	9.188
624.68	9.190
625.01	9.218
625.34	9.262
625.66	9.282
625.99	9.303
626.32	9.304
626.65	9.299
626.98	9.298
627.30	9.273
627.63	9.282
627.96	9.267
628.29	9.248
628.61	9.223
628.94	9.196
629.27	9.172
629.60	9.150
629.92	9.140
630.25	9.135
630.58	9.081
630.91	9.085
631.23	9.051
631.56	9.032
631.89	9.004
632.21	8.986
632.54	8.927
632.87	8.881
633.19	8.831
633.52	8.781
633.85	8.717
634.18	8.684
634.50	8.572
634.83	8.520
635.16	8.410
635.48	8.347
635.81	8.270
636.14	8.180
636.46	8.090
636.79	7.999
637.11	7.892
637.44	7.763
637.77	7.644
638.09	7.577
638.42	7.450
638.75	7.353
639.07	7.250
639.40	7.123
639.73	7.050
640.05	6.951
640.38	6.897
640.70	6.803
641.03	6.738
641.36	6.642
641.68	6.581
642.01	6.478
642.33	6.429
642.66	6.325
642.98	6.226
643.31	6.127
643.64	6.059
643.96	5.938
644.29	5.865
644.61	5.819
644.94	5.775
645.26	5.683
645.59	5.707
645.91	5.633
646.24	5.621
646.56	5.607
646.89	5.569
647.22	5.496
647.54	5.482
647.87	5.479
648.19	5.407
648.52	5.351
648.84	5.301
649.17	5.164
649.49	5.105
649.82	5.045
650.14	5.000
650.47	4.967
650.79	4.964
651.11	4.882
651.44	4.841
651.76	4.780
652.09	4.801
652.41	4.783
652.74	4.791
653.06	4.761
653.39	4.776
653.71	4.740
654.04	4.672
654.36	4.635
654.68	4.616
655.01	4.550
655.33	4.546
655.66	4.438
655.98	4.399
656.30	4.335
656.63	4.301
656.95	4.203
657.28	4.134
657.60	4.044
657.92	3.918
658.25	3.836
658.57	3.787
658.90	3.682
659.22	3.622
659.54	3.542
659.87	3.424
660.19	3.285
660.51	3.163
660.84	3.045
661.16	2.965
661.48	2.898
661.81	2.753
662.13	2.587
662.45	2.551
662.78	2.468
663.10	2.365
663.42	2.339
663.75	2.328
664.07	2.261
664.39	2.189
664.72	2.146
665.04	2.154
665.36	2.202
665.69	2.199
666.01	2.142
666.33	2.145
666.65	2.130
666.98	2.184
667.30	2.206
667.62	2.253
667.94	2.329
668.27	2.403
668.59	2.417
668.91	2.479
669.23	2.568
669.56	2.628
669.88	2.701
670.20	2.789
670.52	2.842
670.85	2.912
671.17	2.993
671.49	3.040
671.81	3.094
672.13	3.175
672.46	3.194
672.78	3.268
673.10	3.392
673.42	3.434
673.74	3.515
674.07	3.589
674.39	3.698
674.71	3.791
675.03	3.969
675.35	4.161
675.67	4.286
676.00	4.409
676.32	4.505
676.64	4.635
676.96	4.812
677.28	4.964
677.60	5.095
677.92	5.201
678.25	5.343
678.57	5.423
678.89	5.471
679.21	5.600
679.53	5.772
679.85	5.936
680.17	6.105
680.49	6.236
680.81	6.375
681.13	6.497
681.46	6.665
681.78	6.879
682.10	7.104
682.42	7.378
682.74	7.633
683.06	7.887
683.38	8.154
683.70	8.385
684.02	8.637
684.34	8.968
684.66	9.336
684.98	9.704
685.30	10.029
685.62	10.382
685.94	10.695
686.26	10.981
686.58	11.310
686.90	11.645
687.22	11.969
687.54	12.349
687.86	12.660
688.18	12.988
688.50	13.313
688.82	13.648
689.14	13.969
689.46	14.413
689.78	14.850
690.10	15.311
690.42	15.778
690.74	16.294
691.06	16.778
691.38	17.312
691.70	17.888
692.02	18.371
692.34	18.896
692.66	19.479
692.98	20.020
693.30	20.688
693.62	21.265
693.94	21.875
694.26	22.416
694.57	22.998
694.89	23.510
695.21	24.047
695.53	24.572
695.85	25.091
696.17	25.551
696.49	25.987
696.81	26.364
697.13	26.784
697.44	27.134
697.76	27.564
698.08	28.069
698.40	28.563
698.72	29.009
699.04	29.586
699.36	30.107
699.67	30.652
699.99	31.192
700.31	31.830
700.63	32.482
700.95	33.203
701.27	33.798
701.58	34.284
701.90	34.762
702.22	35.270
702.54	35.702
702.86	36.155
703.17	36.545
703.49	37.021
703.81	37.440
704.13	37.783
704.45	38.160
704.76	38.601
705.08	39.006
705.40	39.430
705.72	39.773
706.03	40.111
706.35	40.406
706.67	40.814
706.99	41.165
707.30	41.486
707.62	41.802
707.94	42.121
708.26	42.441
708.57	42.651
708.89	43.030
709.21	43.352
709.53	43.647
709.84	44.051
710.16	44.410
710.48	44.796
710.79	45.144
711.11	45.448
711.43	45.716
711.74	46.045
712.06	46.433
712.38	46.748
712.69	47.073
713.01	47.447
713.33	47.829
713.64	48.236
713.96	48.483
714.28	48.844
714.59	49.292
714.91	49.687
715.23	49.991
715.54	50.298
715.86	50.649
716.17	51.041
716.49	51.466
716.81	51.791
717.12	51.935
717.44	52.280
717.76	52.574
718.07	52.752
718.39	52.983
718.70	53.190
719.02	53.525
719.33	53.743
719.65	53.864
719.97	53.988
720.28	54.232
720.60	54.651
720.91	54.854
721.23	55.154
721.54	55.393
721.86	55.643
722.17	55.885
722.49	56.070
722.81	56.111
723.12	56.369
723.44	56.505
723.75	56.589
724.07	56.657
724.38	56.775
724.70	56.890
725.01	57.017
725.33	57.225
725.64	57.483
725.96	57.718
726.27	57.911
726.59	58.084
726.90	58.207
727.22	58.291
727.53	58.501
727.84	58.750
728.16	58.840
728.47	58.988
728.79	59.197
729.10	59.211
729.42	59.307
729.73	59.422
730.05	59.586
730.36	59.756
730.67	59.883
730.99	59.994
731.30	60.103
731.62	60.226
731.93	60.333
732.24	60.274
732.56	60.415
732.87	60.497
733.19	60.631
733.50	60.684
733.81	60.829
734.13	60.927
734.44	61.009
734.76	60.920
735.07	60.923
735.38	60.879
735.70	61.117
736.01	61.182
736.32	61.078
736.64	61.342
736.95	61.430
737.26	61.379
737.58	61.457
737.89	61.546
738.20	61.747
738.52	61.847
738.83	62.170
739.14	62.114
739.45	62.206
739.77	62.457
740.08	62.449
740.39	62.604
740.71	62.862
741.02	62.941
741.33	62.998
741.64	63.209
741.96	63.329
742.27	63.261
742.58	63.537
742.90	63.556
743.21	63.714
743.52	63.645
743.83	63.485
744.14	63.216
744.46	63.349
744.77	63.300
745.08	63.100
745.39	63.093
745.71	63.117
746.02	62.972
746.33	63.088
746.64	62.931
746.95	62.928
747.27	63.058
747.58	63.351
747.89	63.233
748.20	63.088
748.51	63.273
748.82	63.169
749.14	63.289
749.45	63.334
749.76	63.338
750.07	63.395
750.38	63.571
750.69	63.640
751.01	63.553
751.32	63.493
751.63	63.827
751.94	63.659
752.25	63.708
752.56	63.554
752.87	63.493
753.18	63.425
753.49	63.481
753.81	63.460
754.12	63.225
754.43	63.371
754.74	63.534
755.05	63.455
755.36	63.593
755.67	63.506
755.98	63.597
756.29	63.626
756.60	63.677
756.91	63.671
757.22	63.581
757.53	63.669
757.84	63.558
758.15	63.660
758.46	63.652
758.77	63.572
759.09	63.694
759.40	63.761
759.71	63.622
760.02	63.583
760.33	63.440
760.64	63.429
760.95	63.558
761.26	63.480
761.57	63.316
761.88	63.226
762.18	63.203
762.49	63.117
762.80	63.135
763.11	63.233
763.42	63.114
763.73	63.038
764.04	63.067
764.35	62.982
764.66	62.899
764.97	62.813
765.28	62.777
765.59	62.648
765.90	62.575
766.21	62.260
766.52	61.947
766.83	61.845
767.14	61.958
767.44	61.755
767.75	61.331
768.06	61.285
768.37	61.087
768.68	61.217
768.99	61.271
769.30	61.301
769.61	61.067
769.91	61.271
770.22	61.257
770.53	60.824
770.84	60.660
771.15	60.849
771.46	60.682
771.77	60.945
772.07	60.605
772.38	60.355
772.69	60.481
773.00	60.686
773.31	60.449
773.61	60.453
773.92	60.871
774.23	60.931
774.54	60.673
774.85	60.578
775.15	60.515
775.46	60.415
775.77	60.466
776.08	60.351
776.39	60.080
776.69	60.339
777.00	60.168
777.31	60.096
777.62	59.966
777.92	60.207
778.23	60.755
778.54	60.556
778.85	60.747
779.15	60.649
779.46	60.420
779.77	60.347
780.07	60.367
780.38	60.458
780.69	60.235
781.00	60.147
781.30	60.041
781.61	59.662
781.92	59.797
782.22	59.597
782.53	59.522
782.84	59.646
783.14	60.165
783.45	60.189
783.76	60.636
784.06	60.771
784.37	60.933
784.68	60.800
784.98	61.107
785.29	61.382
785.60	61.697
785.90	61.773
786.21	61.524
786.51	61.453
786.82	61.476
787.13	61.049
787.43	61.128
787.74	61.128
788.04	61.304
788.35	60.985
788.66	60.645
788.96	60.536
789.27	60.791
789.57	60.836
789.88	61.060
790.19	61.024
790.49	61.245
790.80	61.020
791.10	61.051
791.41	60.837
791.71	61.060
792.02	60.988
792.32	60.566
792.63	60.535
792.93	60.699
793.24	60.534
793.54	60.554
793.85	60.414
794.15	60.656
794.46	60.666
794.76	60.850
795.07	60.700
795.37	60.993
795.68	61.485
795.98	61.481
796.29	61.729
796.59	61.821
796.90	61.504
797.20	61.532
797.51	61.420
797.81	61.416
798.12	61.422
798.42	61.480
798.72	61.381
799.03	61.330
799.33	61.271
799.64	61.072
799.94	61.094
800.25	61.021
800.55	61.130
800.85	61.466
801.16	61.425
801.46	61.002
801.77	60.850
802.07	60.931
802.37	60.670
802.68	60.322
802.98	60.130
803.28	59.733
803.59	59.862
803.89	60.068
804.20	59.870
804.50	59.972
804.80	60.480
805.11	60.482
805.41	60.670
805.71	60.805
806.02	61.090
806.32	61.367
806.62	61.589
806.93	61.828
807.23	61.966
807.53	62.343
807.83	62.480
808.14	62.537
808.44	62.497
808.74	62.347
809.05	61.899
809.35	61.538
809.65	61.930
809.95	61.958
810.26	61.825
810.56	61.350
810.86	61.425
811.16	61.652
811.47	62.227
811.77	63.043
812.07	63.179
812.37	63.493
812.68	64.165
812.98	63.832
813.28	64.414
813.58	64.474
813.88	64.326
814.19	64.439
814.49	64.186
814.79	63.771
815.09	63.624
815.39	63.511
815.70	63.929
816.00	63.693
816.30	63.677
816.60	62.940
816.90	63.001
817.20	63.280
817.50	62.847
817.81	62.753
818.11	62.633
818.41	62.571
818.71	62.566
819.01	62.749
819.31	62.875
819.61	62.963
819.92	63.276
820.22	63.528
820.52	63.699
820.82	63.914
821.12	64.189
821.42	64.422
821.72	64.595
822.02	64.842
822.32	65.058
822.62	65.339
822.92	65.553
823.22	65.754
823.52	65.822
823.83	65.839
824.13	65.882
824.43	65.762
824.73	65.840
825.03	65.803
825.33	65.859
825.63	65.637
825.93	65.477
826.23	65.340
826.53	65.131
826.83	64.992
827.13	65.313
827.43	65.440
827.73	65.801
828.03	65.949
828.33	66.154
828.63	66.233
828.93	66.491
829.23	66.480
829.53	66.312
829.83	66.150
830.13	66.118
830.42	65.429
830.72	64.970
831.02	64.416
831.32	63.807
831.62	63.624
831.92	63.450
832.22	63.388
832.52	63.353
832.82	63.918
833.12	63.871
833.42	64.115
833.72	64.288
834.01	64.605
834.31	64.913
834.61	65.282
834.91	65.713
835.21	65.855
835.51	66.085
835.81	66.150
836.11	66.031
836.40	66.135
836.70	66.035
837.00	66.371
837.30	65.954
837.60	65.868
837.90	65.864
838.19	65.512
838.49	65.731
838.79	65.581
839.09	65.637
839.39	65.681
839.68	66.637
839.98	66.150
840.28	65.543
840.58	66.249
840.88	66.417
841.17	66.326
841.47	67.224
841.77	66.705
842.07	66.238
842.36	66.230
842.66	66.035
842.96	65.083
843.26	64.626
843.55	63.742
843.85	63.386
844.15	62.109
844.45	60.367
844.74	59.888
845.04	59.955
845.34	60.877
845.63	61.880
845.93	61.876
846.23	62.291
846.53	63.176
846.82	64.909
847.12	64.963
847.42	64.491
847.71	65.784
848.01	64.994
848.31	64.043
848.60	62.989
848.90	61.396
849.19	59.411
849.49	58.791
849.79	58.734
850.08	58.694
850.38	56.528
850.68	57.806
850.97	59.103
851.27	59.256
851.56	60.735
851.86	60.453
852.16	63.459
852.45	64.675
852.75	63.704
853.04	66.199
853.34	65.787
853.64	66.967
853.93	65.762
854.23	64.164
854.52	64.130
854.82	63.871
855.11	64.164
855.41	62.300
855.70	61.953
856.00	62.684
856.30	61.099
856.59	61.426
856.89	63.423
857.18	65.518
857.48	65.746
857.77	63.951
858.07	62.889
858.36	62.055
858.66	61.309
858.95	61.896
859.25	60.727
859.54	60.322
859.84	59.207
860.13	56.844
860.42	55.601
860.72	54.819
861.01	55.156
861.31	55.416
861.60	57.230
861.90	57.137
862.19	57.370
862.49	58.392
862.78	58.690
863.07	60.256
863.37	62.606
863.66	62.408
863.96	64.064
864.25	65.477
864.54	65.444
864.84	64.900
865.13	64.530
865.43	65.382
865.72	74.035
866.01	61.220
866.31	68.411
866.60	52.929
866.89	71.514
