180.30	0.000
180.67	0.000
181.03	27.606
181.40	88.615
181.77	-5050.459
182.14	38.002
182.51	-261.009
182.88	-123.213
183.25	63.143
183.62	24.936
183.99	204.889
184.36	39.365
184.73	52.302
185.10	58.297
185.46	-787.233
185.83	88.620
186.20	4.441
186.57	118.171
186.94	-38.447
187.31	39.766
187.68	116.760
188.05	52.741
188.42	62.352
188.78	108.177
189.15	105.829
189.52	57.531
189.89	70.645
190.26	69.978
190.63	42.067
191.00	51.725
191.37	44.576
191.73	44.480
192.10	37.903
192.47	39.365
192.84	33.084
193.21	29.610
193.58	21.999
193.94	12.357
194.31	15.367
194.68	8.069
195.05	-0.346
195.42	4.586
195.79	-8.058
196.15	9.212
196.52	-7.657
196.89	1.308
197.26	12.513
197.63	25.381
198.00	20.986
198.36	20.309
198.73	21.257
199.10	18.905
199.47	15.829
199.84	27.589
200.20	-2.455
200.57	5.320
200.94	-1.295
201.31	-3.595
201.68	-10.693
202.04	1.559
202.41	0.390
202.78	-5.247
203.15	4.594
203.51	10.343
203.88	10.508
204.25	19.298
204.62	7.148
204.98	12.267
205.35	13.031
205.72	24.243
206.09	14.848
206.46	-24.781
206.82	-14.393
207.19	-20.334
207.56	-73.179
207.92	-56.911
208.29	-63.655
208.66	-26.220
209.03	-41.958
209.39	-22.217
209.76	-30.480
210.13	-55.900
210.50	-32.208
210.86	-23.109
211.23	-42.659
211.60	-16.888
211.96	-24.574
212.33	-12.550
212.70	-16.129
213.07	-2.675
213.43	-39.246
213.80	-26.169
214.17	-1.814
214.53	3.050
214.90	4.263
215.27	14.236
215.63	16.293
216.00	17.353
216.37	22.712
216.74	12.377
217.10	12.505
217.47	12.097
217.84	4.606
218.20	-7.811
218.57	1.860
218.94	3.970
219.30	3.428
219.67	-2.118
220.04	-1.725
220.40	-8.226
220.77	-6.136
221.13	0.361
221.50	3.276
221.87	8.282
222.23	13.161
222.60	5.307
222.97	1.930
223.33	-2.734
223.70	0.884
224.07	2.607
224.43	2.021
224.80	3.481
225.16	-2.010
225.53	-0.712
225.90	-2.881
226.26	-0.461
226.63	0.154
226.99	1.337
227.36	1.468
227.73	3.013
228.09	2.762
228.46	5.025
228.82	4.908
229.19	5.273
229.56	4.394
229.92	5.510
230.29	3.978
230.65	3.737
231.02	0.416
231.38	-1.857
231.75	-4.227
232.12	-5.874
232.48	-9.670
232.85	-9.686
233.21	-7.289
233.58	-8.053
233.94	-6.330
234.31	-5.147
234.68	-4.384
235.04	-2.178
235.41	0.495
235.77	1.539
236.14	2.785
236.50	4.941
236.87	5.640
237.23	5.759
237.60	5.905
237.96	5.372
238.33	4.651
238.69	4.320
239.06	4.065
239.42	3.774
239.79	2.666
240.15	2.020
240.52	1.507
240.88	1.480
241.25	1.125
241.61	1.764
241.98	1.402
242.34	1.529
242.71	1.620
243.07	1.593
243.44	1.439
243.80	1.812
244.17	2.367
244.53	2.473
244.90	2.478
245.26	2.512
245.63	2.140
245.99	2.158
246.36	2.073
246.72	2.362
247.09	2.108
247.45	2.363
247.81	2.916
248.18	2.986
248.54	2.924
248.91	2.685
249.27	2.885
249.64	3.492
250.00	3.523
250.36	3.462
250.73	3.082
251.09	3.376
251.46	3.565
251.82	2.687
252.19	1.905
252.55	1.833
252.91	2.449
253.28	2.151
253.64	1.671
254.01	1.752
254.37	2.220
254.73	2.756
255.10	3.274
255.46	3.520
255.83	3.761
256.19	4.065
256.55	3.935
256.92	3.783
257.28	3.824
257.65	3.942
258.01	3.904
258.37	3.762
258.74	3.565
259.10	3.428
259.46	3.158
259.83	3.048
260.19	2.914
260.55	2.946
260.92	2.839
261.28	2.819
261.64	2.760
262.01	2.698
262.37	2.790
262.73	2.798
263.10	2.927
263.46	3.023
263.82	3.013
264.19	3.056
264.55	2.929
264.91	2.971
265.28	2.674
265.64	2.632
266.00	2.750
266.37	2.717
266.73	2.487
267.09	2.344
267.46	2.219
267.82	2.147
268.18	2.191
268.54	2.441
268.91	2.365
269.27	2.621
269.63	2.725
270.00	2.861
270.36	2.921
270.72	3.093
271.08	3.113
271.45	3.136
271.81	3.141
272.17	2.953
272.53	2.706
272.90	2.664
273.26	2.719
273.62	2.477
273.98	2.213
274.35	2.231
274.71	2.234
275.07	2.260
275.43	2.293
275.80	2.238
276.16	2.280
276.52	2.412
276.88	2.410
277.25	2.122
277.61	2.117
277.97	2.112
278.33	1.965
278.69	1.865
279.06	1.851
279.42	1.996
279.78	2.176
280.14	2.301
280.50	2.407
280.87	2.557
281.23	2.647
281.59	2.659
281.95	2.759
282.31	2.894
282.68	2.850
283.04	2.860
283.40	2.772
283.76	2.722
284.12	2.898
284.48	2.987
284.85	2.955
285.21	2.897
285.57	2.922
285.93	3.006
286.29	2.721
286.65	2.953
287.02	3.206
287.38	3.378
287.74	3.393
288.10	3.252
288.46	3.074
288.82	2.981
289.18	2.920
289.54	3.076
289.91	2.990
290.27	3.349
290.63	3.269
290.99	3.010
291.35	2.916
291.71	3.131
292.07	3.143
292.43	3.109
292.79	3.210
293.16	3.213
293.52	3.287
293.88	3.284
294.24	3.172
294.60	3.144
294.96	3.032
295.32	3.018
295.68	2.914
296.04	2.910
296.40	2.932
296.76	2.918
297.12	2.991
297.49	2.713
297.85	2.625
298.21	2.650
298.57	2.610
298.93	2.804
299.29	2.647
299.65	2.639
300.01	2.439
300.37	2.517
300.73	2.591
301.09	2.594
301.45	2.784
301.81	2.886
302.17	2.931
302.53	2.899
302.89	2.863
303.25	3.057
303.61	3.059
303.97	3.144
304.33	3.104
304.69	3.015
305.05	3.047
305.41	2.923
305.77	2.942
306.13	2.869
306.49	2.839
306.85	2.828
307.21	2.739
307.57	2.654
307.93	2.660
308.29	2.729
308.65	2.745
309.01	2.697
309.37	2.696
309.73	2.599
310.09	2.660
310.45	2.640
310.81	2.662
311.17	2.646
311.53	2.645
311.89	2.762
312.25	2.781
312.61	2.778
312.96	2.823
313.32	2.891
313.68	2.907
314.04	2.860
314.40	3.061
314.76	2.914
315.12	2.997
315.48	3.074
315.84	3.003
316.20	2.928
316.56	2.906
316.92	2.887
317.27	2.889
317.63	2.926
317.99	2.835
318.35	2.796
318.71	2.893
319.07	2.947
319.43	2.943
319.79	3.014
320.15	3.010
320.50	3.050
320.86	2.968
321.22	2.914
321.58	2.920
321.94	2.958
322.30	2.858
322.66	2.798
323.01	2.658
323.37	2.627
323.73	2.541
324.09	2.495
324.45	2.507
324.81	2.517
325.17	2.598
325.52	2.564
325.88	2.541
326.24	2.534
326.60	2.545
326.96	2.578
327.31	2.538
327.67	2.469
328.03	2.456
328.39	2.361
328.75	2.435
329.11	2.389
329.46	2.480
329.82	2.576
330.18	2.508
330.54	2.508
330.90	2.490
331.25	2.510
331.61	2.668
331.97	2.663
332.33	2.745
332.68	2.791
333.04	2.744
333.40	2.570
333.76	2.436
334.11	2.454
334.47	2.536
334.83	2.486
335.19	2.397
335.54	2.348
335.90	2.365
336.26	2.354
336.62	2.285
336.97	2.275
337.33	2.298
337.69	2.328
338.05	2.349
338.40	2.282
338.76	2.305
339.12	2.473
339.48	2.443
339.83	2.470
340.19	2.411
340.55	2.404
340.90	2.358
341.26	2.359
341.62	2.376
341.97	2.367
342.33	2.457
342.69	2.473
343.04	2.401
343.40	2.327
343.76	2.267
344.12	2.275
344.47	2.338
344.83	2.443
345.19	2.490
345.54	2.542
345.90	2.560
346.26	2.489
346.61	2.504
346.97	2.468
347.32	2.536
347.68	2.550
348.04	2.568
348.39	2.390
348.75	2.364
349.11	2.373
349.46	2.263
349.82	2.306
350.18	2.266
350.53	2.216
350.89	2.253
351.24	2.218
351.60	2.193
351.96	2.218
352.31	2.342
352.67	2.370
353.02	2.357
353.38	2.436
353.74	2.385
354.09	2.376
354.45	2.439
354.80	2.429
355.16	2.457
355.52	2.515
355.87	2.441
356.23	2.457
356.58	2.411
356.94	2.383
357.29	2.405
357.65	2.406
358.00	2.390
358.36	2.362
358.72	2.348
359.07	2.337
359.43	2.319
359.78	2.392
360.14	2.346
360.49	2.332
360.85	2.337
361.20	2.273
361.56	2.254
361.91	2.323
362.27	2.321
362.62	2.341
362.98	2.375
363.33	2.337
363.69	2.306
364.04	2.393
364.40	2.449
364.75	2.474
365.11	2.482
365.46	2.484
365.82	2.463
366.17	2.449
366.53	2.420
366.88	2.444
367.24	2.452
367.59	2.434
367.95	2.387
368.30	2.359
368.66	2.349
369.01	2.374
369.37	2.389
369.72	2.440
370.08	2.500
370.43	2.579
370.78	2.526
371.14	2.476
371.49	2.498
371.85	2.500
372.20	2.516
372.56	2.526
372.91	2.497
373.26	2.509
373.62	2.418
373.97	2.371
374.33	2.309
374.68	2.313
375.03	2.402
375.39	2.377
375.74	2.312
376.10	2.282
376.45	2.278
376.80	2.305
377.16	2.287
377.51	2.339
377.87	2.393
378.22	2.385
378.57	2.415
378.93	2.404
379.28	2.437
379.63	2.488
379.99	2.521
380.34	2.554
380.70	2.560
381.05	2.610
381.40	2.597
381.76	2.614
382.11	2.625
382.46	2.618
382.82	2.645
383.17	2.648
383.52	2.675
383.88	2.657
384.23	2.628
384.58	2.596
384.94	2.568
385.29	2.585
385.64	2.580
385.99	2.603
386.35	2.608
386.70	2.594
387.05	2.560
387.41	2.500
387.76	2.505
388.11	2.496
388.47	2.513
388.82	2.525
389.17	2.502
389.52	2.443
389.88	2.467
390.23	2.460
390.58	2.467
390.93	2.512
391.29	2.528
391.64	2.552
391.99	2.611
392.34	2.631
392.70	2.653
393.05	2.652
393.40	2.704
393.75	2.679
394.11	2.670
394.46	2.642
394.81	2.604
395.16	2.592
395.52	2.565
395.87	2.524
396.22	2.534
396.57	2.492
396.92	2.482
397.28	2.448
397.63	2.435
397.98	2.408
398.33	2.427
398.68	2.434
399.04	2.470
399.39	2.463
399.74	2.445
400.09	2.399
400.44	2.423
400.80	2.436
401.15	2.428
401.50	2.412
401.85	2.417
402.20	2.420
402.55	2.423
402.90	2.373
403.26	2.390
403.61	2.411
403.96	2.410
404.31	2.360
404.66	2.354
405.01	2.340
405.36	2.361
405.72	2.366
406.07	2.340
406.42	2.312
406.77	2.335
407.12	2.330
407.47	2.331
407.82	2.349
408.17	2.377
408.53	2.365
408.88	2.359
409.23	2.339
409.58	2.308
409.93	2.309
410.28	2.345
410.63	2.340
410.98	2.325
411.33	2.300
411.68	2.304
412.03	2.315
412.38	2.315
412.73	2.318
413.09	2.331
413.44	2.374
413.79	2.401
414.14	2.420
414.49	2.475
414.84	2.497
415.19	2.515
415.54	2.545
415.89	2.557
416.24	2.598
416.59	2.633
416.94	2.662
417.29	2.694
417.64	2.689
417.99	2.699
418.34	2.703
418.69	2.719
419.04	2.734
419.39	2.736
419.74	2.747
420.09	2.758
420.44	2.770
420.79	2.771
421.14	2.778
421.49	2.794
421.84	2.778
422.19	2.790
422.54	2.786
422.89	2.777
423.24	2.769
423.59	2.761
423.94	2.735
424.29	2.724
424.64	2.719
424.99	2.690
425.34	2.667
425.68	2.664
426.03	2.613
426.38	2.603
426.73	2.614
427.08	2.618
427.43	2.637
427.78	2.654
428.13	2.647
428.48	2.649
428.83	2.647
429.18	2.655
429.53	2.667
429.87	2.669
430.22	2.656
430.57	2.654
430.92	2.640
431.27	2.641
431.62	2.627
431.97	2.632
432.32	2.621
432.67	2.616
433.01	2.609
433.36	2.594
433.71	2.581
434.06	2.561
434.41	2.535
434.76	2.550
435.11	2.538
435.45	2.529
435.80	2.509
436.15	2.520
436.50	2.534
436.85	2.553
437.20	2.558
437.54	2.567
437.89	2.599
438.24	2.599
438.59	2.588
438.94	2.569
439.29	2.561
439.63	2.572
439.98	2.562
440.33	2.546
440.68	2.548
441.03	2.570
441.37	2.594
441.72	2.597
442.07	2.608
442.42	2.632
442.76	2.647
443.11	2.675
443.46	2.691
443.81	2.694
444.16	2.710
444.50	2.699
444.85	2.689
445.20	2.678
445.55	2.662
445.89	2.661
446.24	2.633
446.59	2.613
446.94	2.598
447.28	2.571
447.63	2.555
447.98	2.533
448.32	2.524
448.67	2.498
449.02	2.470
449.37	2.453
449.71	2.453
450.06	2.441
450.41	2.460
450.75	2.456
451.10	2.470
451.45	2.469
451.79	2.460
452.14	2.437
452.49	2.437
452.84	2.437
453.18	2.438
453.53	2.426
453.88	2.440
454.22	2.437
454.57	2.444
454.92	2.446
455.26	2.450
455.61	2.488
455.95	2.534
456.30	2.558
456.65	2.594
456.99	2.617
457.34	2.635
457.69	2.637
458.03	2.647
458.38	2.650
458.73	2.649
459.07	2.659
459.42	2.640
459.76	2.601
460.11	2.568
460.46	2.534
460.80	2.511
461.15	2.487
461.49	2.458
461.84	2.444
462.19	2.426
462.53	2.410
462.88	2.395
463.22	2.367
463.57	2.381
463.91	2.391
464.26	2.398
464.61	2.402
464.95	2.392
465.30	2.401
465.64	2.406
465.99	2.418
466.33	2.428
466.68	2.417
467.02	2.432
467.37	2.426
467.71	2.422
468.06	2.410
468.41	2.392
468.75	2.399
469.10	2.394
469.44	2.379
469.79	2.347
470.13	2.307
470.48	2.293
470.82	2.265
471.17	2.259
471.51	2.248
471.86	2.225
472.20	2.229
472.55	2.216
472.89	2.219
473.23	2.186
473.58	2.179
473.92	2.187
474.27	2.180
474.61	2.186
474.96	2.187
475.30	2.182
475.65	2.182
475.99	2.172
476.34	2.177
476.68	2.163
477.02	2.186
477.37	2.204
477.71	2.232
478.06	2.265
478.40	2.337
478.75	2.419
479.09	2.502
479.43	2.612
479.78	2.714
480.12	2.817
480.47	2.918
480.81	3.007
481.15	3.089
481.50	3.177
481.84	3.267
482.19	3.356
482.53	3.423
482.87	3.467
483.22	3.465
483.56	3.422
483.90	3.352
484.25	3.274
484.59	3.189
484.94	3.114
485.28	3.037
485.62	2.957
485.97	2.848
486.31	2.767
486.65	2.710
487.00	2.677
487.34	2.682
487.68	2.694
488.03	2.706
488.37	2.721
488.71	2.722
489.06	2.703
489.40	2.697
489.74	2.696
490.09	2.681
490.43	2.665
490.77	2.633
491.11	2.589
491.46	2.556
491.80	2.527
492.14	2.487
492.49	2.465
492.83	2.441
493.17	2.390
493.51	2.348
493.86	2.313
494.20	2.278
494.54	2.268
494.88	2.265
495.23	2.273
495.57	2.274
495.91	2.301
496.25	2.307
496.60	2.308
496.94	2.317
497.28	2.320
497.62	2.322
497.97	2.324
498.31	2.332
498.65	2.344
498.99	2.328
499.33	2.356
499.68	2.352
500.02	2.362
500.36	2.373
500.70	2.375
501.04	2.382
501.39	2.391
501.73	2.408
502.07	2.444
502.41	2.466
502.75	2.512
503.09	2.526
503.44	2.549
503.78	2.562
504.12	2.587
504.46	2.629
504.80	2.673
505.14	2.724
505.49	2.758
505.83	2.781
506.17	2.820
506.51	2.864
506.85	2.911
507.19	2.953
507.53	2.998
507.87	3.047
508.22	3.081
508.56	3.113
508.90	3.138
509.24	3.181
509.58	3.216
509.92	3.268
510.26	3.309
510.60	3.339
510.94	3.388
511.28	3.428
511.63	3.470
511.97	3.525
512.31	3.589
512.65	3.655
512.99	3.723
513.33	3.827
513.67	3.904
514.01	4.019
514.35	4.143
514.69	4.259
515.03	4.377
515.37	4.502
515.71	4.617
516.05	4.716
516.39	4.816
516.73	4.909
517.07	4.979
517.41	5.048
517.75	5.096
518.09	5.147
518.43	5.202
518.77	5.250
519.11	5.310
519.45	5.354
519.79	5.448
520.13	5.520
520.47	5.615
520.81	5.724
521.15	5.858
521.49	5.975
521.83	6.103
522.17	6.222
522.51	6.370
522.85	6.525
523.19	6.712
523.53	6.896
523.87	7.102
524.21	7.297
524.55	7.469
524.89	7.631
525.23	7.786
525.57	7.926
525.91	8.057
526.25	8.174
526.58	8.284
526.92	8.371
527.26	8.427
527.60	8.462
527.94	8.501
528.28	8.530
528.62	8.545
528.96	8.562
529.30	8.580
529.64	8.595
529.97	8.603
530.31	8.602
530.65	8.607
530.99	8.635
531.33	8.685
531.67	8.719
532.01	8.749
532.35	8.784
532.68	8.816
533.02	8.833
533.36	8.857
533.70	8.879
534.04	8.890
534.38	8.912
534.71	8.925
535.05	8.917
535.39	8.928
535.73	8.948
536.07	8.979
536.41	9.004
536.74	9.049
537.08	9.087
537.42	9.140
537.76	9.207
538.10	9.277
538.43	9.345
538.77	9.408
539.11	9.457
539.45	9.511
539.79	9.543
540.12	9.574
540.46	9.578
540.80	9.583
541.14	9.581
541.47	9.562
541.81	9.539
542.15	9.515
542.49	9.493
542.82	9.457
543.16	9.420
543.50	9.397
543.84	9.367
544.17	9.357
544.51	9.359
544.85	9.350
545.18	9.350
545.52	9.341
545.86	9.317
546.20	9.313
546.53	9.292
546.87	9.267
547.21	9.256
547.54	9.247
547.88	9.229
548.22	9.201
548.55	9.179
548.89	9.178
549.23	9.184
549.56	9.199
549.90	9.208
550.24	9.247
550.57	9.263
550.91	9.258
551.25	9.267
551.58	9.254
551.92	9.236
552.26	9.221
552.59	9.210
552.93	9.187
553.27	9.168
553.60	9.146
553.94	9.102
554.27	9.076
554.61	9.067
554.95	9.016
555.28	9.015
555.62	8.995
555.95	8.990
556.29	8.957
556.63	8.915
556.96	8.876
557.30	8.833
557.63	8.780
557.97	8.745
558.31	8.676
558.64	8.627
558.98	8.569
559.31	8.545
559.65	8.481
559.98	8.421
560.32	8.383
560.65	8.346
560.99	8.304
561.33	8.280
561.66	8.231
562.00	8.197
562.33	8.169
562.67	8.135
563.00	8.076
563.34	8.043
563.67	7.990
564.01	7.945
564.34	7.881
564.68	7.820
565.01	7.758
565.35	7.704
565.68	7.646
566.02	7.577
566.35	7.490
566.69	7.429
567.02	7.373
567.36	7.309
567.69	7.237
568.03	7.186
568.36	7.122
568.69	7.055
569.03	6.984
569.36	6.932
569.70	6.871
570.03	6.839
570.37	6.786
570.70	6.729
571.04	6.672
571.37	6.607
571.70	6.548
572.04	6.493
572.37	6.444
572.71	6.403
573.04	6.342
573.37	6.292
573.71	6.230
574.04	6.167
574.38	6.089
574.71	6.031
575.04	5.987
575.38	5.925
575.71	5.862
576.05	5.800
576.38	5.750
576.71	5.682
577.05	5.634
577.38	5.577
577.71	5.507
578.05	5.450
578.38	5.423
578.71	5.361
579.05	5.294
579.38	5.230
579.71	5.181
580.05	5.120
580.38	5.070
580.71	5.012
581.05	4.968
581.38	4.936
581.71	4.925
582.05	4.905
582.38	4.880
582.71	4.858
583.04	4.860
583.38	4.832
583.71	4.813
584.04	4.816
584.38	4.814
584.71	4.819
585.04	4.819
585.37	4.802
585.71	4.764
586.04	4.739
586.37	4.754
586.70	4.753
587.04	4.755
587.37	4.748
587.70	4.732
588.03	4.722
588.37	4.710
588.70	4.712
589.03	4.698
589.36	4.666
589.69	4.649
590.03	4.620
590.36	4.567
590.69	4.529
591.02	4.485
591.35	4.450
591.69	4.440
592.02	4.415
592.35	4.382
592.68	4.380
593.01	4.377
593.35	4.395
593.68	4.400
594.01	4.406
594.34	4.392
594.67	4.393
595.00	4.376
595.34	4.338
595.67	4.306
596.00	4.272
596.33	4.229
596.66	4.207
596.99	4.165
597.32	4.100
597.65	4.056
597.99	4.032
598.32	3.980
598.65	3.938
598.98	3.904
599.31	3.884
599.64	3.889
599.97	3.882
600.30	3.869
600.63	3.864
600.96	3.877
601.30	3.891
601.63	3.896
601.96	3.905
602.29	3.918
602.62	3.921
602.95	3.897
603.28	3.879
603.61	3.834
603.94	3.793
604.27	3.769
604.60	3.734
604.93	3.698
605.26	3.648
605.59	3.607
605.92	3.569
606.25	3.523
606.58	3.518
606.91	3.475
607.24	3.459
607.57	3.442
607.90	3.401
608.23	3.353
608.56	3.300
608.89	3.260
609.22	3.220
609.55	3.155
609.88	3.112
610.21	3.029
610.54	2.957
610.87	2.894
611.20	2.823
611.53	2.752
611.86	2.727
612.19	2.653
612.52	2.593
612.85	2.585
613.18	2.556
613.51	2.501
613.84	2.460
614.17	2.427
614.49	2.427
614.82	2.420
615.15	2.422
615.48	2.380
615.81	2.391
616.14	2.371
616.47	2.300
616.80	2.253
617.13	2.224
617.46	2.214
617.78	2.191
618.11	2.162
618.44	2.134
618.77	2.094
619.10	2.068
619.43	2.045
619.76	2.047
620.09	2.060
620.41	2.057
620.74	2.097
621.07	2.121
621.40	2.147
621.73	2.129
622.06	2.148
622.38	2.174
622.71	2.223
623.04	2.262
623.37	2.290
623.70	2.300
624.02	2.348
624.35	2.369
624.68	2.354
625.01	2.367
625.34	2.400
625.66	2.413
625.99	2.420
626.32	2.408
626.65	2.385
626.98	2.379
627.30	2.373
627.63	2.353
627.96	2.290
628.29	2.288
628.61	2.246
628.94	2.216
629.27	2.173
629.60	2.117
629.92	2.087
630.25	2.039
630.58	1.975
630.91	1.957
631.23	1.924
631.56	1.932
631.89	1.882
632.21	1.876
632.54	1.853
632.87	1.829
633.19	1.809
633.52	1.767
633.85	1.768
634.18	1.725
634.50	1.659
634.83	1.627
635.16	1.552
635.48	1.516
635.81	1.457
636.14	1.392
636.46	1.348
636.79	1.293
637.11	1.240
637.44	1.148
637.77	1.142
638.09	1.111
638.42	1.034
638.75	0.997
639.07	0.940
639.40	0.908
639.73	0.870
640.05	0.821
640.38	0.826
640.70	0.780
641.03	0.794
641.36	0.783
641.68	0.779
642.01	0.792
642.33	0.808
642.66	0.853
642.98	0.860
643.31	0.863
643.64	0.880
643.96	0.884
644.29	0.911
644.61	0.907
644.94	0.934
645.26	0.957
645.59	0.977
645.91	0.978
646.24	0.964
646.56	0.976
646.89	1.019
647.22	1.022
647.54	1.057
647.87	1.076
648.19	1.095
648.52	1.063
648.84	1.043
649.17	1.056
649.49	1.062
649.82	1.086
650.14	1.081
650.47	1.061
650.79	1.058
651.11	0.998
651.44	1.006
651.76	1.014
652.09	1.058
652.41	1.081
652.74	1.072
653.06	1.097
653.39	1.120
653.71	1.162
654.04	1.173
654.36	1.224
654.68	1.256
655.01	1.287
655.33	1.308
655.66	1.289
655.98	1.319
656.30	1.320
656.63	1.320
656.95	1.309
657.28	1.287
657.60	1.277
657.92	1.255
658.25	1.258
658.57	1.264
658.90	1.249
659.22	1.241
659.54	1.214
659.87	1.204
660.19	1.153
660.51	1.124
660.84	1.105
661.16	1.069
661.48	1.064
661.81	1.058
662.13	0.993
662.45	0.952
662.78	0.958
663.10	0.975
663.42	1.004
663.75	1.099
664.07	1.112
664.39	1.106
664.72	1.167
665.04	1.213
665.36	1.249
665.69	1.311
666.01	1.423
666.33	1.488
666.65	1.534
666.98	1.618
667.30	1.688
667.62	1.766
667.94	1.880
668.27	1.977
668.59	2.047
668.91	2.171
669.23	2.260
669.56	2.296
669.88	2.398
670.20	2.497
670.52	2.618
670.85	2.663
671.17	2.811
671.49	2.879
671.81	2.998
672.13	3.083
672.46	3.199
672.78	3.321
673.10	3.473
673.42	3.576
673.74	3.697
674.07	3.780
674.39	3.924
674.71	4.001
675.03	4.180
675.35	4.303
675.67	4.413
676.00	4.464
676.32	4.573
676.64	4.663
676.96	4.801
677.28	4.936
677.60	5.051
677.92	5.168
678.25	5.320
678.57	5.403
678.89	5.467
679.21	5.559
679.53	5.707
679.85	5.874
680.17	6.041
680.49	6.074
680.81	6.205
681.13	6.277
681.46	6.395
681.78	6.484
682.10	6.648
682.42	6.786
682.74	7.017
683.06	7.116
683.38	7.200
683.70	7.299
684.02	7.475
684.34	7.566
684.66	7.668
684.98	7.740
685.30	7.798
685.62	7.819
685.94	7.889
686.26	7.825
686.58	7.833
686.90	7.833
687.22	7.851
687.54	7.847
687.86	7.780
688.18	7.755
688.50	7.732
688.82	7.689
689.14	7.689
689.46	7.702
689.78	7.738
690.10	7.801
690.42	7.819
690.74	7.823
691.06	7.882
691.38	7.997
691.70	8.120
692.02	8.215
692.34	8.359
692.66	8.398
692.98	8.425
693.30	8.543
693.62	8.566
693.94	8.641
694.26	8.715
694.57	8.756
694.89	8.834
695.21	8.956
695.53	9.102
695.85	9.191
696.17	9.344
696.49	9.521
696.81	9.679
697.13	9.853
697.44	10.028
697.76	10.258
698.08	10.555
698.40	10.785
698.72	11.016
699.04	11.235
699.36	11.579
699.67	11.891
699.99	12.190
700.31	12.502
700.63	12.936
700.95	13.405
701.27	13.775
701.58	14.125
701.90	14.516
702.22	14.971
702.54	15.415
702.86	15.853
703.17	16.263
703.49	16.706
703.81	17.095
704.13	17.466
704.45	17.796
704.76	18.223
705.08	18.585
705.40	18.932
705.72	19.259
706.03	19.700
706.35	20.021
706.67	20.473
706.99	20.908
707.30	21.294
707.62	21.727
707.94	22.144
708.26	22.519
708.57	23.003
708.89	23.501
709.21	23.912
709.53	24.241
709.84	24.688
710.16	25.137
710.48	25.564
710.79	26.069
711.11	26.434
711.43	26.809
711.74	27.172
712.06	27.627
712.38	28.132
712.69	28.608
713.01	29.121
713.33	29.643
713.64	30.166
713.96	30.583
714.28	31.091
714.59	31.689
714.91	32.306
715.23	32.977
715.54	33.387
715.86	33.962
716.17	34.499
716.49	35.013
716.81	35.526
717.12	35.975
717.44	36.634
717.76	37.228
718.07	37.759
718.39	38.355
718.70	38.896
719.02	39.384
719.33	39.789
719.65	40.338
719.97	40.871
720.28	41.445
720.60	42.010
720.91	42.492
721.23	42.941
721.54	43.512
721.86	43.963
722.17	44.491
722.49	45.138
722.81	45.603
723.12	46.135
723.44	46.566
723.75	47.004
724.07	47.327
724.38	47.785
724.70	48.199
725.01	48.479
725.33	48.787
725.64	49.122
725.96	49.447
726.27	49.603
726.59	49.994
726.90	50.419
727.22	50.562
727.53	50.949
727.84	51.339
728.16	51.731
728.47	52.113
728.79	52.572
729.10	52.847
729.42	53.325
729.73	53.920
730.05	54.226
730.36	54.605
730.67	55.128
730.99	55.522
731.30	55.793
731.62	56.161
731.93	56.535
732.24	56.867
732.56	57.214
732.87	57.508
733.19	57.772
733.50	58.061
733.81	58.276
734.13	58.729
734.44	59.154
734.76	59.441
735.07	59.762
735.38	60.018
735.70	60.367
736.01	60.735
736.32	61.019
736.64	61.475
736.95	61.701
737.26	62.029
737.58	62.147
737.89	62.303
738.20	62.603
738.52	62.779
738.83	62.979
739.14	63.180
739.45	63.409
739.77	63.681
740.08	63.994
740.39	64.409
740.71	64.842
741.02	65.038
741.33	65.243
741.64	65.418
741.96	65.620
742.27	65.798
742.58	66.140
742.90	66.309
743.21	66.446
743.52	66.375
743.83	66.402
744.14	66.313
744.46	66.486
744.77	66.619
745.08	66.621
745.39	66.641
745.71	66.862
746.02	66.670
746.33	66.666
746.64	66.601
746.95	66.613
747.27	66.534
747.58	66.541
747.89	66.617
748.20	66.711
748.51	66.972
748.82	66.982
749.14	67.109
749.45	67.382
749.76	67.386
750.07	67.610
750.38	67.762
750.69	67.742
751.01	67.849
751.32	67.781
751.63	67.833
751.94	67.553
752.25	67.630
752.56	67.552
752.87	67.417
753.18	67.488
753.49	67.489
753.81	67.484
754.12	67.755
754.43	68.048
754.74	68.099
755.05	67.917
755.36	68.171
755.67	68.429
755.98	68.398
756.29	68.307
756.60	68.413
756.91	68.333
757.22	68.185
757.53	68.337
757.84	68.107
758.15	68.217
758.46	68.371
758.77	68.365
759.09	68.358
759.40	68.352
759.71	68.308
760.02	68.192
760.33	68.167
760.64	68.225
760.95	68.196
761.26	68.069
761.57	67.888
761.88	67.671
762.18	67.572
762.49	67.435
762.80	67.429
763.11	67.387
763.42	67.456
763.73	67.392
764.04	67.311
764.35	67.245
764.66	67.252
764.97	67.281
765.28	67.453
765.59	67.441
765.90	67.433
766.21	67.180
766.52	67.286
766.83	67.137
767.14	67.274
767.44	67.264
767.75	66.925
768.06	66.986
768.37	66.807
768.68	66.813
768.99	66.753
769.30	66.571
769.61	66.581
769.91	66.470
770.22	66.260
770.53	65.890
770.84	65.681
771.15	65.612
771.46	65.264
771.77	65.297
772.07	65.134
772.38	64.860
772.69	65.001
773.00	65.152
773.31	65.110
773.61	65.063
773.92	64.988
774.23	65.142
774.54	65.486
774.85	65.510
775.15	65.384
775.46	65.123
775.77	65.557
776.08	65.270
776.39	65.133
776.69	65.085
777.00	65.159
777.31	65.242
777.62	65.044
777.92	64.474
778.23	64.698
778.54	64.913
778.85	65.040
779.15	64.905
779.46	64.782
779.77	64.841
780.07	65.009
780.38	65.155
780.69	64.961
781.00	64.947
781.30	65.167
781.61	64.966
781.92	65.222
782.22	65.446
782.53	65.072
782.84	65.294
783.14	65.354
783.45	64.959
783.76	64.969
784.06	65.029
784.37	65.246
784.68	65.053
784.98	65.232
785.29	65.070
785.60	64.820
785.90	65.086
786.21	65.195
786.51	65.090
786.82	65.320
787.13	65.339
787.43	65.416
787.74	65.458
788.04	65.637
788.35	65.448
788.66	65.324
788.96	65.392
789.27	65.695
789.57	65.521
789.88	65.725
790.19	65.599
790.49	65.346
790.80	65.354
791.10	65.327
791.41	65.539
791.71	65.605
792.02	65.421
792.32	65.488
792.63	65.275
792.93	65.068
793.24	64.907
793.54	65.051
793.85	64.994
794.15	64.829
794.46	64.666
794.76	64.273
795.07	64.231
795.37	64.343
795.68	64.163
795.98	64.155
796.29	64.616
796.59	64.599
796.90	64.857
797.20	65.118
797.51	65.253
797.81	65.130
798.12	65.387
798.42	65.371
798.72	65.443
799.03	65.719
799.33	65.657
799.64	65.441
799.94	65.314
800.25	64.866
800.55	64.837
800.85	65.202
801.16	65.782
801.46	65.179
801.77	65.535
802.07	65.398
802.37	65.231
802.68	65.230
802.98	65.203
803.28	65.328
803.59	65.417
803.89	65.464
804.20	65.443
804.50	64.790
804.80	65.362
805.11	65.169
805.41	64.995
805.71	64.864
806.02	64.806
806.32	65.230
806.62	65.701
806.93	65.790
807.23	66.071
807.53	66.232
807.83	66.456
808.14	66.760
808.44	66.707
808.74	66.828
809.05	67.007
809.35	66.903
809.65	66.604
809.95	66.385
810.26	66.083
810.56	65.907
810.86	65.587
811.16	65.573
811.47	65.913
811.77	66.294
812.07	66.562
812.37	66.678
812.68	67.164
812.98	67.194
813.28	67.173
813.58	67.775
813.88	67.773
814.19	68.080
814.49	68.564
814.79	68.265
815.09	68.495
815.39	68.354
815.70	68.701
816.00	68.478
816.30	68.116
816.60	67.986
816.90	67.427
817.20	67.419
817.50	67.264
817.81	67.104
818.11	67.070
818.41	67.108
818.71	67.225
819.01	67.370
819.31	67.758
819.61	68.118
819.92	68.416
820.22	68.741
820.52	68.998
820.82	69.263
821.12	69.546
821.42	69.829
821.72	69.952
822.02	70.290
822.32	70.585
822.62	70.824
822.92	71.005
823.22	71.269
823.52	71.512
823.83	71.622
824.13	71.661
824.43	71.587
824.73	71.563
825.03	71.604
825.33	71.507
825.63	71.293
825.93	71.001
826.23	70.878
826.53	70.554
826.83	70.263
827.13	70.307
827.43	70.386
827.73	70.739
828.03	71.006
828.33	71.297
828.63	71.345
828.93	71.551
829.23	71.414
829.53	71.315
829.83	71.407
830.13	71.156
830.42	70.665
830.72	70.195
831.02	70.004
831.32	69.474
831.62	69.341
831.92	69.321
832.22	68.945
832.52	69.095
832.82	69.132
833.12	69.108
833.42	69.369
833.72	69.584
834.01	69.753
834.31	69.618
834.61	69.795
834.91	70.180
835.21	70.327
835.51	70.599
835.81	70.440
836.11	70.645
836.40	70.669
836.70	70.539
837.00	70.514
837.30	70.265
837.60	70.357
837.90	70.932
838.19	69.977
838.49	69.812
838.79	70.106
839.09	70.150
839.39	69.941
839.68	69.554
839.98	69.387
840.28	69.084
840.58	69.691
840.88	69.990
841.17	69.620
841.47	70.168
841.77	70.134
842.07	70.183
842.36	70.611
842.66	70.618
842.96	70.230
843.26	70.124
843.55	69.810
843.85	69.279
844.15	68.120
844.45	66.834
844.74	66.815
845.04	66.881
845.34	66.435
845.63	67.101
845.93	67.874
846.23	69.667
846.53	69.081
846.82	69.108
847.12	70.119
847.42	70.063
847.71	69.907
848.01	69.280
848.31	68.427
848.60	66.181
848.90	64.499
849.19	64.117
849.49	62.521
849.79	64.961
850.08	64.695
850.38	62.737
850.68	61.111
850.97	62.585
851.27	62.289
851.56	62.482
851.86	64.071
852.16	64.860
852.45	65.413
852.75	65.773
853.04	65.605
853.34	66.609
853.64	67.888
853.93	68.950
854.23	68.313
854.52	69.788
854.82	70.586
855.11	70.116
855.41	71.136
855.70	71.814
856.00	71.043
856.30	69.669
856.59	70.102
856.89	70.771
857.18	71.746
857.48	71.074
857.77	69.164
858.07	68.372
858.36	67.939
858.66	67.238
858.95	64.644
859.25	65.378
859.54	65.102
859.84	63.830
860.13	62.656
860.42	62.690
860.72	62.059
861.01	62.597
861.31	64.663
861.60	67.233
861.90	67.081
862.19	68.160
862.49	67.217
862.78	68.772
863.07	70.153
863.37	70.555
863.66	69.466
863.96	73.196
864.25	73.855
864.54	72.355
864.84	70.802
865.13	70.707
865.43	70.919
865.72	74.668
866.01	70.092
866.31	67.297
866.60	63.647
866.89	68.535
