180.30	0.000
180.67	0.000
181.03	53.953
181.40	192.754
181.77	-9188.456
182.14	61.911
182.51	-569.929
182.88	-44.501
183.25	51.379
183.62	32.808
183.99	370.788
184.36	-7.648
184.73	106.899
185.10	50.470
185.46	-148.948
185.83	-277.420
186.20	574.203
186.57	50.730
186.94	9.066
187.31	47.674
187.68	25.501
188.05	56.158
188.42	97.346
188.78	183.448
189.15	439.160
189.52	-95.815
189.89	-9.177
190.26	-33.002
190.63	-10.744
191.00	-1.279
191.37	15.309
191.73	23.244
192.10	25.717
192.47	31.378
192.84	26.398
193.21	32.105
193.58	30.660
193.94	22.234
194.31	22.149
194.68	11.017
195.05	5.430
195.42	-2.015
195.79	-12.832
196.15	-28.318
196.52	-44.907
196.89	-44.500
197.26	-71.308
197.63	-48.171
198.00	-31.353
198.36	-25.550
198.73	-26.238
199.10	-20.847
199.47	-17.496
199.84	-17.258
200.20	-15.828
200.57	-11.221
200.94	-3.564
201.31	-5.944
201.68	-11.232
202.04	-24.011
202.41	-20.429
202.78	-23.244
203.15	-21.582
203.51	-6.867
203.88	-4.135
204.25	-13.161
204.62	-41.943
204.98	-55.407
205.35	-40.799
205.72	-41.157
206.09	-29.843
206.46	-103.393
206.82	-96.521
207.19	-83.128
207.56	-140.393
207.92	-127.860
208.29	-124.631
208.66	-62.933
209.03	-65.848
209.39	-38.757
209.76	-37.422
210.13	-76.326
210.50	-30.850
210.86	-10.677
211.23	-33.137
211.60	-19.215
211.96	-15.308
212.33	-14.605
212.70	-26.574
213.07	-33.428
213.43	-79.775
213.80	-73.901
214.17	-33.450
214.53	-27.285
214.90	-27.361
215.27	-17.740
215.63	-23.515
216.00	-22.193
216.37	-19.050
216.74	-23.961
217.10	-8.584
217.47	-5.631
217.84	-3.567
218.20	-5.478
218.57	-3.774
218.94	-4.624
219.30	-7.313
219.67	-9.566
220.04	-13.081
220.40	-17.427
220.77	-18.270
221.13	-13.755
221.50	-6.599
221.87	-8.153
222.23	-16.191
222.60	-21.486
222.97	-21.456
223.33	-19.307
223.70	-16.451
224.07	-14.382
224.43	-10.455
224.80	-7.814
225.16	-10.151
225.53	-10.892
225.90	-15.127
226.26	-11.789
226.63	-9.133
226.99	-7.035
227.36	-5.706
227.73	-2.815
228.09	-2.649
228.46	-1.486
228.82	-0.968
229.19	-1.674
229.56	-2.019
229.92	1.472
230.29	2.555
230.65	1.724
231.02	0.080
231.38	-2.113
231.75	-6.328
232.12	-7.557
232.48	-12.114
232.85	-13.356
233.21	-12.247
233.58	-13.751
233.94	-14.146
234.31	-15.598
234.68	-14.946
235.04	-14.257
235.41	-12.445
235.77	-9.039
236.14	-6.549
236.50	-3.866
236.87	-2.708
237.23	-2.216
237.60	-2.204
237.96	-1.717
238.33	-2.320
238.69	-2.985
239.06	-2.028
239.42	-2.220
239.79	-3.269
240.15	-3.515
240.52	-2.888
240.88	-1.901
241.25	-2.137
241.61	-1.230
241.98	-1.550
242.34	-1.249
242.71	-0.670
243.07	-1.284
243.44	-1.371
243.80	-1.058
244.17	-0.882
244.53	-1.289
244.90	-1.528
245.26	-1.145
245.63	-1.370
245.99	-1.457
246.36	-1.403
246.72	-1.190
247.09	-1.247
247.45	-0.766
247.81	-0.259
248.18	-0.229
248.54	0.227
248.91	-0.254
249.27	-0.355
249.64	0.048
250.00	0.844
250.36	0.824
250.73	0.088
251.09	0.332
251.46	-0.098
251.82	-0.724
252.19	-0.950
252.55	-1.442
252.91	-0.988
253.28	-1.250
253.64	-2.267
254.01	-2.670
254.37	-2.456
254.73	-1.760
255.10	-1.287
255.46	-0.906
255.83	-0.897
256.19	-0.646
256.55	-0.607
256.92	-0.508
257.28	-0.426
257.65	-0.095
258.01	0.009
258.37	0.135
258.74	-0.031
259.10	-0.216
259.46	-0.601
259.83	-0.633
260.19	-0.753
260.55	-0.647
260.92	-0.861
261.28	-1.017
261.64	-1.268
262.01	-1.614
262.37	-1.913
262.73	-1.828
263.10	-1.631
263.46	-1.207
263.82	-1.133
264.19	-1.140
264.55	-1.793
264.91	-1.888
265.28	-1.644
265.64	-1.488
266.00	-1.439
266.37	-1.346
266.73	-1.389
267.09	-1.374
267.46	-1.549
267.82	-1.740
268.18	-1.699
268.54	-1.248
268.91	-1.168
269.27	-1.375
269.63	-1.179
270.00	-1.176
270.36	-1.436
270.72	-1.321
271.08	-1.509
271.45	-1.397
271.81	-1.294
272.17	-1.391
272.53	-1.282
272.90	-1.134
273.26	-0.894
273.62	-1.101
273.98	-1.056
274.35	-0.878
274.71	-0.918
275.07	-0.689
275.43	-0.738
275.80	-0.694
276.16	-0.828
276.52	-1.009
276.88	-0.948
277.25	-1.203
277.61	-1.170
277.97	-1.293
278.33	-1.109
278.69	-1.319
279.06	-1.456
279.42	-1.481
279.78	-1.456
280.14	-1.168
280.50	-1.089
280.87	-1.071
281.23	-0.943
281.59	-0.909
281.95	-0.888
282.31	-0.869
282.68	-0.923
283.04	-0.888
283.40	-0.734
283.76	-0.766
284.12	-0.643
284.48	-0.609
284.85	-0.669
285.21	-0.688
285.57	-0.735
285.93	-0.567
286.29	-0.765
286.65	-0.414
287.02	-0.085
287.38	-0.242
287.74	-0.147
288.10	-0.222
288.46	-0.307
288.82	-0.359
289.18	-0.404
289.54	-0.404
289.91	-0.422
290.27	-0.209
290.63	-0.329
290.99	-0.487
291.35	-0.352
291.71	-0.422
292.07	-0.573
292.43	-0.532
292.79	-0.472
293.16	-0.500
293.52	-0.361
293.88	-0.314
294.24	-0.382
294.60	-0.453
294.96	-0.561
295.32	-0.520
295.68	-0.405
296.04	-0.266
296.40	-0.131
296.76	-0.077
297.12	-0.169
297.49	-0.272
297.85	-0.392
298.21	-0.446
298.57	-0.482
298.93	-0.398
299.29	-0.534
299.65	-0.615
300.01	-0.791
300.37	-0.903
300.73	-0.888
301.09	-0.784
301.45	-0.670
301.81	-0.557
302.17	-0.400
302.53	-0.549
302.89	-0.650
303.25	-0.538
303.61	-0.626
303.97	-0.760
304.33	-0.784
304.69	-0.692
305.05	-0.575
305.41	-0.609
305.77	-0.642
306.13	-0.725
306.49	-0.697
306.85	-0.607
307.21	-0.585
307.57	-0.423
307.93	-0.257
308.29	-0.211
308.65	-0.280
309.01	-0.336
309.37	-0.346
309.73	-0.391
310.09	-0.188
310.45	-0.021
310.81	-0.047
311.17	-0.114
311.53	-0.207
311.89	-0.177
312.25	-0.153
312.61	-0.208
312.96	-0.170
313.32	0.002
313.68	-0.007
314.04	-0.185
314.40	-0.209
314.76	-0.277
315.12	-0.254
315.48	-0.231
315.84	-0.344
316.20	-0.372
316.56	-0.413
316.92	-0.473
317.27	-0.725
317.63	-0.692
317.99	-0.752
318.35	-0.807
318.71	-0.656
319.07	-0.573
319.43	-0.540
319.79	-0.409
320.15	-0.469
320.50	-0.281
320.86	-0.245
321.22	-0.133
321.58	-0.146
321.94	-0.233
322.30	-0.222
322.66	-0.362
323.01	-0.482
323.37	-0.572
323.73	-0.662
324.09	-0.693
324.45	-0.702
324.81	-0.779
325.17	-0.848
325.52	-0.860
325.88	-0.805
326.24	-0.760
326.60	-0.685
326.96	-0.669
327.31	-0.589
327.67	-0.619
328.03	-0.606
328.39	-0.774
328.75	-0.654
329.11	-0.558
329.46	-0.463
329.82	-0.426
330.18	-0.411
330.54	-0.433
330.90	-0.453
331.25	-0.477
331.61	-0.420
331.97	-0.379
332.33	-0.282
332.68	-0.252
333.04	-0.286
333.40	-0.389
333.76	-0.398
334.11	-0.459
334.47	-0.467
334.83	-0.467
335.19	-0.528
335.54	-0.485
335.90	-0.490
336.26	-0.528
336.62	-0.638
336.97	-0.760
337.33	-0.859
337.69	-0.870
338.05	-0.942
338.40	-1.035
338.76	-1.006
339.12	-0.903
339.48	-0.918
339.83	-0.956
340.19	-0.931
340.55	-0.836
340.90	-0.820
341.26	-0.768
341.62	-0.796
341.97	-0.766
342.33	-0.679
342.69	-0.652
343.04	-0.725
343.40	-0.825
343.76	-0.838
344.12	-0.848
344.47	-0.871
344.83	-0.764
345.19	-0.591
345.54	-0.544
345.90	-0.557
346.26	-0.544
346.61	-0.481
346.97	-0.428
347.32	-0.355
347.68	-0.343
348.04	-0.359
348.39	-0.435
348.75	-0.427
349.11	-0.580
349.46	-0.579
349.82	-0.464
350.18	-0.522
350.53	-0.574
350.89	-0.655
351.24	-0.730
351.60	-0.756
351.96	-0.733
352.31	-0.698
352.67	-0.668
353.02	-0.654
353.38	-0.679
353.74	-0.737
354.09	-0.737
354.45	-0.740
354.80	-0.676
355.16	-0.575
355.52	-0.502
355.87	-0.548
356.23	-0.557
356.58	-0.594
356.94	-0.562
357.29	-0.529
357.65	-0.499
358.00	-0.461
358.36	-0.464
358.72	-0.452
359.07	-0.496
359.43	-0.509
359.78	-0.466
360.14	-0.479
360.49	-0.523
360.85	-0.518
361.20	-0.575
361.56	-0.627
361.91	-0.614
362.27	-0.640
362.62	-0.637
362.98	-0.581
363.33	-0.603
363.69	-0.619
364.04	-0.523
364.40	-0.483
364.75	-0.520
365.11	-0.487
365.46	-0.467
365.82	-0.435
366.17	-0.405
366.53	-0.417
366.88	-0.436
367.24	-0.433
367.59	-0.438
367.95	-0.493
368.30	-0.517
368.66	-0.479
369.01	-0.470
369.37	-0.467
369.72	-0.460
370.08	-0.427
370.43	-0.419
370.78	-0.414
371.14	-0.434
371.49	-0.423
371.85	-0.435
372.20	-0.420
372.56	-0.438
372.91	-0.429
373.26	-0.409
373.62	-0.471
373.97	-0.463
374.33	-0.508
374.68	-0.529
375.03	-0.461
375.39	-0.454
375.74	-0.446
376.10	-0.441
376.45	-0.407
376.80	-0.381
377.16	-0.403
377.51	-0.361
377.87	-0.349
378.22	-0.337
378.57	-0.344
378.93	-0.378
379.28	-0.346
379.63	-0.359
379.99	-0.309
380.34	-0.353
380.70	-0.393
381.05	-0.338
381.40	-0.363
381.76	-0.365
382.11	-0.343
382.46	-0.269
382.82	-0.241
383.17	-0.276
383.52	-0.249
383.88	-0.317
384.23	-0.293
384.58	-0.278
384.94	-0.316
385.29	-0.295
385.64	-0.285
385.99	-0.243
386.35	-0.232
386.70	-0.235
387.05	-0.251
387.41	-0.234
387.76	-0.239
388.11	-0.253
388.47	-0.267
388.82	-0.225
389.17	-0.228
389.52	-0.238
389.88	-0.232
390.23	-0.258
390.58	-0.243
390.93	-0.202
391.29	-0.209
391.64	-0.144
391.99	-0.079
392.34	-0.043
392.70	-0.058
393.05	-0.069
393.40	-0.070
393.75	-0.094
394.11	-0.091
394.46	-0.122
394.81	-0.130
395.16	-0.160
395.52	-0.171
395.87	-0.193
396.22	-0.145
396.57	-0.174
396.92	-0.150
397.28	-0.152
397.63	-0.148
397.98	-0.141
398.33	-0.107
398.68	-0.099
399.04	-0.059
399.39	-0.074
399.74	-0.062
400.09	-0.098
400.44	-0.061
400.80	-0.058
401.15	-0.048
401.50	-0.033
401.85	-0.016
402.20	-0.026
402.55	0.022
402.90	0.007
403.26	0.032
403.61	0.036
403.96	0.046
404.31	0.046
404.66	0.084
405.01	0.089
405.36	0.112
405.72	0.113
406.07	0.129
406.42	0.100
406.77	0.125
407.12	0.130
407.47	0.132
407.82	0.142
408.17	0.152
408.53	0.136
408.88	0.113
409.23	0.092
409.58	0.074
409.93	0.095
410.28	0.115
410.63	0.097
410.98	0.107
411.33	0.119
411.68	0.156
412.03	0.201
412.38	0.196
412.73	0.264
413.09	0.287
413.44	0.313
413.79	0.332
414.14	0.337
414.49	0.396
414.84	0.430
415.19	0.460
415.54	0.473
415.89	0.489
416.24	0.546
416.59	0.554
416.94	0.577
417.29	0.611
417.64	0.621
417.99	0.651
418.34	0.665
418.69	0.671
419.04	0.672
419.39	0.687
419.74	0.693
420.09	0.689
420.44	0.701
420.79	0.705
421.14	0.701
421.49	0.714
421.84	0.708
422.19	0.718
422.54	0.724
422.89	0.726
423.24	0.712
423.59	0.697
423.94	0.692
424.29	0.684
424.64	0.678
424.99	0.671
425.34	0.651
425.68	0.642
426.03	0.608
426.38	0.597
426.73	0.593
427.08	0.583
427.43	0.596
427.78	0.608
428.13	0.592
428.48	0.597
428.83	0.597
429.18	0.603
429.53	0.606
429.87	0.599
430.22	0.588
430.57	0.614
430.92	0.609
431.27	0.606
431.62	0.571
431.97	0.590
432.32	0.574
432.67	0.562
433.01	0.540
433.36	0.523
433.71	0.523
434.06	0.523
434.41	0.498
434.76	0.512
435.11	0.512
435.45	0.544
435.80	0.537
436.15	0.568
436.50	0.599
436.85	0.632
437.20	0.649
437.54	0.656
437.89	0.676
438.24	0.687
438.59	0.692
438.94	0.693
439.29	0.661
439.63	0.670
439.98	0.659
440.33	0.651
440.68	0.647
441.03	0.677
441.37	0.693
441.72	0.708
442.07	0.719
442.42	0.732
442.76	0.753
443.11	0.782
443.46	0.802
443.81	0.822
444.16	0.849
444.50	0.868
444.85	0.863
445.20	0.873
445.55	0.875
445.89	0.878
446.24	0.880
446.59	0.866
446.94	0.875
447.28	0.869
447.63	0.875
447.98	0.868
448.32	0.868
448.67	0.869
449.02	0.871
449.37	0.860
449.71	0.880
450.06	0.887
450.41	0.924
450.75	0.944
451.10	0.961
451.45	0.949
451.79	0.935
452.14	0.936
452.49	0.952
452.84	0.953
453.18	0.973
453.53	0.967
453.88	0.994
454.22	1.016
454.57	1.038
454.92	1.058
455.26	1.102
455.61	1.160
455.95	1.190
456.30	1.208
456.65	1.254
456.99	1.276
457.34	1.296
457.69	1.298
458.03	1.302
458.38	1.307
458.73	1.303
459.07	1.288
459.42	1.266
459.76	1.248
460.11	1.227
460.46	1.173
460.80	1.143
461.15	1.121
461.49	1.090
461.84	1.072
462.19	1.050
462.53	1.060
462.88	1.059
463.22	1.040
463.57	1.032
463.91	1.036
464.26	1.062
464.61	1.074
464.95	1.065
465.30	1.076
465.64	1.084
465.99	1.085
466.33	1.084
466.68	1.081
467.02	1.083
467.37	1.081
467.71	1.089
468.06	1.093
468.41	1.083
468.75	1.081
469.10	1.071
469.44	1.029
469.79	1.013
470.13	0.969
470.48	0.957
470.82	0.955
471.17	0.963
471.51	0.943
471.86	0.925
472.20	0.914
472.55	0.919
472.89	0.936
473.23	0.947
473.58	0.948
473.92	0.951
474.27	0.942
474.61	0.929
474.96	0.920
475.30	0.926
475.65	0.918
475.99	0.921
476.34	0.917
476.68	0.909
477.02	0.926
477.37	0.938
477.71	0.979
478.06	1.024
478.40	1.097
478.75	1.171
479.09	1.247
479.43	1.340
479.78	1.430
480.12	1.512
480.47	1.592
480.81	1.658
481.15	1.733
481.50	1.799
481.84	1.872
482.19	1.930
482.53	1.984
482.87	2.025
483.22	2.034
483.56	2.014
483.90	1.979
484.25	1.935
484.59	1.897
484.94	1.850
485.28	1.802
485.62	1.746
485.97	1.699
486.31	1.650
486.65	1.615
487.00	1.605
487.34	1.615
487.68	1.633
488.03	1.656
488.37	1.672
488.71	1.688
489.06	1.701
489.40	1.722
489.74	1.723
490.09	1.731
490.43	1.731
490.77	1.716
491.11	1.690
491.46	1.679
491.80	1.663
492.14	1.647
492.49	1.649
492.83	1.645
493.17	1.624
493.51	1.637
493.86	1.644
494.20	1.655
494.54	1.693
494.88	1.762
495.23	1.807
495.57	1.858
495.91	1.920
496.25	1.959
496.60	2.011
496.94	2.055
497.28	2.092
497.62	2.127
497.97	2.178
498.31	2.222
498.65	2.248
498.99	2.287
499.33	2.348
499.68	2.403
500.02	2.470
500.36	2.517
500.70	2.581
501.04	2.643
501.39	2.706
501.73	2.783
502.07	2.875
502.41	2.977
502.75	3.080
503.09	3.167
503.44	3.243
503.78	3.320
504.12	3.420
504.46	3.526
504.80	3.628
505.14	3.737
505.49	3.845
505.83	3.920
506.17	4.012
506.51	4.095
506.85	4.195
507.19	4.295
507.53	4.385
507.87	4.485
508.22	4.570
508.56	4.663
508.90	4.753
509.24	4.832
509.58	4.929
509.92	5.010
510.26	5.099
510.60	5.179
510.94	5.268
511.28	5.357
511.63	5.452
511.97	5.545
512.31	5.656
512.65	5.754
512.99	5.853
513.33	5.977
513.67	6.104
514.01	6.249
514.35	6.368
514.69	6.503
515.03	6.639
515.37	6.752
515.71	6.876
516.05	6.976
516.39	7.078
516.73	7.170
517.07	7.246
517.41	7.304
517.75	7.351
518.09	7.414
518.43	7.446
518.77	7.483
519.11	7.524
519.45	7.551
519.79	7.615
520.13	7.652
520.47	7.710
520.81	7.788
521.15	7.876
521.49	7.956
521.83	8.037
522.17	8.118
522.51	8.200
522.85	8.300
523.19	8.411
523.53	8.511
523.87	8.672
524.21	8.802
524.55	8.912
524.89	9.033
525.23	9.148
525.57	9.241
525.91	9.332
526.25	9.406
526.58	9.485
526.92	9.540
527.26	9.573
527.60	9.561
527.94	9.560
528.28	9.546
528.62	9.508
528.96	9.461
529.30	9.420
529.64	9.372
529.97	9.326
530.31	9.266
530.65	9.214
530.99	9.173
531.33	9.154
531.67	9.138
532.01	9.114
532.35	9.103
532.68	9.091
533.02	9.070
533.36	9.050
533.70	9.032
534.04	9.002
534.38	8.971
534.71	8.931
535.05	8.904
535.39	8.859
535.73	8.824
536.07	8.796
536.41	8.776
536.74	8.774
537.08	8.773
537.42	8.790
537.76	8.803
538.10	8.830
538.43	8.855
538.77	8.874
539.11	8.894
539.45	8.909
539.79	8.914
540.12	8.924
540.46	8.913
540.80	8.894
541.14	8.863
541.47	8.821
541.81	8.781
542.15	8.741
542.49	8.685
542.82	8.622
543.16	8.562
543.50	8.519
543.84	8.455
544.17	8.400
544.51	8.366
544.85	8.311
545.18	8.282
545.52	8.249
545.86	8.219
546.20	8.197
546.53	8.174
546.87	8.151
547.21	8.103
547.54	8.060
547.88	8.032
548.22	8.004
548.55	7.987
548.89	7.974
549.23	7.953
549.56	7.926
549.90	7.934
550.24	7.928
550.57	7.919
550.91	7.919
551.25	7.942
551.58	7.933
551.92	7.915
552.26	7.910
552.59	7.882
552.93	7.854
553.27	7.840
553.60	7.794
553.94	7.771
554.27	7.765
554.61	7.764
554.95	7.716
555.28	7.730
555.62	7.731
555.95	7.756
556.29	7.762
556.63	7.765
556.96	7.781
557.30	7.790
557.63	7.797
557.97	7.797
558.31	7.776
558.64	7.776
558.98	7.767
559.31	7.786
559.65	7.762
559.98	7.768
560.32	7.770
560.65	7.761
560.99	7.773
561.33	7.789
561.66	7.804
562.00	7.841
562.33	7.876
562.67	7.883
563.00	7.865
563.34	7.900
563.67	7.907
564.01	7.917
564.34	7.937
564.68	7.948
565.01	7.945
565.35	7.953
565.68	7.964
566.02	7.969
566.35	7.980
566.69	8.003
567.02	8.021
567.36	8.033
567.69	8.054
568.03	8.082
568.36	8.092
568.69	8.129
569.03	8.165
569.36	8.163
569.70	8.180
570.03	8.211
570.37	8.232
570.70	8.235
571.04	8.248
571.37	8.273
571.70	8.283
572.04	8.328
572.37	8.344
572.71	8.365
573.04	8.399
573.37	8.426
573.71	8.443
574.04	8.483
574.38	8.494
574.71	8.557
575.04	8.581
575.38	8.595
575.71	8.602
576.05	8.632
576.38	8.651
576.71	8.667
577.05	8.705
577.38	8.733
577.71	8.735
578.05	8.772
578.38	8.773
578.71	8.817
579.05	8.849
579.38	8.869
579.71	8.894
580.05	8.926
580.38	8.953
580.71	8.987
581.05	9.026
581.38	9.062
581.71	9.127
582.05	9.194
582.38	9.236
582.71	9.300
583.04	9.357
583.38	9.394
583.71	9.447
584.04	9.524
584.38	9.564
584.71	9.619
585.04	9.697
585.37	9.754
585.71	9.805
586.04	9.849
586.37	9.923
586.70	9.990
587.04	10.063
587.37	10.114
587.70	10.169
588.03	10.230
588.37	10.291
588.70	10.347
589.03	10.372
589.36	10.401
589.69	10.425
590.03	10.451
590.36	10.469
590.69	10.493
591.02	10.495
591.35	10.512
591.69	10.543
592.02	10.588
592.35	10.637
592.68	10.686
593.01	10.703
593.35	10.768
593.68	10.792
594.01	10.831
594.34	10.873
594.67	10.924
595.00	10.950
595.34	10.964
595.67	10.956
596.00	10.965
596.33	10.968
596.66	10.993
596.99	10.986
597.32	11.002
597.65	11.012
597.99	10.983
598.32	10.988
598.65	11.001
598.98	11.008
599.31	11.038
599.64	11.066
599.97	11.062
600.30	11.074
600.63	11.071
600.96	11.068
601.30	11.076
601.63	11.122
601.96	11.118
602.29	11.111
602.62	11.121
602.95	11.102
603.28	11.072
603.61	11.086
603.94	11.052
604.27	11.060
604.60	11.029
604.93	11.021
605.26	11.004
605.59	10.998
605.92	10.971
606.25	10.928
606.58	10.919
606.91	10.875
607.24	10.841
607.57	10.815
607.90	10.782
608.23	10.747
608.56	10.700
608.89	10.623
609.22	10.572
609.55	10.527
609.88	10.492
610.21	10.425
610.54	10.346
610.87	10.267
611.20	10.217
611.53	10.132
611.86	10.077
612.19	9.972
612.52	9.909
612.85	9.852
613.18	9.772
613.51	9.682
613.84	9.599
614.17	9.563
614.49	9.557
614.82	9.484
615.15	9.452
615.48	9.396
615.81	9.362
616.14	9.334
616.47	9.263
616.80	9.203
617.13	9.143
617.46	9.126
617.78	9.068
618.11	8.995
618.44	8.951
618.77	8.898
619.10	8.869
619.43	8.837
619.76	8.790
620.09	8.759
620.41	8.756
620.74	8.792
621.07	8.780
621.40	8.790
621.73	8.779
622.06	8.797
622.38	8.784
622.71	8.792
623.04	8.818
623.37	8.830
623.70	8.829
624.02	8.841
624.35	8.847
624.68	8.845
625.01	8.845
625.34	8.849
625.66	8.877
625.99	8.893
626.32	8.892
626.65	8.879
626.98	8.883
627.30	8.896
627.63	8.897
627.96	8.863
628.29	8.829
628.61	8.822
628.94	8.804
629.27	8.738
629.60	8.688
629.92	8.674
630.25	8.655
630.58	8.610
630.91	8.575
631.23	8.530
631.56	8.487
631.89	8.444
632.21	8.372
632.54	8.304
632.87	8.257
633.19	8.201
633.52	8.120
633.85	8.032
634.18	7.920
634.50	7.819
634.83	7.714
635.16	7.594
635.48	7.501
635.81	7.397
636.14	7.275
636.46	7.168
636.79	7.082
637.11	6.950
637.44	6.786
637.77	6.650
638.09	6.532
638.42	6.379
638.75	6.310
639.07	6.173
639.40	6.082
639.73	5.991
640.05	5.885
640.38	5.747
640.70	5.612
641.03	5.529
641.36	5.456
641.68	5.355
642.01	5.272
642.33	5.117
642.66	5.036
642.98	4.894
643.31	4.757
643.64	4.652
643.96	4.567
644.29	4.495
644.61	4.421
644.94	4.323
645.26	4.258
645.59	4.240
645.91	4.189
646.24	4.141
646.56	4.084
646.89	4.071
647.22	4.021
647.54	3.976
647.87	3.945
648.19	3.872
648.52	3.848
648.84	3.788
649.17	3.711
649.49	3.676
649.82	3.605
650.14	3.590
650.47	3.512
650.79	3.461
651.11	3.402
651.44	3.346
651.76	3.309
652.09	3.305
652.41	3.281
652.74	3.281
653.06	3.251
653.39	3.247
653.71	3.228
654.04	3.198
654.36	3.175
654.68	3.178
655.01	3.185
655.33	3.164
655.66	3.086
655.98	3.039
656.30	2.943
656.63	2.903
656.95	2.881
657.28	2.823
657.60	2.776
657.92	2.720
658.25	2.636
658.57	2.568
658.90	2.482
659.22	2.391
659.54	2.287
659.87	2.233
660.19	2.119
660.51	2.006
660.84	1.884
661.16	1.760
661.48	1.618
661.81	1.502
662.13	1.378
662.45	1.285
662.78	1.233
663.10	1.214
663.42	1.146
663.75	1.128
664.07	1.048
664.39	1.006
664.72	0.963
665.04	0.993
665.36	1.033
665.69	1.034
666.01	1.078
666.33	1.103
666.65	1.067
666.98	1.092
667.30	1.124
667.62	1.145
667.94	1.162
668.27	1.262
668.59	1.306
668.91	1.361
669.23	1.445
669.56	1.521
669.88	1.628
670.20	1.717
670.52	1.820
670.85	1.827
671.17	1.950
671.49	2.065
671.81	2.171
672.13	2.252
672.46	2.349
672.78	2.448
673.10	2.575
673.42	2.634
673.74	2.778
674.07	2.913
674.39	3.112
674.71	3.246
675.03	3.448
675.35	3.605
675.67	3.775
676.00	3.857
676.32	3.935
676.64	4.046
676.96	4.235
677.28	4.319
677.60	4.423
677.92	4.559
678.25	4.679
678.57	4.786
678.89	4.885
679.21	5.013
679.53	5.234
679.85	5.445
680.17	5.582
680.49	5.729
680.81	5.980
681.13	6.132
681.46	6.324
681.78	6.613
682.10	6.826
682.42	7.085
682.74	7.380
683.06	7.583
683.38	7.866
683.70	8.227
684.02	8.563
684.34	8.932
684.66	9.357
684.98	9.698
685.30	9.989
685.62	10.373
685.94	10.734
686.26	11.065
686.58	11.450
686.90	11.791
687.22	12.101
687.54	12.426
687.86	12.675
688.18	12.983
688.50	13.375
688.82	13.696
689.14	14.096
689.46	14.541
689.78	14.964
690.10	15.461
690.42	15.979
690.74	16.536
691.06	17.054
691.38	17.628
691.70	18.181
692.02	18.669
692.34	19.319
692.66	19.815
692.98	20.328
693.30	20.821
693.62	21.305
693.94	21.745
694.26	22.221
694.57	22.759
694.89	23.267
695.21	23.658
695.53	24.108
695.85	24.445
696.17	24.823
696.49	25.165
696.81	25.560
697.13	25.839
697.44	26.245
697.76	26.581
698.08	26.979
698.40	27.380
698.72	27.850
699.04	28.358
699.36	28.898
699.67	29.386
699.99	29.950
700.31	30.527
700.63	31.227
700.95	31.831
701.27	32.475
701.58	32.915
701.90	33.417
702.22	33.987
702.54	34.374
702.86	34.830
703.17	35.199
703.49	35.611
703.81	35.997
704.13	36.352
704.45	36.705
704.76	37.049
705.08	37.417
705.40	37.685
705.72	37.968
706.03	38.310
706.35	38.556
706.67	38.921
706.99	39.308
707.30	39.660
707.62	39.963
707.94	40.311
708.26	40.585
708.57	40.853
708.89	41.111
709.21	41.354
709.53	41.610
709.84	41.913
710.16	42.252
710.48	42.493
710.79	42.717
711.11	43.022
711.43	43.202
711.74	43.391
712.06	43.763
712.38	44.122
712.69	44.405
713.01	44.725
713.33	45.035
713.64	45.393
713.96	45.623
714.28	45.990
714.59	46.319
714.91	46.640
715.23	47.053
715.54	47.237
715.86	47.617
716.17	48.038
716.49	48.455
716.81	48.769
717.12	49.086
717.44	49.448
717.76	49.867
718.07	50.166
718.39	50.425
718.70	50.708
719.02	50.978
719.33	51.155
719.65	51.318
719.97	51.369
720.28	51.616
720.60	51.708
720.91	52.133
721.23	52.196
721.54	52.454
721.86	52.752
722.17	52.982
722.49	53.318
722.81	53.421
723.12	53.647
723.44	53.864
723.75	54.093
724.07	54.344
724.38	54.249
724.70	54.486
725.01	54.611
725.33	54.702
725.64	54.923
725.96	55.100
726.27	55.279
726.59	55.388
726.90	55.634
727.22	55.534
727.53	55.643
727.84	55.903
728.16	55.892
728.47	56.049
728.79	56.086
729.10	55.928
729.42	55.862
729.73	56.025
730.05	56.068
730.36	55.984
730.67	56.268
730.99	56.373
731.30	56.379
731.62	56.507
731.93	56.419
732.24	56.583
732.56	56.814
732.87	56.962
733.19	57.105
733.50	57.215
733.81	57.269
734.13	57.361
734.44	57.460
734.76	57.424
735.07	57.514
735.38	57.769
735.70	57.951
736.01	58.045
736.32	58.270
736.64	58.215
736.95	58.366
737.26	58.554
737.58	58.562
737.89	58.575
738.20	58.793
738.52	58.982
738.83	59.015
739.14	59.024
739.45	59.230
739.77	59.338
740.08	59.604
740.39	59.651
740.71	59.846
741.02	59.869
741.33	59.970
741.64	60.072
741.96	60.089
742.27	60.013
742.58	60.156
742.90	60.197
743.21	60.168
743.52	60.134
743.83	60.091
744.14	60.042
744.46	60.440
744.77	60.453
745.08	60.240
745.39	60.153
745.71	60.162
746.02	60.213
746.33	60.077
746.64	59.884
746.95	59.843
747.27	59.962
747.58	59.921
747.89	59.503
748.20	59.420
748.51	59.582
748.82	59.585
749.14	59.760
749.45	59.637
749.76	59.528
750.07	59.706
750.38	59.606
750.69	59.628
751.01	59.645
751.32	59.667
751.63	59.688
751.94	59.646
752.25	59.654
752.56	59.604
752.87	59.577
753.18	59.666
753.49	59.591
753.81	59.659
754.12	59.611
754.43	59.637
754.74	59.674
755.05	59.835
755.36	59.796
755.67	59.718
755.98	59.753
756.29	59.965
756.60	60.026
756.91	59.943
757.22	60.151
757.53	60.372
757.84	60.514
758.15	60.717
758.46	60.799
758.77	60.854
759.09	60.844
759.40	60.786
759.71	60.672
760.02	60.661
760.33	60.765
760.64	60.553
760.95	60.421
761.26	60.273
761.57	60.313
761.88	60.214
762.18	60.233
762.49	60.284
762.80	60.243
763.11	60.184
763.42	60.024
763.73	59.901
764.04	59.896
764.35	59.678
764.66	59.658
764.97	59.292
765.28	59.126
765.59	58.901
765.90	58.725
766.21	58.558
766.52	58.405
766.83	58.392
767.14	58.417
767.44	58.154
767.75	58.061
768.06	58.021
768.37	57.796
768.68	57.647
768.99	57.581
769.30	57.425
769.61	57.112
769.91	56.983
770.22	56.708
770.53	56.501
770.84	56.641
771.15	56.905
771.46	56.646
771.77	56.885
772.07	57.036
772.38	56.984
772.69	56.832
773.00	56.875
773.31	56.928
773.61	56.950
773.92	56.602
774.23	56.451
774.54	55.801
774.85	55.417
775.15	55.196
775.46	54.884
775.77	54.941
776.08	54.814
776.39	54.859
776.69	55.045
777.00	55.202
777.31	55.583
777.62	55.339
777.92	55.579
778.23	56.176
778.54	56.202
778.85	56.391
779.15	56.126
779.46	56.140
779.77	56.366
780.07	56.267
780.38	56.476
780.69	56.267
781.00	56.482
781.30	56.249
781.61	55.862
781.92	55.980
782.22	56.057
782.53	56.067
782.84	56.334
783.14	56.377
783.45	56.132
783.76	56.245
784.06	56.551
784.37	56.599
784.68	56.825
784.98	56.985
785.29	57.061
785.60	56.856
785.90	57.202
786.21	57.076
786.51	56.913
786.82	57.039
787.13	56.792
787.43	56.767
787.74	56.855
788.04	57.139
788.35	57.164
788.66	57.334
788.96	57.597
789.27	57.682
789.57	57.587
789.88	57.672
790.19	57.332
790.49	57.298
790.80	57.105
791.10	56.958
791.41	56.756
791.71	56.754
792.02	56.871
792.32	56.720
792.63	56.424
792.93	56.400
793.24	56.241
793.54	56.788
793.85	56.625
794.15	56.642
794.46	56.835
794.76	57.138
795.07	56.943
795.37	56.782
795.68	56.645
795.98	57.025
796.29	57.597
796.59	57.875
796.90	57.776
797.20	57.794
797.51	57.921
797.81	57.573
798.12	57.446
798.42	57.842
798.72	57.725
799.03	58.167
799.33	57.871
799.64	57.600
799.94	57.606
800.25	57.402
800.55	57.768
800.85	57.689
801.16	57.921
801.46	57.455
801.77	57.112
802.07	57.173
802.37	56.897
802.68	56.785
802.98	56.591
803.28	56.558
803.59	56.443
803.89	56.559
804.20	56.533
804.50	56.295
804.80	56.550
805.11	56.906
805.41	56.899
805.71	57.028
806.02	57.148
806.32	57.077
806.62	57.110
806.93	57.429
807.23	57.504
807.53	57.421
807.83	58.000
808.14	58.249
808.44	58.111
808.74	58.163
809.05	58.092
809.35	58.271
809.65	59.030
809.95	59.216
810.26	59.019
810.56	58.752
810.86	59.104
811.16	59.053
811.47	59.576
811.77	59.663
812.07	59.197
812.37	59.262
812.68	59.516
812.98	59.163
813.28	59.162
813.58	60.049
813.88	59.761
814.19	60.421
814.49	60.852
814.79	60.531
815.09	60.922
815.39	61.308
815.70	61.807
816.00	61.430
816.30	61.188
816.60	60.816
816.90	60.232
817.20	60.519
817.50	60.309
817.81	60.010
818.11	60.135
818.41	60.156
818.71	60.153
819.01	60.075
819.31	60.440
819.61	60.839
819.92	61.106
820.22	61.418
820.52	61.592
820.82	61.755
821.12	62.073
821.42	62.456
821.72	62.715
822.02	63.113
822.32	63.491
822.62	63.753
822.92	63.941
823.22	64.289
823.52	64.548
823.83	64.752
824.13	64.885
824.43	64.759
824.73	64.561
825.03	64.353
825.33	64.189
825.63	63.992
825.93	63.788
826.23	63.593
826.53	63.180
826.83	62.843
827.13	62.997
827.43	63.007
827.73	63.550
828.03	63.769
828.33	64.174
828.63	64.426
828.93	64.432
829.23	64.182
829.53	64.078
829.83	63.922
830.13	63.737
830.42	62.941
830.72	62.541
831.02	61.804
831.32	61.372
831.62	61.103
831.92	60.553
832.22	60.717
832.52	60.608
832.82	60.681
833.12	60.831
833.42	61.026
833.72	61.316
834.01	61.581
834.31	61.778
834.61	62.077
834.91	62.522
835.21	62.876
835.51	62.733
835.81	63.023
836.11	62.907
836.40	62.739
836.70	62.683
837.00	62.337
837.30	61.954
837.60	62.057
837.90	61.712
838.19	61.179
838.49	61.105
838.79	61.370
839.09	61.620
839.39	62.059
839.68	62.177
839.98	61.856
840.28	61.526
840.58	61.410
840.88	61.038
841.17	60.762
841.47	60.344
841.77	60.516
842.07	59.230
842.36	58.860
842.66	58.303
842.96	57.547
843.26	56.252
843.55	56.167
843.85	56.489
844.15	56.173
844.45	56.534
844.74	57.619
845.04	57.621
845.34	59.209
845.63	58.862
845.93	59.354
846.23	60.487
846.53	62.408
846.82	63.251
847.12	63.416
847.42	63.011
847.71	61.489
848.01	59.456
848.31	57.506
848.60	56.438
848.90	55.997
849.19	55.406
849.49	54.178
849.79	52.959
850.08	52.571
850.38	52.150
850.68	52.148
850.97	53.983
851.27	54.675
851.56	55.493
851.86	56.337
852.16	59.103
852.45	58.126
852.75	60.472
853.04	61.289
853.34	61.424
853.64	62.143
853.93	61.879
854.23	60.506
854.52	60.127
854.82	60.952
855.11	59.005
855.41	57.888
855.70	60.668
856.00	59.899
856.30	59.631
856.59	59.881
856.89	60.528
857.18	61.710
857.48	63.080
857.77	61.999
858.07	61.990
858.36	62.924
858.66	62.235
858.95	60.257
859.25	58.939
859.54	58.352
859.84	57.583
860.13	56.605
860.42	56.419
860.72	54.656
861.01	56.374
861.31	55.481
861.60	54.798
861.90	54.986
862.19	55.666
862.49	55.904
862.78	57.248
863.07	58.288
863.37	58.042
863.66	56.390
863.96	59.146
864.25	60.165
864.54	60.603
864.84	62.230
865.13	62.413
865.43	62.426
865.72	70.358
866.01	58.523
866.31	63.931
866.60	65.453
866.89	64.109
