180.30	0.000
180.67	0.000
181.03	64.381
181.40	186.276
181.77	-1432.034
182.14	86.159
182.51	-661.510
182.88	-232.102
183.25	46.723
183.62	-1.058
183.99	233.236
184.36	127.217
184.73	164.835
185.10	230.079
185.46	-766.754
185.83	-537.075
186.20	1047.356
186.57	25.562
186.94	-12.176
187.31	46.920
187.68	32.171
188.05	124.787
188.42	182.212
188.78	351.013
189.15	984.066
189.52	-279.841
189.89	-94.361
190.26	-57.131
190.63	-15.727
191.00	2.996
191.37	2.721
191.73	4.728
192.10	4.250
192.47	7.067
192.84	7.539
193.21	18.124
193.58	20.036
193.94	20.485
194.31	16.508
194.68	16.033
195.05	11.898
195.42	31.263
195.79	34.977
196.15	37.736
196.52	16.773
196.89	22.258
197.26	2.954
197.63	8.636
198.00	2.413
198.36	0.928
198.73	-20.241
199.10	-29.770
199.47	-53.883
199.84	-60.919
200.20	-83.168
200.57	-55.232
200.94	-67.084
201.31	-76.341
201.68	-81.907
202.04	-69.118
202.41	-72.517
202.78	-82.197
203.15	-87.588
203.51	-69.560
203.88	-66.817
204.25	-48.446
204.62	-78.932
204.98	-80.577
205.35	-74.817
205.72	-91.455
206.09	-96.532
206.46	-175.280
206.82	-134.847
207.19	-139.064
207.56	-226.090
207.92	-188.125
208.29	-188.465
208.66	-123.589
209.03	-115.010
209.39	-87.210
209.76	-83.483
210.13	-159.519
210.50	-104.803
210.86	-106.630
211.23	-116.889
211.60	-62.338
211.96	-61.440
212.33	-58.144
212.70	-70.926
213.07	-72.109
213.43	-121.438
213.80	-121.555
214.17	-60.733
214.53	-42.902
214.90	-39.087
215.27	-35.963
215.63	-48.458
216.00	-44.338
216.37	-34.361
216.74	-37.846
217.10	-22.222
217.47	-16.545
217.84	-2.526
218.20	-3.547
218.57	-2.793
218.94	-3.648
219.30	-3.533
219.67	-1.766
220.04	0.093
220.40	-7.541
220.77	-7.719
221.13	-11.396
221.50	-5.090
221.87	-10.872
222.23	-14.656
222.60	-23.970
222.97	-19.570
223.33	-18.259
223.70	-18.377
224.07	-19.493
224.43	-20.165
224.80	-18.545
225.16	-18.131
225.53	-15.233
225.90	-15.336
226.26	-13.115
226.63	-10.017
226.99	-8.616
227.36	-7.541
227.73	-5.289
228.09	-5.421
228.46	-3.604
228.82	-2.455
229.19	-1.799
229.56	-3.327
229.92	-1.541
230.29	-1.348
230.65	-2.241
231.02	-4.141
231.38	-4.902
231.75	-6.391
232.12	-6.397
232.48	-9.180
232.85	-9.909
233.21	-10.374
233.58	-11.995
233.94	-11.852
234.31	-10.903
234.68	-9.900
235.04	-8.346
235.41	-6.375
235.77	-4.037
236.14	-2.483
236.50	-0.238
236.87	0.086
237.23	0.437
237.60	-0.045
237.96	-0.010
238.33	-0.972
238.69	-1.418
239.06	-1.558
239.42	-2.087
239.79	-2.929
240.15	-2.678
240.52	-2.034
240.88	-1.455
241.25	-1.337
241.61	-0.667
241.98	-1.016
242.34	-0.818
242.71	-0.362
243.07	-0.068
243.44	-0.277
243.80	-0.489
244.17	-0.629
244.53	-0.966
244.90	-1.082
245.26	-1.002
245.63	-0.908
245.99	-1.031
246.36	-1.326
246.72	-1.257
247.09	-1.677
247.45	-1.315
247.81	-0.655
248.18	-0.825
248.54	-0.826
248.91	-1.234
249.27	-0.973
249.64	-0.759
250.00	-0.439
250.36	-0.335
250.73	-0.791
251.09	-0.652
251.46	-0.918
251.82	-1.592
252.19	-1.688
252.55	-1.558
252.91	-0.927
253.28	-1.343
253.64	-2.073
254.01	-2.066
254.37	-1.392
254.73	-0.624
255.10	-0.248
255.46	0.035
255.83	0.021
256.19	0.028
256.55	-0.025
256.92	-0.054
257.28	-0.256
257.65	-0.013
258.01	0.190
258.37	0.059
258.74	-0.206
259.10	-0.430
259.46	-0.638
259.83	-0.472
260.19	-0.368
260.55	-0.424
260.92	-0.566
261.28	-0.558
261.64	-0.589
262.01	-0.644
262.37	-0.699
262.73	-0.825
263.10	-0.480
263.46	-0.488
263.82	-0.675
264.19	-0.815
264.55	-1.033
264.91	-1.034
265.28	-1.036
265.64	-1.141
266.00	-1.346
266.37	-1.283
266.73	-1.188
267.09	-1.381
267.46	-1.422
267.82	-1.693
268.18	-1.655
268.54	-1.255
268.91	-1.265
269.27	-1.133
269.63	-0.907
270.00	-0.753
270.36	-0.797
270.72	-0.700
271.08	-0.619
271.45	-0.519
271.81	-0.432
272.17	-0.556
272.53	-0.730
272.90	-0.695
273.26	-0.556
273.62	-0.877
273.98	-1.212
274.35	-1.263
274.71	-1.232
275.07	-1.209
275.43	-1.250
275.80	-1.218
276.16	-1.082
276.52	-1.016
276.88	-0.943
277.25	-1.337
277.61	-1.304
277.97	-1.139
278.33	-0.958
278.69	-1.061
279.06	-1.050
279.42	-0.907
279.78	-0.759
280.14	-0.931
280.50	-0.848
280.87	-0.806
281.23	-0.595
281.59	-0.492
281.95	-0.465
282.31	-0.419
282.68	-0.612
283.04	-0.655
283.40	-0.576
283.76	-0.466
284.12	-0.148
284.48	-0.192
284.85	-0.262
285.21	-0.174
285.57	-0.138
285.93	-0.084
286.29	-0.305
286.65	-0.035
287.02	0.253
287.38	0.125
287.74	0.045
288.10	-0.062
288.46	-0.120
288.82	-0.099
289.18	-0.186
289.54	-0.219
289.91	-0.172
290.27	0.091
290.63	0.161
290.99	0.017
291.35	0.059
291.71	0.083
292.07	0.002
292.43	0.044
292.79	0.120
293.16	0.060
293.52	0.191
293.88	0.257
294.24	0.261
294.60	0.242
294.96	0.132
295.32	0.096
295.68	0.112
296.04	0.144
296.40	0.139
296.76	0.201
297.12	0.192
297.49	0.051
297.85	-0.111
298.21	-0.184
298.57	-0.347
298.93	-0.206
299.29	-0.316
299.65	-0.346
300.01	-0.337
300.37	-0.285
300.73	-0.337
301.09	-0.178
301.45	-0.030
301.81	0.054
302.17	0.143
302.53	0.053
302.89	-0.160
303.25	0.107
303.61	0.141
303.97	0.045
304.33	0.079
304.69	0.197
305.05	0.077
305.41	-0.083
305.77	-0.087
306.13	-0.131
306.49	-0.069
306.85	0.067
307.21	0.061
307.57	0.063
307.93	0.170
308.29	0.212
308.65	0.108
309.01	0.052
309.37	0.140
309.73	0.176
310.09	0.347
310.45	0.379
310.81	0.334
311.17	0.237
311.53	0.266
311.89	0.262
312.25	0.251
312.61	0.227
312.96	0.402
313.32	0.511
313.68	0.462
314.04	0.296
314.40	0.313
314.76	0.271
315.12	0.313
315.48	0.219
315.84	0.086
316.20	-0.072
316.56	-0.146
316.92	-0.297
317.27	-0.434
317.63	-0.454
317.99	-0.590
318.35	-0.583
318.71	-0.508
319.07	-0.520
319.43	-0.476
319.79	-0.339
320.15	-0.284
320.50	-0.170
320.86	-0.159
321.22	-0.154
321.58	-0.086
321.94	-0.053
322.30	-0.038
322.66	-0.029
323.01	-0.054
323.37	-0.088
323.73	-0.134
324.09	-0.168
324.45	-0.143
324.81	-0.192
325.17	-0.147
325.52	-0.207
325.88	-0.168
326.24	-0.091
326.60	-0.121
326.96	-0.134
327.31	-0.170
327.67	-0.231
328.03	-0.234
328.39	-0.338
328.75	-0.213
329.11	-0.166
329.46	-0.148
329.82	-0.133
330.18	-0.246
330.54	-0.284
330.90	-0.336
331.25	-0.382
331.61	-0.214
331.97	-0.118
332.33	0.026
332.68	0.024
333.04	-0.073
333.40	-0.187
333.76	-0.246
334.11	-0.212
334.47	-0.166
334.83	-0.152
335.19	-0.140
335.54	-0.277
335.90	-0.316
336.26	-0.433
336.62	-0.512
336.97	-0.545
337.33	-0.472
337.69	-0.462
338.05	-0.467
338.40	-0.494
338.76	-0.443
339.12	-0.339
339.48	-0.321
339.83	-0.364
340.19	-0.371
340.55	-0.267
340.90	-0.279
341.26	-0.324
341.62	-0.303
341.97	-0.364
342.33	-0.314
342.69	-0.317
343.04	-0.329
343.40	-0.374
343.76	-0.386
344.12	-0.275
344.47	-0.235
344.83	-0.197
345.19	-0.124
345.54	-0.172
345.90	-0.131
346.26	-0.159
346.61	-0.153
346.97	-0.192
347.32	-0.144
347.68	-0.137
348.04	-0.241
348.39	-0.351
348.75	-0.310
349.11	-0.343
349.46	-0.307
349.82	-0.325
350.18	-0.334
350.53	-0.312
350.89	-0.316
351.24	-0.319
351.60	-0.265
351.96	-0.232
352.31	-0.215
352.67	-0.253
353.02	-0.270
353.38	-0.224
353.74	-0.162
354.09	-0.175
354.45	-0.168
354.80	-0.148
355.16	-0.109
355.52	-0.148
355.87	-0.211
356.23	-0.213
356.58	-0.215
356.94	-0.185
357.29	-0.196
357.65	-0.215
358.00	-0.202
358.36	-0.232
358.72	-0.235
359.07	-0.260
359.43	-0.241
359.78	-0.191
360.14	-0.151
360.49	-0.156
360.85	-0.140
361.20	-0.174
361.56	-0.195
361.91	-0.182
362.27	-0.178
362.62	-0.191
362.98	-0.154
363.33	-0.155
363.69	-0.151
364.04	-0.169
364.40	-0.153
364.75	-0.178
365.11	-0.174
365.46	-0.200
365.82	-0.205
366.17	-0.201
366.53	-0.182
366.88	-0.194
367.24	-0.173
367.59	-0.195
367.95	-0.194
368.30	-0.206
368.66	-0.165
369.01	-0.160
369.37	-0.090
369.72	-0.047
370.08	-0.034
370.43	-0.046
370.78	-0.070
371.14	-0.116
371.49	-0.062
371.85	-0.070
372.20	-0.057
372.56	-0.085
372.91	-0.064
373.26	-0.077
373.62	-0.109
373.97	-0.079
374.33	-0.079
374.68	-0.081
375.03	-0.021
375.39	-0.061
375.74	-0.039
376.10	-0.019
376.45	0.003
376.80	-0.018
377.16	-0.063
377.51	-0.081
377.87	-0.094
378.22	-0.139
378.57	-0.145
378.93	-0.142
379.28	-0.097
379.63	-0.118
379.99	-0.092
380.34	-0.100
380.70	-0.082
381.05	0.005
381.40	0.017
381.76	0.041
382.11	0.086
382.46	0.132
382.82	0.132
383.17	0.099
383.52	0.131
383.88	0.091
384.23	0.088
384.58	0.075
384.94	0.018
385.29	0.030
385.64	0.037
385.99	0.058
386.35	0.060
386.70	0.033
387.05	-0.005
387.41	-0.028
387.76	-0.033
388.11	-0.035
388.47	-0.050
388.82	-0.039
389.17	-0.052
389.52	-0.083
389.88	-0.081
390.23	-0.111
390.58	-0.091
390.93	-0.047
391.29	-0.055
391.64	-0.023
391.99	0.016
392.34	0.071
392.70	0.074
393.05	0.069
393.40	0.082
393.75	0.090
394.11	0.113
394.46	0.082
394.81	0.091
395.16	0.094
395.52	0.067
395.87	0.014
396.22	-0.011
396.57	-0.016
396.92	-0.029
397.28	-0.051
397.63	-0.081
397.98	-0.104
398.33	-0.086
398.68	-0.133
399.04	-0.154
399.39	-0.149
399.74	-0.161
400.09	-0.201
400.44	-0.210
400.80	-0.199
401.15	-0.218
401.50	-0.223
401.85	-0.209
402.20	-0.219
402.55	-0.183
402.90	-0.189
403.26	-0.211
403.61	-0.229
403.96	-0.224
404.31	-0.233
404.66	-0.240
405.01	-0.253
405.36	-0.239
405.72	-0.258
406.07	-0.256
406.42	-0.299
406.77	-0.295
407.12	-0.289
407.47	-0.255
407.82	-0.236
408.17	-0.232
408.53	-0.240
408.88	-0.246
409.23	-0.279
409.58	-0.306
409.93	-0.331
410.28	-0.312
410.63	-0.318
410.98	-0.320
411.33	-0.326
411.68	-0.318
412.03	-0.315
412.38	-0.326
412.73	-0.282
413.09	-0.244
413.44	-0.204
413.79	-0.167
414.14	-0.149
414.49	-0.110
414.84	-0.064
415.19	-0.030
415.54	-0.007
415.89	0.007
416.24	0.072
416.59	0.094
416.94	0.115
417.29	0.143
417.64	0.146
417.99	0.167
418.34	0.188
418.69	0.186
419.04	0.196
419.39	0.206
419.74	0.219
420.09	0.217
420.44	0.211
420.79	0.210
421.14	0.210
421.49	0.230
421.84	0.223
422.19	0.230
422.54	0.224
422.89	0.208
423.24	0.202
423.59	0.191
423.94	0.179
424.29	0.179
424.64	0.178
424.99	0.157
425.34	0.123
425.68	0.107
426.03	0.056
426.38	0.060
426.73	0.065
427.08	0.054
427.43	0.070
427.78	0.066
428.13	0.046
428.48	0.040
428.83	0.052
429.18	0.066
429.53	0.081
429.87	0.089
430.22	0.071
430.57	0.087
430.92	0.083
431.27	0.084
431.62	0.068
431.97	0.077
432.32	0.072
432.67	0.067
433.01	0.040
433.36	0.022
433.71	0.008
434.06	-0.014
434.41	-0.044
434.76	-0.036
435.11	-0.043
435.45	-0.031
435.80	-0.031
436.15	-0.023
436.50	-0.005
436.85	0.033
437.20	0.042
437.54	0.047
437.89	0.074
438.24	0.075
438.59	0.064
438.94	0.059
439.29	0.038
439.63	0.046
439.98	0.037
440.33	0.019
440.68	0.009
441.03	0.018
441.37	0.030
441.72	0.031
442.07	0.044
442.42	0.056
442.76	0.070
443.11	0.087
443.46	0.086
443.81	0.088
444.16	0.090
444.50	0.090
444.85	0.079
445.20	0.070
445.55	0.070
445.89	0.067
446.24	0.043
446.59	0.010
446.94	-0.008
447.28	-0.034
447.63	-0.053
447.98	-0.067
448.32	-0.092
448.67	-0.109
449.02	-0.138
449.37	-0.175
449.71	-0.183
450.06	-0.174
450.41	-0.161
450.75	-0.154
451.10	-0.147
451.45	-0.161
451.79	-0.182
452.14	-0.197
452.49	-0.216
452.84	-0.215
453.18	-0.224
453.53	-0.247
453.88	-0.265
454.22	-0.263
454.57	-0.260
454.92	-0.250
455.26	-0.227
455.61	-0.184
455.95	-0.144
456.30	-0.114
456.65	-0.079
456.99	-0.047
457.34	-0.022
457.69	-0.006
458.03	-0.005
458.38	0.003
458.73	0.004
459.07	-0.004
459.42	-0.033
459.76	-0.062
460.11	-0.090
460.46	-0.119
460.80	-0.164
461.15	-0.205
461.49	-0.247
461.84	-0.266
462.19	-0.291
462.53	-0.317
462.88	-0.325
463.22	-0.335
463.57	-0.339
463.91	-0.334
464.26	-0.326
464.61	-0.319
464.95	-0.313
465.30	-0.302
465.64	-0.297
465.99	-0.291
466.33	-0.293
466.68	-0.298
467.02	-0.296
467.37	-0.306
467.71	-0.320
468.06	-0.338
468.41	-0.344
468.75	-0.344
469.10	-0.338
469.44	-0.360
469.79	-0.383
470.13	-0.413
470.48	-0.426
470.82	-0.427
471.17	-0.422
471.51	-0.440
471.86	-0.452
472.20	-0.463
472.55	-0.472
472.89	-0.494
473.23	-0.513
473.58	-0.520
473.92	-0.510
474.27	-0.518
474.61	-0.534
474.96	-0.531
475.30	-0.519
475.65	-0.530
475.99	-0.533
476.34	-0.533
476.68	-0.538
477.02	-0.521
477.37	-0.508
477.71	-0.485
478.06	-0.450
478.40	-0.382
478.75	-0.322
479.09	-0.233
479.43	-0.152
479.78	-0.082
480.12	-0.020
480.47	0.046
480.81	0.093
481.15	0.136
481.50	0.178
481.84	0.217
482.19	0.245
482.53	0.267
482.87	0.281
483.22	0.285
483.56	0.281
483.90	0.261
484.25	0.239
484.59	0.227
484.94	0.208
485.28	0.182
485.62	0.152
485.97	0.120
486.31	0.095
486.65	0.067
487.00	0.049
487.34	0.033
487.68	0.020
488.03	0.005
488.37	-0.018
488.71	-0.034
489.06	-0.047
489.40	-0.048
489.74	-0.065
490.09	-0.078
490.43	-0.108
490.77	-0.140
491.11	-0.178
491.46	-0.207
491.80	-0.242
492.14	-0.285
492.49	-0.314
492.83	-0.360
493.17	-0.411
493.51	-0.452
493.86	-0.496
494.20	-0.525
494.54	-0.553
494.88	-0.543
495.23	-0.541
495.57	-0.531
495.91	-0.514
496.25	-0.507
496.60	-0.494
496.94	-0.501
497.28	-0.497
497.62	-0.502
497.97	-0.511
498.31	-0.506
498.65	-0.515
498.99	-0.535
499.33	-0.542
499.68	-0.547
500.02	-0.553
500.36	-0.568
500.70	-0.565
501.04	-0.580
501.39	-0.587
501.73	-0.567
502.07	-0.564
502.41	-0.553
502.75	-0.528
503.09	-0.520
503.44	-0.505
503.78	-0.504
504.12	-0.480
504.46	-0.453
504.80	-0.409
505.14	-0.368
505.49	-0.342
505.83	-0.307
506.17	-0.273
506.51	-0.242
506.85	-0.206
507.19	-0.182
507.53	-0.155
507.87	-0.113
508.22	-0.101
508.56	-0.086
508.90	-0.076
509.24	-0.053
509.58	-0.042
509.92	-0.028
510.26	-0.017
510.60	-0.000
510.94	0.021
511.28	0.043
511.63	0.055
511.97	0.103
512.31	0.147
512.65	0.187
512.99	0.243
513.33	0.334
513.67	0.403
514.01	0.508
514.35	0.590
514.69	0.688
515.03	0.782
515.37	0.881
515.71	0.967
516.05	1.054
516.39	1.126
516.73	1.189
517.07	1.241
517.41	1.290
517.75	1.322
518.09	1.364
518.43	1.399
518.77	1.430
519.11	1.464
519.45	1.485
519.79	1.515
520.13	1.573
520.47	1.637
520.81	1.694
521.15	1.775
521.49	1.863
521.83	1.955
522.17	2.040
522.51	2.169
522.85	2.289
523.19	2.439
523.53	2.605
523.87	2.769
524.21	2.932
524.55	3.088
524.89	3.226
525.23	3.359
525.57	3.474
525.91	3.583
526.25	3.663
526.58	3.747
526.92	3.819
527.26	3.881
527.60	3.928
527.94	3.962
528.28	3.982
528.62	4.003
528.96	4.017
529.30	4.029
529.64	4.038
529.97	4.055
530.31	4.061
530.65	4.083
530.99	4.095
531.33	4.114
531.67	4.135
532.01	4.174
532.35	4.195
532.68	4.217
533.02	4.237
533.36	4.257
533.70	4.275
534.04	4.292
534.38	4.294
534.71	4.293
535.05	4.296
535.39	4.297
535.73	4.295
536.07	4.309
536.41	4.324
536.74	4.356
537.08	4.389
537.42	4.440
537.76	4.485
538.10	4.536
538.43	4.592
538.77	4.634
539.11	4.690
539.45	4.739
539.79	4.790
540.12	4.826
540.46	4.854
540.80	4.873
541.14	4.870
541.47	4.859
541.81	4.849
542.15	4.835
542.49	4.821
542.82	4.785
543.16	4.761
543.50	4.721
543.84	4.683
544.17	4.660
544.51	4.647
544.85	4.630
545.18	4.636
545.52	4.625
545.86	4.603
546.20	4.597
546.53	4.607
546.87	4.575
547.21	4.559
547.54	4.543
547.88	4.515
548.22	4.476
548.55	4.458
548.89	4.435
549.23	4.412
549.56	4.401
549.90	4.419
550.24	4.396
550.57	4.401
550.91	4.385
551.25	4.385
551.58	4.372
551.92	4.360
552.26	4.353
552.59	4.351
552.93	4.332
553.27	4.322
553.60	4.270
553.94	4.235
554.27	4.212
554.61	4.199
554.95	4.176
555.28	4.144
555.62	4.121
555.95	4.096
556.29	4.053
556.63	4.040
556.96	4.010
557.30	3.990
557.63	3.959
557.97	3.906
558.31	3.853
558.64	3.803
558.98	3.780
559.31	3.762
559.65	3.716
559.98	3.673
560.32	3.627
560.65	3.583
560.99	3.537
561.33	3.511
561.66	3.495
562.00	3.468
562.33	3.427
562.67	3.390
563.00	3.349
563.34	3.322
563.67	3.285
564.01	3.252
564.34	3.219
564.68	3.194
565.01	3.150
565.35	3.090
565.68	3.056
566.02	3.021
566.35	2.965
566.69	2.894
567.02	2.860
567.36	2.811
567.69	2.770
568.03	2.732
568.36	2.668
568.69	2.617
569.03	2.572
569.36	2.518
569.70	2.467
570.03	2.442
570.37	2.417
570.70	2.367
571.04	2.338
571.37	2.279
571.70	2.235
572.04	2.200
572.37	2.164
572.71	2.121
573.04	2.084
573.37	2.034
573.71	1.994
574.04	1.946
574.38	1.875
574.71	1.832
575.04	1.776
575.38	1.711
575.71	1.641
576.05	1.588
576.38	1.548
576.71	1.482
577.05	1.434
577.38	1.365
577.71	1.290
578.05	1.249
578.38	1.177
578.71	1.145
579.05	1.105
579.38	1.063
579.71	1.030
580.05	0.977
580.38	0.931
580.71	0.893
581.05	0.856
581.38	0.824
581.71	0.782
582.05	0.760
582.38	0.755
582.71	0.737
583.04	0.728
583.38	0.676
583.71	0.670
584.04	0.676
584.38	0.670
584.71	0.660
585.04	0.683
585.37	0.701
585.71	0.714
586.04	0.699
586.37	0.704
586.70	0.719
587.04	0.746
587.37	0.751
587.70	0.749
588.03	0.759
588.37	0.764
588.70	0.757
589.03	0.739
589.36	0.722
589.69	0.687
590.03	0.653
590.36	0.624
590.69	0.589
591.02	0.552
591.35	0.533
591.69	0.514
592.02	0.501
592.35	0.491
592.68	0.498
593.01	0.472
593.35	0.485
593.68	0.492
594.01	0.498
594.34	0.482
594.67	0.484
595.00	0.484
595.34	0.461
595.67	0.424
596.00	0.383
596.33	0.323
596.66	0.293
596.99	0.242
597.32	0.178
597.65	0.104
597.99	0.047
598.32	-0.019
598.65	-0.087
598.98	-0.136
599.31	-0.143
599.64	-0.137
599.97	-0.128
600.30	-0.121
600.63	-0.111
600.96	-0.083
601.30	-0.048
601.63	0.007
601.96	0.030
602.29	0.052
602.62	0.055
602.95	0.048
603.28	0.033
603.61	-0.011
603.94	-0.056
604.27	-0.063
604.60	-0.109
604.93	-0.142
605.26	-0.198
605.59	-0.223
605.92	-0.250
606.25	-0.268
606.58	-0.289
606.91	-0.337
607.24	-0.338
607.57	-0.341
607.90	-0.395
608.23	-0.426
608.56	-0.461
608.89	-0.488
609.22	-0.533
609.55	-0.594
609.88	-0.665
610.21	-0.725
610.54	-0.788
610.87	-0.842
611.20	-0.905
611.53	-0.950
611.86	-0.969
612.19	-1.053
612.52	-1.102
612.85	-1.101
613.18	-1.127
613.51	-1.166
613.84	-1.196
614.17	-1.201
614.49	-1.200
614.82	-1.227
615.15	-1.233
615.48	-1.243
615.81	-1.250
616.14	-1.279
616.47	-1.349
616.80	-1.374
617.13	-1.371
617.46	-1.411
617.78	-1.423
618.11	-1.470
618.44	-1.497
618.77	-1.544
619.10	-1.590
619.43	-1.580
619.76	-1.604
620.09	-1.584
620.41	-1.610
620.74	-1.601
621.07	-1.577
621.40	-1.562
621.73	-1.532
622.06	-1.515
622.38	-1.498
622.71	-1.464
623.04	-1.454
623.37	-1.390
623.70	-1.375
624.02	-1.307
624.35	-1.262
624.68	-1.254
625.01	-1.241
625.34	-1.213
625.66	-1.176
625.99	-1.135
626.32	-1.121
626.65	-1.107
626.98	-1.158
627.30	-1.176
627.63	-1.223
627.96	-1.285
628.29	-1.325
628.61	-1.350
628.94	-1.408
629.27	-1.462
629.60	-1.546
629.92	-1.574
630.25	-1.626
630.58	-1.628
630.91	-1.642
631.23	-1.667
631.56	-1.668
631.89	-1.683
632.21	-1.714
632.54	-1.732
632.87	-1.753
633.19	-1.769
633.52	-1.820
633.85	-1.830
634.18	-1.863
634.50	-1.911
634.83	-1.929
635.16	-1.990
635.48	-2.037
635.81	-2.077
636.14	-2.142
636.46	-2.198
636.79	-2.226
637.11	-2.265
637.44	-2.348
637.77	-2.400
638.09	-2.441
638.42	-2.485
638.75	-2.500
639.07	-2.505
639.40	-2.536
639.73	-2.546
640.05	-2.553
640.38	-2.543
640.70	-2.577
641.03	-2.565
641.36	-2.575
641.68	-2.565
642.01	-2.581
642.33	-2.568
642.66	-2.563
642.98	-2.573
643.31	-2.571
643.64	-2.557
643.96	-2.554
644.29	-2.520
644.61	-2.487
644.94	-2.452
645.26	-2.419
645.59	-2.381
645.91	-2.351
646.24	-2.322
646.56	-2.292
646.89	-2.256
647.22	-2.243
647.54	-2.242
647.87	-2.228
648.19	-2.247
648.52	-2.247
648.84	-2.272
649.17	-2.298
649.49	-2.313
649.82	-2.331
650.14	-2.314
650.47	-2.327
650.79	-2.303
651.11	-2.301
651.44	-2.293
651.76	-2.290
652.09	-2.264
652.41	-2.253
652.74	-2.198
653.06	-2.188
653.39	-2.128
653.71	-2.112
654.04	-2.102
654.36	-2.064
654.68	-2.001
655.01	-1.987
655.33	-1.929
655.66	-1.890
655.98	-1.844
656.30	-1.850
656.63	-1.803
656.95	-1.781
657.28	-1.767
657.60	-1.746
657.92	-1.781
658.25	-1.815
658.57	-1.807
658.90	-1.823
659.22	-1.876
659.54	-1.906
659.87	-1.939
660.19	-2.005
660.51	-2.078
660.84	-2.100
661.16	-2.133
661.48	-2.131
661.81	-2.146
662.13	-2.174
662.45	-2.196
662.78	-2.134
663.10	-2.084
663.42	-2.038
663.75	-1.982
664.07	-1.926
664.39	-1.949
664.72	-1.908
665.04	-1.837
665.36	-1.747
665.69	-1.683
666.01	-1.618
666.33	-1.596
666.65	-1.572
666.98	-1.476
667.30	-1.389
667.62	-1.349
667.94	-1.198
668.27	-1.077
668.59	-1.008
668.91	-0.904
669.23	-0.794
669.56	-0.693
669.88	-0.571
670.20	-0.471
670.52	-0.384
670.85	-0.312
671.17	-0.167
671.49	-0.093
671.81	-0.002
672.13	0.097
672.46	0.197
672.78	0.295
673.10	0.433
673.42	0.532
673.74	0.664
674.07	0.779
674.39	0.945
674.71	1.052
675.03	1.234
675.35	1.361
675.67	1.494
676.00	1.581
676.32	1.718
676.64	1.816
676.96	1.961
677.28	2.089
677.60	2.228
677.92	2.284
678.25	2.401
678.57	2.475
678.89	2.577
679.21	2.682
679.53	2.784
679.85	2.885
680.17	3.020
680.49	3.110
680.81	3.194
681.13	3.232
681.46	3.336
681.78	3.417
682.10	3.513
682.42	3.572
682.74	3.658
683.06	3.722
683.38	3.838
683.70	3.903
684.02	3.953
684.34	4.087
684.66	4.218
684.98	4.381
685.30	4.476
685.62	4.531
685.94	4.625
686.26	4.626
686.58	4.698
686.90	4.679
687.22	4.694
687.54	4.722
687.86	4.612
688.18	4.480
688.50	4.366
688.82	4.288
689.14	4.229
689.46	4.192
689.78	4.234
690.10	4.176
690.42	4.167
690.74	4.132
691.06	4.114
691.38	4.160
691.70	4.275
692.02	4.269
692.34	4.317
692.66	4.365
692.98	4.370
693.30	4.403
693.62	4.475
693.94	4.513
694.26	4.542
694.57	4.589
694.89	4.698
695.21	4.792
695.53	4.921
695.85	4.993
696.17	5.109
696.49	5.265
696.81	5.433
697.13	5.544
697.44	5.707
697.76	5.944
698.08	6.196
698.40	6.393
698.72	6.646
699.04	6.885
699.36	7.230
699.67	7.519
699.99	7.793
700.31	8.008
700.63	8.406
700.95	8.760
701.27	9.061
701.58	9.268
701.90	9.536
702.22	9.804
702.54	10.059
702.86	10.301
703.17	10.519
703.49	10.842
703.81	11.164
704.13	11.366
704.45	11.608
704.76	11.889
705.08	12.191
705.40	12.421
705.72	12.693
706.03	13.064
706.35	13.324
706.67	13.627
706.99	13.874
707.30	14.113
707.62	14.443
707.94	14.714
708.26	14.871
708.57	15.117
708.89	15.439
709.21	15.668
709.53	15.872
709.84	16.189
710.16	16.548
710.48	16.815
710.79	17.232
711.11	17.501
711.43	17.830
711.74	18.206
712.06	18.557
712.38	18.965
712.69	19.335
713.01	19.705
713.33	20.019
713.64	20.402
713.96	20.829
714.28	21.217
714.59	21.690
714.91	22.101
715.23	22.555
715.54	23.113
715.86	23.528
716.17	23.947
716.49	24.330
716.81	24.823
717.12	25.237
717.44	25.668
717.76	26.157
718.07	26.467
718.39	26.854
718.70	27.210
719.02	27.436
719.33	27.728
719.65	28.122
719.97	28.562
720.28	28.945
720.60	29.341
720.91	29.630
721.23	29.925
721.54	30.428
721.86	30.788
722.17	31.138
722.49	31.583
722.81	31.912
723.12	32.287
723.44	32.600
723.75	32.838
724.07	33.090
724.38	33.485
724.70	33.753
725.01	33.979
725.33	34.324
725.64	34.739
725.96	35.042
726.27	35.326
726.59	35.628
726.90	35.954
727.22	36.275
727.53	36.608
727.84	36.957
728.16	37.227
728.47	37.451
728.79	37.673
729.10	37.814
729.42	37.993
729.73	38.232
730.05	38.452
730.36	38.687
730.67	38.857
730.99	39.052
731.30	39.198
731.62	39.443
731.93	39.835
732.24	40.123
732.56	40.508
732.87	40.937
733.19	41.293
733.50	41.566
733.81	41.850
734.13	42.270
734.44	42.628
734.76	42.884
735.07	43.178
735.38	43.429
735.70	43.863
736.01	43.993
736.32	44.173
736.64	44.513
736.95	44.790
737.26	45.072
737.58	45.182
737.89	45.326
738.20	45.600
738.52	45.727
738.83	45.879
739.14	45.951
739.45	46.287
739.77	46.411
740.08	46.609
740.39	46.804
740.71	47.034
741.02	47.239
741.33	47.366
741.64	47.465
741.96	47.693
742.27	47.896
742.58	48.136
742.90	48.201
743.21	48.399
743.52	48.505
743.83	48.543
744.14	48.660
744.46	48.920
744.77	49.173
745.08	49.317
745.39	49.473
745.71	49.471
746.02	49.385
746.33	49.487
746.64	49.513
746.95	49.446
747.27	49.602
747.58	49.624
747.89	49.606
748.20	49.541
748.51	49.650
748.82	49.513
749.14	49.521
749.45	49.563
749.76	49.645
750.07	49.768
750.38	49.826
750.69	49.966
751.01	49.901
751.32	49.936
751.63	49.965
751.94	49.736
752.25	49.860
752.56	50.007
752.87	50.076
753.18	50.048
753.49	50.049
753.81	50.132
754.12	49.917
754.43	50.190
754.74	50.195
755.05	50.279
755.36	50.508
755.67	50.534
755.98	50.532
756.29	50.559
756.60	50.576
756.91	50.641
757.22	50.737
757.53	51.082
757.84	51.053
758.15	51.325
758.46	51.499
758.77	51.575
759.09	51.609
759.40	51.503
759.71	51.497
760.02	51.542
760.33	51.405
760.64	51.295
760.95	51.298
761.26	51.257
761.57	50.972
761.88	50.813
762.18	50.822
762.49	50.801
762.80	50.894
763.11	50.855
763.42	50.742
763.73	50.695
764.04	50.679
764.35	50.420
764.66	50.201
764.97	50.266
765.28	50.189
765.59	49.914
765.90	49.763
766.21	49.401
766.52	49.302
766.83	49.200
767.14	49.206
767.44	49.074
767.75	48.973
768.06	49.088
768.37	48.655
768.68	48.623
768.99	48.739
769.30	48.582
769.61	48.478
769.91	48.254
770.22	47.968
770.53	47.780
770.84	47.684
771.15	47.813
771.46	47.438
771.77	47.575
772.07	47.432
772.38	47.188
772.69	47.097
773.00	47.372
773.31	47.447
773.61	47.406
773.92	47.388
774.23	47.448
774.54	47.112
774.85	47.132
775.15	47.218
775.46	47.099
775.77	47.119
776.08	47.062
776.39	46.647
776.69	46.686
777.00	46.806
777.31	46.913
777.62	46.780
777.92	46.619
778.23	46.606
778.54	46.507
778.85	46.507
779.15	46.360
779.46	46.620
779.77	46.690
780.07	46.403
780.38	46.372
780.69	46.043
781.00	46.174
781.30	46.449
781.61	46.215
781.92	46.068
782.22	46.257
782.53	46.015
782.84	45.811
783.14	46.125
783.45	46.032
783.76	46.283
784.06	46.698
784.37	46.351
784.68	46.095
784.98	46.254
785.29	46.335
785.60	46.182
785.90	46.526
786.21	46.445
786.51	46.357
786.82	46.702
787.13	46.722
787.43	46.512
787.74	46.710
788.04	47.136
788.35	47.567
788.66	47.611
788.96	47.773
789.27	47.797
789.57	47.642
789.88	47.842
790.19	47.697
790.49	47.334
790.80	47.395
791.10	47.404
791.41	47.174
791.71	46.991
792.02	47.055
792.32	46.866
792.63	46.623
792.93	46.794
793.24	46.536
793.54	46.564
793.85	46.718
794.15	46.546
794.46	46.577
794.76	46.549
795.07	46.526
795.37	46.602
795.68	46.850
795.98	47.368
796.29	47.826
796.59	47.658
796.90	47.762
797.20	47.781
797.51	47.981
797.81	47.855
798.12	47.851
798.42	47.719
798.72	47.799
799.03	47.483
799.33	46.975
799.64	46.621
799.94	47.055
800.25	46.777
800.55	47.087
800.85	47.200
801.16	47.424
801.46	47.113
801.77	47.158
802.07	46.945
802.37	46.946
802.68	46.863
802.98	47.049
803.28	47.029
803.59	47.171
803.89	46.920
804.20	46.874
804.50	46.841
804.80	47.209
805.11	46.976
805.41	46.944
805.71	47.125
806.02	47.490
806.32	47.363
806.62	47.275
806.93	47.500
807.23	47.531
807.53	47.727
807.83	47.833
808.14	47.942
808.44	48.222
808.74	48.050
809.05	47.880
809.35	47.878
809.65	48.138
809.95	48.412
810.26	48.139
810.56	48.149
810.86	47.895
811.16	48.098
811.47	48.454
811.77	48.893
812.07	49.040
812.37	49.294
812.68	49.705
812.98	49.623
813.28	49.493
813.58	49.986
813.88	50.049
814.19	50.169
814.49	50.379
814.79	50.210
815.09	50.248
815.39	50.691
815.70	50.627
816.00	50.455
816.30	50.319
816.60	50.262
816.90	49.861
817.20	50.051
817.50	50.066
817.81	49.646
818.11	49.500
818.41	49.493
818.71	49.564
819.01	49.999
819.31	50.163
819.61	50.443
819.92	50.673
820.22	51.060
820.52	51.301
820.82	51.646
821.12	52.067
821.42	52.438
821.72	52.697
822.02	53.054
822.32	53.361
822.62	53.774
822.92	53.943
823.22	54.250
823.52	54.462
823.83	54.660
824.13	54.673
824.43	54.547
824.73	54.583
825.03	54.499
825.33	54.431
825.63	54.142
825.93	53.772
826.23	53.757
826.53	53.594
826.83	53.463
827.13	53.447
827.43	53.633
827.73	53.860
828.03	53.830
828.33	54.241
828.63	54.380
828.93	54.438
829.23	54.502
829.53	54.293
829.83	53.841
830.13	53.398
830.42	53.160
830.72	52.561
831.02	52.130
831.32	51.862
831.62	51.576
831.92	51.376
832.22	51.450
832.52	51.388
832.82	51.734
833.12	51.888
833.42	51.963
833.72	52.024
834.01	52.365
834.31	52.750
834.61	53.311
834.91	53.690
835.21	53.686
835.51	53.554
835.81	53.365
836.11	52.940
836.40	53.049
836.70	53.232
837.00	52.956
837.30	52.240
837.60	51.864
837.90	51.295
838.19	50.413
838.49	50.326
838.79	50.619
839.09	51.101
839.39	51.214
839.68	51.121
839.98	51.019
840.28	50.552
840.58	50.931
840.88	50.830
841.17	50.041
841.47	50.389
841.77	50.508
842.07	49.814
842.36	49.031
842.66	48.551
842.96	47.904
843.26	46.229
843.55	46.028
843.85	45.518
844.15	44.614
844.45	44.413
844.74	44.074
845.04	43.010
845.34	43.076
845.63	42.804
845.93	43.862
846.23	44.346
846.53	45.312
846.82	46.019
847.12	44.285
847.42	44.360
847.71	43.590
848.01	43.979
848.31	44.003
848.60	43.673
848.90	43.880
849.19	43.948
849.49	42.907
849.79	43.586
850.08	43.909
850.38	45.277
850.68	46.009
850.97	47.113
851.27	47.137
851.56	47.539
851.86	47.633
852.16	49.241
852.45	48.660
852.75	49.454
853.04	50.181
853.34	48.896
853.64	48.459
853.93	47.873
854.23	47.578
854.52	45.939
854.82	46.212
855.11	45.951
855.41	46.369
855.70	47.149
856.00	47.487
856.30	45.170
856.59	45.866
856.89	46.920
857.18	47.796
857.48	47.645
857.77	47.234
858.07	47.197
858.36	46.700
858.66	45.992
858.95	44.174
859.25	43.649
859.54	45.277
859.84	44.913
860.13	44.398
860.42	43.627
860.72	43.463
861.01	45.140
861.31	45.993
861.60	48.678
861.90	47.962
862.19	49.521
862.49	48.905
862.78	48.262
863.07	49.083
863.37	50.003
863.66	49.632
863.96	51.092
864.25	52.010
864.54	51.070
864.84	49.514
865.13	49.303
865.43	50.061
865.72	62.569
866.01	48.731
866.31	48.466
866.60	41.924
866.89	58.828
