180.30	0.000
180.67	0.000
181.03	39.822
181.40	-11.683
181.77	64.520
182.14	-11.680
182.51	340.322
182.88	86.367
183.25	86.490
183.62	219.580
183.99	49.095
184.36	28.353
184.73	-49.771
185.10	1694.027
185.46	271.451
185.83	33.297
186.20	59.547
186.57	636.855
186.94	95.353
187.31	96.985
187.68	-1962.990
188.05	-494.975
188.42	-357.476
188.78	423.507
189.15	203.893
189.52	174.579
189.89	132.997
190.26	100.385
190.63	82.403
191.00	72.951
191.37	51.690
191.73	36.203
192.10	9.156
192.47	9.060
192.84	-68.377
193.21	-207.727
193.58	-235.782
193.94	-122.949
194.31	-1.749
194.68	-1.216
195.05	-9.110
195.42	-1.396
195.79	-8.681
196.15	-2.222
196.52	8.596
196.89	18.397
197.26	26.236
197.63	14.256
198.00	5.374
198.36	-30.309
198.73	-56.058
199.10	-34.822
199.47	9.530
199.84	21.488
200.20	-11.457
200.57	12.991
200.94	44.108
201.31	43.440
201.68	54.945
202.04	48.452
202.41	47.998
202.78	46.512
203.15	50.581
203.51	46.997
203.88	54.876
204.25	53.229
204.62	31.473
204.98	8.444
205.35	-19.982
205.72	-70.535
206.09	-136.513
206.46	-88.855
206.82	-116.018
207.19	-129.851
207.56	-160.940
207.92	-208.708
208.29	-127.990
208.66	-112.883
209.03	-87.992
209.39	-26.136
209.76	-1.364
210.13	27.893
210.50	15.859
210.86	-18.017
211.23	-16.263
211.60	4.930
211.96	-2.450
212.33	-85.712
212.70	2795.386
213.07	409.662
213.43	450.920
213.80	1244.883
214.17	284.757
214.53	1237.538
214.90	-99.270
215.27	-42.301
215.63	-85.704
216.00	-32.446
216.37	3.576
216.74	7.587
217.10	12.672
217.47	10.979
217.84	-6.108
218.20	-6.854
218.57	-2.738
218.94	-10.581
219.30	-13.239
219.67	-5.681
220.04	-3.957
220.40	-10.435
220.77	-8.408
221.13	-7.251
221.50	5.669
221.87	10.323
222.23	13.896
222.60	10.298
222.97	5.391
223.33	-2.894
223.70	-14.332
224.07	-15.292
224.43	-8.911
224.80	-1.165
225.16	-3.875
225.53	-5.977
225.90	-5.007
226.26	-5.790
226.63	-5.352
226.99	-4.534
227.36	-2.527
227.73	0.301
228.09	1.105
228.46	2.166
228.82	-1.174
229.19	0.448
229.56	-0.576
229.92	-1.329
230.29	-1.596
230.65	-1.553
231.02	-3.293
231.38	-2.603
231.75	-4.176
232.12	-3.849
232.48	-6.039
232.85	-4.577
233.21	-3.328
233.58	0.432
233.94	2.491
234.31	3.658
234.68	3.140
235.04	6.287
235.41	6.253
235.77	6.577
236.14	6.612
236.50	7.876
236.87	8.822
237.23	7.914
237.60	4.806
237.96	3.058
238.33	3.146
238.69	3.871
239.06	2.818
239.42	2.462
239.79	2.919
240.15	3.414
240.52	3.210
240.88	2.179
241.25	1.788
241.61	1.663
241.98	2.086
242.34	2.176
242.71	2.498
243.07	2.567
243.44	3.065
243.80	3.286
244.17	2.717
244.53	2.531
244.90	2.875
245.26	3.179
245.63	3.340
245.99	3.421
246.36	3.381
246.72	3.014
247.09	3.320
247.45	3.466
247.81	3.359
248.18	3.593
248.54	3.993
248.91	3.847
249.27	3.615
249.64	4.528
250.00	4.505
250.36	4.607
250.73	4.629
251.09	3.993
251.46	3.409
251.82	3.486
252.19	3.173
252.55	2.913
252.91	3.490
253.28	3.749
253.64	3.289
254.01	3.404
254.37	3.810
254.73	3.802
255.10	3.752
255.46	3.954
255.83	4.018
256.19	4.078
256.55	3.781
256.92	3.684
257.28	3.693
257.65	3.621
258.01	3.433
258.37	3.267
258.74	3.432
259.10	3.839
259.46	3.872
259.83	3.934
260.19	4.097
260.55	4.229
260.92	4.213
261.28	4.196
261.64	4.319
262.01	4.476
262.37	4.189
262.73	4.124
263.10	3.521
263.46	3.653
263.82	3.437
264.19	3.130
264.55	3.595
264.91	3.625
265.28	3.874
265.64	3.494
266.00	3.440
266.37	3.990
266.73	4.120
267.09	4.313
267.46	3.758
267.82	3.666
268.18	3.710
268.54	3.036
268.91	3.195
269.27	2.709
269.63	2.903
270.00	2.949
270.36	2.770
270.72	2.598
271.08	2.610
271.45	2.836
271.81	2.982
272.17	3.230
272.53	3.779
272.90	3.441
273.26	3.679
273.62	3.614
273.98	3.712
274.35	3.719
274.71	3.712
275.07	3.937
275.43	4.127
275.80	4.119
276.16	3.876
276.52	3.858
276.88	4.235
277.25	3.957
277.61	3.871
277.97	3.681
278.33	3.900
278.69	3.855
279.06	3.662
279.42	3.479
279.78	3.348
280.14	3.393
280.50	3.406
280.87	3.435
281.23	3.675
281.59	3.683
281.95	3.757
282.31	3.512
282.68	3.652
283.04	3.484
283.40	3.361
283.76	3.336
284.12	3.455
284.48	3.272
284.85	3.192
285.21	3.098
285.57	3.129
285.93	3.239
286.29	3.179
286.65	3.148
287.02	3.470
287.38	3.588
287.74	3.724
288.10	3.499
288.46	3.459
288.82	3.436
289.18	3.232
289.54	3.227
289.91	3.121
290.27	3.430
290.63	3.536
290.99	3.511
291.35	3.672
291.71	3.674
292.07	3.921
292.43	4.151
292.79	4.380
293.16	4.669
293.52	4.692
293.88	4.830
294.24	4.732
294.60	4.772
294.96	4.787
295.32	4.738
295.68	4.658
296.04	4.820
296.40	4.867
296.76	4.748
297.12	4.961
297.49	5.202
297.85	5.400
298.21	5.464
298.57	5.348
298.93	5.394
299.29	5.537
299.65	5.969
300.01	5.981
300.37	6.046
300.73	6.184
301.09	6.187
301.45	6.188
301.81	6.110
302.17	6.102
302.53	6.265
302.89	6.310
303.25	6.348
303.61	6.205
303.97	6.211
304.33	6.182
304.69	6.363
305.05	6.437
305.41	6.525
305.77	6.629
306.13	6.872
306.49	7.045
306.85	7.184
307.21	7.213
307.57	7.079
307.93	7.093
308.29	7.056
308.65	6.882
309.01	6.878
309.37	6.802
309.73	6.899
310.09	6.796
310.45	6.679
310.81	6.610
311.17	6.535
311.53	6.652
311.89	6.628
312.25	6.774
312.61	6.847
312.96	6.912
313.32	6.909
313.68	6.609
314.04	6.692
314.40	6.780
314.76	6.796
315.12	6.839
315.48	6.925
315.84	6.710
316.20	6.548
316.56	6.499
316.92	6.370
317.27	6.437
317.63	6.469
317.99	6.386
318.35	6.383
318.71	6.507
319.07	6.543
319.43	6.452
319.79	6.590
320.15	6.645
320.50	6.758
320.86	6.733
321.22	6.664
321.58	6.670
321.94	6.837
322.30	7.021
322.66	6.979
323.01	6.928
323.37	7.111
323.73	7.148
324.09	7.335
324.45	7.190
324.81	7.262
325.17	7.356
325.52	7.416
325.88	7.330
326.24	6.994
326.60	6.915
326.96	6.977
327.31	6.699
327.67	6.706
328.03	6.604
328.39	6.577
328.75	6.499
329.11	6.465
329.46	6.494
329.82	6.410
330.18	6.626
330.54	6.636
330.90	6.654
331.25	6.775
331.61	6.717
331.97	6.642
332.33	6.722
332.68	6.753
333.04	6.792
333.40	6.840
333.76	6.849
334.11	6.718
334.47	6.795
334.83	6.734
335.19	6.752
335.54	6.748
335.90	6.681
336.26	6.671
336.62	6.711
336.97	6.529
337.33	6.451
337.69	6.512
338.05	6.710
338.40	6.562
338.76	6.512
339.12	6.437
339.48	6.335
339.83	6.378
340.19	6.348
340.55	6.302
340.90	6.452
341.26	6.450
341.62	6.308
341.97	6.124
342.33	6.184
342.69	6.267
343.04	6.287
343.40	6.358
343.76	6.325
344.12	6.336
344.47	6.310
344.83	6.222
345.19	6.281
345.54	6.354
345.90	6.280
346.26	6.249
346.61	6.133
346.97	6.105
347.32	6.064
347.68	6.111
348.04	6.115
348.39	6.105
348.75	6.097
349.11	5.979
349.46	5.966
349.82	6.011
350.18	6.012
350.53	6.016
350.89	5.975
351.24	6.041
351.60	5.970
351.96	5.886
352.31	5.876
352.67	5.845
353.02	5.882
353.38	5.852
353.74	5.866
354.09	5.835
354.45	5.805
354.80	5.827
355.16	5.810
355.52	5.831
355.87	5.878
356.23	5.833
356.58	5.844
356.94	5.830
357.29	5.782
357.65	5.756
358.00	5.736
358.36	5.825
358.72	5.720
359.07	5.664
359.43	5.593
359.78	5.559
360.14	5.561
360.49	5.577
360.85	5.561
361.20	5.549
361.56	5.516
361.91	5.568
362.27	5.527
362.62	5.602
362.98	5.659
363.33	5.731
363.69	5.747
364.04	5.762
364.40	5.695
364.75	5.610
365.11	5.697
365.46	5.728
365.82	5.616
366.17	5.533
366.53	5.460
366.88	5.419
367.24	5.390
367.59	5.345
367.95	5.336
368.30	5.378
368.66	5.452
369.01	5.403
369.37	5.431
369.72	5.440
370.08	5.455
370.43	5.496
370.78	5.500
371.14	5.521
371.49	5.501
371.85	5.489
372.20	5.485
372.56	5.462
372.91	5.411
373.26	5.434
373.62	5.447
373.97	5.459
374.33	5.451
374.68	5.474
375.03	5.378
375.39	5.395
375.74	5.395
376.10	5.372
376.45	5.383
376.80	5.411
377.16	5.312
377.51	5.334
377.87	5.308
378.22	5.308
378.57	5.221
378.93	5.244
379.28	5.211
379.63	5.197
379.99	5.196
380.34	5.167
380.70	5.205
381.05	5.224
381.40	5.185
381.76	5.181
382.11	5.135
382.46	5.143
382.82	5.092
383.17	5.101
383.52	5.113
383.88	5.090
384.23	5.111
384.58	5.079
384.94	5.049
385.29	5.051
385.64	5.033
385.99	5.034
386.35	5.044
386.70	5.074
387.05	5.057
387.41	5.044
387.76	5.009
388.11	4.937
388.47	4.861
388.82	4.836
389.17	4.819
389.52	4.810
389.88	4.835
390.23	4.827
390.58	4.804
390.93	4.834
391.29	4.818
391.64	4.820
391.99	4.854
392.34	4.895
392.70	4.935
393.05	4.906
393.40	4.900
393.75	4.895
394.11	4.874
394.46	4.846
394.81	4.807
395.16	4.779
395.52	4.811
395.87	4.788
396.22	4.765
396.57	4.731
396.92	4.716
397.28	4.693
397.63	4.618
397.98	4.623
398.33	4.668
398.68	4.693
399.04	4.678
399.39	4.621
399.74	4.624
400.09	4.613
400.44	4.605
400.80	4.610
401.15	4.601
401.50	4.641
401.85	4.634
402.20	4.616
402.55	4.587
402.90	4.586
403.26	4.609
403.61	4.607
403.96	4.602
404.31	4.628
404.66	4.659
405.01	4.680
405.36	4.676
405.72	4.651
406.07	4.642
406.42	4.657
406.77	4.651
407.12	4.646
407.47	4.642
407.82	4.616
408.17	4.568
408.53	4.545
408.88	4.545
409.23	4.530
409.58	4.540
409.93	4.543
410.28	4.520
410.63	4.503
410.98	4.490
411.33	4.470
411.68	4.499
412.03	4.496
412.38	4.500
412.73	4.474
413.09	4.443
413.44	4.424
413.79	4.408
414.14	4.403
414.49	4.405
414.84	4.398
415.19	4.388
415.54	4.368
415.89	4.337
416.24	4.318
416.59	4.309
416.94	4.317
417.29	4.293
417.64	4.293
417.99	4.272
418.34	4.267
418.69	4.245
419.04	4.219
419.39	4.213
419.74	4.232
420.09	4.216
420.44	4.214
420.79	4.207
421.14	4.215
421.49	4.211
421.84	4.187
422.19	4.186
422.54	4.188
422.89	4.191
423.24	4.173
423.59	4.173
423.94	4.176
424.29	4.186
424.64	4.189
424.99	4.233
425.34	4.226
425.68	4.273
426.03	4.287
426.38	4.291
426.73	4.295
427.08	4.301
427.43	4.263
427.78	4.258
428.13	4.237
428.48	4.226
428.83	4.180
429.18	4.155
429.53	4.153
429.87	4.145
430.22	4.137
430.57	4.140
430.92	4.135
431.27	4.143
431.62	4.123
431.97	4.102
432.32	4.089
432.67	4.084
433.01	4.095
433.36	4.061
433.71	4.038
434.06	4.052
434.41	4.043
434.76	4.063
435.11	4.077
435.45	4.093
435.80	4.090
436.15	4.096
436.50	4.075
436.85	4.086
437.20	4.083
437.54	4.074
437.89	4.066
438.24	4.073
438.59	4.065
438.94	4.045
439.29	4.032
439.63	4.022
439.98	4.021
440.33	4.021
440.68	4.002
441.03	3.994
441.37	3.981
441.72	3.960
442.07	3.947
442.42	3.926
442.76	3.937
443.11	3.939
443.46	3.946
443.81	3.927
444.16	3.916
444.50	3.916
444.85	3.934
445.20	3.946
445.55	3.953
445.89	3.939
446.24	3.950
446.59	3.944
446.94	3.942
447.28	3.938
447.63	3.929
447.98	3.916
448.32	3.888
448.67	3.857
449.02	3.853
449.37	3.841
449.71	3.866
450.06	3.871
450.41	3.855
450.75	3.844
451.10	3.840
451.45	3.852
451.79	3.884
452.14	3.917
452.49	3.924
452.84	3.911
453.18	3.895
453.53	3.892
453.88	3.879
454.22	3.858
454.57	3.875
454.92	3.867
455.26	3.847
455.61	3.832
455.95	3.809
456.30	3.816
456.65	3.812
456.99	3.821
457.34	3.799
457.69	3.802
458.03	3.803
458.38	3.786
458.73	3.809
459.07	3.826
459.42	3.819
459.76	3.837
460.11	3.829
460.46	3.825
460.80	3.811
461.15	3.809
461.49	3.785
461.84	3.786
462.19	3.795
462.53	3.761
462.88	3.741
463.22	3.739
463.57	3.733
463.91	3.719
464.26	3.735
464.61	3.743
464.95	3.762
465.30	3.763
465.64	3.762
465.99	3.759
466.33	3.762
466.68	3.757
467.02	3.748
467.37	3.735
467.71	3.733
468.06	3.716
468.41	3.698
468.75	3.677
469.10	3.673
469.44	3.668
469.79	3.658
470.13	3.637
470.48	3.648
470.82	3.663
471.17	3.666
471.51	3.656
471.86	3.665
472.20	3.641
472.55	3.637
472.89	3.635
473.23	3.624
473.58	3.608
473.92	3.608
474.27	3.592
474.61	3.576
474.96	3.564
475.30	3.568
475.65	3.558
475.99	3.584
476.34	3.560
476.68	3.537
477.02	3.546
477.37	3.548
477.71	3.554
478.06	3.546
478.40	3.549
478.75	3.570
479.09	3.597
479.43	3.624
479.78	3.650
480.12	3.700
480.47	3.754
480.81	3.792
481.15	3.838
481.50	3.890
481.84	3.955
482.19	4.012
482.53	4.046
482.87	4.054
483.22	4.035
483.56	3.992
483.90	3.938
484.25	3.890
484.59	3.863
484.94	3.820
485.28	3.772
485.62	3.706
485.97	3.641
486.31	3.578
486.65	3.548
487.00	3.546
487.34	3.576
487.68	3.604
488.03	3.618
488.37	3.605
488.71	3.606
489.06	3.591
489.40	3.582
489.74	3.571
490.09	3.578
490.43	3.569
490.77	3.559
491.11	3.555
491.46	3.553
491.80	3.541
492.14	3.522
492.49	3.490
492.83	3.476
493.17	3.466
493.51	3.452
493.86	3.422
494.20	3.396
494.54	3.383
494.88	3.368
495.23	3.349
495.57	3.350
495.91	3.345
496.25	3.345
496.60	3.335
496.94	3.326
497.28	3.315
497.62	3.303
497.97	3.312
498.31	3.312
498.65	3.306
498.99	3.299
499.33	3.298
499.68	3.292
500.02	3.293
500.36	3.297
500.70	3.289
501.04	3.285
501.39	3.298
501.73	3.285
502.07	3.262
502.41	3.260
502.75	3.263
503.09	3.264
503.44	3.265
503.78	3.257
504.12	3.269
504.46	3.260
504.80	3.266
505.14	3.266
505.49	3.278
505.83	3.298
506.17	3.288
506.51	3.294
506.85	3.280
507.19	3.270
507.53	3.277
507.87	3.270
508.22	3.280
508.56	3.287
508.90	3.276
509.24	3.257
509.58	3.252
509.92	3.238
510.26	3.219
510.60	3.219
510.94	3.227
511.28	3.226
511.63	3.211
511.97	3.203
512.31	3.178
512.65	3.177
512.99	3.191
513.33	3.196
513.67	3.209
514.01	3.213
514.35	3.215
514.69	3.234
515.03	3.238
515.37	3.236
515.71	3.238
516.05	3.260
516.39	3.254
516.73	3.243
517.07	3.243
517.41	3.242
517.75	3.233
518.09	3.232
518.43	3.217
518.77	3.212
519.11	3.198
519.45	3.188
519.79	3.162
520.13	3.167
520.47	3.173
520.81	3.170
521.15	3.175
521.49	3.183
521.83	3.189
522.17	3.179
522.51	3.185
522.85	3.203
523.19	3.223
523.53	3.257
523.87	3.279
524.21	3.307
524.55	3.334
524.89	3.361
525.23	3.396
525.57	3.421
525.91	3.455
526.25	3.472
526.58	3.492
526.92	3.515
527.26	3.528
527.60	3.542
527.94	3.544
528.28	3.537
528.62	3.517
528.96	3.497
529.30	3.483
529.64	3.469
529.97	3.464
530.31	3.453
530.65	3.422
530.99	3.398
531.33	3.368
531.67	3.357
532.01	3.357
532.35	3.368
532.68	3.374
533.02	3.371
533.36	3.357
533.70	3.339
534.04	3.330
534.38	3.320
534.71	3.310
535.05	3.305
535.39	3.288
535.73	3.281
536.07	3.264
536.41	3.260
536.74	3.271
537.08	3.281
537.42	3.282
537.76	3.287
538.10	3.308
538.43	3.321
538.77	3.341
539.11	3.351
539.45	3.352
539.79	3.367
540.12	3.369
540.46	3.360
540.80	3.354
541.14	3.357
541.47	3.359
541.81	3.353
542.15	3.347
542.49	3.327
542.82	3.326
543.16	3.316
543.50	3.307
543.84	3.284
544.17	3.264
544.51	3.257
544.85	3.252
545.18	3.241
545.52	3.225
545.86	3.212
546.20	3.209
546.53	3.189
546.87	3.177
547.21	3.169
547.54	3.186
547.88	3.190
548.22	3.180
548.55	3.152
548.89	3.113
549.23	3.116
549.56	3.108
549.90	3.094
550.24	3.095
550.57	3.095
550.91	3.090
551.25	3.064
551.58	3.060
551.92	3.052
552.26	3.068
552.59	3.059
552.93	3.046
553.27	3.025
553.60	3.012
553.94	3.001
554.27	2.976
554.61	2.975
554.95	2.993
555.28	2.972
555.62	2.968
555.95	2.951
556.29	2.978
556.63	2.980
556.96	3.001
557.30	3.024
557.63	3.027
557.97	3.048
558.31	3.024
558.64	3.007
558.98	3.029
559.31	3.030
559.65	3.036
559.98	3.028
560.32	3.025
560.65	3.003
560.99	2.999
561.33	2.986
561.66	2.985
562.00	2.985
562.33	3.003
562.67	2.996
563.00	3.000
563.34	3.020
563.67	3.025
564.01	3.009
564.34	3.023
564.68	3.037
565.01	3.035
565.35	3.023
565.68	3.049
566.02	3.036
566.35	3.051
566.69	3.041
567.02	3.026
567.36	3.035
567.69	3.055
568.03	3.052
568.36	3.036
568.69	3.055
569.03	3.065
569.36	3.048
569.70	3.040
570.03	3.035
570.37	3.057
570.70	3.063
571.04	3.060
571.37	3.063
571.70	3.065
572.04	3.075
572.37	3.079
572.71	3.088
573.04	3.083
573.37	3.106
573.71	3.104
574.04	3.103
574.38	3.083
574.71	3.089
575.04	3.090
575.38	3.094
575.71	3.081
576.05	3.065
576.38	3.053
576.71	3.052
577.05	3.049
577.38	3.045
577.71	3.022
578.05	3.016
578.38	2.995
578.71	2.984
579.05	2.967
579.38	2.953
579.71	2.928
580.05	2.919
580.38	2.919
580.71	2.895
581.05	2.867
581.38	2.856
581.71	2.853
582.05	2.838
582.38	2.805
582.71	2.799
583.04	2.804
583.38	2.798
583.71	2.771
584.04	2.762
584.38	2.757
584.71	2.762
585.04	2.754
585.37	2.750
585.71	2.734
586.04	2.754
586.37	2.748
586.70	2.731
587.04	2.736
587.37	2.734
587.70	2.702
588.03	2.679
588.37	2.644
588.70	2.652
589.03	2.644
589.36	2.643
589.69	2.617
590.03	2.610
590.36	2.607
590.69	2.581
591.02	2.580
591.35	2.573
591.69	2.527
592.02	2.516
592.35	2.510
592.68	2.509
593.01	2.512
593.35	2.505
593.68	2.474
594.01	2.460
594.34	2.479
594.67	2.464
595.00	2.448
595.34	2.462
595.67	2.449
596.00	2.406
596.33	2.377
596.66	2.336
596.99	2.298
597.32	2.271
597.65	2.213
597.99	2.166
598.32	2.102
598.65	2.056
598.98	2.001
599.31	2.008
599.64	2.007
599.97	2.000
600.30	1.988
600.63	1.975
600.96	1.986
601.30	1.993
601.63	1.977
601.96	2.001
602.29	2.039
602.62	2.068
602.95	2.054
603.28	2.019
603.61	1.990
603.94	1.971
604.27	1.972
604.60	1.961
604.93	1.936
605.26	1.916
605.59	1.897
605.92	1.856
606.25	1.848
606.58	1.815
606.91	1.802
607.24	1.780
607.57	1.774
607.90	1.753
608.23	1.709
608.56	1.682
608.89	1.655
609.22	1.600
609.55	1.561
609.88	1.497
610.21	1.456
610.54	1.414
610.87	1.358
611.20	1.300
611.53	1.238
611.86	1.215
612.19	1.204
612.52	1.145
612.85	1.144
613.18	1.117
613.51	1.080
613.84	1.051
614.17	1.041
614.49	1.074
614.82	1.101
615.15	1.105
615.48	1.096
615.81	1.079
616.14	1.066
616.47	1.062
616.80	1.069
617.13	1.076
617.46	1.082
617.78	1.028
618.11	0.980
618.44	0.953
618.77	0.921
619.10	0.893
619.43	0.925
619.76	0.954
620.09	0.948
620.41	0.921
620.74	0.930
621.07	0.925
621.40	0.997
621.73	1.031
622.06	1.049
622.38	1.109
622.71	1.134
623.04	1.103
623.37	1.126
623.70	1.133
624.02	1.156
624.35	1.138
624.68	1.163
625.01	1.181
625.34	1.171
625.66	1.130
625.99	1.103
626.32	1.087
626.65	1.115
626.98	1.124
627.30	1.089
627.63	1.076
627.96	1.034
628.29	0.999
628.61	0.929
628.94	0.917
629.27	0.909
629.60	0.875
629.92	0.875
630.25	0.824
630.58	0.777
630.91	0.784
631.23	0.756
631.56	0.766
631.89	0.752
632.21	0.769
632.54	0.755
632.87	0.760
633.19	0.781
633.52	0.736
633.85	0.707
634.18	0.666
634.50	0.658
634.83	0.639
635.16	0.610
635.48	0.615
635.81	0.591
636.14	0.558
636.46	0.522
636.79	0.484
637.11	0.511
637.44	0.514
637.77	0.499
638.09	0.430
638.42	0.412
638.75	0.389
639.07	0.320
639.40	0.288
639.73	0.255
640.05	0.241
640.38	0.206
640.70	0.151
641.03	0.124
641.36	0.136
641.68	0.162
642.01	0.186
642.33	0.293
642.66	0.295
642.98	0.297
643.31	0.287
643.64	0.354
643.96	0.368
644.29	0.368
644.61	0.331
644.94	0.383
645.26	0.459
645.59	0.465
645.91	0.401
646.24	0.419
646.56	0.451
646.89	0.492
647.22	0.443
647.54	0.444
647.87	0.499
648.19	0.546
648.52	0.493
648.84	0.426
649.17	0.442
649.49	0.397
649.82	0.407
650.14	0.399
650.47	0.379
650.79	0.356
651.11	0.338
651.44	0.293
651.76	0.325
652.09	0.347
652.41	0.372
652.74	0.311
653.06	0.330
653.39	0.340
653.71	0.331
654.04	0.368
654.36	0.410
654.68	0.459
655.01	0.531
655.33	0.519
655.66	0.508
655.98	0.524
656.30	0.566
656.63	0.592
656.95	0.591
657.28	0.601
657.60	0.608
657.92	0.590
658.25	0.530
658.57	0.447
658.90	0.392
659.22	0.366
659.54	0.282
659.87	0.195
660.19	0.117
660.51	0.093
660.84	0.014
661.16	-0.085
661.48	-0.114
661.81	-0.156
662.13	-0.203
662.45	-0.165
662.78	-0.218
663.10	-0.226
663.42	-0.244
663.75	-0.199
664.07	-0.206
664.39	-0.190
664.72	-0.174
665.04	-0.155
665.36	-0.166
665.69	-0.113
666.01	-0.168
666.33	-0.121
666.65	-0.086
666.98	-0.061
667.30	-0.100
667.62	-0.156
667.94	-0.173
668.27	-0.190
668.59	-0.273
668.91	-0.214
669.23	-0.235
669.56	-0.262
669.88	-0.318
670.20	-0.420
670.52	-0.453
670.85	-0.436
671.17	-0.436
671.49	-0.424
671.81	-0.459
672.13	-0.436
672.46	-0.532
672.78	-0.536
673.10	-0.559
673.42	-0.538
673.74	-0.454
674.07	-0.392
674.39	-0.390
674.71	-0.372
675.03	-0.331
675.35	-0.245
675.67	-0.221
676.00	-0.160
676.32	-0.095
676.64	-0.013
676.96	0.055
677.28	0.136
677.60	0.143
677.92	0.159
678.25	0.183
678.57	0.209
678.89	0.206
679.21	0.233
679.53	0.222
679.85	0.169
680.17	0.179
680.49	0.146
680.81	0.071
681.13	0.044
681.46	-0.025
681.78	-0.108
682.10	-0.157
682.42	-0.198
682.74	-0.250
683.06	-0.241
683.38	-0.209
683.70	-0.217
684.02	-0.187
684.34	-0.141
684.66	-0.056
684.98	0.050
685.30	0.212
685.62	0.278
685.94	0.346
686.26	0.408
686.58	0.477
686.90	0.447
687.22	0.489
687.54	0.460
687.86	0.381
688.18	0.364
688.50	0.326
688.82	0.296
689.14	0.195
689.46	0.192
689.78	0.197
690.10	0.109
690.42	0.076
690.74	-0.051
691.06	-0.048
691.38	-0.008
691.70	-0.077
692.02	-0.117
692.34	-0.197
692.66	-0.197
692.98	-0.230
693.30	-0.249
693.62	-0.181
693.94	-0.089
694.26	-0.009
694.57	0.096
694.89	0.139
695.21	0.184
695.53	0.303
695.85	0.410
696.17	0.515
696.49	0.549
696.81	0.603
697.13	0.658
697.44	0.686
697.76	0.754
698.08	0.684
698.40	0.636
698.72	0.561
699.04	0.434
699.36	0.326
699.67	0.118
699.99	-0.020
700.31	-0.200
700.63	-0.396
700.95	-0.555
701.27	-0.835
701.58	-1.020
701.90	-1.110
702.22	-1.175
702.54	-1.160
702.86	-1.228
703.17	-1.227
703.49	-1.285
703.81	-1.238
704.13	-1.236
704.45	-1.300
704.76	-1.302
705.08	-1.284
705.40	-1.288
705.72	-1.258
706.03	-1.196
706.35	-1.097
706.67	-1.053
706.99	-0.955
707.30	-1.008
707.62	-0.949
707.94	-0.846
708.26	-0.808
708.57	-0.769
708.89	-0.669
709.21	-0.627
709.53	-0.673
709.84	-0.680
710.16	-0.684
710.48	-0.637
710.79	-0.610
711.11	-0.670
711.43	-0.635
711.74	-0.542
712.06	-0.448
712.38	-0.411
712.69	-0.375
713.01	-0.318
713.33	-0.280
713.64	-0.092
713.96	0.005
714.28	0.177
714.59	0.336
714.91	0.440
715.23	0.563
715.54	0.524
715.86	0.596
716.17	0.699
716.49	0.688
716.81	0.647
717.12	0.552
717.44	0.373
717.76	0.247
718.07	0.143
718.39	-0.032
718.70	-0.111
719.02	-0.103
719.33	-0.269
719.65	-0.410
719.97	-0.469
720.28	-0.477
720.60	-0.486
720.91	-0.415
721.23	-0.459
721.54	-0.381
721.86	-0.308
722.17	-0.237
722.49	-0.173
722.81	-0.021
723.12	-0.008
723.44	0.119
723.75	0.113
724.07	0.067
724.38	0.149
724.70	0.218
725.01	0.174
725.33	0.211
725.64	0.186
725.96	0.190
726.27	0.223
726.59	0.350
726.90	0.321
727.22	0.443
727.53	0.587
727.84	0.500
728.16	0.490
728.47	0.584
728.79	0.529
729.10	0.460
729.42	0.453
729.73	0.327
730.05	0.219
730.36	0.088
730.67	0.014
730.99	-0.167
731.30	-0.247
731.62	-0.270
731.93	-0.354
732.24	-0.560
732.56	-0.638
732.87	-0.699
733.19	-0.731
733.50	-0.757
733.81	-0.819
734.13	-0.991
734.44	-0.971
734.76	-0.966
735.07	-1.131
735.38	-1.261
735.70	-1.290
736.01	-1.342
736.32	-1.396
736.64	-1.559
736.95	-1.708
737.26	-1.556
737.58	-1.610
737.89	-1.754
738.20	-1.866
738.52	-1.888
738.83	-1.906
739.14	-1.896
739.45	-1.907
739.77	-2.154
740.08	-2.205
740.39	-2.249
740.71	-2.569
741.02	-2.749
741.33	-2.851
741.64	-2.969
741.96	-3.053
742.27	-2.988
742.58	-3.009
742.90	-3.174
743.21	-3.113
743.52	-3.087
743.83	-3.217
744.14	-3.292
744.46	-3.366
744.77	-3.170
745.08	-3.043
745.39	-2.939
745.71	-3.094
746.02	-3.167
746.33	-3.126
746.64	-2.944
746.95	-2.926
747.27	-3.004
747.58	-2.825
747.89	-2.454
748.20	-2.599
748.51	-2.665
748.82	-2.749
749.14	-2.827
749.45	-2.749
749.76	-2.821
750.07	-2.918
750.38	-3.027
750.69	-2.839
751.01	-2.789
751.32	-2.929
751.63	-3.060
751.94	-3.024
752.25	-3.036
752.56	-3.028
752.87	-2.917
753.18	-2.858
753.49	-2.838
753.81	-2.647
754.12	-2.609
754.43	-2.607
754.74	-2.464
755.05	-2.071
755.36	-1.890
755.67	-1.580
755.98	-1.244
756.29	-1.121
756.60	-0.903
756.91	-0.599
757.22	-0.196
757.53	0.065
757.84	0.485
758.15	0.896
758.46	1.127
758.77	1.434
759.09	1.670
759.40	1.916
759.71	2.087
760.02	2.247
760.33	2.262
760.64	2.188
760.95	2.327
761.26	2.224
761.57	2.038
761.88	1.975
762.18	1.859
762.49	1.769
762.80	1.618
763.11	1.485
763.42	1.284
763.73	1.028
764.04	0.806
764.35	0.505
764.66	0.259
764.97	0.006
765.28	-0.360
765.59	-0.664
765.90	-1.052
766.21	-1.499
766.52	-1.941
766.83	-2.254
767.14	-2.382
767.44	-2.632
767.75	-2.886
768.06	-3.140
768.37	-3.241
768.68	-3.284
768.99	-3.403
769.30	-3.620
769.61	-3.825
769.91	-3.771
770.22	-3.888
770.53	-3.922
770.84	-4.201
771.15	-4.300
771.46	-4.309
771.77	-4.415
772.07	-4.617
772.38	-4.882
772.69	-4.918
773.00	-4.949
773.31	-5.014
773.61	-5.033
773.92	-4.957
774.23	-5.042
774.54	-5.084
774.85	-5.099
775.15	-5.156
775.46	-5.145
775.77	-4.914
776.08	-4.703
776.39	-4.590
776.69	-4.548
777.00	-4.501
777.31	-4.659
777.62	-4.335
777.92	-3.831
778.23	-3.799
778.54	-3.891
778.85	-3.883
779.15	-3.989
779.46	-4.161
779.77	-4.083
780.07	-4.112
780.38	-3.961
780.69	-4.064
781.00	-3.915
781.30	-4.453
781.61	-4.470
781.92	-4.546
782.22	-4.545
782.53	-4.565
782.84	-4.492
783.14	-4.762
783.45	-4.825
783.76	-4.706
784.06	-4.542
784.37	-4.397
784.68	-4.104
784.98	-3.804
785.29	-3.184
785.60	-2.816
785.90	-2.726
786.21	-2.674
786.51	-2.320
786.82	-2.301
787.13	-2.291
787.43	-2.096
787.74	-2.206
788.04	-2.159
788.35	-2.286
788.66	-2.644
788.96	-2.823
789.27	-2.769
789.57	-2.592
789.88	-2.710
790.19	-2.355
790.49	-2.274
790.80	-2.354
791.10	-2.313
791.41	-2.408
791.71	-2.505
792.02	-2.328
792.32	-2.398
792.63	-2.404
792.93	-2.664
793.24	-2.517
793.54	-2.451
793.85	-2.388
794.15	-2.081
794.46	-1.988
794.76	-1.890
795.07	-1.859
795.37	-2.158
795.68	-1.816
795.98	-1.768
796.29	-1.370
796.59	-1.550
796.90	-1.420
797.20	-1.342
797.51	-1.552
797.81	-1.466
798.12	-1.312
798.42	-0.833
798.72	-0.566
799.03	-0.467
799.33	-0.345
799.64	-0.346
799.94	-0.049
800.25	-0.621
800.55	-0.669
800.85	-0.674
801.16	-0.627
801.46	-0.808
801.77	-1.152
802.07	-0.836
802.37	-0.988
802.68	-0.576
802.98	-0.637
803.28	-0.664
803.59	-0.039
803.89	-0.281
804.20	-0.126
804.50	-0.283
804.80	-0.286
805.11	-0.242
805.41	-0.553
805.71	-0.964
806.02	-1.485
806.32	-1.739
806.62	-1.773
806.93	-2.019
807.23	-1.507
807.53	-1.367
807.83	-1.197
808.14	-1.162
808.44	-1.126
808.74	-0.643
809.05	0.119
809.35	0.682
809.65	1.048
809.95	1.094
810.26	1.334
810.56	1.504
810.86	1.455
811.16	1.344
811.47	1.414
811.77	1.864
812.07	1.613
812.37	1.173
812.68	1.292
812.98	1.197
813.28	1.700
813.58	1.867
813.88	1.457
814.19	2.010
814.49	2.634
814.79	3.083
815.09	2.766
815.39	3.259
815.70	3.452
816.00	3.213
816.30	3.474
816.60	3.245
816.90	3.049
817.20	3.555
817.50	3.427
817.81	3.413
818.11	3.407
818.41	3.622
818.71	3.747
819.01	3.929
819.31	4.121
819.61	4.205
819.92	4.410
820.22	4.556
820.52	4.495
820.82	4.464
821.12	4.462
821.42	4.446
821.72	4.514
822.02	4.471
822.32	4.494
822.62	4.455
822.92	4.374
823.22	4.239
823.52	4.187
823.83	4.207
824.13	4.222
824.43	4.180
824.73	4.253
825.03	4.214
825.33	4.190
825.63	4.103
825.93	4.070
826.23	4.153
826.53	4.230
826.83	4.168
827.13	4.087
827.43	4.056
827.73	4.017
828.03	3.839
828.33	3.763
828.63	3.744
828.93	3.763
829.23	3.654
829.53	3.597
829.83	3.540
830.13	3.594
830.42	3.656
830.72	3.389
831.02	3.519
831.32	3.509
831.62	3.431
831.92	3.786
832.22	3.667
832.52	3.724
832.82	3.825
833.12	3.731
833.42	3.748
833.72	3.735
834.01	3.855
834.31	3.743
834.61	4.013
834.91	3.994
835.21	3.447
835.51	3.431
835.81	3.015
836.11	2.857
836.40	2.865
836.70	2.488
837.00	2.141
837.30	2.421
837.60	2.673
837.90	2.474
838.19	2.393
838.49	2.647
838.79	2.683
839.09	3.215
839.39	3.170
839.68	2.885
839.98	2.588
840.28	2.644
840.58	1.881
840.88	1.674
841.17	0.980
841.47	1.259
841.77	1.106
842.07	1.036
842.36	0.941
842.66	0.568
842.96	0.753
843.26	0.634
843.55	-0.138
843.85	-0.479
844.15	-1.776
844.45	-1.805
844.74	-2.138
845.04	-1.159
845.34	-1.340
845.63	-1.622
845.93	-1.566
846.23	-0.235
846.53	0.023
846.82	0.728
847.12	1.421
847.42	1.249
847.71	1.941
848.01	1.001
848.31	-0.343
848.60	0.116
848.90	-0.187
849.19	-0.145
849.49	-2.539
849.79	-2.024
850.08	-0.611
850.38	-1.046
850.68	-0.245
850.97	0.121
851.27	0.515
851.56	0.122
851.86	-1.747
852.16	-0.809
852.45	-0.808
852.75	-0.097
853.04	-0.989
853.34	-2.087
853.64	-1.784
853.93	-1.000
854.23	-0.427
854.52	0.070
854.82	-0.832
855.11	0.300
855.41	-1.190
855.70	-1.273
856.00	-1.494
856.30	-1.233
856.59	-2.289
856.89	-3.297
857.18	-4.506
857.48	-6.266
857.77	-6.744
858.07	-4.815
858.36	-5.161
858.66	-4.386
858.95	-4.225
859.25	-3.167
859.54	-1.820
859.84	-1.467
860.13	-0.150
860.42	1.371
860.72	2.049
861.01	1.709
861.31	1.261
861.60	2.889
861.90	3.616
862.19	1.619
862.49	1.494
862.78	1.345
863.07	1.412
863.37	1.950
863.66	1.965
863.96	1.967
864.25	1.907
864.54	2.390
864.84	1.343
865.13	-0.101
865.43	0.775
865.72	-4.020
866.01	4.332
866.31	-0.784
866.60	-13.282
866.89	-10.199
>>>>>End Spectral Data<<<<<
