180.30	0.000
180.67	0.000
181.03	204.048
181.40	-169.432
181.77	11315.867
182.14	-158.135
182.51	18.832
182.88	1585.805
183.25	36.392
183.62	40.328
183.99	113.430
184.36	-129.415
184.73	102.792
185.10	98.417
185.46	152.123
185.83	310.462
186.20	138.256
186.57	59.899
186.94	-100.723
187.31	111.241
187.68	41.961
188.05	21.978
188.42	40.888
188.78	38.266
189.15	12.351
189.52	15.627
189.89	8.952
190.26	-10.970
190.63	12.747
191.00	10.994
191.37	6.872
191.73	9.150
192.10	15.090
192.47	14.103
192.84	12.276
193.21	19.937
193.58	18.797
193.94	22.578
194.31	17.188
194.68	16.171
195.05	3.136
195.42	-11.349
195.79	-12.899
196.15	-10.306
196.52	-6.131
196.89	-13.459
197.26	-17.288
197.63	-23.000
198.00	-24.325
198.36	-11.010
198.73	-6.805
199.10	5.874
199.47	11.211
199.84	8.682
200.20	7.097
200.57	-24.984
200.94	-25.396
201.31	-24.985
201.68	-6.436
202.04	-8.317
202.41	1.280
202.78	-16.478
203.15	-20.817
203.51	-29.332
203.88	-16.804
204.25	-16.718
204.62	3.198
204.98	14.564
205.35	26.256
205.72	19.155
206.09	20.352
206.46	12.622
206.82	11.688
207.19	8.953
207.56	15.343
207.92	3.124
208.29	-2.116
208.66	5.314
209.03	2.061
209.39	-17.538
209.76	-24.325
210.13	-24.245
210.50	-20.313
210.86	-24.093
211.23	-7.634
211.60	-11.710
211.96	-2.494
212.33	-10.492
212.70	-8.203
213.07	-15.323
213.43	-1.371
213.80	2.894
214.17	0.020
214.53	0.974
214.90	10.158
215.27	3.339
215.63	-1.991
216.00	-13.059
216.37	4.551
216.74	-4.130
217.10	0.568
217.47	-5.132
217.84	2.972
218.20	12.326
218.57	8.799
218.94	4.687
219.30	3.713
219.67	1.753
220.04	6.282
220.40	0.673
220.77	7.288
221.13	6.674
221.50	1.487
221.87	-5.583
222.23	-8.645
222.60	-5.961
222.97	-8.111
223.33	-11.167
223.70	-6.169
224.07	0.788
224.43	3.987
224.80	4.359
225.16	3.678
225.53	4.950
225.90	2.063
226.26	-0.554
226.63	0.344
226.99	0.245
227.36	2.367
227.73	1.702
228.09	-2.411
228.46	-3.892
228.82	-2.705
229.19	-2.085
229.56	-3.723
229.92	-1.400
230.29	0.523
230.65	0.447
231.02	2.099
231.38	0.563
231.75	0.759
232.12	3.445
232.48	4.773
232.85	3.718
233.21	5.730
233.58	6.564
233.94	6.396
234.31	4.776
234.68	2.078
235.04	0.439
235.41	1.187
235.77	2.376
236.14	1.170
236.50	-0.493
236.87	-0.715
237.23	-2.410
237.60	-1.560
237.96	-1.919
238.33	-0.109
238.69	0.874
239.06	0.375
239.42	0.918
239.79	0.323
240.15	0.950
240.52	1.453
240.88	1.356
241.25	2.073
241.61	2.369
241.98	3.191
242.34	2.693
242.71	2.837
243.07	3.452
243.44	3.130
243.80	3.310
244.17	3.395
244.53	3.329
244.90	3.321
245.26	3.308
245.63	3.104
245.99	3.009
246.36	3.361
246.72	3.298
247.09	3.160
247.45	3.297
247.81	2.916
248.18	2.379
248.54	2.522
248.91	2.432
249.27	2.550
249.64	2.249
250.00	1.884
250.36	1.644
250.73	1.607
251.09	2.056
251.46	1.821
251.82	2.544
252.19	3.568
252.55	3.210
252.91	3.435
253.28	2.791
253.64	3.380
254.01	3.467
254.37	3.155
254.73	3.682
255.10	3.584
255.46	3.587
255.83	3.308
256.19	2.798
256.55	2.729
256.92	2.541
257.28	2.595
257.65	2.819
258.01	2.964
258.37	2.876
258.74	2.595
259.10	2.485
259.46	2.560
259.83	2.638
260.19	2.714
260.55	2.698
260.92	2.559
261.28	2.509
261.64	2.019
262.01	1.957
262.37	1.881
262.73	1.597
263.10	1.395
263.46	1.451
263.82	1.436
264.19	1.328
264.55	1.463
264.91	2.078
265.28	2.362
265.64	2.166
266.00	1.714
266.37	1.981
266.73	2.524
267.09	2.634
267.46	2.683
267.82	2.481
268.18	2.764
268.54	2.712
268.91	2.530
269.27	2.320
269.63	2.693
270.00	2.994
270.36	2.712
270.72	2.331
271.08	2.109
271.45	1.903
271.81	2.056
272.17	2.179
272.53	2.017
272.90	1.802
273.26	1.604
273.62	1.157
273.98	0.997
274.35	0.852
274.71	1.195
275.07	1.535
275.43	1.709
275.80	1.659
276.16	1.761
276.52	1.733
276.88	1.787
277.25	1.972
277.61	2.213
277.97	2.140
278.33	2.222
278.69	1.954
279.06	1.862
279.42	1.595
279.78	1.624
280.14	1.434
280.50	1.671
280.87	1.958
281.23	2.133
281.59	2.167
281.95	2.374
282.31	2.802
282.68	2.984
283.04	2.934
283.40	3.028
283.76	2.919
284.12	2.881
284.48	2.888
284.85	2.799
285.21	2.701
285.57	2.768
285.93	2.612
286.29	2.362
286.65	2.262
287.02	2.328
287.38	2.429
287.74	2.556
288.10	2.394
288.46	2.394
288.82	2.148
289.18	2.007
289.54	1.789
289.91	1.947
290.27	1.959
290.63	1.862
290.99	1.698
291.35	1.651
291.71	1.847
292.07	1.936
292.43	1.952
292.79	2.310
293.16	2.460
293.52	2.562
293.88	2.624
294.24	2.787
294.60	2.799
294.96	2.885
295.32	2.866
295.68	2.526
296.04	2.701
296.40	2.671
296.76	2.688
297.12	2.770
297.49	2.884
297.85	2.888
298.21	2.825
298.57	2.948
298.93	2.939
299.29	2.857
299.65	2.851
300.01	2.768
300.37	2.634
300.73	2.718
301.09	2.673
301.45	2.738
301.81	2.683
302.17	2.722
302.53	2.683
302.89	2.751
303.25	2.698
303.61	2.949
303.97	2.811
304.33	2.890
304.69	2.714
305.05	2.723
305.41	2.601
305.77	2.652
306.13	2.469
306.49	2.567
306.85	2.589
307.21	2.803
307.57	2.853
307.93	2.986
308.29	3.026
308.65	2.991
309.01	2.992
309.37	3.045
309.73	3.036
310.09	3.199
310.45	3.210
310.81	3.222
311.17	3.026
311.53	2.898
311.89	2.904
312.25	2.884
312.61	2.923
312.96	3.023
313.32	2.931
313.68	2.849
314.04	2.803
314.40	2.669
314.76	2.663
315.12	2.869
315.48	2.996
315.84	2.831
316.20	2.818
316.56	2.863
316.92	2.762
317.27	2.715
317.63	2.652
317.99	2.543
318.35	2.544
318.71	2.502
319.07	2.399
319.43	2.260
319.79	2.287
320.15	2.334
320.50	2.122
320.86	2.143
321.22	2.253
321.58	2.307
321.94	2.412
322.30	2.393
322.66	2.478
323.01	2.458
323.37	2.469
323.73	2.507
324.09	2.549
324.45	2.654
324.81	2.580
325.17	2.505
325.52	2.561
325.88	2.466
326.24	2.573
326.60	2.620
326.96	2.736
327.31	2.803
327.67	2.818
328.03	2.727
328.39	2.657
328.75	2.717
329.11	2.895
329.46	2.867
329.82	2.947
330.18	2.929
330.54	2.951
330.90	2.967
331.25	2.966
331.61	2.952
331.97	2.987
332.33	3.154
332.68	3.067
333.04	2.933
333.40	3.000
333.76	2.958
334.11	2.878
334.47	2.706
334.83	2.586
335.19	2.635
335.54	2.751
335.90	2.830
336.26	2.789
336.62	2.919
336.97	2.900
337.33	2.844
337.69	2.780
338.05	2.889
338.40	2.995
338.76	3.072
339.12	2.999
339.48	2.959
339.83	2.887
340.19	2.883
340.55	2.796
340.90	2.783
341.26	2.756
341.62	2.823
341.97	2.899
342.33	2.987
342.69	2.924
343.04	2.968
343.40	2.859
343.76	2.900
344.12	2.923
344.47	2.982
344.83	3.001
345.19	3.053
345.54	3.125
345.90	3.055
346.26	2.904
346.61	2.989
346.97	2.932
347.32	2.988
347.68	2.961
348.04	2.931
348.39	2.874
348.75	3.016
349.11	2.980
349.46	2.919
349.82	2.899
350.18	2.939
350.53	2.809
350.89	2.842
351.24	2.838
351.60	2.891
351.96	2.864
352.31	2.900
352.67	2.769
353.02	2.771
353.38	2.789
353.74	2.733
354.09	2.697
354.45	2.801
354.80	2.748
355.16	2.745
355.52	2.650
355.87	2.665
356.23	2.637
356.58	2.683
356.94	2.685
357.29	2.662
357.65	2.700
358.00	2.718
358.36	2.651
358.72	2.712
359.07	2.738
359.43	2.761
359.78	2.801
360.14	2.797
360.49	2.802
360.85	2.782
361.20	2.797
361.56	2.823
361.91	2.800
362.27	2.828
362.62	2.813
362.98	2.767
363.33	2.771
363.69	2.732
364.04	2.696
364.40	2.686
364.75	2.702
365.11	2.725
365.46	2.669
365.82	2.697
366.17	2.682
366.53	2.712
366.88	2.746
367.24	2.782
367.59	2.836
367.95	2.951
368.30	2.947
368.66	2.960
369.01	2.968
369.37	3.002
369.72	3.013
370.08	3.119
370.43	3.092
370.78	3.079
371.14	3.071
371.49	3.029
371.85	2.979
372.20	3.023
372.56	3.069
372.91	3.054
373.26	3.080
373.62	3.038
373.97	2.991
374.33	3.006
374.68	3.019
375.03	3.034
375.39	3.008
375.74	3.014
376.10	2.964
376.45	2.996
376.80	3.030
377.16	3.022
377.51	3.109
377.87	3.103
378.22	3.143
378.57	3.213
378.93	3.237
379.28	3.335
379.63	3.404
379.99	3.461
380.34	3.445
380.70	3.458
381.05	3.515
381.40	3.514
381.76	3.531
382.11	3.585
382.46	3.535
382.82	3.533
383.17	3.531
383.52	3.536
383.88	3.503
384.23	3.514
384.58	3.480
384.94	3.473
385.29	3.464
385.64	3.505
385.99	3.460
386.35	3.530
386.70	3.600
387.05	3.593
387.41	3.593
387.76	3.640
388.11	3.628
388.47	3.709
388.82	3.708
389.17	3.737
389.52	3.761
389.88	3.801
390.23	3.814
390.58	3.817
390.93	3.878
391.29	3.894
391.64	3.952
391.99	3.976
392.34	3.977
392.70	4.031
393.05	4.065
393.40	4.073
393.75	4.082
394.11	4.065
394.46	4.071
394.81	4.031
395.16	4.046
395.52	4.019
395.87	4.026
396.22	3.994
396.57	3.963
396.92	3.945
397.28	3.954
397.63	3.966
397.98	3.990
398.33	4.007
398.68	4.059
399.04	4.111
399.39	4.140
399.74	4.166
400.09	4.208
400.44	4.241
400.80	4.267
401.15	4.277
401.50	4.284
401.85	4.344
402.20	4.342
402.55	4.363
402.90	4.321
403.26	4.356
403.61	4.405
403.96	4.429
404.31	4.466
404.66	4.489
405.01	4.532
405.36	4.580
405.72	4.584
406.07	4.617
406.42	4.641
406.77	4.696
407.12	4.705
407.47	4.717
407.82	4.753
408.17	4.751
408.53	4.776
408.88	4.801
409.23	4.852
409.58	4.872
409.93	4.874
410.28	4.931
410.63	4.963
410.98	5.009
411.33	5.040
411.68	5.061
412.03	5.100
412.38	5.155
412.73	5.151
413.09	5.156
413.44	5.189
413.79	5.255
414.14	5.258
414.49	5.269
414.84	5.284
415.19	5.345
415.54	5.369
415.89	5.391
416.24	5.402
416.59	5.441
416.94	5.460
417.29	5.481
417.64	5.492
417.99	5.518
418.34	5.550
418.69	5.562
419.04	5.553
419.39	5.584
419.74	5.611
420.09	5.636
420.44	5.649
420.79	5.651
421.14	5.648
421.49	5.655
421.84	5.673
422.19	5.685
422.54	5.716
422.89	5.738
423.24	5.746
423.59	5.761
423.94	5.778
424.29	5.789
424.64	5.820
424.99	5.851
425.34	5.885
425.68	5.908
426.03	5.937
426.38	5.952
426.73	5.977
427.08	5.983
427.43	6.000
427.78	6.030
428.13	6.084
428.48	6.109
428.83	6.143
429.18	6.152
429.53	6.161
429.87	6.187
430.22	6.180
430.57	6.208
430.92	6.250
431.27	6.268
431.62	6.263
431.97	6.250
432.32	6.260
432.67	6.276
433.01	6.296
433.36	6.315
433.71	6.329
434.06	6.388
434.41	6.395
434.76	6.408
435.11	6.426
435.45	6.467
435.80	6.512
436.15	6.532
436.50	6.531
436.85	6.546
437.20	6.567
437.54	6.594
437.89	6.570
438.24	6.586
438.59	6.597
438.94	6.610
439.29	6.611
439.63	6.610
439.98	6.630
440.33	6.652
440.68	6.652
441.03	6.641
441.37	6.618
441.72	6.633
442.07	6.629
442.42	6.641
442.76	6.661
443.11	6.670
443.46	6.679
443.81	6.674
444.16	6.672
444.50	6.678
444.85	6.704
445.20	6.709
445.55	6.715
445.89	6.707
446.24	6.693
446.59	6.664
446.94	6.645
447.28	6.629
447.63	6.608
447.98	6.614
448.32	6.627
448.67	6.586
449.02	6.585
449.37	6.585
449.71	6.605
450.06	6.607
450.41	6.634
450.75	6.651
451.10	6.649
451.45	6.686
451.79	6.681
452.14	6.677
452.49	6.713
452.84	6.738
453.18	6.740
453.53	6.740
453.88	6.756
454.22	6.759
454.57	6.763
454.92	6.802
455.26	6.812
455.61	6.834
455.95	6.847
456.30	6.866
456.65	6.865
456.99	6.889
457.34	6.895
457.69	6.910
458.03	6.913
458.38	6.934
458.73	6.949
459.07	6.973
459.42	7.001
459.76	7.006
460.11	6.988
460.46	7.001
460.80	7.015
461.15	7.046
461.49	7.050
461.84	7.084
462.19	7.116
462.53	7.121
462.88	7.124
463.22	7.131
463.57	7.176
463.91	7.232
464.26	7.279
464.61	7.306
464.95	7.337
465.30	7.364
465.64	7.391
465.99	7.409
466.33	7.419
466.68	7.450
467.02	7.469
467.37	7.493
467.71	7.492
468.06	7.496
468.41	7.519
468.75	7.533
469.10	7.545
469.44	7.548
469.79	7.543
470.13	7.577
470.48	7.557
470.82	7.556
471.17	7.565
471.51	7.578
471.86	7.586
472.20	7.575
472.55	7.600
472.89	7.630
473.23	7.641
473.58	7.651
473.92	7.638
474.27	7.655
474.61	7.665
474.96	7.627
475.30	7.620
475.65	7.617
475.99	7.633
476.34	7.626
476.68	7.613
477.02	7.620
477.37	7.610
477.71	7.631
478.06	7.673
478.40	7.721
478.75	7.821
479.09	7.913
479.43	8.002
479.78	8.095
480.12	8.200
480.47	8.331
480.81	8.457
481.15	8.602
481.50	8.740
481.84	8.891
482.19	9.052
482.53	9.182
482.87	9.252
483.22	9.243
483.56	9.164
483.90	9.038
484.25	8.870
484.59	8.715
484.94	8.593
485.28	8.472
485.62	8.319
485.97	8.154
486.31	8.004
486.65	7.919
487.00	7.921
487.34	7.978
487.68	8.072
488.03	8.188
488.37	8.275
488.71	8.312
489.06	8.332
489.40	8.347
489.74	8.363
490.09	8.390
490.43	8.397
490.77	8.402
491.11	8.411
491.46	8.419
491.80	8.429
492.14	8.450
492.49	8.481
492.83	8.503
493.17	8.540
493.51	8.573
493.86	8.602
494.20	8.635
494.54	8.670
494.88	8.718
495.23	8.783
495.57	8.841
495.91	8.896
496.25	8.934
496.60	8.985
496.94	9.043
497.28	9.094
497.62	9.138
497.97	9.218
498.31	9.293
498.65	9.361
498.99	9.418
499.33	9.490
499.68	9.572
500.02	9.649
500.36	9.730
500.70	9.782
501.04	9.871
501.39	9.964
501.73	10.051
502.07	10.137
502.41	10.249
502.75	10.331
503.09	10.415
503.44	10.497
503.78	10.591
504.12	10.683
504.46	10.810
504.80	10.888
505.14	10.974
505.49	11.058
505.83	11.144
506.17	11.209
506.51	11.299
506.85	11.382
507.19	11.480
507.53	11.572
507.87	11.663
508.22	11.743
508.56	11.831
508.90	11.912
509.24	11.989
509.58	12.072
509.92	12.154
510.26	12.224
510.60	12.316
510.94	12.390
511.28	12.467
511.63	12.555
511.97	12.630
512.31	12.722
512.65	12.828
512.99	12.924
513.33	13.025
513.67	13.137
514.01	13.258
514.35	13.376
514.69	13.467
515.03	13.576
515.37	13.653
515.71	13.723
516.05	13.802
516.39	13.870
516.73	13.941
517.07	14.003
517.41	14.049
517.75	14.101
518.09	14.140
518.43	14.199
518.77	14.231
519.11	14.293
519.45	14.373
519.79	14.442
520.13	14.523
520.47	14.593
520.81	14.678
521.15	14.771
521.49	14.879
521.83	14.965
522.17	15.067
522.51	15.169
522.85	15.263
523.19	15.400
523.53	15.567
523.87	15.710
524.21	15.888
524.55	16.038
524.89	16.191
525.23	16.316
525.57	16.425
525.91	16.533
526.25	16.650
526.58	16.756
526.92	16.830
527.26	16.874
527.60	16.909
527.94	16.928
528.28	16.946
528.62	16.952
528.96	16.964
529.30	16.990
529.64	17.005
529.97	17.008
530.31	17.008
530.65	17.025
530.99	17.058
531.33	17.119
531.67	17.164
532.01	17.225
532.35	17.280
532.68	17.317
533.02	17.354
533.36	17.392
533.70	17.443
534.04	17.493
534.38	17.537
534.71	17.594
535.05	17.628
535.39	17.666
535.73	17.730
536.07	17.819
536.41	17.946
536.74	18.056
537.08	18.161
537.42	18.276
537.76	18.386
538.10	18.489
538.43	18.592
538.77	18.690
539.11	18.794
539.45	18.871
539.79	18.928
540.12	18.954
540.46	18.997
540.80	19.033
541.14	19.048
541.47	19.091
541.81	19.115
542.15	19.136
542.49	19.155
542.82	19.180
543.16	19.213
543.50	19.258
543.84	19.312
544.17	19.367
544.51	19.433
544.85	19.493
545.18	19.520
545.52	19.574
545.86	19.635
546.20	19.726
546.53	19.778
546.87	19.840
547.21	19.892
547.54	19.968
547.88	20.046
548.22	20.111
548.55	20.203
548.89	20.306
549.23	20.401
549.56	20.443
549.90	20.530
550.24	20.612
550.57	20.669
550.91	20.712
551.25	20.750
551.58	20.790
551.92	20.841
552.26	20.865
552.59	20.882
552.93	20.939
553.27	21.029
553.60	21.052
553.94	21.128
554.27	21.190
554.61	21.282
554.95	21.380
555.28	21.453
555.62	21.530
555.95	21.603
556.29	21.686
556.63	21.755
556.96	21.791
557.30	21.854
557.63	21.907
557.97	21.976
558.31	22.037
558.64	22.094
558.98	22.147
559.31	22.187
559.65	22.238
559.98	22.302
560.32	22.348
560.65	22.387
560.99	22.423
561.33	22.467
561.66	22.500
562.00	22.551
562.33	22.595
562.67	22.642
563.00	22.714
563.34	22.770
563.67	22.811
564.01	22.854
564.34	22.915
564.68	22.965
565.01	23.003
565.35	23.041
565.68	23.077
566.02	23.117
566.35	23.195
566.69	23.215
567.02	23.266
567.36	23.318
567.69	23.364
568.03	23.410
568.36	23.466
568.69	23.529
569.03	23.595
569.36	23.619
569.70	23.643
570.03	23.655
570.37	23.724
570.70	23.787
571.04	23.825
571.37	23.885
571.70	23.941
572.04	23.972
572.37	24.008
572.71	24.074
573.04	24.122
573.37	24.192
573.71	24.261
574.04	24.315
574.38	24.349
574.71	24.419
575.04	24.459
575.38	24.507
575.71	24.569
576.05	24.641
576.38	24.671
576.71	24.757
577.05	24.804
577.38	24.839
577.71	24.902
578.05	24.954
578.38	24.961
578.71	25.005
579.05	25.058
579.38	25.126
579.71	25.147
580.05	25.167
580.38	25.202
580.71	25.262
581.05	25.316
581.38	25.333
581.71	25.388
582.05	25.467
582.38	25.552
582.71	25.601
583.04	25.638
583.38	25.711
583.71	25.790
584.04	25.841
584.38	25.908
584.71	25.957
585.04	26.024
585.37	26.067
585.71	26.104
586.04	26.114
586.37	26.169
586.70	26.225
587.04	26.255
587.37	26.330
587.70	26.368
588.03	26.428
588.37	26.467
588.70	26.495
589.03	26.502
589.36	26.568
589.69	26.593
590.03	26.624
590.36	26.632
590.69	26.659
591.02	26.679
591.35	26.710
591.69	26.713
592.02	26.761
592.35	26.780
592.68	26.868
593.01	26.886
593.35	26.947
593.68	26.977
594.01	27.037
594.34	27.081
594.67	27.089
595.00	27.098
595.34	27.093
595.67	27.125
596.00	27.158
596.33	27.146
596.66	27.179
596.99	27.207
597.32	27.241
597.65	27.276
597.99	27.292
598.32	27.324
598.65	27.417
598.98	27.471
599.31	27.492
599.64	27.568
599.97	27.632
600.30	27.662
600.63	27.719
600.96	27.728
601.30	27.735
601.63	27.764
601.96	27.762
602.29	27.740
602.62	27.764
602.95	27.778
603.28	27.805
603.61	27.844
603.94	27.853
604.27	27.856
604.60	27.931
604.93	27.973
605.26	28.032
605.59	28.122
605.92	28.201
606.25	28.279
606.58	28.340
606.91	28.365
607.24	28.377
607.57	28.418
607.90	28.440
608.23	28.417
608.56	28.480
608.89	28.513
609.22	28.523
609.55	28.562
609.88	28.580
610.21	28.640
610.54	28.690
610.87	28.753
611.20	28.805
611.53	28.893
611.86	29.001
612.19	29.013
612.52	29.091
612.85	29.194
613.18	29.234
613.51	29.268
613.84	29.299
614.17	29.323
614.49	29.353
614.82	29.422
615.15	29.411
615.48	29.412
615.81	29.458
616.14	29.438
616.47	29.467
616.80	29.510
617.13	29.528
617.46	29.547
617.78	29.559
618.11	29.608
618.44	29.612
618.77	29.650
619.10	29.687
619.43	29.752
619.76	29.809
620.09	29.787
620.41	29.845
620.74	29.907
621.07	29.938
621.40	29.950
621.73	29.963
622.06	30.017
622.38	30.091
622.71	30.105
623.04	30.084
623.37	30.124
623.70	30.152
624.02	30.107
624.35	30.132
624.68	30.139
625.01	30.204
625.34	30.215
625.66	30.219
625.99	30.206
626.32	30.240
626.65	30.301
626.98	30.275
627.30	30.361
627.63	30.421
627.96	30.460
628.29	30.513
628.61	30.549
628.94	30.586
629.27	30.648
629.60	30.723
629.92	30.747
630.25	30.759
630.58	30.813
630.91	30.751
631.23	30.777
631.56	30.750
631.89	30.777
632.21	30.781
632.54	30.805
632.87	30.835
633.19	30.827
633.52	30.825
633.85	30.871
634.18	30.846
634.50	30.900
634.83	30.900
635.16	30.949
635.48	30.964
635.81	30.971
636.14	30.988
636.46	30.974
636.79	30.988
637.11	31.067
637.44	31.068
637.77	31.129
638.09	31.137
638.42	31.128
638.75	31.109
639.07	31.098
639.40	31.121
639.73	31.124
640.05	31.168
640.38	31.157
640.70	31.177
641.03	31.194
641.36	31.231
641.68	31.237
642.01	31.283
642.33	31.353
642.66	31.415
642.98	31.441
643.31	31.482
643.64	31.455
643.96	31.476
644.29	31.423
644.61	31.423
644.94	31.481
645.26	31.467
645.59	31.489
645.91	31.506
646.24	31.558
646.56	31.545
646.89	31.558
647.22	31.613
647.54	31.662
647.87	31.695
648.19	31.715
648.52	31.683
648.84	31.773
649.17	31.745
649.49	31.711
649.82	31.659
650.14	31.726
650.47	31.690
650.79	31.677
651.11	31.602
651.44	31.611
651.76	31.603
652.09	31.576
652.41	31.545
652.74	31.613
653.06	31.624
653.39	31.672
653.71	31.665
654.04	31.710
654.36	31.694
654.68	31.764
655.01	31.757
655.33	31.712
655.66	31.737
655.98	31.725
656.30	31.651
656.63	31.634
656.95	31.575
657.28	31.561
657.60	31.545
657.92	31.493
658.25	31.439
658.57	31.445
658.90	31.480
659.22	31.449
659.54	31.497
659.87	31.526
660.19	31.514
660.51	31.576
660.84	31.586
661.16	31.574
661.48	31.636
661.81	31.673
662.13	31.697
662.45	31.666
662.78	31.695
663.10	31.655
663.42	31.705
663.75	31.766
664.07	31.768
664.39	31.740
664.72	31.739
665.04	31.720
665.36	31.698
665.69	31.706
666.01	31.735
666.33	31.684
666.65	31.640
666.98	31.606
667.30	31.625
667.62	31.533
667.94	31.565
668.27	31.617
668.59	31.623
668.91	31.608
669.23	31.552
669.56	31.578
669.88	31.593
670.20	31.596
670.52	31.568
670.85	31.609
671.17	31.661
671.49	31.624
671.81	31.580
672.13	31.550
672.46	31.605
672.78	31.595
673.10	31.572
673.42	31.631
673.74	31.698
674.07	31.718
674.39	31.630
674.71	31.564
675.03	31.604
675.35	31.556
675.67	31.602
676.00	31.615
676.32	31.599
676.64	31.665
676.96	31.660
677.28	31.622
677.60	31.680
677.92	31.732
678.25	31.749
678.57	31.730
678.89	31.726
679.21	31.731
679.53	31.745
679.85	31.747
680.17	31.676
680.49	31.659
680.81	31.662
681.13	31.658
681.46	31.661
681.78	31.702
682.10	31.711
682.42	31.806
682.74	31.764
683.06	31.705
683.38	31.759
683.70	31.862
684.02	31.915
684.34	31.909
684.66	31.888
684.98	31.822
685.30	31.905
685.62	31.885
685.94	31.823
686.26	31.863
686.58	31.921
686.90	31.991
687.22	31.947
687.54	31.944
687.86	31.985
688.18	31.923
688.50	31.896
688.82	31.789
689.14	31.765
689.46	31.838
689.78	31.838
690.10	31.760
690.42	31.658
690.74	31.546
691.06	31.451
691.38	31.430
691.70	31.493
692.02	31.574
692.34	31.567
692.66	31.548
692.98	31.460
693.30	31.454
693.62	31.485
693.94	31.414
694.26	31.512
694.57	31.423
694.89	31.316
695.21	31.337
695.53	31.254
695.85	31.222
696.17	31.197
696.49	31.123
696.81	31.123
697.13	31.061
697.44	31.097
697.76	30.933
698.08	31.003
698.40	31.011
698.72	30.884
699.04	30.814
699.36	30.804
699.67	30.776
699.99	30.782
700.31	30.675
700.63	30.645
700.95	30.575
701.27	30.605
701.58	30.535
701.90	30.439
702.22	30.429
702.54	30.428
702.86	30.383
703.17	30.251
703.49	30.215
703.81	30.204
704.13	30.202
704.45	30.193
704.76	30.223
705.08	30.200
705.40	30.249
705.72	30.201
706.03	30.162
706.35	30.153
706.67	30.179
706.99	30.112
707.30	30.035
707.62	30.015
707.94	30.104
708.26	30.053
708.57	30.065
708.89	30.018
709.21	30.042
709.53	30.082
709.84	29.989
710.16	30.077
710.48	30.123
710.79	30.081
711.11	30.170
711.43	29.919
711.74	29.816
712.06	29.747
712.38	29.715
712.69	29.620
713.01	29.532
713.33	29.512
713.64	29.444
713.96	29.415
714.28	29.452
714.59	29.316
714.91	29.431
715.23	29.553
715.54	29.567
715.86	29.645
716.17	29.740
716.49	29.818
716.81	29.885
717.12	29.769
717.44	29.757
717.76	29.797
718.07	29.841
718.39	29.833
718.70	29.735
719.02	29.479
719.33	29.360
719.65	29.167
719.97	29.068
720.28	29.019
720.60	29.058
720.91	29.103
721.23	28.905
721.54	28.815
721.86	28.751
722.17	28.649
722.49	28.749
722.81	28.665
723.12	28.561
723.44	28.561
723.75	28.570
724.07	28.484
724.38	28.355
724.70	28.360
725.01	28.396
725.33	28.417
725.64	28.450
725.96	28.475
726.27	28.403
726.59	28.474
726.90	28.452
727.22	28.395
727.53	28.487
727.84	28.471
728.16	28.502
728.47	28.371
728.79	28.304
729.10	28.288
729.42	28.229
729.73	28.187
730.05	28.153
730.36	27.976
730.67	27.853
730.99	27.714
731.30	27.591
731.62	27.425
731.93	27.361
732.24	27.178
732.56	26.960
732.87	26.733
733.19	26.539
733.50	26.470
733.81	26.400
734.13	26.338
734.44	26.168
734.76	26.078
735.07	25.947
735.38	25.716
735.70	25.796
736.01	25.755
736.32	25.872
736.64	26.072
736.95	25.905
737.26	25.939
737.58	25.815
737.89	25.830
738.20	25.707
738.52	25.784
738.83	25.791
739.14	25.635
739.45	25.598
739.77	25.493
740.08	25.256
740.39	25.224
740.71	24.985
741.02	24.932
741.33	24.942
741.64	24.931
741.96	24.686
742.27	24.624
742.58	24.369
742.90	24.405
743.21	24.297
743.52	24.290
743.83	24.398
744.14	24.438
744.46	24.383
744.77	24.182
745.08	24.180
745.39	24.212
745.71	24.123
746.02	24.302
746.33	24.170
746.64	24.160
746.95	24.138
747.27	23.983
747.58	23.898
747.89	23.806
748.20	23.772
748.51	23.594
748.82	23.544
749.14	23.565
749.45	23.368
749.76	23.225
750.07	23.152
750.38	23.081
750.69	23.196
751.01	23.206
751.32	23.170
751.63	23.032
751.94	23.121
752.25	23.120
752.56	23.057
752.87	23.160
753.18	23.161
753.49	23.190
753.81	22.954
754.12	22.747
754.43	22.800
754.74	22.868
755.05	22.952
755.36	23.084
755.67	23.252
755.98	23.290
756.29	23.439
756.60	23.686
756.91	23.992
757.22	24.631
757.53	24.882
757.84	25.080
758.15	25.257
758.46	25.636
758.77	25.873
759.09	26.160
759.40	26.465
759.71	26.598
760.02	26.583
760.33	26.508
760.64	26.415
760.95	26.396
761.26	26.301
761.57	26.341
761.88	26.240
762.18	26.075
762.49	25.863
762.80	25.616
763.11	25.358
763.42	25.212
763.73	25.072
764.04	24.772
764.35	24.563
764.66	24.312
764.97	23.988
765.28	23.688
765.59	23.318
765.90	23.014
766.21	22.965
766.52	22.629
766.83	22.366
767.14	22.002
767.44	21.849
767.75	21.781
768.06	21.633
768.37	21.444
768.68	21.250
768.99	21.255
769.30	21.014
769.61	20.613
769.91	20.613
770.22	20.640
770.53	20.504
770.84	20.531
771.15	20.374
771.46	20.366
771.77	20.220
772.07	20.046
772.38	19.739
772.69	19.713
773.00	19.482
773.31	19.652
773.61	19.319
773.92	19.237
774.23	18.973
774.54	18.636
774.85	18.357
775.15	18.431
775.46	18.420
775.77	18.512
776.08	18.278
776.39	18.447
776.69	18.320
777.00	18.610
777.31	18.683
777.62	18.798
777.92	18.969
778.23	19.179
778.54	18.983
778.85	18.876
779.15	18.898
779.46	19.096
779.77	19.074
780.07	19.079
780.38	18.642
780.69	18.762
781.00	18.483
781.30	18.226
781.61	18.161
781.92	18.413
782.22	18.403
782.53	18.419
782.84	18.451
783.14	18.572
783.45	18.596
783.76	19.029
784.06	18.945
784.37	19.295
784.68	19.486
784.98	19.825
785.29	19.845
785.60	20.232
785.90	20.520
786.21	20.755
786.51	20.695
786.82	20.612
787.13	20.704
787.43	20.853
787.74	20.831
788.04	21.028
788.35	20.533
788.66	20.303
788.96	20.230
789.27	20.201
789.57	19.824
789.88	19.744
790.19	19.728
790.49	19.757
790.80	19.789
791.10	19.898
791.41	19.713
791.71	19.975
792.02	20.014
792.32	19.927
792.63	20.187
792.93	20.448
793.24	20.330
793.54	20.351
793.85	20.248
794.15	19.933
794.46	19.541
794.76	19.498
795.07	19.661
795.37	19.660
795.68	19.360
795.98	18.922
796.29	18.874
796.59	19.037
796.90	18.773
797.20	18.682
797.51	19.039
797.81	19.172
798.12	19.059
798.42	18.860
798.72	18.774
799.03	19.112
799.33	19.061
799.64	19.208
799.94	19.027
800.25	19.449
800.55	19.234
800.85	18.849
801.16	18.640
801.46	18.997
801.77	18.937
802.07	18.852
802.37	18.550
802.68	18.336
802.98	18.411
803.28	18.605
803.59	18.234
803.89	18.588
804.20	18.988
804.50	19.256
804.80	19.022
805.11	19.242
805.41	19.386
805.71	19.381
806.02	19.623
806.32	19.340
806.62	19.164
806.93	19.588
807.23	19.339
807.53	18.780
807.83	18.852
808.14	18.679
808.44	18.489
808.74	18.960
809.05	19.470
809.35	19.532
809.65	19.337
809.95	19.511
810.26	18.958
810.56	19.125
810.86	19.543
811.16	19.141
811.47	19.382
811.77	20.014
812.07	19.634
812.37	19.030
812.68	19.131
812.98	19.772
813.28	19.974
813.58	20.304
813.88	20.131
814.19	20.501
814.49	20.812
814.79	20.842
815.09	20.679
815.39	20.927
815.70	21.318
816.00	21.295
816.30	21.152
816.60	20.898
816.90	21.281
817.20	21.960
817.50	22.038
817.81	22.510
818.11	22.719
818.41	22.995
818.71	23.030
819.01	23.164
819.31	23.267
819.61	23.325
819.92	23.473
820.22	23.473
820.52	23.510
820.82	23.533
821.12	23.474
821.42	23.482
821.72	23.496
822.02	23.481
822.32	23.487
822.62	23.490
822.92	23.399
823.22	23.390
823.52	23.363
823.83	23.254
824.13	23.171
824.43	23.066
824.73	22.927
825.03	22.798
825.33	22.737
825.63	22.672
825.93	22.575
826.23	22.626
826.53	22.459
826.83	22.412
827.13	22.260
827.43	22.279
827.73	22.357
828.03	22.315
828.33	21.891
828.63	21.858
828.93	21.814
829.23	21.662
829.53	21.491
829.83	21.803
830.13	21.456
830.42	21.501
830.72	21.349
831.02	21.268
831.32	21.479
831.62	21.946
831.92	21.924
832.22	21.959
832.52	22.068
832.82	22.199
833.12	21.661
833.42	21.795
833.72	21.934
834.01	21.850
834.31	21.865
834.61	21.843
834.91	21.583
835.21	21.562
835.51	21.413
835.81	21.288
836.11	21.099
836.40	21.121
836.70	21.137
837.00	21.026
837.30	20.826
837.60	20.798
837.90	21.057
838.19	21.132
838.49	20.829
838.79	20.507
839.09	20.149
839.39	19.802
839.68	20.159
839.98	19.525
840.28	18.721
840.58	18.577
840.88	17.767
841.17	17.093
841.47	16.659
841.77	16.318
842.07	15.622
842.36	15.150
842.66	14.316
842.96	14.232
843.26	13.792
843.55	13.794
843.85	13.544
844.15	13.537
844.45	13.712
844.74	13.909
845.04	13.240
845.34	13.478
845.63	13.523
845.93	14.664
846.23	13.852
846.53	14.597
846.82	14.196
847.12	14.773
847.42	14.790
847.71	14.168
848.01	14.247
848.31	14.706
848.60	14.881
848.90	13.752
849.19	13.298
849.49	13.144
849.79	13.901
850.08	14.525
850.38	13.923
850.68	14.272
850.97	13.904
851.27	12.463
851.56	13.414
851.86	12.330
852.16	13.558
852.45	15.066
852.75	16.274
853.04	14.699
853.34	14.767
853.64	14.067
853.93	13.455
854.23	13.776
854.52	14.030
854.82	13.739
855.11	14.009
855.41	13.740
855.70	12.493
856.00	11.753
856.30	12.000
856.59	10.540
856.89	12.236
857.18	13.871
857.48	14.401
857.77	14.780
858.07	14.934
858.36	15.003
858.66	14.297
858.95	15.440
859.25	15.862
859.54	16.358
859.84	17.812
860.13	16.279
860.42	16.506
860.72	16.248
861.01	16.548
861.31	15.187
861.60	15.709
861.90	16.228
862.19	13.538
862.49	12.196
862.78	13.521
863.07	14.061
863.37	14.109
863.66	12.593
863.96	13.018
864.25	12.574
864.54	15.044
864.84	13.901
865.13	11.997
865.43	11.618
865.72	10.435
866.01	31.097
866.31	4.729
866.60	-14.445
866.89	-3.162
>>>>>End Spectral Data<<<<<
