180.30	0.000
180.67	0.000
181.03	-9.681
181.40	35.192
181.77	-46.722
182.14	-193.991
182.51	322.416
182.88	27.718
183.25	172.298
183.62	290.012
183.99	67.927
184.36	51.494
184.73	-100.222
185.10	1097.066
185.46	-78.198
185.83	159.625
186.20	37.645
186.57	353.369
186.94	106.120
187.31	6.483
187.68	-1580.144
188.05	-422.383
188.42	-285.429
188.78	378.357
189.15	171.784
189.52	120.616
189.89	101.625
190.26	87.693
190.63	76.666
191.00	62.543
191.37	43.174
191.73	87.076
192.10	61.145
192.47	23.632
192.84	-110.540
193.21	-131.393
193.58	-151.352
193.94	-183.195
194.31	-103.527
194.68	-32.194
195.05	-1.459
195.42	16.850
195.79	-4.525
196.15	-3.704
196.52	27.780
196.89	44.738
197.26	22.143
197.63	16.804
198.00	74.481
198.36	128.392
198.73	250.596
199.10	149.222
199.47	76.862
199.84	66.827
200.20	73.119
200.57	68.559
200.94	81.461
201.31	93.753
201.68	97.418
202.04	78.260
202.41	69.332
202.78	61.017
203.15	60.784
203.51	66.566
203.88	75.354
204.25	68.565
204.62	58.430
204.98	44.033
205.35	22.167
205.72	8.644
206.09	-36.774
206.46	-7.233
206.82	-47.512
207.19	-76.692
207.56	-96.081
207.92	-113.172
208.29	-56.667
208.66	-62.314
209.03	-57.975
209.39	3.387
209.76	0.987
210.13	23.045
210.50	26.120
210.86	37.957
211.23	44.927
211.60	18.334
211.96	-10.967
212.33	-75.035
212.70	1907.620
213.07	273.770
213.43	347.949
213.80	779.548
214.17	189.421
214.53	1044.265
214.90	-117.004
215.27	-27.796
215.63	-36.272
216.00	37.908
216.37	23.877
216.74	23.858
217.10	29.835
217.47	29.579
217.84	36.561
218.20	32.559
218.57	39.272
218.94	36.995
219.30	32.122
219.67	34.841
220.04	28.319
220.40	39.762
220.77	27.117
221.13	25.630
221.50	22.799
221.87	17.063
222.23	22.472
222.60	14.940
222.97	10.848
223.33	4.509
223.70	-0.973
224.07	-5.099
224.43	-6.240
224.80	3.863
225.16	2.899
225.53	3.265
225.90	0.161
226.26	-0.507
226.63	0.366
226.99	0.226
227.36	1.000
227.73	1.583
228.09	2.315
228.46	4.210
228.82	1.224
229.19	1.799
229.56	0.627
229.92	2.350
230.29	3.014
230.65	2.695
231.02	1.060
231.38	1.370
231.75	2.022
232.12	2.149
232.48	-0.408
232.85	1.264
233.21	-0.305
233.58	1.636
233.94	2.049
234.31	1.623
234.68	0.710
235.04	4.054
235.41	3.259
235.77	1.907
236.14	1.768
236.50	2.974
236.87	4.281
237.23	6.097
237.60	4.068
237.96	3.436
238.33	2.765
238.69	4.082
239.06	3.156
239.42	2.643
239.79	2.904
240.15	3.569
240.52	3.697
240.88	2.982
241.25	3.095
241.61	3.179
241.98	3.331
242.34	3.359
242.71	2.963
243.07	3.530
243.44	4.244
243.80	4.572
244.17	4.180
244.53	3.951
244.90	4.000
245.26	3.933
245.63	3.994
245.99	4.218
246.36	4.387
246.72	4.253
247.09	3.817
247.45	4.087
247.81	3.963
248.18	4.032
248.54	4.046
248.91	4.035
249.27	3.876
249.64	4.524
250.00	4.838
250.36	4.729
250.73	4.437
251.09	4.311
251.46	3.260
251.82	3.367
252.19	3.222
252.55	3.627
252.91	3.845
253.28	3.991
253.64	3.247
254.01	2.164
254.37	2.424
254.73	3.016
255.10	3.072
255.46	3.810
255.83	4.074
256.19	4.266
256.55	3.966
256.92	3.981
257.28	3.964
257.65	4.103
258.01	3.962
258.37	3.751
258.74	3.700
259.10	4.001
259.46	3.725
259.83	3.664
260.19	3.664
260.55	3.633
260.92	3.552
261.28	3.332
261.64	3.184
262.01	3.406
262.37	3.606
262.73	3.686
263.10	3.319
263.46	4.005
263.82	3.765
264.19	3.459
264.55	3.992
264.91	4.052
265.28	4.303
265.64	4.218
266.00	4.090
266.37	4.255
266.73	4.262
267.09	4.262
267.46	3.404
267.82	3.647
268.18	3.735
268.54	3.426
268.91	3.932
269.27	3.701
269.63	3.715
270.00	3.834
270.36	3.584
270.72	3.488
271.08	3.473
271.45	4.007
271.81	3.947
272.17	4.205
272.53	4.219
272.90	3.860
273.26	3.784
273.62	3.765
273.98	3.905
274.35	4.105
274.71	3.969
275.07	4.406
275.43	4.240
275.80	4.161
276.16	4.035
276.52	4.094
276.88	4.126
277.25	4.028
277.61	4.127
277.97	3.664
278.33	3.399
278.69	3.504
279.06	3.135
279.42	2.951
279.78	2.974
280.14	2.847
280.50	3.125
280.87	3.188
281.23	3.374
281.59	3.393
281.95	3.686
282.31	3.739
282.68	3.892
283.04	3.904
283.40	3.800
283.76	3.698
284.12	3.810
284.48	3.423
284.85	3.208
285.21	3.162
285.57	3.013
285.93	3.068
286.29	2.912
286.65	2.729
287.02	2.819
287.38	3.097
287.74	3.149
288.10	2.959
288.46	3.119
288.82	3.175
289.18	3.188
289.54	3.164
289.91	2.982
290.27	3.365
290.63	3.532
290.99	3.348
291.35	3.140
291.71	2.970
292.07	3.016
292.43	2.866
292.79	2.914
293.16	3.051
293.52	3.268
293.88	3.363
294.24	3.162
294.60	3.145
294.96	3.166
295.32	3.278
295.68	3.275
296.04	3.351
296.40	3.435
296.76	3.386
297.12	3.473
297.49	3.512
297.85	3.776
298.21	3.912
298.57	4.011
298.93	4.233
299.29	4.278
299.65	4.503
300.01	4.493
300.37	4.545
300.73	4.609
301.09	4.614
301.45	4.517
301.81	4.351
302.17	4.233
302.53	4.076
302.89	3.982
303.25	3.959
303.61	3.759
303.97	3.962
304.33	4.134
304.69	4.365
305.05	4.196
305.41	4.330
305.77	4.279
306.13	4.456
306.49	4.629
306.85	4.672
307.21	4.629
307.57	4.670
307.93	4.541
308.29	4.495
308.65	4.165
309.01	4.121
309.37	4.108
309.73	4.112
310.09	4.052
310.45	4.098
310.81	4.119
311.17	4.150
311.53	4.214
311.89	4.264
312.25	4.164
312.61	4.424
312.96	4.628
313.32	4.542
313.68	4.493
314.04	4.570
314.40	4.360
314.76	4.353
315.12	4.405
315.48	4.493
315.84	4.359
316.20	4.247
316.56	4.175
316.92	4.044
317.27	4.128
317.63	4.168
317.99	4.047
318.35	4.181
318.71	4.285
319.07	4.519
319.43	4.342
319.79	4.330
320.15	4.500
320.50	4.561
320.86	4.547
321.22	4.539
321.58	4.620
321.94	4.751
322.30	4.903
322.66	4.857
323.01	4.659
323.37	4.973
323.73	5.057
324.09	5.272
324.45	5.332
324.81	5.412
325.17	5.436
325.52	5.390
325.88	5.411
326.24	5.322
326.60	5.443
326.96	5.589
327.31	5.458
327.67	5.642
328.03	5.571
328.39	5.569
328.75	5.651
329.11	5.763
329.46	5.941
329.82	6.070
330.18	6.134
330.54	6.159
330.90	6.155
331.25	6.264
331.61	6.193
331.97	6.185
332.33	6.122
332.68	6.300
333.04	6.382
333.40	6.265
333.76	6.174
334.11	6.200
334.47	6.257
334.83	6.163
335.19	6.104
335.54	6.115
335.90	6.078
336.26	6.113
336.62	6.051
336.97	5.927
337.33	6.063
337.69	6.100
338.05	6.203
338.40	6.155
338.76	6.254
339.12	6.291
339.48	6.185
339.83	6.170
340.19	6.244
340.55	6.228
340.90	6.288
341.26	6.326
341.62	6.358
341.97	6.299
342.33	6.265
342.69	6.266
343.04	6.236
343.40	6.361
343.76	6.373
344.12	6.375
344.47	6.339
344.83	6.426
345.19	6.366
345.54	6.383
345.90	6.313
346.26	6.368
346.61	6.341
346.97	6.399
347.32	6.394
347.68	6.513
348.04	6.494
348.39	6.563
348.75	6.477
349.11	6.557
349.46	6.637
349.82	6.670
350.18	6.631
350.53	6.752
350.89	6.759
351.24	6.856
351.60	6.861
351.96	6.889
352.31	6.898
352.67	6.915
353.02	6.827
353.38	6.783
353.74	6.790
354.09	6.816
354.45	6.674
354.80	6.619
355.16	6.566
355.52	6.553
355.87	6.573
356.23	6.593
356.58	6.570
356.94	6.619
357.29	6.553
357.65	6.548
358.00	6.526
358.36	6.580
358.72	6.559
359.07	6.513
359.43	6.530
359.78	6.559
360.14	6.502
360.49	6.563
360.85	6.585
361.20	6.650
361.56	6.690
361.91	6.721
362.27	6.748
362.62	6.785
362.98	6.884
363.33	6.898
363.69	6.936
364.04	6.984
364.40	6.991
364.75	6.961
365.11	6.957
365.46	6.973
365.82	6.962
366.17	6.963
366.53	6.989
366.88	6.983
367.24	7.003
367.59	6.944
367.95	6.988
368.30	7.010
368.66	7.066
369.01	7.084
369.37	7.154
369.72	7.245
370.08	7.321
370.43	7.374
370.78	7.426
371.14	7.468
371.49	7.540
371.85	7.570
372.20	7.645
372.56	7.689
372.91	7.740
373.26	7.806
373.62	7.796
373.97	7.859
374.33	7.918
374.68	7.922
375.03	7.927
375.39	7.913
375.74	7.913
376.10	7.947
376.45	8.069
376.80	8.178
377.16	8.151
377.51	8.213
377.87	8.307
378.22	8.380
378.57	8.479
378.93	8.567
379.28	8.709
379.63	8.832
379.99	8.923
380.34	8.934
380.70	8.990
381.05	9.101
381.40	9.191
381.76	9.193
382.11	9.262
382.46	9.320
382.82	9.395
383.17	9.455
383.52	9.501
383.88	9.621
384.23	9.751
384.58	9.800
384.94	9.879
385.29	9.982
385.64	10.088
385.99	10.150
386.35	10.242
386.70	10.293
387.05	10.392
387.41	10.519
387.76	10.515
388.11	10.546
388.47	10.626
388.82	10.711
389.17	10.781
389.52	10.872
389.88	11.000
390.23	11.119
390.58	11.195
390.93	11.270
391.29	11.382
391.64	11.526
391.99	11.600
392.34	11.700
392.70	11.816
393.05	11.895
393.40	11.972
393.75	12.058
394.11	12.096
394.46	12.212
394.81	12.295
395.16	12.317
395.52	12.332
395.87	12.406
396.22	12.520
396.57	12.544
396.92	12.639
397.28	12.688
397.63	12.710
397.98	12.788
398.33	12.883
398.68	12.976
399.04	13.044
399.39	13.088
399.74	13.157
400.09	13.168
400.44	13.240
400.80	13.294
401.15	13.322
401.50	13.407
401.85	13.459
402.20	13.464
402.55	13.491
402.90	13.552
403.26	13.655
403.61	13.721
403.96	13.773
404.31	13.821
404.66	13.839
405.01	13.909
405.36	13.951
405.72	13.985
406.07	14.056
406.42	14.127
406.77	14.139
407.12	14.194
407.47	14.231
407.82	14.264
408.17	14.281
408.53	14.378
408.88	14.436
409.23	14.460
409.58	14.515
409.93	14.592
410.28	14.621
410.63	14.687
410.98	14.685
411.33	14.703
411.68	14.755
412.03	14.806
412.38	14.790
412.73	14.806
413.09	14.819
413.44	14.848
413.79	14.816
414.14	14.847
414.49	14.861
414.84	14.899
415.19	14.937
415.54	14.954
415.89	14.937
416.24	14.983
416.59	14.978
416.94	14.961
417.29	14.943
417.64	14.949
417.99	14.927
418.34	14.938
418.69	14.910
419.04	14.881
419.39	14.883
419.74	14.921
420.09	14.906
420.44	14.911
420.79	14.951
421.14	14.967
421.49	15.008
421.84	15.017
422.19	15.031
422.54	15.070
422.89	15.121
423.24	15.123
423.59	15.145
423.94	15.159
424.29	15.192
424.64	15.222
424.99	15.286
425.34	15.315
425.68	15.374
426.03	15.420
426.38	15.480
426.73	15.518
427.08	15.601
427.43	15.630
427.78	15.680
428.13	15.727
428.48	15.777
428.83	15.758
429.18	15.759
429.53	15.795
429.87	15.822
430.22	15.841
430.57	15.859
430.92	15.847
431.27	15.858
431.62	15.876
431.97	15.876
432.32	15.861
432.67	15.891
433.01	15.940
433.36	15.985
433.71	15.974
434.06	16.010
434.41	16.039
434.76	16.081
435.11	16.128
435.45	16.177
435.80	16.209
436.15	16.234
436.50	16.243
436.85	16.256
437.20	16.221
437.54	16.252
437.89	16.237
438.24	16.242
438.59	16.259
438.94	16.255
439.29	16.238
439.63	16.242
439.98	16.270
440.33	16.291
440.68	16.296
441.03	16.327
441.37	16.319
441.72	16.353
442.07	16.378
442.42	16.396
442.76	16.424
443.11	16.428
443.46	16.439
443.81	16.439
444.16	16.462
444.50	16.455
444.85	16.463
445.20	16.492
445.55	16.481
445.89	16.494
446.24	16.492
446.59	16.488
446.94	16.528
447.28	16.553
447.63	16.596
447.98	16.601
448.32	16.629
448.67	16.661
449.02	16.676
449.37	16.718
449.71	16.748
450.06	16.793
450.41	16.836
450.75	16.851
451.10	16.889
451.45	16.896
451.79	16.940
452.14	16.985
452.49	17.012
452.84	17.048
453.18	17.076
453.53	17.085
453.88	17.103
454.22	17.095
454.57	17.106
454.92	17.124
455.26	17.128
455.61	17.123
455.95	17.116
456.30	17.142
456.65	17.157
456.99	17.168
457.34	17.182
457.69	17.181
458.03	17.216
458.38	17.237
458.73	17.257
459.07	17.290
459.42	17.336
459.76	17.375
460.11	17.410
460.46	17.463
460.80	17.488
461.15	17.543
461.49	17.617
461.84	17.684
462.19	17.748
462.53	17.799
462.88	17.867
463.22	17.911
463.57	17.983
463.91	18.039
464.26	18.094
464.61	18.157
464.95	18.223
465.30	18.251
465.64	18.298
465.99	18.332
466.33	18.367
466.68	18.386
467.02	18.421
467.37	18.441
467.71	18.427
468.06	18.465
468.41	18.499
468.75	18.524
469.10	18.594
469.44	18.608
469.79	18.635
470.13	18.665
470.48	18.693
470.82	18.733
471.17	18.760
471.51	18.812
471.86	18.817
472.20	18.806
472.55	18.800
472.89	18.778
473.23	18.779
473.58	18.768
473.92	18.759
474.27	18.777
474.61	18.775
474.96	18.776
475.30	18.785
475.65	18.791
475.99	18.824
476.34	18.834
476.68	18.841
477.02	18.862
477.37	18.905
477.71	18.935
478.06	18.954
478.40	19.008
478.75	19.091
479.09	19.218
479.43	19.340
479.78	19.494
480.12	19.651
480.47	19.842
480.81	20.048
481.15	20.250
481.50	20.468
481.84	20.745
482.19	21.010
482.53	21.210
482.87	21.268
483.22	21.170
483.56	20.928
483.90	20.675
484.25	20.485
484.59	20.374
484.94	20.243
485.28	20.078
485.62	19.837
485.97	19.580
486.31	19.384
486.65	19.318
487.00	19.431
487.34	19.705
487.68	19.995
488.03	20.180
488.37	20.219
488.71	20.272
489.06	20.316
489.40	20.363
489.74	20.408
490.09	20.448
490.43	20.479
490.77	20.518
491.11	20.555
491.46	20.593
491.80	20.626
492.14	20.672
492.49	20.695
492.83	20.717
493.17	20.747
493.51	20.784
493.86	20.851
494.20	20.922
494.54	20.984
494.88	21.051
495.23	21.098
495.57	21.154
495.91	21.211
496.25	21.285
496.60	21.387
496.94	21.479
497.28	21.567
497.62	21.628
497.97	21.725
498.31	21.824
498.65	21.906
498.99	22.040
499.33	22.154
499.68	22.251
500.02	22.333
500.36	22.425
500.70	22.496
501.04	22.590
501.39	22.707
501.73	22.779
502.07	22.859
502.41	22.959
502.75	23.006
503.09	23.063
503.44	23.145
503.78	23.219
504.12	23.311
504.46	23.398
504.80	23.492
505.14	23.557
505.49	23.642
505.83	23.725
506.17	23.786
506.51	23.889
506.85	23.982
507.19	24.083
507.53	24.161
507.87	24.220
508.22	24.296
508.56	24.362
508.90	24.415
509.24	24.477
509.58	24.532
509.92	24.618
510.26	24.665
510.60	24.736
510.94	24.785
511.28	24.867
511.63	24.973
511.97	25.039
512.31	25.101
512.65	25.206
512.99	25.300
513.33	25.393
513.67	25.470
514.01	25.545
514.35	25.636
514.69	25.706
515.03	25.793
515.37	25.856
515.71	25.940
516.05	26.012
516.39	26.073
516.73	26.125
517.07	26.181
517.41	26.231
517.75	26.304
518.09	26.327
518.43	26.389
518.77	26.439
519.11	26.446
519.45	26.489
519.79	26.524
520.13	26.590
520.47	26.669
520.81	26.746
521.15	26.807
521.49	26.838
521.83	26.908
522.17	26.950
522.51	26.991
522.85	27.079
523.19	27.163
523.53	27.284
523.87	27.426
524.21	27.565
524.55	27.738
524.89	27.897
525.23	28.070
525.57	28.212
525.91	28.360
526.25	28.503
526.58	28.632
526.92	28.729
527.26	28.817
527.60	28.860
527.94	28.889
528.28	28.867
528.62	28.848
528.96	28.817
529.30	28.795
529.64	28.761
529.97	28.717
530.31	28.660
530.65	28.624
530.99	28.566
531.33	28.561
531.67	28.560
532.01	28.596
532.35	28.644
532.68	28.683
533.02	28.714
533.36	28.705
533.70	28.714
534.04	28.743
534.38	28.773
534.71	28.830
535.05	28.837
535.39	28.865
535.73	28.908
536.07	28.896
536.41	28.948
536.74	28.954
537.08	29.032
537.42	29.082
537.76	29.157
538.10	29.239
538.43	29.320
538.77	29.402
539.11	29.475
539.45	29.534
539.79	29.613
540.12	29.651
540.46	29.712
540.80	29.735
541.14	29.771
541.47	29.781
541.81	29.787
542.15	29.782
542.49	29.795
542.82	29.767
543.16	29.748
543.50	29.750
543.84	29.725
544.17	29.740
544.51	29.786
544.85	29.832
545.18	29.869
545.52	29.930
545.86	29.966
546.20	30.025
546.53	30.103
546.87	30.164
547.21	30.243
547.54	30.336
547.88	30.383
548.22	30.460
548.55	30.490
548.89	30.517
549.23	30.531
549.56	30.590
549.90	30.582
550.24	30.595
550.57	30.629
550.91	30.641
551.25	30.680
551.58	30.721
551.92	30.722
552.26	30.821
552.59	30.912
552.93	30.982
553.27	31.011
553.60	31.089
553.94	31.172
554.27	31.222
554.61	31.272
554.95	31.304
555.28	31.352
555.62	31.399
555.95	31.393
556.29	31.430
556.63	31.459
556.96	31.495
557.30	31.546
557.63	31.584
557.97	31.617
558.31	31.643
558.64	31.695
558.98	31.749
559.31	31.790
559.65	31.808
559.98	31.807
560.32	31.820
560.65	31.888
560.99	31.886
561.33	31.884
561.66	31.873
562.00	31.915
562.33	31.938
562.67	31.949
563.00	31.958
563.34	31.993
563.67	32.043
564.01	32.081
564.34	32.083
564.68	32.146
565.01	32.194
565.35	32.261
565.68	32.299
566.02	32.340
566.35	32.383
566.69	32.447
567.02	32.489
567.36	32.518
567.69	32.531
568.03	32.573
568.36	32.570
568.69	32.610
569.03	32.664
569.36	32.725
569.70	32.757
570.03	32.786
570.37	32.795
570.70	32.848
571.04	32.869
571.37	32.929
571.70	32.957
572.04	33.010
572.37	33.060
572.71	33.096
573.04	33.094
573.37	33.112
573.71	33.161
574.04	33.248
574.38	33.286
574.71	33.345
575.04	33.403
575.38	33.497
575.71	33.569
576.05	33.654
576.38	33.713
576.71	33.797
577.05	33.915
577.38	33.991
577.71	34.062
578.05	34.155
578.38	34.247
578.71	34.308
579.05	34.351
579.38	34.390
579.71	34.413
580.05	34.457
580.38	34.466
580.71	34.514
581.05	34.562
581.38	34.567
581.71	34.566
582.05	34.599
582.38	34.611
582.71	34.637
583.04	34.688
583.38	34.714
583.71	34.728
584.04	34.801
584.38	34.824
584.71	34.846
585.04	34.875
585.37	34.908
585.71	34.918
586.04	34.971
586.37	35.004
586.70	35.020
587.04	35.088
587.37	35.122
587.70	35.128
588.03	35.140
588.37	35.150
588.70	35.218
589.03	35.225
589.36	35.285
589.69	35.295
590.03	35.315
590.36	35.350
590.69	35.299
591.02	35.325
591.35	35.363
591.69	35.335
592.02	35.351
592.35	35.349
592.68	35.369
593.01	35.355
593.35	35.373
593.68	35.344
594.01	35.360
594.34	35.414
594.67	35.443
595.00	35.437
595.34	35.505
595.67	35.576
596.00	35.596
596.33	35.660
596.66	35.753
596.99	35.842
597.32	35.949
597.65	36.004
597.99	36.047
598.32	36.106
598.65	36.184
598.98	36.236
599.31	36.230
599.64	36.262
599.97	36.334
600.30	36.307
600.63	36.329
600.96	36.374
601.30	36.363
601.63	36.422
601.96	36.445
602.29	36.465
602.62	36.517
602.95	36.572
603.28	36.629
603.61	36.628
603.94	36.654
604.27	36.668
604.60	36.699
604.93	36.823
605.26	36.886
605.59	36.913
605.92	37.000
606.25	37.067
606.58	37.135
606.91	37.165
607.24	37.203
607.57	37.261
607.90	37.316
608.23	37.357
608.56	37.332
608.89	37.359
609.22	37.462
609.55	37.498
609.88	37.556
610.21	37.625
610.54	37.706
610.87	37.785
611.20	37.880
611.53	37.950
611.86	38.011
612.19	38.119
612.52	38.179
612.85	38.230
613.18	38.281
613.51	38.265
613.84	38.314
614.17	38.421
614.49	38.446
614.82	38.538
615.15	38.612
615.48	38.660
615.81	38.755
616.14	38.766
616.47	38.822
616.80	38.863
617.13	38.936
617.46	38.979
617.78	38.965
618.11	39.119
618.44	39.117
618.77	39.139
619.10	39.190
619.43	39.178
619.76	39.274
620.09	39.281
620.41	39.339
620.74	39.377
621.07	39.382
621.40	39.423
621.73	39.376
622.06	39.419
622.38	39.469
622.71	39.439
623.04	39.468
623.37	39.457
623.70	39.530
624.02	39.560
624.35	39.576
624.68	39.661
625.01	39.665
625.34	39.678
625.66	39.723
625.99	39.716
626.32	39.819
626.65	39.863
626.98	39.925
627.30	39.948
627.63	40.000
627.96	40.077
628.29	40.117
628.61	40.188
628.94	40.241
629.27	40.292
629.60	40.377
629.92	40.447
630.25	40.454
630.58	40.439
630.91	40.449
631.23	40.425
631.56	40.466
631.89	40.460
632.21	40.547
632.54	40.668
632.87	40.757
633.19	40.797
633.52	40.792
633.85	40.864
634.18	40.946
634.50	41.015
634.83	41.114
635.16	41.170
635.48	41.189
635.81	41.170
636.14	41.139
636.46	41.114
636.79	41.129
637.11	41.196
637.44	41.229
637.77	41.323
638.09	41.365
638.42	41.444
638.75	41.458
639.07	41.492
639.40	41.561
639.73	41.599
640.05	41.612
640.38	41.663
640.70	41.682
641.03	41.733
641.36	41.720
641.68	41.729
642.01	41.744
642.33	41.804
642.66	41.885
642.98	41.909
643.31	41.961
643.64	42.011
643.96	42.048
644.29	42.176
644.61	42.189
644.94	42.247
645.26	42.326
645.59	42.374
645.91	42.402
646.24	42.425
646.56	42.429
646.89	42.453
647.22	42.495
647.54	42.497
647.87	42.422
648.19	42.426
648.52	42.440
648.84	42.438
649.17	42.449
649.49	42.425
649.82	42.453
650.14	42.504
650.47	42.441
650.79	42.483
651.11	42.500
651.44	42.527
651.76	42.603
652.09	42.653
652.41	42.681
652.74	42.673
653.06	42.646
653.39	42.664
653.71	42.611
654.04	42.727
654.36	42.656
654.68	42.684
655.01	42.683
655.33	42.651
655.66	42.613
655.98	42.619
656.30	42.600
656.63	42.636
656.95	42.620
657.28	42.651
657.60	42.605
657.92	42.648
658.25	42.659
658.57	42.686
658.90	42.696
659.22	42.707
659.54	42.593
659.87	42.597
660.19	42.595
660.51	42.606
660.84	42.609
661.16	42.668
661.48	42.697
661.81	42.681
662.13	42.653
662.45	42.681
662.78	42.655
663.10	42.780
663.42	42.907
663.75	42.975
664.07	43.035
664.39	43.168
664.72	43.201
665.04	43.159
665.36	43.268
665.69	43.356
666.01	43.389
666.33	43.447
666.65	43.521
666.98	43.454
667.30	43.546
667.62	43.578
667.94	43.653
668.27	43.647
668.59	43.724
668.91	43.739
669.23	43.758
669.56	43.733
669.88	43.735
670.20	43.682
670.52	43.760
670.85	43.709
671.17	43.701
671.49	43.563
671.81	43.489
672.13	43.480
672.46	43.483
672.78	43.473
673.10	43.516
673.42	43.560
673.74	43.620
674.07	43.617
674.39	43.634
674.71	43.643
675.03	43.703
675.35	43.737
675.67	43.692
676.00	43.735
676.32	43.730
676.64	43.690
676.96	43.751
677.28	43.813
677.60	43.714
677.92	43.717
678.25	43.754
678.57	43.810
678.89	43.931
679.21	44.034
679.53	43.970
679.85	44.001
680.17	44.090
680.49	43.997
680.81	43.919
681.13	44.101
681.46	44.060
681.78	43.945
682.10	43.880
682.42	43.828
682.74	43.835
683.06	43.911
683.38	43.873
683.70	43.949
684.02	44.035
684.34	44.124
684.66	44.082
684.98	44.151
685.30	44.377
685.62	44.532
685.94	44.625
686.26	44.611
686.58	44.692
686.90	44.732
687.22	44.745
687.54	44.728
687.86	44.659
688.18	44.648
688.50	44.780
688.82	44.750
689.14	44.630
689.46	44.560
689.78	44.554
690.10	44.452
690.42	44.488
690.74	44.403
691.06	44.441
691.38	44.565
691.70	44.588
692.02	44.416
692.34	44.284
692.66	44.273
692.98	44.221
693.30	44.241
693.62	44.218
693.94	44.148
694.26	44.149
694.57	44.211
694.89	44.052
695.21	43.991
695.53	43.976
695.85	43.972
696.17	43.972
696.49	43.939
696.81	43.969
697.13	43.992
697.44	44.021
697.76	44.027
698.08	43.910
698.40	43.982
698.72	43.959
699.04	43.956
699.36	43.947
699.67	43.843
699.99	43.891
700.31	43.794
700.63	43.814
700.95	43.811
701.27	43.705
701.58	43.664
701.90	43.686
702.22	43.704
702.54	43.742
702.86	43.738
703.17	43.782
703.49	43.768
703.81	43.807
704.13	43.692
704.45	43.533
704.76	43.606
705.08	43.627
705.40	43.542
705.72	43.499
706.03	43.578
706.35	43.612
706.67	43.637
706.99	43.724
707.30	43.642
707.62	43.724
707.94	43.974
708.26	43.976
708.57	43.949
708.89	44.014
709.21	44.073
709.53	43.960
709.84	44.010
710.16	44.075
710.48	44.038
710.79	44.053
711.11	44.053
711.43	43.930
711.74	43.894
712.06	44.041
712.38	44.101
712.69	44.078
713.01	44.107
713.33	44.082
713.64	44.058
713.96	44.102
714.28	44.116
714.59	44.080
714.91	44.133
715.23	44.262
715.54	44.069
715.86	44.006
716.17	44.046
716.49	43.993
716.81	44.032
717.12	43.999
717.44	43.952
717.76	43.946
718.07	43.828
718.39	43.684
718.70	43.483
719.02	43.538
719.33	43.434
719.65	43.338
719.97	43.251
720.28	43.206
720.60	43.226
720.91	43.088
721.23	43.087
721.54	43.121
721.86	43.192
722.17	43.312
722.49	43.318
722.81	43.412
723.12	43.344
723.44	43.524
723.75	43.478
724.07	43.392
724.38	43.479
724.70	43.407
725.01	43.373
725.33	43.352
725.64	43.244
725.96	43.315
726.27	43.322
726.59	43.410
726.90	43.217
727.22	43.272
727.53	43.192
727.84	43.062
728.16	43.119
728.47	43.166
728.79	43.074
729.10	42.969
729.42	42.777
729.73	42.615
730.05	42.505
730.36	42.505
730.67	42.402
730.99	42.481
731.30	42.468
731.62	42.438
731.93	42.408
732.24	42.242
732.56	42.190
732.87	42.134
733.19	42.121
733.50	42.059
733.81	41.930
734.13	41.785
734.44	41.700
734.76	41.639
735.07	41.483
735.38	41.360
735.70	41.379
736.01	41.370
736.32	41.432
736.64	41.365
736.95	41.214
737.26	41.369
737.58	41.447
737.89	41.369
738.20	41.281
738.52	41.247
738.83	41.149
739.14	41.225
739.45	41.147
739.77	41.085
740.08	40.973
740.39	41.084
740.71	40.877
741.02	40.677
741.33	40.645
741.64	40.340
741.96	40.109
742.27	40.022
742.58	39.720
742.90	39.694
743.21	39.512
743.52	39.529
743.83	39.207
744.14	39.069
744.46	38.972
744.77	38.779
745.08	38.967
745.39	39.145
745.71	39.180
746.02	39.192
746.33	39.094
746.64	39.282
746.95	39.300
747.27	39.363
747.58	39.430
747.89	39.514
748.20	39.586
748.51	39.592
748.82	39.447
749.14	39.382
749.45	39.454
749.76	39.517
750.07	39.538
750.38	39.412
750.69	39.602
751.01	39.620
751.32	39.215
751.63	38.910
751.94	38.979
752.25	38.810
752.56	38.587
752.87	38.580
753.18	38.267
753.49	37.994
753.81	37.839
754.12	37.754
754.43	37.641
754.74	37.898
755.05	38.086
755.36	38.063
755.67	38.272
755.98	38.701
756.29	38.856
756.60	39.024
756.91	39.397
757.22	39.705
757.53	39.709
757.84	39.960
758.15	40.204
758.46	40.180
758.77	40.436
759.09	40.596
759.40	40.518
759.71	40.644
760.02	40.824
760.33	40.655
760.64	40.578
760.95	40.626
761.26	40.557
761.57	40.417
761.88	40.490
762.18	40.412
762.49	40.354
762.80	40.247
763.11	40.115
763.42	39.941
763.73	39.714
764.04	39.551
764.35	39.296
764.66	39.032
764.97	38.909
765.28	38.672
765.59	38.272
765.90	37.986
766.21	37.843
766.52	37.267
766.83	36.980
767.14	36.866
767.44	36.646
767.75	36.532
768.06	36.295
768.37	35.826
768.68	35.676
768.99	35.595
769.30	35.269
769.61	34.806
769.91	34.881
770.22	34.704
770.53	34.427
770.84	34.110
771.15	34.038
771.46	34.217
771.77	34.334
772.07	34.216
772.38	34.114
772.69	34.113
773.00	33.997
773.31	33.914
773.61	33.874
773.92	34.003
774.23	34.206
774.54	33.975
774.85	33.816
775.15	33.723
775.46	33.917
775.77	33.884
776.08	33.920
776.39	34.049
776.69	34.147
777.00	34.132
777.31	34.126
777.62	34.013
777.92	34.019
778.23	33.755
778.54	33.643
778.85	33.371
779.15	33.327
779.46	33.306
779.77	33.298
780.07	33.343
780.38	33.467
780.69	33.287
781.00	33.372
781.30	33.316
781.61	33.567
781.92	33.600
782.22	33.644
782.53	33.468
782.84	33.276
783.14	33.441
783.45	33.311
783.76	33.523
784.06	33.550
784.37	33.673
784.68	33.666
784.98	33.332
785.29	33.534
785.60	33.488
785.90	33.793
786.21	33.934
786.51	33.994
786.82	33.826
787.13	33.697
787.43	33.748
787.74	33.429
788.04	33.472
788.35	33.751
788.66	33.714
788.96	33.544
789.27	33.229
789.57	33.187
789.88	32.900
790.19	32.917
790.49	32.595
790.80	32.471
791.10	32.662
791.41	32.724
791.71	32.446
792.02	32.387
792.32	32.326
792.63	32.344
792.93	32.146
793.24	31.998
793.54	31.897
793.85	32.255
794.15	32.101
794.46	32.020
794.76	31.937
795.07	32.077
795.37	31.936
795.68	32.244
795.98	32.228
796.29	32.211
796.59	32.484
796.90	32.609
797.20	32.208
797.51	32.432
797.81	32.445
798.12	32.657
798.42	32.664
798.72	32.758
799.03	32.692
799.33	32.780
799.64	32.827
799.94	32.689
800.25	32.499
800.55	32.981
800.85	32.710
801.16	32.609
801.46	32.489
801.77	32.337
802.07	32.428
802.37	32.565
802.68	32.569
802.98	32.785
803.28	32.689
803.59	32.982
803.89	32.550
804.20	32.821
804.50	32.468
804.80	32.185
805.11	32.201
805.41	31.997
805.71	31.713
806.02	31.559
806.32	31.284
806.62	31.174
806.93	31.039
807.23	31.166
807.53	31.478
807.83	32.114
808.14	32.194
808.44	32.485
808.74	32.681
809.05	32.549
809.35	32.371
809.65	32.490
809.95	32.668
810.26	32.808
810.56	33.149
810.86	32.920
811.16	32.720
811.47	32.493
811.77	32.363
812.07	32.234
812.37	32.299
812.68	33.016
812.98	32.963
813.28	33.271
813.58	33.377
813.88	32.978
814.19	33.428
814.49	33.929
814.79	34.625
815.09	34.589
815.39	34.577
815.70	34.764
816.00	34.600
816.30	34.912
816.60	34.756
816.90	34.611
817.20	34.764
817.50	34.491
817.81	34.317
818.11	34.198
818.41	34.357
818.71	34.474
819.01	34.567
819.31	34.582
819.61	34.758
819.92	34.853
820.22	34.982
820.52	35.037
820.82	35.091
821.12	35.114
821.42	35.144
821.72	35.169
822.02	35.188
822.32	35.268
822.62	35.310
822.92	35.290
823.22	35.210
823.52	35.178
823.83	35.126
824.13	35.074
824.43	34.995
824.73	34.980
825.03	34.929
825.33	34.906
825.63	34.589
825.93	34.402
826.23	34.209
826.53	34.257
826.83	34.046
827.13	33.950
827.43	33.772
827.73	33.860
828.03	33.776
828.33	33.793
828.63	33.526
828.93	33.898
829.23	34.015
829.53	33.924
829.83	33.732
830.13	33.771
830.42	33.827
830.72	33.977
831.02	33.889
831.32	33.823
831.62	33.539
831.92	33.693
832.22	33.577
832.52	33.384
832.82	33.347
833.12	33.239
833.42	33.305
833.72	33.262
834.01	32.913
834.31	32.395
834.61	32.286
834.91	32.252
835.21	31.998
835.51	31.409
835.81	31.262
836.11	30.976
836.40	30.745
836.70	30.094
837.00	29.771
837.30	29.936
837.60	30.511
837.90	30.698
838.19	30.739
838.49	31.173
838.79	31.520
839.09	31.627
839.39	31.318
839.68	31.254
839.98	31.815
840.28	32.005
840.58	32.028
840.88	32.126
841.17	31.767
841.47	31.330
841.77	30.310
842.07	30.086
842.36	30.055
842.66	30.459
842.96	30.487
843.26	29.468
843.55	28.444
843.85	27.819
844.15	27.669
844.45	26.843
844.74	27.477
845.04	28.423
845.34	28.316
845.63	28.336
845.93	28.360
846.23	28.704
846.53	28.696
846.82	28.278
847.12	28.824
847.42	27.967
847.71	28.714
848.01	27.983
848.31	27.772
848.60	28.016
848.90	28.490
849.19	27.989
849.49	26.796
849.79	25.850
850.08	26.954
850.38	26.316
850.68	26.762
850.97	26.370
851.27	26.425
851.56	26.259
851.86	25.535
852.16	25.459
852.45	26.120
852.75	27.480
853.04	28.098
853.34	27.718
853.64	28.064
853.93	27.781
854.23	28.524
854.52	28.682
854.82	27.714
855.11	28.447
855.41	26.023
855.70	25.167
856.00	23.869
856.30	23.892
856.59	23.424
856.89	23.944
857.18	23.612
857.48	23.122
857.77	23.808
858.07	25.456
858.36	26.137
858.66	27.696
858.95	28.807
859.25	29.899
859.54	30.642
859.84	31.779
860.13	31.989
860.42	32.554
860.72	32.766
861.01	30.673
861.31	29.564
861.60	29.391
861.90	28.892
862.19	27.398
862.49	27.416
862.78	28.751
863.07	26.669
863.37	26.943
863.66	27.205
863.96	25.624
864.25	27.075
864.54	28.061
864.84	26.798
865.13	27.033
865.43	27.989
865.72	30.403
866.01	31.334
866.31	23.094
866.60	23.586
866.89	29.145
>>>>>End Spectral Data<<<<<
