180.30	0.000
180.67	0.000
181.03	468.154
181.40	272.495
181.77	-124.636
182.14	120.652
182.51	-76.447
182.88	1742.067
183.25	1126.458
183.62	-138.129
183.99	79.337
184.36	1.522
184.73	125.745
185.10	-99.016
185.46	-5.296
185.83	86.262
186.20	105.700
186.57	37.989
186.94	304.531
187.31	86.406
187.68	264.367
188.05	88.085
188.42	77.819
188.78	74.109
189.15	66.697
189.52	64.453
189.89	72.455
190.26	65.739
190.63	65.577
191.00	67.432
191.37	67.199
191.73	72.631
192.10	76.620
192.47	80.295
192.84	81.568
193.21	80.067
193.58	66.498
193.94	55.898
194.31	63.370
194.68	51.599
195.05	54.478
195.42	38.912
195.79	23.834
196.15	5.214
196.52	7.680
196.89	0.211
197.26	6.533
197.63	-11.564
198.00	-1.027
198.36	3.125
198.73	9.784
199.10	4.856
199.47	7.996
199.84	13.587
200.20	22.204
200.57	8.039
200.94	15.884
201.31	19.378
201.68	30.023
202.04	34.304
202.41	26.960
202.78	29.942
203.15	28.932
203.51	37.075
203.88	33.180
204.25	28.956
204.62	41.234
204.98	24.268
205.35	17.462
205.72	-3.168
206.09	-9.950
206.46	7.278
206.82	6.478
207.19	4.104
207.56	-11.882
207.92	-18.955
208.29	-20.721
208.66	-9.737
209.03	12.840
209.39	2.600
209.76	37.961
210.13	52.922
210.50	35.856
210.86	56.868
211.23	38.289
211.60	59.732
211.96	56.936
212.33	32.624
212.70	-0.280
213.07	3.400
213.43	18.345
213.80	2.080
214.17	10.143
214.53	-4.100
214.90	-2.869
215.27	4.343
215.63	-4.556
216.00	4.970
216.37	16.851
216.74	31.152
217.10	26.349
217.47	24.798
217.84	25.316
218.20	22.589
218.57	26.418
218.94	34.059
219.30	34.327
219.67	33.562
220.04	32.007
220.40	26.092
220.77	25.328
221.13	28.433
221.50	27.073
221.87	30.577
222.23	30.436
222.60	24.745
222.97	20.711
223.33	26.641
223.70	28.106
224.07	24.583
224.43	23.344
224.80	21.201
225.16	20.217
225.53	16.993
225.90	17.937
226.26	15.675
226.63	16.256
226.99	14.517
227.36	11.863
227.73	10.601
228.09	11.325
228.46	12.732
228.82	11.287
229.19	10.765
229.56	10.550
229.92	9.245
230.29	9.847
230.65	11.011
231.02	13.322
231.38	13.851
231.75	14.655
232.12	12.677
232.48	11.373
232.85	12.378
233.21	11.409
233.58	14.539
233.94	15.361
234.31	14.946
234.68	12.402
235.04	10.007
235.41	9.632
235.77	9.022
236.14	10.887
236.50	8.821
236.87	7.552
237.23	8.722
237.60	6.363
237.96	4.936
238.33	4.662
238.69	4.893
239.06	5.048
239.42	5.270
239.79	4.986
240.15	4.200
240.52	4.679
240.88	5.607
241.25	5.620
241.61	6.284
241.98	6.696
242.34	7.093
242.71	7.040
243.07	6.881
243.44	6.796
243.80	6.529
244.17	6.469
244.53	5.995
244.90	5.644
245.26	5.219
245.63	4.752
245.99	4.374
246.36	4.139
246.72	4.289
247.09	4.182
247.45	4.014
247.81	4.161
248.18	3.981
248.54	4.261
248.91	4.250
249.27	4.482
249.64	4.844
250.00	5.151
250.36	5.558
250.73	5.683
251.09	5.723
251.46	5.772
251.82	5.623
252.19	5.490
252.55	6.118
252.91	6.834
253.28	6.700
253.64	6.941
254.01	6.617
254.37	5.918
254.73	5.940
255.10	5.635
255.46	5.497
255.83	5.279
256.19	5.396
256.55	4.624
256.92	4.288
257.28	4.199
257.65	3.865
258.01	4.021
258.37	3.991
258.74	3.611
259.10	3.539
259.46	3.557
259.83	3.639
260.19	3.610
260.55	3.674
260.92	3.262
261.28	3.314
261.64	3.514
262.01	3.538
262.37	3.749
262.73	3.895
263.10	4.300
263.46	4.415
263.82	4.581
264.19	4.703
264.55	4.732
264.91	5.180
265.28	4.712
265.64	4.614
266.00	4.660
266.37	4.433
266.73	4.467
267.09	4.204
267.46	4.306
267.82	4.047
268.18	3.958
268.54	3.954
268.91	4.001
269.27	4.385
269.63	4.236
270.00	4.304
270.36	4.521
270.72	4.500
271.08	4.406
271.45	4.062
271.81	4.191
272.17	4.605
272.53	4.850
272.90	4.632
273.26	4.480
273.62	4.509
273.98	3.944
274.35	3.884
274.71	4.231
275.07	4.639
275.43	4.840
275.80	4.631
276.16	4.046
276.52	3.837
276.88	4.088
277.25	4.239
277.61	3.994
277.97	4.400
278.33	4.320
278.69	4.029
279.06	3.777
279.42	3.625
279.78	3.635
280.14	3.729
280.50	3.545
280.87	3.480
281.23	3.438
281.59	3.751
281.95	3.724
282.31	3.480
282.68	3.449
283.04	3.516
283.40	3.503
283.76	3.425
284.12	3.357
284.48	3.616
284.85	3.398
285.21	3.289
285.57	3.141
285.93	2.965
286.29	3.221
286.65	3.273
287.02	3.256
287.38	3.099
287.74	3.170
288.10	3.190
288.46	2.969
288.82	3.130
289.18	3.336
289.54	3.573
289.91	3.854
290.27	3.732
290.63	3.676
290.99	3.719
291.35	4.027
291.71	4.292
292.07	4.461
292.43	4.581
292.79	4.635
293.16	4.373
293.52	4.016
293.88	3.854
294.24	3.835
294.60	3.802
294.96	3.677
295.32	3.708
295.68	3.521
296.04	3.410
296.40	3.453
296.76	3.379
297.12	3.493
297.49	3.633
297.85	3.485
298.21	3.480
298.57	3.657
298.93	3.750
299.29	3.735
299.65	3.819
300.01	3.910
300.37	3.931
300.73	3.908
301.09	3.798
301.45	3.741
301.81	3.971
302.17	4.062
302.53	3.925
302.89	3.823
303.25	3.736
303.61	3.614
303.97	3.613
304.33	3.483
304.69	3.590
305.05	3.725
305.41	3.862
305.77	3.953
306.13	3.901
306.49	3.862
306.85	3.888
307.21	3.798
307.57	3.959
307.93	3.910
308.29	3.879
308.65	3.858
309.01	3.849
309.37	3.930
309.73	3.726
310.09	3.607
310.45	3.562
310.81	3.596
311.17	3.666
311.53	3.607
311.89	3.502
312.25	3.605
312.61	3.493
312.96	3.363
313.32	3.066
313.68	3.096
314.04	3.210
314.40	3.263
314.76	3.255
315.12	3.235
315.48	3.201
315.84	3.356
316.20	3.262
316.56	3.226
316.92	3.344
317.27	3.526
317.63	3.632
317.99	3.639
318.35	3.603
318.71	3.529
319.07	3.554
319.43	3.599
319.79	3.657
320.15	3.494
320.50	3.527
320.86	3.473
321.22	3.390
321.58	3.372
321.94	3.242
322.30	3.329
322.66	3.372
323.01	3.350
323.37	3.250
323.73	3.147
324.09	3.266
324.45	3.400
324.81	3.417
325.17	3.409
325.52	3.433
325.88	3.485
326.24	3.427
326.60	3.412
326.96	3.446
327.31	3.495
327.67	3.489
328.03	3.609
328.39	3.537
328.75	3.605
329.11	3.624
329.46	3.460
329.82	3.491
330.18	3.541
330.54	3.495
330.90	3.534
331.25	3.359
331.61	3.309
331.97	3.395
332.33	3.375
332.68	3.299
333.04	3.409
333.40	3.550
333.76	3.577
334.11	3.570
334.47	3.628
334.83	3.508
335.19	3.600
335.54	3.693
335.90	3.540
336.26	3.611
336.62	3.541
336.97	3.531
337.33	3.483
337.69	3.537
338.05	3.537
338.40	3.505
338.76	3.597
339.12	3.627
339.48	3.578
339.83	3.561
340.19	3.506
340.55	3.571
340.90	3.533
341.26	3.551
341.62	3.495
341.97	3.436
342.33	3.452
342.69	3.428
343.04	3.569
343.40	3.560
343.76	3.612
344.12	3.537
344.47	3.597
344.83	3.648
345.19	3.614
345.54	3.630
345.90	3.677
346.26	3.685
346.61	3.685
346.97	3.556
347.32	3.631
347.68	3.684
348.04	3.825
348.39	3.776
348.75	3.755
349.11	3.787
349.46	3.819
349.82	3.787
350.18	3.770
350.53	3.710
350.89	3.782
351.24	3.790
351.60	3.707
351.96	3.589
352.31	3.590
352.67	3.565
353.02	3.675
353.38	3.690
353.74	3.699
354.09	3.731
354.45	3.763
354.80	3.734
355.16	3.695
355.52	3.738
355.87	3.856
356.23	3.885
356.58	3.857
356.94	3.797
357.29	3.802
357.65	3.914
358.00	3.867
358.36	3.948
358.72	4.002
359.07	3.991
359.43	3.962
359.78	3.960
360.14	3.968
360.49	3.985
360.85	4.002
361.20	3.969
361.56	3.963
361.91	4.033
362.27	3.996
362.62	3.955
362.98	4.011
363.33	4.015
363.69	3.935
364.04	3.921
364.40	3.898
364.75	3.875
365.11	3.876
365.46	3.839
365.82	3.805
366.17	3.821
366.53	3.812
366.88	3.757
367.24	3.736
367.59	3.738
367.95	3.786
368.30	3.854
368.66	3.907
369.01	3.956
369.37	3.946
369.72	3.989
370.08	3.981
370.43	3.980
370.78	4.005
371.14	4.095
371.49	4.123
371.85	4.131
372.20	4.108
372.56	4.075
372.91	4.072
373.26	4.112
373.62	4.124
373.97	4.154
374.33	4.208
374.68	4.182
375.03	4.139
375.39	4.172
375.74	4.152
376.10	4.176
376.45	4.217
376.80	4.201
377.16	4.189
377.51	4.194
377.87	4.176
378.22	4.133
378.57	4.173
378.93	4.200
379.28	4.178
379.63	4.178
379.99	4.149
380.34	4.070
380.70	4.076
381.05	4.062
381.40	4.049
381.76	4.097
382.11	4.098
382.46	4.103
382.82	4.140
383.17	4.128
383.52	4.157
383.88	4.162
384.23	4.230
384.58	4.238
384.94	4.242
385.29	4.237
385.64	4.214
385.99	4.201
386.35	4.184
386.70	4.199
387.05	4.251
387.41	4.270
387.76	4.321
388.11	4.302
388.47	4.305
388.82	4.328
389.17	4.353
389.52	4.367
389.88	4.450
390.23	4.482
390.58	4.450
390.93	4.449
391.29	4.430
391.64	4.442
391.99	4.448
392.34	4.470
392.70	4.482
393.05	4.517
393.40	4.519
393.75	4.494
394.11	4.496
394.46	4.522
394.81	4.575
395.16	4.589
395.52	4.573
395.87	4.576
396.22	4.565
396.57	4.534
396.92	4.493
397.28	4.473
397.63	4.483
397.98	4.493
398.33	4.486
398.68	4.475
399.04	4.454
399.39	4.495
399.74	4.530
400.09	4.552
400.44	4.610
400.80	4.649
401.15	4.659
401.50	4.667
401.85	4.709
402.20	4.736
402.55	4.731
402.90	4.771
403.26	4.761
403.61	4.767
403.96	4.795
404.31	4.795
404.66	4.768
405.01	4.774
405.36	4.789
405.72	4.771
406.07	4.768
406.42	4.778
406.77	4.765
407.12	4.776
407.47	4.764
407.82	4.693
408.17	4.647
408.53	4.667
408.88	4.701
409.23	4.678
409.58	4.678
409.93	4.675
410.28	4.709
410.63	4.726
410.98	4.726
411.33	4.744
411.68	4.797
412.03	4.857
412.38	4.887
412.73	4.910
413.09	4.958
413.44	4.967
413.79	4.996
414.14	4.985
414.49	4.949
414.84	4.952
415.19	4.947
415.54	4.947
415.89	4.923
416.24	4.906
416.59	4.875
416.94	4.856
417.29	4.858
417.64	4.847
417.99	4.840
418.34	4.861
418.69	4.859
419.04	4.867
419.39	4.861
419.74	4.863
420.09	4.871
420.44	4.887
420.79	4.884
421.14	4.881
421.49	4.882
421.84	4.876
422.19	4.878
422.54	4.887
422.89	4.897
423.24	4.916
423.59	4.922
423.94	4.936
424.29	4.946
424.64	4.964
424.99	4.997
425.34	4.997
425.68	5.001
426.03	4.995
426.38	5.003
426.73	4.985
427.08	4.982
427.43	4.986
427.78	4.994
428.13	4.965
428.48	4.991
428.83	4.972
429.18	4.958
429.53	4.981
429.87	4.994
430.22	4.999
430.57	5.018
430.92	4.997
431.27	4.990
431.62	4.979
431.97	5.000
432.32	4.991
432.67	4.976
433.01	5.001
433.36	4.991
433.71	5.020
434.06	5.025
434.41	5.016
434.76	5.046
435.11	5.060
435.45	5.067
435.80	5.064
436.15	5.072
436.50	5.096
436.85	5.094
437.20	5.115
437.54	5.117
437.89	5.101
438.24	5.121
438.59	5.143
438.94	5.157
439.29	5.153
439.63	5.176
439.98	5.179
440.33	5.174
440.68	5.182
441.03	5.194
441.37	5.189
441.72	5.214
442.07	5.214
442.42	5.222
442.76	5.240
443.11	5.252
443.46	5.249
443.81	5.244
444.16	5.275
444.50	5.279
444.85	5.298
445.20	5.309
445.55	5.330
445.89	5.337
446.24	5.332
446.59	5.333
446.94	5.338
447.28	5.349
447.63	5.369
447.98	5.361
448.32	5.401
448.67	5.386
449.02	5.393
449.37	5.372
449.71	5.380
450.06	5.396
450.41	5.394
450.75	5.394
451.10	5.413
451.45	5.406
451.79	5.421
452.14	5.395
452.49	5.405
452.84	5.433
453.18	5.435
453.53	5.449
453.88	5.448
454.22	5.479
454.57	5.508
454.92	5.505
455.26	5.516
455.61	5.504
455.95	5.529
456.30	5.548
456.65	5.523
456.99	5.547
457.34	5.549
457.69	5.546
458.03	5.535
458.38	5.539
458.73	5.540
459.07	5.539
459.42	5.538
459.76	5.535
460.11	5.522
460.46	5.556
460.80	5.561
461.15	5.562
461.49	5.566
461.84	5.574
462.19	5.568
462.53	5.577
462.88	5.605
463.22	5.614
463.57	5.618
463.91	5.629
464.26	5.621
464.61	5.609
464.95	5.615
465.30	5.612
465.64	5.637
465.99	5.646
466.33	5.634
466.68	5.642
467.02	5.663
467.37	5.664
467.71	5.673
468.06	5.686
468.41	5.693
468.75	5.698
469.10	5.724
469.44	5.722
469.79	5.722
470.13	5.756
470.48	5.751
470.82	5.749
471.17	5.748
471.51	5.735
471.86	5.743
472.20	5.748
472.55	5.759
472.89	5.767
473.23	5.759
473.58	5.745
473.92	5.736
474.27	5.724
474.61	5.717
474.96	5.749
475.30	5.768
475.65	5.731
475.99	5.735
476.34	5.737
476.68	5.737
477.02	5.732
477.37	5.768
477.71	5.767
478.06	5.787
478.40	5.833
478.75	5.871
479.09	5.906
479.43	5.968
479.78	6.010
480.12	6.041
480.47	6.064
480.81	6.088
481.15	6.102
481.50	6.126
481.84	6.155
482.19	6.179
482.53	6.187
482.87	6.194
483.22	6.190
483.56	6.189
483.90	6.192
484.25	6.196
484.59	6.206
484.94	6.214
485.28	6.211
485.62	6.191
485.97	6.167
486.31	6.164
486.65	6.158
487.00	6.152
487.34	6.142
487.68	6.133
488.03	6.124
488.37	6.113
488.71	6.105
489.06	6.105
489.40	6.117
489.74	6.121
490.09	6.108
490.43	6.107
490.77	6.112
491.11	6.112
491.46	6.114
491.80	6.119
492.14	6.126
492.49	6.138
492.83	6.153
493.17	6.157
493.51	6.176
493.86	6.194
494.20	6.216
494.54	6.233
494.88	6.253
495.23	6.258
495.57	6.274
495.91	6.284
496.25	6.297
496.60	6.284
496.94	6.300
497.28	6.308
497.62	6.324
497.97	6.323
498.31	6.345
498.65	6.372
498.99	6.408
499.33	6.431
499.68	6.453
500.02	6.448
500.36	6.501
500.70	6.541
501.04	6.553
501.39	6.580
501.73	6.594
502.07	6.625
502.41	6.645
502.75	6.684
503.09	6.707
503.44	6.730
503.78	6.774
504.12	6.813
504.46	6.827
504.80	6.863
505.14	6.906
505.49	6.958
505.83	6.984
506.17	7.032
506.51	7.042
506.85	7.090
507.19	7.129
507.53	7.166
507.87	7.173
508.22	7.205
508.56	7.240
508.90	7.248
509.24	7.287
509.58	7.311
509.92	7.316
510.26	7.338
510.60	7.346
510.94	7.379
511.28	7.408
511.63	7.421
511.97	7.445
512.31	7.474
512.65	7.520
512.99	7.540
513.33	7.574
513.67	7.611
514.01	7.651
514.35	7.705
514.69	7.732
515.03	7.773
515.37	7.818
515.71	7.857
516.05	7.871
516.39	7.891
516.73	7.912
517.07	7.946
517.41	7.973
517.75	8.003
518.09	8.025
518.43	8.055
518.77	8.068
519.11	8.099
519.45	8.116
519.79	8.163
520.13	8.179
520.47	8.215
520.81	8.263
521.15	8.312
521.49	8.358
521.83	8.386
522.17	8.435
522.51	8.451
522.85	8.494
523.19	8.553
523.53	8.599
523.87	8.668
524.21	8.742
524.55	8.792
524.89	8.839
525.23	8.872
525.57	8.898
525.91	8.926
526.25	8.966
526.58	8.984
526.92	9.003
527.26	9.012
527.60	9.029
527.94	9.014
528.28	9.008
528.62	8.997
528.96	8.999
529.30	9.004
529.64	8.993
529.97	8.991
530.31	9.003
530.65	8.997
530.99	8.993
531.33	8.984
531.67	9.004
532.01	9.009
532.35	9.024
532.68	9.036
533.02	9.036
533.36	9.051
533.70	9.061
534.04	9.059
534.38	9.060
534.71	9.078
535.05	9.081
535.39	9.076
535.73	9.093
536.07	9.111
536.41	9.117
536.74	9.147
537.08	9.171
537.42	9.186
537.76	9.196
538.10	9.213
538.43	9.239
538.77	9.262
539.11	9.281
539.45	9.294
539.79	9.300
540.12	9.296
540.46	9.297
540.80	9.295
541.14	9.280
541.47	9.299
541.81	9.314
542.15	9.318
542.49	9.318
542.82	9.313
543.16	9.316
543.50	9.307
543.84	9.334
544.17	9.338
544.51	9.350
544.85	9.379
545.18	9.378
545.52	9.379
545.86	9.400
546.20	9.405
546.53	9.424
546.87	9.413
547.21	9.434
547.54	9.445
547.88	9.464
548.22	9.467
548.55	9.487
548.89	9.485
549.23	9.488
549.56	9.483
549.90	9.495
550.24	9.524
550.57	9.547
550.91	9.562
551.25	9.570
551.58	9.574
551.92	9.579
552.26	9.571
552.59	9.595
552.93	9.610
553.27	9.607
553.60	9.638
553.94	9.664
554.27	9.672
554.61	9.667
554.95	9.689
555.28	9.700
555.62	9.707
555.95	9.745
556.29	9.756
556.63	9.739
556.96	9.748
557.30	9.732
557.63	9.703
557.97	9.693
558.31	9.721
558.64	9.703
558.98	9.711
559.31	9.713
559.65	9.707
559.98	9.698
560.32	9.727
560.65	9.732
560.99	9.748
561.33	9.773
561.66	9.784
562.00	9.768
562.33	9.775
562.67	9.771
563.00	9.764
563.34	9.742
563.67	9.720
564.01	9.731
564.34	9.707
564.68	9.666
565.01	9.637
565.35	9.637
565.68	9.633
566.02	9.626
566.35	9.637
566.69	9.645
567.02	9.648
567.36	9.667
567.69	9.656
568.03	9.675
568.36	9.700
568.69	9.702
569.03	9.697
569.36	9.698
569.70	9.693
570.03	9.669
570.37	9.666
570.70	9.665
571.04	9.683
571.37	9.677
571.70	9.685
572.04	9.681
572.37	9.692
572.71	9.671
573.04	9.663
573.37	9.649
573.71	9.653
574.04	9.660
574.38	9.668
574.71	9.646
575.04	9.632
575.38	9.617
575.71	9.618
576.05	9.599
576.38	9.628
576.71	9.623
577.05	9.642
577.38	9.666
577.71	9.649
578.05	9.654
578.38	9.639
578.71	9.627
579.05	9.605
579.38	9.627
579.71	9.625
580.05	9.621
580.38	9.640
580.71	9.611
581.05	9.577
581.38	9.581
581.71	9.567
582.05	9.587
582.38	9.601
582.71	9.604
583.04	9.605
583.38	9.591
583.71	9.610
584.04	9.632
584.38	9.671
584.71	9.674
585.04	9.673
585.37	9.658
585.71	9.655
586.04	9.670
586.37	9.685
586.70	9.673
587.04	9.682
587.37	9.642
587.70	9.598
588.03	9.602
588.37	9.599
588.70	9.609
589.03	9.607
589.36	9.600
589.69	9.589
590.03	9.574
590.36	9.566
590.69	9.580
591.02	9.614
591.35	9.630
591.69	9.602
592.02	9.608
592.35	9.619
592.68	9.663
593.01	9.666
593.35	9.671
593.68	9.674
594.01	9.655
594.34	9.644
594.67	9.636
595.00	9.664
595.34	9.680
595.67	9.692
596.00	9.688
596.33	9.656
596.66	9.660
596.99	9.663
597.32	9.682
597.65	9.697
597.99	9.708
598.32	9.675
598.65	9.674
598.98	9.694
599.31	9.699
599.64	9.703
599.97	9.764
600.30	9.777
600.63	9.788
600.96	9.806
601.30	9.802
601.63	9.815
601.96	9.834
602.29	9.802
602.62	9.824
602.95	9.825
603.28	9.830
603.61	9.792
603.94	9.778
604.27	9.782
604.60	9.775
604.93	9.782
605.26	9.752
605.59	9.755
605.92	9.768
606.25	9.730
606.58	9.740
606.91	9.746
607.24	9.765
607.57	9.757
607.90	9.732
608.23	9.721
608.56	9.710
608.89	9.697
609.22	9.690
609.55	9.680
609.88	9.674
610.21	9.655
610.54	9.642
610.87	9.613
611.20	9.592
611.53	9.577
611.86	9.544
612.19	9.564
612.52	9.605
612.85	9.641
613.18	9.659
613.51	9.685
613.84	9.700
614.17	9.678
614.49	9.703
614.82	9.730
615.15	9.744
615.48	9.797
615.81	9.798
616.14	9.784
616.47	9.758
616.80	9.757
617.13	9.721
617.46	9.719
617.78	9.734
618.11	9.754
618.44	9.774
618.77	9.758
619.10	9.760
619.43	9.737
619.76	9.752
620.09	9.733
620.41	9.706
620.74	9.751
621.07	9.734
621.40	9.716
621.73	9.705
622.06	9.705
622.38	9.758
622.71	9.777
623.04	9.818
623.37	9.789
623.70	9.830
624.02	9.910
624.35	9.883
624.68	9.910
625.01	9.953
625.34	9.960
625.66	9.971
625.99	9.980
626.32	9.982
626.65	9.985
626.98	10.018
627.30	10.025
627.63	9.979
627.96	10.019
628.29	10.048
628.61	10.046
628.94	10.057
629.27	10.063
629.60	10.089
629.92	10.052
630.25	10.068
630.58	10.090
630.91	10.080
631.23	10.103
631.56	10.097
631.89	10.077
632.21	10.077
632.54	10.064
632.87	10.073
633.19	10.019
633.52	10.031
633.85	9.982
634.18	9.981
634.50	9.966
634.83	10.025
635.16	10.008
635.48	9.983
635.81	9.987
636.14	9.972
636.46	9.943
636.79	9.926
637.11	9.919
637.44	9.931
637.77	9.849
638.09	9.875
638.42	9.783
638.75	9.773
639.07	9.791
639.40	9.737
639.73	9.728
640.05	9.720
640.38	9.757
640.70	9.749
641.03	9.756
641.36	9.783
641.68	9.713
642.01	9.700
642.33	9.669
642.66	9.622
642.98	9.653
643.31	9.630
643.64	9.603
643.96	9.537
644.29	9.517
644.61	9.514
644.94	9.512
645.26	9.547
645.59	9.558
645.91	9.541
646.24	9.540
646.56	9.510
646.89	9.485
647.22	9.520
647.54	9.525
647.87	9.534
648.19	9.486
648.52	9.511
648.84	9.509
649.17	9.476
649.49	9.482
649.82	9.497
650.14	9.543
650.47	9.566
650.79	9.526
651.11	9.510
651.44	9.510
651.76	9.532
652.09	9.525
652.41	9.510
652.74	9.497
653.06	9.525
653.39	9.523
653.71	9.445
654.04	9.458
654.36	9.506
654.68	9.524
655.01	9.519
655.33	9.483
655.66	9.497
655.98	9.480
656.30	9.507
656.63	9.514
656.95	9.511
657.28	9.508
657.60	9.492
657.92	9.531
658.25	9.567
658.57	9.555
658.90	9.561
659.22	9.531
659.54	9.539
659.87	9.575
660.19	9.537
660.51	9.551
660.84	9.628
661.16	9.638
661.48	9.549
661.81	9.530
662.13	9.568
662.45	9.625
662.78	9.667
663.10	9.665
663.42	9.615
663.75	9.583
664.07	9.547
664.39	9.488
664.72	9.534
665.04	9.521
665.36	9.476
665.69	9.415
666.01	9.438
666.33	9.403
666.65	9.486
666.98	9.490
667.30	9.544
667.62	9.582
667.94	9.569
668.27	9.528
668.59	9.571
668.91	9.696
669.23	9.756
669.56	9.776
669.88	9.828
670.20	9.840
670.52	9.906
670.85	9.979
671.17	9.993
671.49	10.102
671.81	10.164
672.13	10.252
672.46	10.217
672.78	10.240
673.10	10.290
673.42	10.335
673.74	10.358
674.07	10.383
674.39	10.412
674.71	10.542
675.03	10.537
675.35	10.645
675.67	10.657
676.00	10.709
676.32	10.798
676.64	10.806
676.96	10.905
677.28	10.927
677.60	10.961
677.92	10.953
678.25	10.907
678.57	10.935
678.89	10.933
679.21	11.027
679.53	11.083
679.85	11.093
680.17	11.136
680.49	11.094
680.81	11.149
681.13	11.257
681.46	11.408
681.78	11.562
682.10	11.685
682.42	11.807
682.74	11.840
683.06	11.933
683.38	12.060
683.70	12.234
684.02	12.416
684.34	12.535
684.66	12.527
684.98	12.590
685.30	12.597
685.62	12.599
685.94	12.646
686.26	12.641
686.58	12.669
686.90	12.676
687.22	12.693
687.54	12.742
687.86	12.807
688.18	12.984
688.50	13.072
688.82	13.239
689.14	13.429
689.46	13.499
689.78	13.648
690.10	13.854
690.42	14.058
690.74	14.135
691.06	14.258
691.38	14.365
691.70	14.436
692.02	14.577
692.34	14.578
692.66	14.733
692.98	14.829
693.30	14.968
693.62	14.980
693.94	15.067
694.26	15.080
694.57	15.142
694.89	15.275
695.21	15.392
695.53	15.368
695.85	15.463
696.17	15.479
696.49	15.547
696.81	15.612
697.13	15.744
697.44	15.746
697.76	15.890
698.08	15.925
698.40	15.923
698.72	16.033
699.04	16.219
699.36	16.315
699.67	16.479
699.99	16.646
700.31	16.836
700.63	17.002
700.95	17.285
701.27	17.446
701.58	17.740
701.90	18.059
702.22	18.040
702.54	18.076
702.86	18.260
703.17	18.356
703.49	18.463
703.81	18.522
704.13	18.506
704.45	18.555
704.76	18.651
705.08	18.676
705.40	18.633
705.72	18.758
706.03	18.890
706.35	18.896
706.67	18.884
706.99	18.894
707.30	18.984
707.62	19.167
707.94	19.174
708.26	19.191
708.57	19.119
708.89	19.169
709.21	19.229
709.53	19.297
709.84	19.409
710.16	19.517
710.48	19.545
710.79	19.480
711.11	19.430
711.43	19.509
711.74	19.578
712.06	19.794
712.38	19.912
712.69	20.038
713.01	20.071
713.33	19.997
713.64	20.029
713.96	20.158
714.28	20.347
714.59	20.450
714.91	20.493
715.23	20.591
715.54	20.641
715.86	20.586
716.17	20.600
716.49	20.601
716.81	20.769
717.12	20.875
717.44	20.967
717.76	20.895
718.07	20.844
718.39	20.989
718.70	21.076
719.02	21.111
719.33	21.247
719.65	21.277
719.97	21.391
720.28	21.388
720.60	21.398
720.91	21.365
721.23	21.580
721.54	21.805
721.86	21.837
722.17	21.853
722.49	21.893
722.81	21.973
723.12	22.014
723.44	22.080
723.75	22.094
724.07	22.125
724.38	22.311
724.70	22.309
725.01	22.155
725.33	22.081
725.64	22.081
725.96	22.165
726.27	22.158
726.59	22.252
726.90	22.238
727.22	22.286
727.53	22.276
727.84	22.331
728.16	22.334
728.47	22.540
728.79	22.668
729.10	22.751
729.42	22.744
729.73	22.808
730.05	22.767
730.36	22.794
730.67	22.905
730.99	22.845
731.30	22.758
731.62	22.875
731.93	22.790
732.24	22.743
732.56	22.841
732.87	22.860
733.19	22.761
733.50	22.945
733.81	22.968
734.13	23.061
734.44	23.229
734.76	23.238
735.07	23.221
735.38	23.236
735.70	23.433
736.01	23.422
736.32	23.535
736.64	23.658
736.95	23.533
737.26	23.547
737.58	23.592
737.89	23.606
738.20	23.597
738.52	23.705
738.83	23.784
739.14	23.672
739.45	23.624
739.77	23.547
740.08	23.631
740.39	23.758
740.71	23.808
741.02	23.887
741.33	24.037
741.64	24.200
741.96	24.145
742.27	24.406
742.58	24.427
742.90	24.478
743.21	24.688
743.52	24.642
743.83	24.695
744.14	24.880
744.46	24.853
744.77	24.921
745.08	24.750
745.39	24.540
745.71	24.470
746.02	24.639
746.33	24.743
746.64	24.599
746.95	24.688
747.27	24.639
747.58	24.582
747.89	24.651
748.20	24.531
748.51	24.836
748.82	25.029
749.14	24.838
749.45	24.648
749.76	24.658
750.07	24.667
750.38	24.730
750.69	24.910
751.01	24.855
751.32	24.687
751.63	24.836
751.94	24.672
752.25	24.697
752.56	24.798
752.87	24.890
753.18	24.844
753.49	24.763
753.81	24.768
754.12	24.477
754.43	24.439
754.74	24.573
755.05	24.527
755.36	24.546
755.67	24.617
755.98	24.632
756.29	24.583
756.60	24.417
756.91	24.383
757.22	24.341
757.53	24.526
757.84	24.663
758.15	24.648
758.46	24.517
758.77	24.652
759.09	24.604
759.40	24.577
759.71	24.499
760.02	24.723
760.33	24.830
760.64	24.931
760.95	24.966
761.26	24.920
761.57	24.938
761.88	25.123
762.18	24.978
762.49	24.996
762.80	25.007
763.11	25.059
763.42	24.885
763.73	24.814
764.04	24.654
764.35	24.547
764.66	24.593
764.97	24.639
765.28	24.516
765.59	24.642
765.90	24.601
766.21	24.589
766.52	24.719
766.83	24.827
767.14	24.928
767.44	25.200
767.75	25.368
768.06	25.329
768.37	25.266
768.68	25.387
768.99	25.167
769.30	25.255
769.61	25.461
769.91	25.510
770.22	25.613
770.53	25.417
770.84	25.221
771.15	25.045
771.46	24.913
771.77	24.561
772.07	24.434
772.38	24.639
772.69	24.434
773.00	24.125
773.31	23.918
773.61	23.885
773.92	23.990
774.23	23.880
774.54	23.849
774.85	24.243
775.15	24.632
775.46	24.520
775.77	24.380
776.08	24.491
776.39	24.786
776.69	24.867
777.00	25.290
777.31	25.402
777.62	25.624
777.92	25.871
778.23	25.941
778.54	26.031
778.85	25.985
779.15	26.132
779.46	26.289
779.77	26.163
780.07	26.133
780.38	25.720
780.69	25.555
781.00	25.415
781.30	24.931
781.61	24.480
781.92	24.583
782.22	24.745
782.53	24.589
782.84	24.524
783.14	24.593
783.45	24.743
783.76	24.680
784.06	25.008
784.37	25.347
784.68	25.650
784.98	25.613
785.29	25.481
785.60	25.604
785.90	25.706
786.21	25.592
786.51	25.482
786.82	25.553
787.13	25.620
787.43	25.675
787.74	25.363
788.04	25.604
788.35	25.903
788.66	26.008
788.96	25.806
789.27	25.781
789.57	26.048
789.88	26.339
790.19	26.347
790.49	26.322
790.80	26.461
791.10	26.844
791.41	26.870
791.71	27.115
792.02	26.711
792.32	27.208
792.63	27.556
792.93	27.246
793.24	27.026
793.54	26.844
793.85	26.911
794.15	26.829
794.46	26.724
794.76	26.202
795.07	25.526
795.37	25.857
795.68	25.606
795.98	25.390
796.29	25.600
796.59	25.703
796.90	25.805
797.20	26.060
797.51	25.758
797.81	25.645
798.12	25.909
798.42	26.172
798.72	26.056
799.03	25.879
799.33	25.993
799.64	26.111
799.94	26.104
800.25	25.890
800.55	25.512
800.85	25.826
801.16	25.493
801.46	25.233
801.77	25.280
802.07	25.492
802.37	25.207
802.68	25.084
802.98	24.552
803.28	24.567
803.59	24.776
803.89	25.044
804.20	24.974
804.50	25.375
804.80	25.611
805.11	25.673
805.41	25.613
805.71	25.855
806.02	25.640
806.32	26.318
806.62	26.129
806.93	26.091
807.23	25.857
807.53	26.128
807.83	26.172
808.14	26.547
808.44	26.478
808.74	26.577
809.05	27.147
809.35	27.513
809.65	27.138
809.95	27.244
810.26	27.139
810.56	27.545
810.86	26.842
811.16	26.860
811.47	26.360
811.77	26.801
812.07	26.477
812.37	26.319
812.68	26.319
812.98	26.447
813.28	26.774
813.58	27.367
813.88	27.649
814.19	28.375
814.49	28.232
814.79	28.735
815.09	28.664
815.39	28.734
815.70	28.454
816.00	28.242
816.30	28.425
816.60	28.293
816.90	28.004
817.20	27.308
817.50	27.377
817.81	27.445
818.11	27.313
818.41	27.230
818.71	27.051
819.01	26.927
819.31	26.926
819.61	26.880
819.92	26.859
820.22	26.886
820.52	26.926
820.82	26.695
821.12	26.669
821.42	26.569
821.72	26.530
822.02	26.619
822.32	26.691
822.62	26.612
822.92	26.626
823.22	26.697
823.52	26.563
823.83	26.556
824.13	26.692
824.43	26.744
824.73	26.884
825.03	26.977
825.33	26.935
825.63	26.958
825.93	27.126
826.23	27.116
826.53	26.856
826.83	27.102
827.13	27.065
827.43	26.990
827.73	27.229
828.03	27.280
828.33	27.287
828.63	27.311
828.93	27.326
829.23	27.423
829.53	27.468
829.83	27.951
830.13	28.005
830.42	28.479
830.72	28.654
831.02	27.962
831.32	27.977
831.62	27.964
831.92	27.958
832.22	27.995
832.52	27.759
832.82	27.813
833.12	27.628
833.42	27.566
833.72	27.353
834.01	27.117
834.31	27.579
834.61	27.462
834.91	27.259
835.21	27.462
835.51	27.298
835.81	27.804
836.11	27.596
836.40	27.545
836.70	27.486
837.00	27.822
837.30	28.416
837.60	28.167
837.90	28.301
838.19	28.910
838.49	28.503
838.79	28.369
839.09	28.214
839.39	28.691
839.68	29.262
839.98	29.634
840.28	29.363
840.58	29.848
840.88	29.449
841.17	29.523
841.47	29.340
841.77	30.001
842.07	30.389
842.36	29.651
842.66	29.439
842.96	29.361
843.26	29.603
843.55	30.044
843.85	29.323
844.15	29.594
844.45	28.877
844.74	28.519
845.04	27.337
845.34	27.347
845.63	27.837
845.93	28.704
846.23	27.179
846.53	27.200
846.82	27.083
847.12	27.872
847.42	26.739
847.71	27.328
848.01	27.837
848.31	28.689
848.60	29.054
848.90	29.642
849.19	28.921
849.49	31.209
849.79	30.035
850.08	30.082
850.38	29.269
850.68	30.956
850.97	30.649
851.27	31.078
851.56	31.527
851.86	29.581
852.16	29.202
852.45	29.742
852.75	28.919
853.04	29.597
853.34	29.219
853.64	30.813
853.93	30.979
854.23	32.404
854.52	30.804
854.82	30.031
855.11	31.347
855.41	32.200
855.70	31.985
856.00	32.484
856.30	32.473
856.59	31.777
856.89	30.199
857.18	28.203
857.48	26.415
857.77	27.194
858.07	27.715
858.36	27.398
858.66	28.226
858.95	27.993
859.25	25.255
859.54	25.134
859.84	25.081
860.13	27.102
860.42	29.660
860.72	29.996
861.01	28.790
861.31	27.846
861.60	28.732
861.90	26.702
862.19	25.638
862.49	27.893
862.78	28.056
863.07	27.578
863.37	27.904
863.66	28.172
863.96	28.861
864.25	28.655
864.54	28.666
864.84	30.032
865.13	31.985
865.43	32.023
865.72	15.786
866.01	23.431
866.31	43.928
866.60	43.165
866.89	23.009
>>>>>End Spectral Data<<<<<
